      1    0.0
      2    0.0
      3    0.0
      4    0.0
      5    0.0
      6    0.0
      7    0.0
      8    0.0
      9    0.0
     10    0.0
     11    0.0
     12    0.0
     13    0.0
     14    0.0
     15    0.0
     16    0.0
     17    0.0
     18    0.0
     19    0.0
     20    0.0
     21    0.0
     22    6.4
     23    0.0
     24    0.0
     25    0.0
     26    0.0
     27    0.0
     28    0.0
     29    0.0
     30    0.0
     31    0.0
     32    0.0
     33    0.0
     34    0.0
     35    0.0
     36    0.0
     37    0.0
     38    0.0
     39    0.0
     40    0.0
     41    0.0
     42    0.0
     43    0.0
     44    0.0
     45    0.0
     46    0.0
     47    0.0
     48    0.0
     49    0.0
     50    0.0
     51    0.0
     52    0.0
     53    0.0
     54    0.0
     55    0.0
     56    0.0
     57    0.0
     58    6.4
     59    0.0
     60    8.0
     61    0.0
     62    0.0
     63    0.0
     64    0.0
     65   10.4
     66    0.0
     67    0.0
     68    0.0
     69    0.0
     70    0.0
     71    0.0
     72    0.0
     73    0.0
     74    0.0
     75    0.0
     76    0.0
     77    0.0
     78    0.0
     79    0.0
     80    0.0
     81    0.0
     82    0.0
     83    0.0
     84    0.0
     85    0.0
     86    0.0
     87    0.0
     88    0.0
     89    0.0
     90    0.0
     91    0.0
     92    0.0
     93    0.0
     94    0.0
     95    0.0
     96    4.0
     97   17.2
     98    0.0
     99    0.0
    100    0.0
    101    0.0
    102   50.8
    103   14.0
    104    0.0
    105    4.4
    106    2.0
    107    4.0
    108    6.2
    109   21.2
    110    8.4
    111    6.2
    112   22.8
    113    6.2
    114    0.0
    115    0.0
    116    0.0
    117    0.0
    118    0.0
    119    0.0
    120   27.2
    121   13.2
    122    4.0
    123    5.2
    124    6.0
    125    4.0
    126    0.0
    127    0.0
    128    8.0
    129    0.0
    130    0.0
    131    0.0
    132   18.0
    133   23.2
    134   17.6
    135   10.0
    136    0.0
    137    0.0
    138    0.0
    139   18.0
    140    0.0
    141   18.4
    142    0.0
    143    0.0
    144    0.0
    145    0.0
    146   12.0
    147    0.0
    148    0.0
    149    9.6
    150    6.0
    151   35.2
    152    0.0
    153    6.0
    154    8.4
    155    5.6
    156    6.4
    157   12.0
    158    4.0
    159    4.0
    160    7.6
    161    6.2
    162   59.6
    163  126.8
    164   69.6
    165   53.2
    166   48.4
    167   26.8
    168    4.0
    169   10.8
    170    4.0
    171    0.0
    172   29.2
    173   24.0
    174    8.8
    175    9.6
    176   30.4
    177    7.2
    178    6.0
    179    4.4
    180    9.6
    181   26.0
    182   28.0
    183    6.0
    184    4.0
    185    0.0
    186    0.0
    187    8.0
    188    6.0
    189    0.0
    190    0.0
    191   41.2
    192   16.0
    193    6.0
    194   30.0
    195   33.2
    196    7.2
    197    6.0
    198    0.0
    199    0.0
    200    0.0
    201    0.0
    202    0.0
    203    5.6
    204    4.0
    205    6.0
    206    0.0
    207   27.2
    208    0.0
    209    6.0
    210    0.0
    211   28.4
    212    8.0
    213    0.0
    214    0.0
    215   12.0
    216   10.0
    217   26.8
    218    7.2
    219    9.6
    220   30.4
    221   10.6
    222    8.0
    223    0.0
    224    0.0
    225    0.0
    226    0.0
    227    0.0
    228    0.0
    229   20.4
    230   16.4
    231   17.2
    232   15.6
    233    0.0
    234    0.0
    235    0.0
    236   29.2
    237    0.0
    238   48.4
    239   22.0
    240    0.0
    241    0.0
    242    0.0
    243   12.4
    244    6.4
    245    0.0
    246   15.2
    247    7.6
    248    0.0
    249    0.0
    250    0.0
    251    0.0
    252    0.0
    253    0.0
    254   10.4
    255    0.0
    256    0.0
    257    0.0
    258    0.0
    259    0.0
    260    0.0
    261    0.0
    262    0.0
    263    0.0
    264    0.0
    265    0.0
    266    0.0
    267    0.0
    268    0.0
    269    0.0
    270    0.0
    271    0.0
    272    0.0
    273    6.8
    274    0.0
    275    0.0
    276    0.0
    277    0.0
    278    0.0
    279    0.0
    280    0.0
    281    0.0
    282    0.0
    283    0.0
    284    0.0
    285    0.0
    286    0.0
    287    0.0
    288    0.0
    289   46.4
    290   42.8
    291   49.6
    292    0.0
    293    0.0
    294    0.0
    295    0.0
    296    0.0
    297    0.0
    298    0.0
    299    0.0
    300    0.0
    301    0.0
    302    0.0
    303    0.0
    304    0.0
    305    0.0
    306    0.0
    307    0.0
    308    0.0
    309    0.0
    310    0.0
    311    0.0
    312    0.0
    313    0.0
    314    0.0
    315    0.0
    316    0.0
    317    0.0
    318    0.0
    319    0.0
    320    0.0
    321    0.0
    322    0.0
    323    0.0
    324    0.0
    325    0.0
    326    0.0
    327    0.0
    328    0.0
    329    0.0
    330    0.0
    331    0.0
    332    0.0
    333    0.0
    334    0.0
    335    0.0
    336    0.0
    337    0.0
    338    0.0
    339    0.0
    340    0.0
    341    0.0
    342    0.0
    343    0.0
    344    0.0
    345    0.0
    346    0.0
    347    0.0
    348    0.0
    349    0.0
    350    0.0
    351    0.0
    352    0.0
    353    0.0
    354    0.0
    355    0.0
    356    0.0
    357    0.0
    358    0.0
    359    0.0
    360    0.0
    361    0.0
    362    0.0
    363    0.0
    364    0.0
    365    0.0
