      1    0.0
      2    0.0
      3    0.0
      4    0.0
      5    0.0
      6    0.0
      7    0.0
      8    0.0
      9    0.0
     10    0.0
     11    0.0
     12    0.0
     13    0.0
     14    0.0
     15   30.6
     16    0.0
     17    0.0
     18    0.0
     19    0.0
     20    0.0
     21    0.0
     22    0.0
     23    0.0
     24    0.0
     25    0.0
     26    0.0
     27    0.0
     28    0.0
     29    0.0
     30    0.0
     31    0.0
     32    0.0
     33    0.0
     34    0.0
     35    0.0
     36    0.0
     37    0.0
     38    0.0
     39    0.0
     40    0.0
     41    0.0
     42    0.0
     43    3.2
     44    5.6
     45    0.0
     46    0.0
     47    0.0
     48    0.0
     49    0.0
     50    0.0
     51    0.0
     52    0.0
     53    0.0
     54    0.0
     55    0.0
     56    0.0
     57    0.0
     58    0.0
     59    0.0
     60    0.0
     61    0.0
     62    0.0
     63    0.0
     64    0.0
     65    0.0
     66    0.0
     67    0.0
     68    0.0
     69    0.0
     70    0.0
     71    0.0
     72    0.0
     73    0.0
     74    0.0
     75    0.0
     76    0.0
     77    0.0
     78    0.0
     79    0.0
     80    0.0
     81    0.0
     82    0.0
     83    0.0
     84   16.4
     85    4.0
     86    0.0
     87    0.0
     88    6.4
     89   15.6
     90    0.0
     91    0.0
     92    0.0
     93    0.0
     94    6.4
     95    0.0
     96   13.6
     97    0.0
     98    0.0
     99    0.0
    100    0.0
    101    0.0
    102    0.0
    103    0.0
    104    0.0
    105    0.0
    106    0.0
    107    0.0
    108    0.0
    109    0.0
    110    0.0
    111    0.0
    112    0.0
    113    0.0
    114    0.0
    115    0.0
    116    0.0
    117    0.0
    118    7.2
    119   41.6
    120    0.0
    121    0.0
    122  132.4
    123    0.0
    124    0.0
    125    0.0
    126    0.0
    127    0.0
    128    0.0
    129    0.0
    130   19.6
    131   13.2
    132    0.0
    133   25.6
    134   14.8
    135    6.4
    136   12.8
    137    3.6
    138   10.4
    139   26.8
    140   16.0
    141    9.6
    142    6.4
    143    0.0
    144    0.0
    145    0.0
    146    0.0
    147    0.0
    148    0.0
    149    0.0
    150    0.0
    151    0.0
    152    0.0
    153    0.0
    154    0.0
    155    0.0
    156    0.0
    157    6.0
    158   29.6
    159    0.0
    160    0.0
    161    9.6
    162    0.0
    163    0.0
    164    0.0
    165    0.0
    166    0.0
    167    9.6
    168    6.8
    169   10.4
    170    7.6
    171   21.2
    172    8.4
    173    0.0
    174    0.0
    175    0.0
    176    0.0
    177    0.0
    178    0.0
    179    0.0
    180    0.0
    181    6.0
    182   17.6
    183   56.4
    184   10.4
    185   19.6
    186   26.0
    187    7.6
    188    0.0
    189    0.0
    190   12.4
    191   17.2
    192   20.4
    193    2.4
    194    4.0
    195    8.8
    196   23.6
    197   19.6
    198    7.2
    199   22.4
    200    3.2
    201    5.6
    202    6.0
    203   17.6
    204   32.4
    205   10.8
    206   25.6
    207   29.2
    208   17.2
    209   12.4
    210   28.8
    211   15.6
    212   66.6
    213   10.4
    214   17.6
    215   48.8
    216   15.6
    217   20.4
    218   46.4
    219    9.6
    220    2.0
    221   30.8
    222    0.0
    223   27.6
    224    0.0
    225    0.0
    226   25.6
    227    0.0
    228   25.6
    229    6.0
    230   16.4
    231    0.0
    232    0.0
    233   27.6
    234   27.6
    235   16.4
    236    0.0
    237    0.0
    238    4.8
    239   10.4
    240   20.8
    241   37.6
    242   45.2
    243   56.6
    244   70.4
    245   60.8
    246    0.0
    247    0.0
    248    0.0
    249    0.0
    250   16.4
    251    0.0
    252   48.4
    253    9.6
    254   90.6
    255   20.4
    256    0.0
    257    8.4
    258   19.6
    259   24.8
    260    6.6
    261   17.6
    262    4.0
    263    9.6
    264   12.4
    265    0.0
    266    0.0
    267    0.0
    268    0.0
    269   12.4
    270    0.0
    271    0.0
    272    6.0
    273   50.4
    274    0.0
    275    0.0
    276    0.0
    277    0.0
    278    0.0
    279    0.0
    280   38.4
    281    6.0
    282    0.0
    283    0.0
    284    0.0
    285    0.0
    286    0.0
    287    0.0
    288    0.0
    289    0.0
    290    0.0
    291    0.0
    292    0.0
    293    0.0
    294    0.0
    295    0.0
    296    0.0
    297    0.0
    298    0.0
    299    0.0
    300    0.0
    301    0.0
    302    0.0
    303    0.0
    304    0.0
    305    0.0
    306    0.0
    307    0.0
    308    0.0
    309    0.0
    310    0.0
    311    0.0
    312    0.0
    313    0.0
    314    0.0
    315    0.0
    316    0.0
    317    0.0
    318    0.0
    319    0.0
    320    0.0
    321    0.0
    322    0.0
    323    0.0
    324    0.0
    325    0.0
    326    0.0
    327    0.0
    328    0.0
    329    0.0
    330    0.0
    331    0.0
    332    0.0
    333    0.0
    334    0.0
    335    0.0
    336    0.0
    337    0.0
    338    0.0
    339    0.0
    340    0.0
    341    0.0
    342    0.0
    343    0.0
    344    0.0
    345    0.0
    346    0.0
    347    0.0
    348    0.0
    349    0.0
    350    0.0
    351    4.4
    352    4.0
    353    5.6
    354    0.0
    355    0.0
    356    0.0
    357    0.0
    358    0.0
    359    0.0
    360    0.0
    361    0.0
    362    0.0
    363    0.0
    364    0.0
    365    0.0
