# year,mean_tmin,mean_tmax,mean_pre,sum_pre,min_tmin,max_tmax,std_pre
      1970   -0.2537   16.3937    1.5475    563.30     -7.20     31.00    4.3821
      1972    7.1658   22.2033    1.9808    723.00     -7.50     30.40    6.6531
      1973   -0.1597   17.5545    2.3788    865.90    -10.00     28.40    5.8425
      1974   -2.5443   14.8560    1.5909    579.10    -15.00     27.00    5.9359
      1975    8.8719   23.1207    3.1788   1157.10     -9.20     30.40   12.6690
      1977    4.2644   20.5986    2.7716    956.20    -10.90     28.80    5.7295
      1978    4.7066   19.5177    2.9591   1035.70    -13.00     29.00    6.6741
      1979    4.5832   20.1997    1.8234    645.50     -8.00     28.40    4.9420
      1980    4.7926   20.0992    2.9379   1045.90     -8.00     28.20    6.3554
      1981    4.6997   19.7563    2.8635    924.90     -9.90     29.00    7.5811
      1982    4.5324   19.8107    2.9279   1051.10    -10.00     27.80    6.4747
      1983    4.5113   19.9604    2.5220    895.30     -8.30     27.60    5.6158
      1984    4.4586   20.6093    1.7597    628.20    -12.00     31.10    4.7265
      1985    5.2956   20.7127    2.4693    876.60    -11.00     31.30    6.2288
      1986    4.6415   20.3841    2.4186    856.20    -11.80     29.40    6.0388
      1987    4.7049   21.3934    1.9567    696.60     -7.40     29.30    5.5643
      1988    4.9091   21.1445    2.4930    885.00     -9.00     31.40    6.2217
      1989    4.2003   20.7744    1.9994    703.80    -13.40     29.80    4.9638
      1990    5.1983   20.6277    2.3051    818.30     -8.50     31.90    5.6181
      1991    4.6812   20.1544    2.4941    892.90    -13.80     29.60    6.5738
      1992    4.5753   20.3187    2.1462    757.60     -9.40     29.20    4.5778
      1993    4.4339   20.1019    2.3201    821.30     -8.60     27.50    5.6840
      1994    4.6429   20.5319    2.3312    813.60    -10.60     31.40    5.9297
      1995    4.9434   20.2390    2.3890    829.00    -12.70     31.00    6.4291
      1996    4.8277   20.5468    2.3726    832.80     -8.50     30.00    5.6790
      1997    4.6681   19.6505    2.2888    773.60    -10.00     30.00    5.9022
      1998    5.9272   21.3945    2.3551    833.70     -8.20     33.30    5.4034
      1999    5.5247   21.8107    1.9361    675.70     -7.30     29.90    5.7513
      2000    2.1616   20.4170    2.5877    882.40    -14.00     28.90    5.6900
      2001    5.4387   21.2508    2.1166    728.10     -8.10     31.00    4.8119
      2002    5.2570   20.7683    2.3791    842.20    -10.00     29.00    6.4967
      2003    4.8841   21.0519    2.3545    842.90     -8.20     29.00    5.1653
      2004    5.3093   21.5247    1.9039    685.40     -7.50     29.50    5.4015
      2005    4.9404   20.9964    1.9074    669.50     -8.80     30.50    4.7184
      2006    5.6918   22.1176    2.1548    747.70     -8.00     30.50    4.8021
      2007    5.5104   21.6107    2.3631    831.80     -8.50     29.40    6.3130
      2008    5.2622   21.4704    2.7620    966.70     -8.00     28.20    7.2268
      2009    5.2451   22.1687    1.9951    696.30     -6.40     30.80    6.2548
      2010    5.4503   22.1843    2.3467    793.20     -9.00     29.20    5.2788
      2011    4.9827   21.2412    2.8802    944.70     -9.50     28.50    6.0573
      2012    4.4071   21.2132    2.3722    785.20    -11.00     31.40    5.1109
      2013    5.5593   21.6799    3.3087    989.30    -10.10     30.70    7.5964
