# year,mean_tmin,mean_tmax,mean_pre,sum_pre,min_tmin,max_tmax,std_pre
      1957       nan   22.5103    4.4683   1523.70       nan     34.30   11.1476
      1959   14.3534   23.0425    4.8956   1782.00      3.10     34.00   11.7579
      1962   14.4963   23.9065    5.4652   1759.80      4.30     32.60   13.5472
      1963   13.1308   23.1975    4.8690   1772.30      2.40     32.50   12.0367
      1964   13.5499   24.1030    3.9740   1450.50      2.20     35.20   12.0950
      1965   13.3777   23.3262    3.5764   1301.80      2.10     35.20    9.5647
      1966   13.7907   24.1607    3.7423   1362.20      3.70     36.40    9.1415
      1967   14.6304   24.4568    4.5520   1242.70      3.50     35.20   10.9813
      1968   13.4781   22.8310    5.0556   1845.30      1.80     34.70   13.7680
      1969    6.2864   16.5169    4.3292    904.80      0.00     23.10   10.0742
      1970   13.9530   23.1019    4.9883   1790.80      2.40     35.50   13.4166
      1971   15.0560   22.6176    6.7648   2462.40      5.40     28.70   17.4039
      1972   14.3186   23.2164    4.3501   1587.80      1.20     35.10   10.8453
      1973   13.8591   22.9154    5.9848   2160.50      0.90     33.30   13.9510
      1974   13.9826   22.5716    3.4134   1222.00      0.60     33.20    8.8804
      1975   13.7080   21.9382    6.0186   2166.70      2.30     33.50   13.5402
      1976   13.5862   21.5510    4.0128   1444.60      3.20     32.20    9.6662
      1977   14.7799   21.5389    4.9927   1787.40      2.70     31.70   12.6976
      1978   13.8214   20.3303    5.2174   1893.90      2.10     33.50   11.6197
      1979   14.3473   22.4559    3.5011   1260.40      2.50     32.30   11.8217
      1980   14.3775   22.6748    4.4953   1618.30      3.50     32.50   10.9216
      1981   13.9609   22.1671    5.0591   1816.20      1.20     32.90   11.7874
      1982   13.5668   22.3732    5.2047   1894.50      3.30     32.80   13.6614
      1983   13.5730   22.3325    5.6753   1997.70      2.10     33.20   12.3528
      1984   14.0676   22.9381    5.3898   1897.20      0.20     32.60   12.8967
      1985   14.1975   23.2165    6.0696   2094.00      2.20     33.40   13.6508
      1986   13.8151   22.4637    5.6348   1944.00      4.20     32.80   12.1692
      1987   14.5453   23.4692    4.3367   1548.20      3.40     33.40   11.1281
      1988   14.4698   23.6173    5.5549   1860.90      4.50     33.80   11.4368
      1989   12.8000   23.5313    4.2382   1432.50      1.00     33.20    9.5903
      1990   13.3390   24.0583    7.0387   2421.30      4.20     31.60   15.5343
      1991   12.9278   23.7962    4.3875   1509.30      1.40     32.40    9.9778
      1992   12.1707   24.3313    3.5023   1222.30      1.20     33.60    8.3476
      1993   11.9893   23.4310    4.7557   1597.90      2.20     32.80   11.4310
      1994   10.0739   24.2063    6.3833   2138.40      1.40     35.60   14.6086
      1995   11.2766   24.8298    5.4789   1895.70      0.10     38.20   11.9919
      1996   11.4735   24.6359    8.8509   3097.80      2.80     35.60   18.4054
      1997       nan   25.6321    5.1657   1808.00       nan     35.80   11.6681
      1998    8.8475   26.4811    6.8595   1948.10      3.20     35.20   13.6176
      1999   13.1343   25.4687    8.1877   1596.60      2.60     34.80   15.6193
      2000   11.7844   24.8268    3.7803   1285.30      2.60     34.60    9.9325
      2001   11.0447   24.1303    5.8321   1819.60      2.20     33.20   11.2181
      2002   12.4108   25.2431    4.0221   1327.30      1.40     32.20    8.5671
      2003   12.2058   25.5920    5.8736   1979.40      2.40     38.80   12.8701
      2004   12.0775   26.4674    3.7563   1280.90      1.00     38.20   13.6792
      2005   11.8832   26.0593    5.2409   1792.40      0.20     39.60   12.9943
      2006   10.5577   25.3115    5.3101   1784.20      2.20     37.40   12.6460
      2007   12.2580   26.0151    4.9620   1697.00      2.20     37.60   11.6843
      2008   13.1956   27.1918    5.8923   1985.70      1.80     36.40   14.7530
      2009   13.3124   27.2473    4.8878   1686.30      5.20     37.20   12.2989
      2010   13.5576   27.6253    3.3223   1162.80      4.60     38.80    8.1585
      2011   13.5289   26.9888    5.3110   1784.50      4.20     35.60   11.3849
      2012   15.2004   27.3905    6.1086   1490.50      3.80     39.60   12.9089
      2013   13.4961   26.0072    3.7515    619.00      4.20     35.20    9.4001
