      1    0.0
      2    0.0
      3    0.0
      4    0.0
      5    0.0
      6    0.0
      7    0.0
      8    0.0
      9    0.0
     10    0.0
     11    0.0
     12    0.0
     13    0.0
     14    0.0
     15    0.0
     16    0.0
     17    0.0
     18    0.0
     19    0.0
     20    0.0
     21    0.0
     22    0.0
     23    0.0
     24    0.0
     25    0.0
     26    0.0
     27    0.0
     28    0.0
     29    0.0
     30    0.0
     31    0.0
     32    0.0
     33    0.0
     34    0.0
     35    0.0
     36    3.5
     37    1.8
     38    0.0
     39    0.0
     40    0.0
     41    0.0
     42    0.0
     43    0.0
     44    0.0
     45    0.0
     46    0.0
     47    2.2
     48   16.6
     49   12.3
     50    7.3
     51    0.0
     52    0.0
     53    0.0
     54    0.0
     55    0.0
     56    0.6
     57    0.0
     58    0.0
     59    0.0
     60    0.0
     61    0.0
     62    0.0
     63    0.0
     64    0.0
     65    0.1
     66    0.0
     67    0.0
     68    0.0
     69    0.0
     70    2.4
     71    0.0
     72    0.0
     73    0.0
     74    2.3
     75    0.0
     76    0.0
     77    0.0
     78    0.0
     79    0.0
     80    0.1
     81    0.0
     82    0.0
     83    0.2
     84    0.0
     85    0.0
     86    0.0
     87    0.0
     88    0.0
     89   16.3
     90    3.6
     91    0.3
     92    0.0
     93    0.4
     94    6.4
     95    0.0
     96    0.0
     97    0.0
     98    0.0
     99    0.0
    100    1.4
    101    1.5
    102    0.0
    103    0.0
    104    4.4
    105    1.9
    106    0.0
    107    0.0
    108    0.6
    109    0.0
    110    0.0
    111   15.3
    112    3.8
    113    0.7
    114    0.0
    115    0.0
    116    0.0
    117    0.0
    118    0.0
    119    0.0
    120    0.0
    121    0.0
    122    0.4
    123    0.0
    124    0.0
    125    9.8
    126    0.0
    127    0.0
    128    0.0
    129    0.0
    130    0.0
    131    0.0
    132    8.4
    133    0.0
    134    0.0
    135    0.0
    136    0.0
    137    0.0
    138    0.0
    139    0.0
    140    0.0
    141    0.0
    142    0.0
    143    0.0
    144    0.0
    145    0.0
    146    0.0
    147    0.0
    148    0.0
    149    0.0
    150    0.0
    151    9.9
    152    3.8
    153    0.0
    154    0.0
    155    0.6
    156    0.0
    157    1.7
    158    1.8
    159    0.3
    160    0.0
    161    0.0
    162    0.0
    163    0.0
    164    0.0
    165    0.0
    166    0.2
    167    1.5
    168   30.3
    169   67.5
    170   26.1
    171    0.7
    172    0.0
    173    2.8
    174    4.9
    175    0.2
    176    4.4
    177    0.5
    178    0.3
    179    4.4
    180    1.8
    181    0.2
    182   12.6
    183    5.2
    184    0.3
    185    4.8
    186    4.6
    187    0.0
    188    0.3
    189    0.6
    190    5.8
    191    4.7
    192    1.7
    193    1.0
    194    0.0
    195    4.1
    196    0.0
    197    0.0
    198    0.5
    199    0.8
    200    7.1
    201    0.6
    202    0.0
    203   32.2
    204    3.4
    205    0.8
    206    8.7
    207    3.8
    208    0.3
    209   10.5
    210    0.0
    211    0.0
    212    0.0
    213    0.0
    214    0.0
    215    0.0
    216    0.0
    217    0.0
    218    2.2
    219    6.7
    220    0.0
    221    0.0
    222    4.7
    223    0.8
    224    0.0
    225    0.5
    226    0.0
    227    0.0
    228    0.0
    229    0.0
    230    5.3
    231    0.0
    232    9.7
    233    0.0
    234   10.9
    235    0.0
    236    0.0
    237    0.0
    238    3.5
    239    0.0
    240    1.2
    241    0.0
    242    0.0
    243    0.0
    244    2.4
    245    0.0
    246    2.0
    247    1.6
    248    0.0
    249    0.0
    250    0.0
    251    0.0
    252    1.1
    253    0.0
    254    0.2
    255    0.0
    256    0.0
    257    0.0
    258    0.0
    259    0.0
    260    0.0
    261    0.0
    262    0.0
    263    0.0
    264    0.0
    265    0.0
    266    0.4
    267    0.9
    268    1.0
    269    0.0
    270    0.0
    271   16.5
    272    0.4
    273    0.0
    274    0.0
    275    0.0
    276    1.8
    277    2.0
    278    1.1
    279    4.6
    280    0.0
    281    0.0
    282    0.0
    283    0.0
    284    0.1
    285    0.0
    286    0.0
    287    1.7
    288    6.4
    289    7.2
    290    0.4
    291    0.0
    292    0.0
    293    5.8
    294    0.2
    295    0.0
    296    0.0
    297    0.0
    298    0.0
    299    0.0
    300    0.0
    301    0.0
    302    0.0
    303    0.0
    304    0.0
    305    0.0
    306    0.0
    307    0.0
    308    0.0
    309    0.0
    310    0.0
    311    0.0
    312    0.0
    313    0.0
    314    0.0
    315    0.0
    316    0.0
    317    0.0
    318    0.0
    319    0.0
    320    0.0
    321    0.0
    322    0.0
    323    0.0
    324    0.0
    325    0.0
    326    0.0
    327    0.0
    328    0.0
    329    0.0
    330    0.0
    331    0.0
    332    0.0
    333    0.0
    334    0.0
    335    0.0
    336    0.0
    337    0.0
    338    0.0
    339    0.0
    340    0.0
    341    0.0
    342    0.0
    343    0.0
    344    0.0
    345    0.0
    346    0.0
    347    0.0
    348    0.0
    349    0.0
    350    0.0
    351    0.0
    352    0.0
    353    0.0
    354    0.0
    355    0.0
    356    0.0
    357    0.0
    358    0.0
    359    0.0
    360    0.0
    361    0.0
    362    0.0
    363    0.0
    364    0.0
    365    0.0
