1980          Temperature for ILAM TEA ESTATE         
        Tmax  Tmin
     1  12.5   8.2 
     2  13.0   8.5 
     3  14.0   8.0 
     4  14.0   8.0 
     5  15.0   9.0 
     6  15.0   9.0 
     7  15.0   9.0 
     8  16.4   9.0 
     9  15.5   9.0 
    10  15.5   8.8 
    11  14.2   8.8 
    12  14.0   8.6 
    13  14.0   9.0 
    14  15.0   9.0 
    15  15.0   9.0 
    16  15.0   9.0 
    17  15.4   9.0 
    18  16.2   9.0 
    19  16.2  10.0 
    20  16.0  10.2 
    21  16.4  10.5 
    22  16.0  10.2 
    23  15.7  10.0 
    24  15.4   9.2 
    25  14.2   9.2 
    26  14.6   9.5 
    27  14.8   9.0 
    28  15.2   9.0 
    29  14.2   8.3 
    30  15.0   8.3 
    31  15.0   8.6 
    32  15.5   8.6 
    33  16.0  11.0 
    34  15.4  10.0 
    35  16.5   9.8 
    36  13.6   9.2 
    37  15.0   8.0 
    38  15.0   7.0 
    39  12.0   7.0 
    40  13.0   8.0 
    41  14.0   8.6 
    42  14.5   9.2 
    43  15.5   9.5 
    44  16.5  10.5 
    45  17.5  11.0 
    46  19.0  11.5 
    47  19.0  12.5 
    48  18.0  10.0 
    49  16.4  10.0 
    50  16.4  10.0 
    51  17.2  10.2 
    52  17.8  11.5 
    53  17.8  12.5 
    54  16.6  12.0 
    55  16.6  12.0 
    56  17.5  12.0 
    57  19.0  12.3 
    58  20.6  13.0 
    59  20.6  13.6 
    60  20.6  13.6 
    61  15.2   9.3 
    62  14.4   9.3 
    63  16.0   9.4 
    64  12.5  10.0 
    65  15.0  10.0 
    66  17.0  10.0 
    67  18.5  11.3 
    68  20.0  12.0 
    69  19.0  12.5 
    70  21.0  12.5 
    71  21.2  14.2 
    72  21.2  14.3 
    73  22.3  13.8 
    74  22.3  13.8 
    75  21.5  13.8 
    76  22.0  11.3 
    77  21.1  11.3 
    78  21.0  14.2 
    79  21.0  14.2 
    80  21.6  14.2 
    81  21.8  14.2 
    82  22.2  16.1 
    83  23.3  16.0 
    84  24.4  15.5 
    85  25.0  15.5 
    86  25.0  19.6 
    87  25.0  19.4 
    88  25.0  19.0 
    89  24.0  17.5 
    90  22.0  15.0 
    91  22.2  13.3 
    92  25.0  17.0 
    93  26.0  17.5 
    94  26.0  18.5 
    95  26.0  18.5 
    96  26.0  18.5 
    97  25.5  17.0 
    98  26.5  19.6 
    99  27.2  20.0 
   100  27.0  20.5 
   101  27.0  20.0 
   102  26.5  19.0 
   103  25.5  18.5 
   104  24.4  19.0 
   105  26.5  20.0 
   106  27.0  20.0 
   107  27.0  20.0 
   108  27.0  20.0 
   109  27.5  20.0 
   110  25.0  18.0 
   111  26.0  19.0 
   112  25.8  18.0 
   113  25.0  19.0 
   114  27.0  19.5 
   115  29.0  20.0 
   116  29.0  21.0 
   117  27.0  22.2 
   118  27.2  20.0 
   119  27.4  19.8 
   120  27.0  19.5 
   121  24.5  16.7 
   122  25.0  17.0 
   123  26.0  17.0 
   124  25.2  17.0 
   125  24.5  18.5 
   126  25.0  19.0 
   127  23.0  18.0 
   128  25.0  18.0 
   129  23.5  16.5 
   130  22.5  13.0 
   131  22.5  13.0 
   132  22.4  17.0 
   133  23.5  16.0 
   134  22.8  17.0 
   135  24.0  18.0 
   136  24.8  17.0 
   137  24.0  17.0 
   138  24.0  18.0 
   139  24.0  18.0 
   140  21.0  18.0 
   141  24.0  17.5 
   142  24.0  18.0 
   143  26.0  18.0 
   144  25.5  20.0 
   145  25.4  19.0 
   146  26.6  17.8 
   147  23.4  18.0 
   148  24.5  16.5 
   149  23.0  16.0 
   150  21.8  16.5 
   151  24.0  17.0 
   152  24.0  17.0 
   153  24.4  18.0 
   154  25.0  19.0 
   155  24.5  19.0 
   156  24.5  20.0 
   157  25.0  20.0 
   158  26.0  20.0 
   159  25.0  21.8 
   160  23.6  20.0 
   161  23.5  20.0 
   162  25.0  19.5 
   163  25.0  20.5 
   164  25.0  20.0 
   165  24.3  20.0 
   166  25.0  21.0 
   167  24.0  20.0 
   168  25.0  20.0 
   169  24.0  19.8 
   170  23.5  20.5 
   171  23.4  19.2 
   172  26.6  19.3 
   173  25.0  20.0 
   174  25.0  21.0 
   175  24.6  20.8 
   176  25.0  21.0 
   177  25.0  21.0 
   178  25.5  21.0 
   179  25.0  20.8 
   180  25.0  21.0 
   181  25.0  21.0 
   182  27.0  22.0 
   183  25.0  21.5 
   184  25.0  21.0 
   185  25.0  21.5 
   186  24.5  20.0 
   187  24.5  20.5 
   188  25.0  20.5 
   189  25.0  21.0 
   190  24.0  20.0 
   191  24.0  20.5 
   192  25.0  20.5 
   193  24.0  20.5 
   194  25.0  20.5 
   195  25.4  21.0 
   196  25.0  20.0 
   197  25.0  20.0 
   198  23.6  20.0 
   199  22.5  20.0 
   200  23.0  20.0 
   201  23.6  19.0 
   202  23.0  20.0 
   203  24.5  20.0 
   204  26.0  20.5 
   205  26.5  22.0 
   206  26.6  21.5 
   207  25.6  21.5 
   208  25.0  20.3 
   209  25.0  20.0 
   210  26.0  20.0 
   211  23.0  20.5 
   212  23.4  20.0 
   213  25.0  19.5 
   214  22.5  20.0 
   215  25.0  20.5 
   216  25.5  21.0 
   217  25.0  20.5 
   218  24.5  20.0 
   219  23.2  19.5 
   220  25.0  19.5 
   221  24.2  19.0 
   222  24.5  17.0 
   223  24.0  20.0 
   224  24.4  20.0 
   225  24.0  20.5 
   226  23.5  20.5 
   227  23.2  20.0 
   228  24.0  19.5 
   229  23.0  19.0 
   230  24.0  19.0 
   231  24.0  20.0 
   232  24.0  20.0 
   233  25.0  20.0 
   234  26.0  20.5 
   235  25.0  20.0 
   236  25.0  20.0 
   237  24.0  20.0 
   238  25.0  20.0 
   239  26.0  20.5 
   240  25.0  20.0 
   241  24.0  20.0 
   242  24.6  20.0 
   243  25.0  20.5 
   244  26.0  20.0 
   245  28.0  21.0 
   246  28.0  22.0 
   247  26.0  21.0 
   248  25.0  21.0 
   249  25.0  20.5 
   250  25.0  20.0 
   251  26.0  21.0 
   252  26.0  21.0 
   253  26.0  20.5 
   254  26.0  20.0 
   255  26.0  20.0 
   256  26.0  20.0 
   257  22.4  19.0 
   258  24.0  18.2 
   259  24.2  20.0 
   260  23.0  18.5 
   261  23.0  18.5 
   262  23.5  19.0 
   263  24.5  19.0 
   264  25.0  19.0 
   265  24.0  19.0 
   266  24.2  19.0 
   267  23.0  18.2 
   268  24.0  18.2 
   269  23.0  18.2 
   270  23.2  18.0 
   271  22.4  18.0 
   272  22.0  19.0 
   273  23.0  18.5 
   274  23.6  18.5 
   275  24.0  18.6 
   276  24.0  18.0 
   277  23.4  18.0 
   278  22.0  17.0 
   279  23.6  17.0 
   280  23.6  16.0 
   281  24.0  14.5 
   282  23.5  14.5 
   283  23.0  16.0 
   284  21.2  17.0 
   285  22.4  17.0 
   286  23.0  18.0 
   287  24.0  16.0 
   288  24.0  16.0 
   289  24.0  16.0 
   290  24.0  16.0 
   291  24.0  15.5 
   292  24.0  15.5 
   293  24.0  15.0 
   294  24.0  14.5 
   295  24.0  14.0 
   296  22.5  14.0 
   297  20.7  14.5 
   298  21.0  15.0 
   299  20.5  15.0 
   300  21.0  15.5 
   301  21.8  15.6 
   302  22.0  16.5 
   303  22.5  16.5 
   304  23.0  17.0 
   305  22.5  17.0 
   306  23.0  17.0 
   307  22.5  17.0 
   308  21.5  16.2 
   309  21.2  16.0 
   310  21.5  15.8 
   311  21.5  15.8 
   312  21.5  15.0 
   313  22.0  15.0 
   314  22.0  14.5 
   315  22.0  14.5 
   316  22.0  15.0 
   317  22.0  15.0 
   318  22.0  15.0 
   319  22.0  15.0 
   320  21.5  15.0 
   321  21.5  15.0 
   322  21.5  15.0 
   323  21.5  15.0 
   324  21.0  15.0 
   325  21.0  15.0 
   326  21.0  15.0 
   327  20.0  15.0 
   328  19.0  14.0 
   329  19.0  13.0 
   330  19.0  13.0 
   331  19.0  13.0 
   332  19.0  12.5 
   333  19.0  12.5 
   334  18.0  12.5 
   335  18.0  13.0 
   336  19.5  13.0 
   337  20.0  13.5 
   338  19.5  13.0 
   339  19.0  12.5 
   340  18.0  12.0 
   341  17.5  12.0 
   342  18.0  12.0 
   343  18.5  12.5 
   344  19.0  12.5 
   345  19.5  12.5 
   346  20.0  12.5 
   347  19.0  12.0 
   348  18.0  12.0 
   349  17.5  11.5 
   350  17.0  11.0 
   351  17.0  11.0 
   352  17.0  11.0 
   353  16.2  11.2 
   354  17.0  11.0 
   355  17.0  11.0 
   356  17.0  11.0 
   357  18.0  11.0 
   358  17.5  12.0 
   359  16.5  12.0 
   360  15.5  12.0 
   361  17.0  12.0 
   362  17.5  12.0 
   363  18.0  11.5 
   364  18.0  11.5 
   365  18.5  11.5 
   366  17.0  10.5 
