1992          Temperature for ILAM TEA ESTATE         
        Tmax  Tmin
     1  12.5   4.5 
     2  13.5   5.5 
     3  15.0   8.5 
     4  16.0  10.0 
     5  14.0  11.0 
     6  15.0   8.0 
     7  15.5   8.0 
     8  16.0   5.0 
     9  16.5   5.0 
    10  16.5   9.0 
    11  16.5   8.5 
    12  13.5   7.5 
    13  13.5   7.0 
    14  15.5   8.5 
    15  16.5   9.0 
    16  16.0   9.0 
    17  15.5   8.0 
    18  14.0   9.0 
    19  15.0   8.5 
    20  16.0   9.5 
    21  16.5   8.5 
    22  16.0   8.5 
    23  16.0   7.5 
    24  15.0   8.5 
    25  16.0   8.5 
    26  18.0   9.5 
    27  19.0  10.5 
    28  18.5  11.5 
    29  19.5  11.5 
    30  19.5  11.5 
    31  18.0  11.0 
    32  11.5   8.5 
    33  12.5   7.5 
    34  14.5   7.0 
    35  15.0   6.5 
    36  14.5   7.0 
    37  13.5   7.0 
    38  11.5   8.0 
    39  14.0   6.5 
    40  14.5   7.0 
    41  15.0   7.5 
    42  13.5   6.0 
    43  14.0   7.5 
    44  13.0   7.5 
    45  15.5   7.0 
    46  11.0   8.0 
    47  13.0   7.5 
    48  16.0   9.0 
    49  15.5   6.0 
    50  16.5   8.0 
    51  17.5   7.5 
    52  18.0   9.0 
    53  16.5   8.0 
    54  18.0  10.0 
    55  18.0   8.5 
    56  16.5   7.5 
    57  17.0   8.0 
    58  16.5   9.5 
    59  17.0  10.0 
    60  14.5   8.0 
    61  16.0  10.0 
    62  20.0  10.5 
    63  20.0  11.0 
    64  22.2  11.0 
    65  20.6  11.0 
    66  20.5  11.0 
    67  20.5  13.0 
    68  20.5  12.0 
    69  20.5  12.0 
    70  21.0  12.0 
    71  21.0  12.0 
    72  22.0  13.0 
    73  23.2  13.2 
    74  24.0  15.0 
    75  24.0  16.0 
    76  22.0  14.0 
    77  22.0  13.0 
    78  22.0  13.0 
    79  22.0  13.0 
    80  23.0  14.0 
    81  23.0  14.0 
    82  24.0  15.0 
    83  26.1  16.0 
    84  28.0  18.5 
    85  24.5  18.2 
    86  25.0  16.5 
    87  25.5  16.0 
    88  26.2  16.0 
    89  27.0  17.0 
    90  29.5  19.0 
    91  24.0  19.0 
    92  26.5  17.0 
    93  26.0  18.0 
    94  25.2  16.0 
    95  25.5  17.0 
    96  26.0  16.4 
    97  26.0  16.6 
    98  25.0  16.0 
    99  25.0  16.0 
   100  26.0  16.0 
   101  28.5  17.0 
   102  29.0  18.0 
   103  29.0  20.0 
   104  29.8  20.0 
   105  30.0  21.0 
   106  30.8  21.0 
   107  30.5  21.5 
   108  29.0  21.0 
   109  26.2  20.5 
   110  26.2  17.4 
   111  24.5  17.0 
   112  27.0  16.0 
   113  26.2  18.0 
   114  27.5  17.0 
   115  27.0  18.2 
   116  28.0  19.0 
   117  26.5  18.0 
   118  24.0  11.0 
   119  22.1  15.0 
   120  25.0  13.5 
   121  26.0  17.0 
   122  22.2  16.0 
   123  23.2  14.0 
   124  21.5  13.3 
   125  22.5  13.5 
   126  22.0  14.0 
   127  23.5  15.0 
   128  24.5  17.0 
   129  24.0  15.0 
   130  26.5  15.0 
   131  25.5  15.0 
   132  26.5  18.5 
   133  26.5  19.0 
   134  26.5  20.0 
   135  26.5  16.0 
   136  25.5  18.0 
   137  24.5  17.5 
   138  25.3  18.0 
   139  26.5  18.2 
   140  25.6  18.5 
   141  25.6  15.5 
   142  25.2  13.1 
   143  23.8  14.2 
   144  25.5  16.4 
   145  25.0  17.6 
   146  22.2  16.0 
   147  24.6  14.5 
   148  23.6  16.0 
   149  24.2  16.6 
   150  23.1  18.0 
   151  24.2  18.5 
   152  25.0  18.0 
   153  28.0  23.0 
   154  28.0  21.0 
   155  28.0  20.0 
   156  29.0  20.0 
   157  28.5  20.0 
   158  29.1  20.6 
   159  26.2  18.0 
   160  26.0  17.0 
   161  26.0  19.0 
   162  26.1  16.0 
   163  25.0  17.0 
   164  24.1  19.0 
   165  25.0  18.0 
   166  25.0  18.0 
   167  26.0  19.0 
   168  28.0  20.2 
   169  27.5  20.0 
   170  26.0  19.0 
   171  26.0  20.0 
   172  26.0  19.0 
   173  26.0  19.0 
   174  25.0  19.0 
   175  25.0  19.0 
   176  26.0  19.0 
   177  24.6  19.0 
   178  25.0  19.0 
   179  25.0  19.0 
   180  26.0  19.0 
   181  25.0  19.0 
   182  26.4  19.0 
   183  26.0  19.0 
   184  26.0  19.0 
   185  26.0  19.0 
   186  25.0  19.0 
   187  24.0  19.0 
   188  25.0  19.0 
   189  25.0  19.0 
   190  26.0  17.0 
   191  26.0  17.0 
   192  26.0  18.0 
   193  23.0  18.0 
   194  24.0  18.0 
   195  25.0  19.0 
   196  24.0  19.0 
   197  22.0  19.0 
   198  24.1  17.0 
   199  23.0  18.1 
   200  24.0  18.0 
   201  24.7  18.0 
   202  25.0  19.0 
   203  25.0  18.0 
   204  24.0  18.0 
   205  26.3  19.0 
   206  26.5  18.8 
   207  28.0  21.0 
   208  26.0  19.0 
   209  26.0  19.0 
   210  26.0  19.0 
   211  26.0  18.0 
   212  26.0  19.0 
   213  24.0  18.0 
   214  26.2  19.0 
   215  25.5  19.8 
   216  25.0  20.0 
   217  24.0  19.0 
   218  22.5  19.0 
   219  24.0  19.0 
   220  24.0  18.2 
   221  24.0  19.0 
   222  25.0  19.0 
   223  24.0  19.0 
   224  25.0  19.0 
   225  25.0  20.0 
   226  27.0  21.0 
   227  28.0  21.0 
   228  26.0  20.0 
   229  26.0  19.0 
   230  26.0  19.0 
   231  27.0  19.0 
   232  27.5  21.0 
   233  26.2  20.2 
   234  24.0  19.0 
   235  26.0  19.0 
   236  23.6  19.0 
   237  24.2  19.6 
   238  25.6  19.8 
   239  24.2  19.0 
   240  24.8  19.6 
   241  23.6  19.0 
   242  26.0  20.5 
   243  27.1  21.0 
   244  26.0  20.5 
   245  27.4  21.0 
   246  27.5  21.6 
   247  24.8  20.6 
   248  24.6  19.2 
   249  27.0  22.1 
   250  26.0  19.0 
   251  25.6  19.0 
   252  25.0  19.0 
   253  25.5  19.0 
   254  25.5  20.5 
   255  25.0  19.3 
   256  23.0  19.0 
   257  23.1  18.9 
   258  23.1  18.0 
   259  25.0  18.0 
   260  23.4  19.0 
   261  23.1  18.6 
   262  23.0  18.0 
   263  25.0  19.0 
   264  25.0  19.2 
   265  26.2  20.1 
   266  26.0  19.0 
   267  27.0  19.0 
   268  27.0  19.0 
   269  26.0  19.0 
   270  22.0  19.0 
   271  21.1  19.0 
   272  24.0  18.1 
   273  23.0  16.1 
   274  22.0  17.6 
   275  23.0  18.0 
   276  23.0  19.0 
   277  24.0  19.0 
   278  24.0  18.0 
   279  24.0  17.0 
   280  24.0  18.0 
   281  25.0  19.0 
   282  25.0  18.0 
   283  25.0  19.0 
   284  24.0  19.0 
   285  24.0  18.0 
   286  24.0  18.0 
   287  21.0  17.0 
   288  23.0  17.0 
   289  22.0  17.0 
   290  21.0  15.0 
   291  21.0  16.0 
   292  23.0  17.0 
   293  23.0  17.0 
   294  22.0  16.0 
   295  23.0  16.0 
   296  23.0  16.0 
   297  22.0  14.0 
   298  22.0  15.0 
   299  21.0  14.0 
   300  21.0  14.0 
   301  23.0  15.0 
   302  24.0  16.0 
   303  25.0  18.0 
   304  26.0  17.1 
   305  26.0  19.0 
   306  24.0  18.0 
   307  24.0  16.0 
   308  23.4  16.0 
   309  23.6  16.0 
   310  22.6  15.7 
   311  22.1  14.8 
   312  21.6  14.5 
   313  22.1  14.4 
   314  23.0  14.0 
   315  23.0  15.0 
   316  22.0  14.0 
   317  20.0  15.0 
   318  22.0  15.0 
   319  22.0  14.0 
   320  23.0  17.0 
   321  23.0  15.0 
   322  22.0  14.0 
   323  21.0  14.0 
   324  22.0  13.0 
   325  22.6  14.0 
   326  21.8  14.2 
   327  21.6  13.0 
   328  21.5  13.8 
   329  19.8  13.0 
   330  18.2  11.0 
   331  19.0  11.2 
   332  19.0  11.0 
   333  20.4  12.0 
   334  20.1  12.5 
   335  20.0  11.0 
   336  20.1  11.1 
   337  19.4  11.0 
   338  16.5   9.5 
   339  13.8   9.2 
   340  15.0   8.5 
   341  17.2  10.0 
   342  17.7  10.6 
   343  17.9  10.2 
   344  18.4  10.6 
   345  18.4  10.5 
   346  19.1  10.0 
   347  18.9  11.1 
   348  17.6   9.0 
   349  16.1   9.8 
   350  18.2   9.5 
   351  18.1  10.6 
   352  17.6  10.1 
   353  16.1   9.4 
   354  17.6  10.0 
   355  17.5  10.1 
   356  17.8  10.2 
   357  17.4   9.0 
   358  19.6  10.0 
   359  20.6  11.2 
   360  17.6  10.6 
   361  16.7   9.2 
   362  16.6  10.0 
   363  15.0  10.0 
   364  16.0   8.5 
   365  15.0  10.0 
   366  17.0  10.0 
