1979          Temperature for ILAM TEA ESTATE         
        Tmax  Tmin
     1  17.0  10.5 
     2  17.0  10.5 
     3  16.0  10.0 
     4  16.0   9.8 
     5  16.0   9.5 
     6  18.0   9.2 
     7  20.0  12.0 
     8  18.0  11.0 
     9  16.0  10.0 
    10  16.5  10.0 
    11  17.0  10.3 
    12  17.0  10.5 
    13  16.0  10.5 
    14  16.0  10.5 
    15  16.0  10.7 
    16  17.0  10.7 
    17  17.0  10.5 
    18  17.0  10.5 
    19  16.0  11.0 
    20  16.0  10.0 
    21  15.1  10.0 
    22  17.0  10.0 
    23  16.0  10.0 
    24  17.0  10.0 
    25  17.0  10.0 
    26  17.0  10.5 
    27  17.0  11.0 
    28  17.0  11.0 
    29  13.5   9.0 
    30  14.5   9.0 
    31  14.0   9.0 
    32  14.0   8.5 
    33  15.0   8.5 
    34  16.0   8.0 
    35  16.0   8.0 
    36  18.0  10.0 
    37  18.0  11.2 
    38  16.0   8.8 
    39  10.0   4.8 
    40  13.0   7.0 
    41  14.5   7.8 
    42  16.0   8.4 
    43  17.0   9.0 
    44  17.0  11.0 
    45  17.0  11.0 
    46  20.0  11.0 
    47  20.0  12.0 
    48  20.0  12.0 
    49  20.0  11.5 
    50  20.0  11.5 
    51  19.0  11.0 
    52  19.0  10.5 
    53  18.0   9.5 
    54  17.0   9.2 
    55  17.0   9.5 
    56  18.0  10.5 
    57  18.0  10.5 
    58  19.0  11.0 
    59  20.0  12.0 
    60  20.0  12.0 
    61  20.0  12.0 
    62  20.0  13.0 
    63  21.0  13.7 
    64  22.0  14.5 
    65  23.0  14.0 
    66  24.0  13.5 
    67  25.0  13.0 
    68  22.5  12.0 
    69  20.0  10.5 
    70  19.0  10.0 
    71  18.0  10.0 
    72  22.0  10.0 
    73  22.5  12.0 
    74  22.5  13.0 
    75  23.0  14.0 
    76  23.0  15.0 
    77  23.0  15.0 
    78  23.0  15.0 
    79  23.0  15.0 
    80  23.0  16.0 
    81  23.0  16.5 
    82  23.5  16.5 
    83  23.5  17.2 
    84  23.5  15.3 
    85  25.0  19.0 
    86  26.0  19.0 
    87  25.5  17.6 
    88  25.0  16.9 
    89  24.5  16.0 
    90  24.5  15.7 
    91  25.5  19.0 
    92  25.0  19.4 
    93  26.0  18.5 
    94  27.0  18.5 
    95  28.0  18.6 
    96  27.0  18.6 
    97  25.7  18.5 
    98  25.5  15.4 
    99  28.0  15.5 
   100  28.0  19.2 
   101  26.0  13.6 
   102  26.0  14.4 
   103  26.0  15.8 
   104  26.5  15.6 
   105  26.5  15.3 
   106  23.0  15.1 
   107  23.0  16.0 
   108  24.0  16.1 
   109  25.0  16.5 
   110  23.0  17.0 
   111  25.5  17.5 
   112  25.5  18.2 
   113  25.5  15.4 
   114  27.0  16.0 
   115  28.0  20.1 
   116  29.0  19.0 
   117  29.0  18.7 
   118  29.0  22.5 
   119  25.5  20.5 
   120  24.5  13.0 
   121  25.0  17.5 
   122  24.5  17.5 
   123  23.5  18.0 
   124  24.0  18.0 
   125  27.0  19.5 
   126  28.5  21.0 
   127  28.0  22.2 
   128  27.0  19.8 
   129  28.0  20.5 
   130  29.0  20.0 
   131  24.0  18.0 
   132  26.5  18.4 
   133  26.0  20.0 
   134  24.0  19.0 
   135  26.5  20.8 
   136  27.0  22.0 
   137  27.0  22.0 
   138  27.0  21.5 
   139  28.0  19.5 
   140  25.5  18.0 
   141  28.0  20.1 
   142  29.0  20.5 
   143  28.5  17.8 
   144  28.0  19.5 
   145  29.0  21.0 
   146  29.0  21.8 
   147  29.0  20.0 
   148  28.0  19.0 
   149  30.0  22.0 
   150  30.0  22.5 
   151  30.0  22.5 
   152  30.0  22.8 
   153  31.0  23.5 
   154  32.0  23.0 
   155  30.0  24.0 
   156  33.0  23.0 
   157  31.0  23.0 
   158  32.0  20.0 
   159  27.0  20.0 
   160  25.0  19.0 
   161  25.0  18.0 
   162  24.0  19.0 
   163  25.0  19.0 
   164  25.0  18.5 
   165  25.0  19.0 
   166  25.0  19.0 
   167  26.0  19.0 
   168  25.0  19.5 
   169  26.0  18.5 
   170  25.0  21.0 
   171  26.0  20.5 
   172  26.0  20.0 
   173  27.0  20.0 
   174  26.0  20.0 
   175  27.8  21.0 
   176  27.2  21.2 
   177  25.5  21.0 
   178  24.8  21.0 
   179  26.8  21.2 
   180  27.8  21.5 
   181  24.0  21.0 
   182  24.0  20.5 
   183  23.4  20.5 
   184  25.2  20.8 
   185  25.8  21.0 
   186  27.0  20.8 
   187  28.6  21.4 
   188  28.0  21.4 
   189  26.0  21.5 
   190  23.0  20.5 
   191  23.0  20.5 
   192  24.0  20.0 
   193  25.0  21.0 
   194  24.0  20.0 
   195  25.0  20.0 
   196  21.0  20.0 
   197  22.0  20.0 
   198  21.0  20.0 
   199  23.0  20.0 
   200  24.0  20.0 
   201  23.4  20.0 
   202  25.0  20.0 
   203  25.0  20.0 
   204  22.0  20.0 
   205  22.0  19.5 
   206  22.5  19.5 
   207  22.5  19.5 
   208  22.0  19.5 
   209  23.4  19.0 
   210  22.4  19.3 
   211  23.6  20.0 
   212  24.2  20.0 
   213  24.4  19.8 
   214  27.5  20.3 
   215  27.5  20.8 
   216  28.5  21.0 
   217  28.6  23.0 
   218  29.0  23.0 
   219  28.0  23.5 
   220  25.6  23.5 
   221  26.0  19.8 
   222  27.0  20.2 
   223  28.0  20.5 
   224  28.0  20.5 
   225  27.0  20.5 
   226  27.6  21.2 
   227  25.0  20.0 
   228  25.0  20.0 
   229  24.0  20.0 
   230  26.0  20.5 
   231  24.6  20.0 
   232  22.5  19.2 
   233  22.0  19.8 
   234  23.0  19.5 
   235  24.0  19.5 
   236  24.0  19.4 
   237  24.6  20.5 
   238  23.6  20.0 
   239  24.0  19.8 
   240  24.0  20.0 
   241  23.5  19.5 
   242  23.0  19.0 
   243  23.0  19.0 
   244  23.0  19.0 
   245  25.0  19.5 
   246  24.2  19.0 
   247  22.0  19.0 
   248  24.5  18.8 
   249  23.5  19.0 
   250  23.6  19.0 
   251  25.0  19.0 
   252  24.5  19.0 
   253  23.6  18.5 
   254  22.8  18.0 
   255  22.6  17.8 
   256  22.5  18.0 
   257  23.2  18.0 
   258  23.4  18.0 
   259  24.7  18.4 
   260  25.0  19.3 
   261  25.0  19.5 
   262  25.0  19.5 
   263  25.6  20.0 
   264  25.5  20.0 
   265  24.6  19.8 
   266  24.6  19.8 
   267  24.6  19.8 
   268  25.0  18.6 
   269  25.0  20.0 
   270  25.0  20.0 
   271  26.0  19.0 
   272  26.0  19.0 
   273  27.0  18.5 
   274  27.0  18.5 
   275  27.0  18.5 
   276  25.0  18.5 
   277  23.5  19.0 
   278  24.5  19.0 
   279  24.0  18.5 
   280  24.0  18.0 
   281  21.4  17.8 
   282  23.5  16.0 
   283  20.0  16.0 
   284  20.2  16.0 
   285  20.0  16.0 
   286  22.0  16.0 
   287  22.0  16.0 
   288  22.0  16.5 
   289  23.0  16.5 
   290  23.0  16.5 
   291  23.4  16.5 
   292  23.8  17.0 
   293  24.0  17.0 
   294  24.2  17.0 
   295  24.4  17.0 
   296  24.6  17.0 
   297  23.5  16.5 
   298  23.0  16.0 
   299  22.0  16.0 
   300  21.5  16.0 
   301  21.5  15.8 
   302  21.5  16.0 
   303  21.5  16.2 
   304  22.0  16.4 
   305  22.0  16.5 
   306  22.0  16.5 
   307  22.0  16.5 
   308  23.0  17.0 
   309  23.0  17.0 
   310  24.0  17.0 
   311  23.5  17.0 
   312  23.0  16.0 
   313  21.3  15.5 
   314  20.5  14.8 
   315  20.5  15.0 
   316  21.0  15.0 
   317  21.5  15.0 
   318  21.5  15.2 
   319  21.5  14.5 
   320  19.3  14.0 
   321  20.5  14.2 
   322  20.5  15.2 
   323  20.0  16.0 
   324  17.7  15.0 
   325  19.0  14.2 
   326  19.0  14.0 
   327  17.0  13.8 
   328  19.0  15.0 
   329  20.0  15.0 
   330  20.0  14.5 
   331  20.0  14.0 
   332  18.0  15.5 
   333  17.0  14.5 
   334  15.5  13.6 
   335  16.5  11.0 
   336  17.0  11.0 
   337  18.0  12.0 
   338  18.5  12.5 
   339  19.0  12.5 
   340  19.0  12.0 
   341  19.0  12.0 
   342  19.5  13.0 
   343  19.0  13.0 
   344  18.0  12.0 
   345  18.0  12.2 
   346  18.5  11.5 
   347  18.5  11.5 
   348  18.0  11.0 
   349  17.0  10.5 
   350  17.0  10.0 
   351  16.5   9.5 
   352  16.5   9.0 
   353  16.0   8.5 
   354  16.0   8.0 
   355  15.4   7.5 
   356  15.0   7.5 
   357  15.5   8.5 
   358  16.7  10.0 
   359  16.6  11.0 
   360  16.6  10.5 
   361  16.5  10.2 
   362  16.5  10.0 
   363  16.4   9.5 
   364  11.4   8.5 
   365  12.5   7.5 
