1970          Temperature for POKHARA AIRPORT         
        Tmax  Tmin
     1  19.4   4.5 
     2  19.6   7.2 
     3  17.0   3.0 
     4  20.2   4.4 
     5  19.6   5.2 
     6  19.4   5.2 
     7  19.6   6.8 
     8  19.4   4.0 
     9  19.0   4.5 
    10  18.6   5.8 
    11  18.6   6.5 
    12  18.9   5.2 
    13  17.0   1.8 
    14  18.3   2.9 
    15  18.0   3.2 
    16  19.0   5.5 
    17  19.5   4.8 
    18  20.5   5.3 
    19  18.5   4.2 
    20  20.5   9.0 
    21  15.0   6.8 
    22  13.5   2.8 
    23  17.0   7.8 
    24  17.8   7.0 
    25  17.5   5.8 
    26  19.0   8.5 
    27  17.8   4.0 
    28  18.0   3.8 
    29  18.6   3.5 
    30  17.6   4.5 
    31  19.5   6.0 
    32  19.6   8.0 
    33  19.0   4.2 
    34  19.0   4.4 
    35  19.4   5.8 
    36  19.2   6.0 
    37  19.5   3.9 
    38  19.2   3.8 
    39  19.5   4.8 
    40  20.0   5.0 
    41  21.0   6.0 
    42  20.9   6.0 
    43  21.6   6.2 
    44  23.0   6.8 
    45  23.2   6.2 
    46  22.6   6.8 
    47  23.4   7.0 
    48  23.8   7.0 
    49  23.5   7.6 
    50  23.4  11.4 
    51  14.0   6.2 
    52  20.8   7.6 
    53  21.0   7.2 
    54  18.5   4.8 
    55  18.9   6.5 
    56  14.3   4.2 
    57  19.3   7.0 
    58  21.2   8.3 
    59  23.0   7.8 
    60  20.8   9.6 
    61  23.0   8.8 
    62  24.2   9.0 
    63  23.8   6.3 
    64  21.9   5.0 
    65  22.0   7.0 
    66  22.5   8.0 
    67  23.2   7.9 
    68  25.0   8.5 
    69  21.4  12.8 
    70  24.4  10.4 
    71  23.0   8.0 
    72  23.0  10.2 
    73  25.0  10.0 
    74  26.0  11.0 
    75  27.0  11.0 
    76  28.2  10.0 
    77  28.0  11.0 
    78  28.8  10.8 
    79  27.0   9.8 
    80  27.0   9.5 
    81  27.8  12.0 
    82  27.4  11.2 
    83  25.8   8.2 
    84  25.8  11.2 
    85  28.2  10.2 
    86  28.2  14.7 
    87  29.0  14.0 
    88  30.3  14.5 
    89  31.0  13.2 
    90  31.4  11.2 
    91  30.0  11.2 
    92  29.5   9.6 
    93  29.0  10.0 
    94  26.5   9.8 
    95  28.6  10.6 
    96  30.4  12.8 
    97  29.8  13.5 
    98  30.5  12.5 
    99  31.2  12.0 
   100  30.5  11.8 
   101  30.5  11.8 
   102  33.0  15.0 
   103  31.5  15.0 
   104  32.0  15.8 
   105  28.9  17.5 
   106  22.0  17.8 
   107  27.2   9.4 
   108  29.0  14.6 
   109  30.2  14.9 
   110  31.0  14.5 
   111  31.3  13.2 
   112  32.3  15.5 
   113  32.3  18.6 
   114  32.8  19.5 
   115  32.9  22.6 
   116  33.7  21.8 
   117  31.2  17.0 
   118  30.7  16.6 
   119  30.2  18.0 
   120  32.5  17.2 
   121  33.8  17.4 
   122  34.2  17.6 
   123  34.0  18.0 
   124  35.0  18.3 
   125  34.5  15.8 
   126  30.8  15.8 
   127  29.5  17.0 
   128  30.0  15.4 
   129  31.5  18.0 
   130  32.5  19.0 
   131  33.4  19.0 
   132  34.0  19.0 
   133  34.0  20.0 
   134  34.2  21.0 
   135  33.5  21.5 
   136  32.6  19.8 
   137  31.0  18.3 
   138  29.0  16.4 
   139  29.5  20.2 
   140  29.8  20.5 
   141  30.2  17.8 
   142  24.0  18.8 
   143  27.0  17.0 
   144  30.0  19.5 
   145  30.0  18.0 
   146  27.6  19.2 
   147  29.8  16.0 
   148  28.8  16.2 
   149  28.6  18.0 
   150  30.2  18.0 
   151  31.0  18.0 
   152  30.8  18.2 
   153  30.8  18.0 
   154  27.4  19.8 
   155  29.0  18.5 
   156  27.5  20.0 
   157  25.9  18.2 
   158  30.2  20.0 
   159  29.9  19.9 
   160  29.8  20.0 
   161  30.2  20.6 
   162  30.8  21.5 
   163  31.0  22.8 
   164  30.0  23.0 
   165  31.6  21.5 
   166  27.0  20.0 
   167  31.8  20.0 
   168  29.8  19.0 
   169  21.8  18.7 
   170  28.5  20.0 
   171  29.8  19.6 
   172  31.0  20.0 
   173  28.0  20.2 
   174  26.0  20.0 
   175  29.0  20.6 
   176  28.7  21.4 
   177  31.0  21.5 
   178  30.0  21.8 
   179  28.0  21.2 
   180  27.2  21.0 
   181  29.0  19.8 
   182  29.8  21.8 
   183  30.0  21.0 
   184  30.5  22.0 
   185  30.2  22.0 
   186  31.0  22.0 
   187  31.6  22.0 
   188  29.8  22.4 
   189  32.0  23.0 
   190  31.8  20.8 
   191  30.0  21.8 
   192  29.8  22.5 
   193  31.0  21.2 
   194  31.0  21.2 
   195  25.6  21.5 
   196  30.0  22.2 
   197  27.8  20.9 
   198  28.0  21.0 
   199  28.0  21.3 
   200  31.0  21.4 
   201  30.2  20.2 
   202  24.8  21.2 
   203  28.3  20.6 
   204  30.0  21.0 
   205  28.3  20.6 
   206  28.8  21.5 
   207  30.5  21.0 
   208  25.3  20.8 
   209  29.2  20.4 
   210  28.9  20.2 
   211  28.0  20.7 
   212  28.0  20.4 
   213  29.5  20.6 
   214  29.2  21.5 
   215  30.3  21.5 
   216  27.0  20.0 
   217  29.2  20.7 
   218  28.9  20.2 
   219  27.0  22.5 
   220  29.1  20.8 
   221  28.0  20.8 
   222  28.9  20.8 
   223  29.0  22.0 
   224  29.5  21.0 
   225  29.1  21.4 
   226  29.8  22.0 
   227  30.5  25.0 
   228  30.5  23.5 
   229  30.2  19.3 
   230  29.8  20.0 
   231  30.1  21.0 
   232  31.5  20.8 
   233  28.9  24.5 
   234  32.5  22.0 
   235  29.8  21.0 
   236  29.8  20.6 
   237  27.2  20.2 
   238  29.7  20.4 
   239  29.9  20.5 
   240  29.6  21.0 
   241  31.0  20.9 
   242  29.6  20.3 
   243  29.7  20.2 
   244  29.8  22.0 
   245  29.8  20.0 
   246  29.8  20.0 
   247  29.3  20.0 
   248  30.0  20.0 
   249  29.8  20.5 
   250  29.0  20.5 
   251  30.0  21.0 
   252  31.0  20.0 
   253  29.9  21.0 
   254  28.6  21.0 
   255  27.5  21.1 
   256  29.5  21.5 
   257  28.5  22.0 
   258  25.5  20.5 
   259  29.4  20.8 
   260  26.2  21.0 
   261  29.7  19.6 
   262  28.7  19.8 
   263  29.6  20.0 
   264  29.4  20.0 
   265  29.8  21.0 
   266  30.1  19.2 
   267  29.0  22.0 
   268  29.0  20.0 
   269  29.0  22.0 
   270  28.5  20.0 
   271  27.5  22.5 
   272  31.0  19.0 
   273  29.0  19.0 
   274  28.2  18.2 
   275  28.0  20.0 
   276  28.0  19.0 
   277  27.0  17.0 
   278  27.0  16.0 
   279  27.5  15.0 
   280  26.0   DNA 
   281  24.8   DNA 
   282  26.2   DNA 
   283  26.8  16.2 
   284  27.0  17.2 
   285  27.0  18.2 
   286  27.5  19.2 
   287  27.8  18.8 
   288  26.5  17.7 
   289  26.5  15.8 
   290  27.0  16.3 
   291  28.0  16.8 
   292  29.0  18.0 
   293  28.0  18.0 
   294  28.0  17.8 
   295  27.0  21.0 
   296  27.5  15.0 
   297  26.0  16.0 
   298  26.3  17.0 
   299  27.0  18.3 
   300  26.8  19.6 
   301  28.0  16.0 
   302  27.3  15.0 
   303  27.0  13.8 
   304  27.0  13.2 
   305  26.8  13.5 
   306  26.0  16.0 
   307  26.0  15.0 
   308  26.0  18.8 
   309  25.0  12.0 
   310  25.5  13.2 
   311  25.2  12.0 
   312  21.2  11.5 
   313  26.0  12.0 
   314  25.0  12.5 
   315  26.5  11.8 
   316  25.5  12.0 
   317  25.0  13.2 
   318  24.0  15.0 
   319  24.0  11.7 
   320  23.5  11.0 
   321  23.8  11.7 
   322  24.0  12.0 
   323  23.0  11.0 
   324  22.7   9.0 
   325  22.0   9.8 
   326  22.0   9.9 
   327  21.0   9.0 
   328  21.3   8.0 
   329  21.4   6.5 
   330  21.0   6.0 
   331  21.0   6.2 
   332  20.0   6.0 
   333  20.8   5.7 
   334  21.0   4.0 
   335  22.0   6.8 
   336  21.8   6.0 
   337  21.7   6.0 
   338  21.0   6.0 
   339  21.0   6.0 
   340  21.0   6.8 
   341  20.0   7.0 
   342  22.0   6.0 
   343  22.2   6.0 
   344  22.0   6.0 
   345  21.0   6.7 
   346  21.0   6.5 
   347  21.0   5.8 
   348  22.0   5.0 
   349  21.4   6.0 
   350  21.2   5.9 
   351  20.7   6.0 
   352  20.7   5.8 
   353  20.0   7.8 
   354  19.0   5.0 
   355  19.3   5.3 
   356  20.0   5.3 
   357  20.0   7.0 
   358  19.0   6.8 
   359  20.7   6.8 
   360  18.5   6.0 
   361  20.0   5.0 
   362  20.0   4.0 
   363  19.3   5.0 
   364  18.5   8.6 
   365  19.0   9.0 
