1976          Temperature for POKHARA AIRPORT         
        Tmax  Tmin
     1  18.4   7.0 
     2  19.5   7.0 
     3  19.3   7.0 
     4  19.2   7.1 
     5  19.2   7.8 
     6  18.2   8.8 
     7  18.8   9.9 
     8  20.0   4.8 
     9  19.8   5.4 
    10  19.6   6.2 
    11  19.4   6.4 
    12  19.3   6.1 
    13  20.2   5.9 
    14  19.6   6.0 
    15  19.6   7.0 
    16  19.7   6.8 
    17  18.6   8.0 
    18  13.0  10.0 
    19  17.3   7.0 
    20  18.3   5.0 
    21  18.8   3.8 
    22  19.0   5.0 
    23  18.5   5.7 
    24  18.0   6.2 
    25  20.2   7.6 
    26  19.9   7.2 
    27  20.3   7.7 
    28  21.8   7.9 
    29  21.0   8.8 
    30  20.2   8.8 
    31  20.2  10.0 
    32  21.8   8.9 
    33  21.8   8.6 
    34  19.3  11.9 
    35  17.3  11.2 
    36  15.3   9.8 
    37  17.3   5.0 
    38  20.3   7.0 
    39  21.3   6.9 
    40  22.0   8.6 
    41  21.3   8.0 
    42  21.2   9.0 
    43  21.2   8.9 
    44  21.3  12.0 
    45  21.0  10.7 
    46  21.1  12.8 
    47  17.2  13.0 
    48  22.1  11.3 
    49  25.0  10.0 
    50  25.8  11.8 
    51  25.5  10.0 
    52  25.8   9.8 
    53  23.5  10.2 
    54  24.4  10.7 
    55  25.0  10.0 
    56  24.6  13.6 
    57  24.6  11.8 
    58  24.0   9.2 
    59  23.9   8.0 
    60  23.0   8.0 
    61  20.2   8.0 
    62  22.0  10.0 
    63  24.9   8.9 
    64  24.4  11.0 
    65  25.0  13.0 
    66  26.4  11.0 
    67  26.8  10.6 
    68  26.8   9.3 
    69  27.4  11.0 
    70  26.8  11.0 
    71  27.4  10.9 
    72  27.7  13.0 
    73  26.4  10.0 
    74  25.4  11.4 
    75  26.8  10.0 
    76  26.0  12.0 
    77  28.8  12.4 
    78  29.4  12.3 
    79  30.3  12.9 
    80  30.3  16.0 
    81  29.7  12.8 
    82  28.3  12.0 
    83  30.0  10.0 
    84  29.4  13.0 
    85  30.0  13.6 
    86  31.2  13.2 
    87  30.2  14.5 
    88  31.5  17.5 
    89  31.2  13.9 
    90  31.3  16.0 
    91  28.2  15.5 
    92  27.5  14.0 
    93  30.2  11.7 
    94  29.2  12.2 
    95  30.2  11.9 
    96  30.9  13.3 
    97  31.2  16.0 
    98  29.4  13.0 
    99  32.2  14.1 
   100  31.0  15.2 
   101  32.5  14.5 
   102  34.0  15.9 
   103  32.8  15.4 
   104  33.2  16.0 
   105  31.0  18.0 
   106  30.3  15.9 
   107  32.3  12.0 
   108  32.3  15.8 
   109  33.4  14.1 
   110  33.0  17.0 
   111  31.6  19.6 
   112  27.6  18.0 
   113  28.6  17.5 
   114  30.7  20.3 
   115  30.9  20.0 
   116  30.5  18.3 
   117  29.7  18.6 
   118  28.8  17.0 
   119  28.3  18.9 
   120  28.8  16.8 
   121  29.7  17.2 
   122  31.1  16.3 
   123  30.8  17.2 
   124  30.7  18.4 
   125  30.9  17.8 
   126  30.6  16.7 
   127  29.9  17.0 
   128  29.5  17.2 
   129  28.0  13.0 
   130  28.6  17.8 
   131  27.2  18.0 
   132  27.2  17.9 
   133  24.9  17.4 
   134  27.2  18.3 
   135  23.5  17.0 
   136  27.2  17.3 
   137  28.0  16.2 
   138  28.2  18.9 
   139  28.4  18.0 
   140  28.0  17.8 
   141  27.8  18.8 
   142  29.1  18.8 
   143  28.2  18.5 
   144  27.2  17.3 
   145  29.5  18.4 
   146  30.0  20.4 
   147  29.8  20.0 
   148  31.5  21.4 
   149  31.7  20.0 
   150  31.9  20.0 
   151  31.9  20.4 
   152  31.0  20.8 
   153  30.0  22.0 
   154  30.0  21.0 
   155  30.4  21.1 
   156  26.6  20.2 
   157  28.1  21.0 
   158  28.3  19.0 
   159  30.7  21.1 
   160  30.3  21.1 
   161  29.0  21.0 
   162  28.3  20.3 
   163  26.3  21.6 
   164  29.4  21.0 
   165  27.1  19.9 
   166  26.0  20.0 
   167  27.0  18.8 
   168  26.3  20.0 
   169  27.0  19.0 
   170  28.0  18.6 
   171  29.3  19.2 
   172  30.3  21.0 
   173  30.8  21.3 
   174  31.0  21.6 
   175  31.5  22.4 
   176  29.2  22.4 
   177  30.7  21.0 
   178  29.0  22.0 
   179  26.0  21.6 
   180  28.8  21.5 
   181  26.2  22.0 
   182  26.0  21.0 
   183  27.2  21.0 
   184  29.0  22.0 
   185  29.2  21.0 
   186  29.0  20.0 
   187  29.9  21.2 
   188  30.3  22.0 
   189  31.1  22.2 
   190  30.0  21.0 
   191  30.0  21.6 
   192  27.4  21.6 
   193  28.9  21.0 
   194  29.2  21.0 
   195  29.0  21.6 
   196  29.9  20.9 
   197  27.2  21.0 
   198  27.4  21.0 
   199  29.0  20.4 
   200  28.8  22.0 
   201  28.4  21.0 
   202  27.0  22.2 
   203  30.8  21.0 
   204  28.0  23.0 
   205  28.9  22.3 
   206  29.0  22.0 
   207  26.7  21.0 
   208  29.2  22.0 
   209  29.6  24.0 
   210  30.6  22.0 
   211  31.0  23.0 
   212  29.4  23.0 
   213  29.8  21.0 
   214  30.2  21.0 
   215  30.4  23.2 
   216  30.2  23.0 
   217  27.3  21.0 
   218  27.8  21.6 
   219  29.2  22.0 
   220  28.8  22.0 
   221  31.1  22.0 
   222  31.0  22.4 
   223  28.8  22.0 
   224  25.0  21.5 
   225  29.1  21.1 
   226  30.0  21.0 
   227  29.9  21.1 
   228  27.6  21.4 
   229  26.3  21.0 
   230  27.8  21.0 
   231  28.4  21.1 
   232  29.4  20.9 
   233  28.1  21.0 
   234  28.1  21.0 
   235  27.6  20.9 
   236  22.6  20.9 
   237  28.1  21.0 
   238  29.3  21.0 
   239  29.5  21.0 
   240  30.2  21.6 
   241  30.0  22.0 
   242  29.4  21.6 
   243  29.9  21.0 
   244  28.0  21.0 
   245  28.3  20.2 
   246  28.9  20.4 
   247  29.8  21.0 
   248  29.1  21.0 
   249  26.3  22.6 
   250  28.3  21.0 
   251  29.0  19.6 
   252  28.1  20.8 
   253  27.0  21.6 
   254  29.7  20.2 
   255  30.0  21.0 
   256  25.0  21.0 
   257  22.9  20.0 
   258  23.9  19.0 
   259  27.2  21.0 
   260  27.6  21.2 
   261  28.6  21.0 
   262  28.4  19.2 
   263  28.9  20.0 
   264  29.2  21.0 
   265  28.0  21.4 
   266  28.9  20.5 
   267  28.8  18.0 
   268  28.0  17.2 
   269  29.0  20.0 
   270  28.8  19.0 
   271  23.2  18.0 
   272  27.2  19.0 
   273  27.6  20.0 
   274  27.8  19.2 
   275  27.0  16.0 
   276  27.4  18.0 
   277  27.0  18.0 
   278  26.8  17.0 
   279  27.1  17.0 
   280  26.7  17.0 
   281  24.8  18.0 
   282  26.0  17.0 
   283  26.5  16.4 
   284  26.9  17.4 
   285  26.9  17.0 
   286  26.0  17.0 
   287  25.5  15.0 
   288  25.7  16.0 
   289  26.1  16.0 
   290  26.0  15.2 
   291  25.8  18.0 
   292  26.4  17.0 
   293  27.0  15.0 
   294  26.4  13.3 
   295  25.4  15.0 
   296  26.0  16.0 
   297  26.0  15.8 
   298  25.5  14.0 
   299  25.0  13.8 
   300  25.0  14.4 
   301  25.0  13.0 
   302  26.4  13.0 
   303  26.4  13.9 
   304  25.5  14.8 
   305  26.0  15.0 
   306  26.0  13.4 
   307  26.0  14.0 
   308  25.8  14.0 
   309  25.2  15.0 
   310  25.1  14.0 
   311  25.0  14.0 
   312  25.0  15.0 
   313  24.8  17.0 
   314  24.8  14.6 
   315  24.8  16.0 
   316  24.6  15.0 
   317  24.0  14.0 
   318  24.4  14.0 
   319  24.0  14.0 
   320  23.5  15.0 
   321  23.6  13.0 
   322  22.6  13.0 
   323  23.0  14.0 
   324  23.0  12.0 
   325  21.6  14.0 
   326  20.2  14.9 
   327  23.3  15.0 
   328  23.4  14.3 
   329  21.8  16.0 
   330  22.0  15.8 
   331  22.7  12.8 
   332  22.8  13.4 
   333  22.4  13.9 
   334  21.8   9.3 
   335  20.8   9.2 
   336  20.8   9.0 
   337  21.0   9.9 
   338  21.0   9.9 
   339  21.0   9.2 
   340  21.1   9.0 
   341  21.3   8.8 
   342  20.8   7.8 
   343  20.1   8.6 
   344  21.0   8.8 
   345  20.3   9.0 
   346  20.0   7.9 
   347  19.0   7.6 
   348  20.8   7.6 
   349  20.6   6.2 
   350  19.4   6.9 
   351  20.0   7.4 
   352  18.8   6.2 
   353  19.8   6.3 
   354  19.2   6.0 
   355  20.8   6.8 
   356  19.8   5.4 
   357  21.2   6.6 
   358  21.8   6.2 
   359  20.3   7.0 
   360  18.7   7.8 
   361  20.2   9.5 
   362  20.8   8.0 
   363  20.2   8.0 
   364  18.8   6.8 
   365  19.0   7.9 
   366  18.0   9.0 
