1978          Temperature for POKHARA AIRPORT         
        Tmax  Tmin
     1  17.0   5.3 
     2  16.9  10.0 
     3  16.0   6.0 
     4  15.0   5.0 
     5  16.4   4.8 
     6  16.0   4.0 
     7  16.0   4.6 
     8  17.0   5.0 
     9  16.4   4.6 
    10  16.0   3.0 
    11  16.6   3.0 
    12  16.6   3.2 
    13  15.6   5.6 
    14  17.0   9.0 
    15  18.3   7.0 
    16  18.3   7.0 
    17  19.4   7.0 
    18  19.0   7.0 
    19  18.7   8.6 
    20  17.0   8.0 
    21  12.6   8.0 
    22  17.4   8.0 
    23  18.6   6.6 
    24  19.0   7.0 
    25  19.0   7.0 
    26  19.0   8.0 
    27  19.0   6.0 
    28  19.0   6.0 
    29  19.0   7.6 
    30  20.4   8.0 
    31  21.0   8.0 
    32  20.7   7.0 
    33  20.0   7.0 
    34  19.3   6.0 
    35  18.8   5.0 
    36  19.0   5.0 
    37  20.0   6.0 
    38  18.6   7.4 
    39  17.6   5.2 
    40  18.6   5.0 
    41  18.8   7.0 
    42  20.8   8.0 
    43  20.0   9.5 
    44  21.4  10.0 
    45  21.8   9.2 
    46  21.2  11.2 
    47  19.0  14.0 
    48  20.0  12.0 
    49  19.0   9.0 
    50  18.8   7.0 
    51  19.0   6.2 
    52  19.0   6.0 
    53  19.6   7.0 
    54  20.6   8.0 
    55  21.1   8.0 
    56  23.2  10.0 
    57  24.6  10.6 
    58  25.3  11.6 
    59  25.6  10.9 
    60  25.3  12.3 
    61  21.0  13.0 
    62  24.3   9.7 
    63  23.7  11.9 
    64  25.0  12.0 
    65  25.3  12.0 
    66  25.0  10.0 
    67  25.4  10.0 
    68  25.0  11.6 
    69  21.8  13.9 
    70  18.3  13.0 
    71  18.8   9.6 
    72  19.4   5.0 
    73  22.0   8.6 
    74  23.2  10.3 
    75  24.8  11.3 
    76  24.4  12.0 
    77  19.0  13.4 
    78  23.0  11.0 
    79  24.2  11.0 
    80  25.2  11.0 
    81  24.8  11.2 
    82  25.5   9.9 
    83  26.2  11.5 
    84  25.3  13.0 
    85  26.0  10.0 
    86  26.7  11.0 
    87  26.0  13.0 
    88  25.2  12.0 
    89  22.2  11.0 
    90  22.7   8.0 
    91  26.0  10.4 
    92  26.6  12.0 
    93  26.6  14.0 
    94  27.0  15.0 
    95  27.4  12.6 
    96  27.6  14.0 
    97  28.8  14.0 
    98  29.0  13.6 
    99  30.2  15.2 
   100  29.8  15.0 
   101  29.8  15.0 
   102  29.0  17.6 
   103  27.8  15.5 
   104  28.6  16.0 
   105  28.6  19.0 
   106  30.0  15.6 
   107  26.0  19.0 
   108  24.8  15.5 
   109  26.8  17.3 
   110  26.9  14.7 
   111  27.9  14.4 
   112  27.8  14.9 
   113  29.6  16.1 
   114  27.8  16.3 
   115  25.3  17.5 
   116  29.0  14.2 
   117  30.3  16.5 
   118  30.3  19.9 
   119  30.0  16.3 
   120  28.0  18.7 
   121  27.2  20.0 
   122  30.0  19.0 
   123  29.8  18.0 
   124  28.1  17.6 
   125  28.8  18.3 
   126  25.0  19.0 
   127  28.7  19.0 
   128  28.0  18.0 
   129  28.8  19.0 
   130  27.3  19.5 
   131  25.4  20.8 
   132  29.0  18.0 
   133  28.1  19.0 
   134  29.6  20.3 
   135  28.4  20.0 
   136  29.4  20.9 
   137  27.8  21.0 
   138  31.0  21.0 
   139  31.6  22.0 
   140  31.6  20.6 
   141  31.5  20.0 
   142  28.8  17.8 
   143  28.5  20.0 
   144  26.1  20.0 
   145  25.4  19.6 
   146  27.6  20.4 
   147  28.6  19.0 
   148  28.6  20.0 
   149  29.2  18.0 
   150  29.8  21.0 
   151  28.6  21.0 
   152  28.0  21.0 
   153  30.2  19.0 
   154  29.4  20.0 
   155  30.2  20.2 
   156  28.8  23.0 
   157  29.8  21.0 
   158  29.7  22.0 
   159  28.6  21.0 
   160  24.1  21.0 
   161  27.1  21.0 
   162  28.0  20.0 
   163  29.6  20.0 
   164  29.4  21.6 
   165  28.2  20.6 
   166  29.6  22.6 
   167  28.0  22.0 
   168  31.0  22.0 
   169  30.4  21.6 
   170  26.6  21.6 
   171  30.4  22.0 
   172  31.6  22.0 
   173  30.6  21.4 
   174  30.4  22.0 
   175  29.0  23.0 
   176  25.6  22.8 
   177  28.1  22.0 
   178  28.4  23.0 
   179  25.8  23.0 
   180  30.0  21.8 
   181  29.8  21.0 
   182  29.5  21.0 
   183  27.0  21.0 
   184  29.0  21.2 
   185  27.6  22.0 
   186  26.2  21.2 
   187  29.2  20.0 
   188  28.2  22.4 
   189  28.2  21.1 
   190  29.9  20.0 
   191  31.0  23.1 
   192  30.3  22.0 
   193  30.0  22.0 
   194  30.0  22.0 
   195  30.1  22.7 
   196  27.0  22.3 
   197  23.9  21.4 
   198  25.0  21.3 
   199  26.0  21.0 
   200  28.1  21.0 
   201  27.6  22.0 
   202  30.0  22.3 
   203  30.5  22.4 
   204  31.0  22.7 
   205  30.0  22.4 
   206  30.0  22.0 
   207  31.0  23.6 
   208  27.7  22.0 
   209  28.1  21.6 
   210  29.0  21.6 
   211  29.9  23.0 
   212  30.0  23.2 
   213  27.0  22.0 
   214  30.0  22.0 
   215  28.4  22.0 
   216  28.8  22.0 
   217  29.8  21.9 
   218  28.8  22.0 
   219  30.0  23.0 
   220  29.0  22.6 
   221  30.2  21.8 
   222  30.6  22.0 
   223  30.2  22.0 
   224  31.0  22.0 
   225  32.0  23.6 
   226  33.0  22.0 
   227  30.0  23.0 
   228  31.6  23.8 
   229  30.4  23.6 
   230  28.4  21.1 
   231  29.2  21.0 
   232  29.5  20.6 
   233  28.6  23.0 
   234  29.7  21.2 
   235  28.6  20.8 
   236  29.6  21.2 
   237  31.0  21.0 
   238  30.8  22.0 
   239  30.2  22.4 
   240  31.0  21.0 
   241  31.6  23.0 
   242  31.0  23.0 
   243  30.8  21.6 
   244  30.8  21.2 
   245  29.4  22.4 
   246  31.0  23.0 
   247  29.9  22.0 
   248  29.0  21.6 
   249  29.0  21.6 
   250  27.0  21.0 
   251  30.0  20.0 
   252  26.6  21.6 
   253  26.7  21.6 
   254  29.1  20.0 
   255  28.0  21.8 
   256  27.4  20.6 
   257  25.5  21.0 
   258  28.6  20.4 
   259  28.2   DNA 
   260  28.5  20.3 
   261  28.2  20.3 
   262  23.8  20.0 
   263  28.6  19.0 
   264  29.2  19.0 
   265  27.8  21.0 
   266  29.0  20.0 
   267  29.5  20.0 
   268  29.0  19.9 
   269  28.5  20.9 
   270  24.5  18.6 
   271  28.2  19.0 
   272  27.0  20.5 
   273  26.8  18.0 
   274  26.7  18.0 
   275  27.8  15.8 
   276  28.6  17.0 
   277  28.6  18.0 
   278  24.6  20.0 
   279  23.0  19.0 
   280  27.2  18.0 
   281  28.0  20.0 
   282  28.6  19.0 
   283  28.0  18.0 
   284  28.0  19.0 
   285  27.0  18.0 
   286  27.0  17.4 
   287  27.8  15.6 
   288  27.0  15.0 
   289  27.2  17.6 
   290  27.0  17.0 
   291  26.2  19.0 
   292  25.0  18.0 
   293  25.0  17.0 
   294  25.0  16.8 
   295  25.0  17.0 
   296  25.6  18.0 
   297  25.8  17.0 
   298  26.0  17.0 
   299  26.0  16.0 
   300  26.0  15.5 
   301  25.0  15.0 
   302  24.8  17.0 
   303  26.0  13.3 
   304  26.0  13.2 
   305  26.5  13.0 
   306  25.0  12.0 
   307  24.0  13.0 
   308  24.0  14.0 
   309  24.4  16.0 
   310  24.0  15.6 
   311  24.0  14.8 
   312  23.8  15.2 
   313  24.2  14.0 
   314  23.0  16.0 
   315  23.0  16.8 
   316  21.3  16.8 
   317  23.5  15.6 
   318  21.7  15.0 
   319  23.0  14.8 
   320  23.8  14.0 
   321  22.8  13.7 
   322  22.0  12.0 
   323  21.8  15.0 
   324  22.0  13.0 
   325  20.1  11.6 
   326  21.4  13.0 
   327  21.0  12.0 
   328  22.2  13.0 
   329  22.0  10.0 
   330  21.8  10.0 
   331  21.0   9.9 
   332  20.0   9.0 
   333  18.8   8.8 
   334  18.8  10.4 
   335  16.6   8.0 
   336  13.9  11.6 
   337  15.4  10.4 
   338  18.3   7.5 
   339  19.0   7.3 
   340  22.2   6.5 
   341  22.2   6.2 
   342  20.1   7.0 
   343  20.6   8.0 
   344  21.8   7.6 
   345  21.8   7.2 
   346  21.8   7.0 
   347  21.8   7.0 
   348  22.8   7.0 
   349  22.0   7.0 
   350  21.0   7.0 
   351  19.0   7.0 
   352  19.0   8.6 
   353  20.0   9.0 
   354  20.0   7.0 
   355  19.8   9.0 
   356  21.0   9.0 
   357  20.2   7.0 
   358  20.0   7.0 
   359  19.8   7.6 
   360  19.8   9.0 
   361  18.8  11.0 
   362  20.0   6.6 
   363  20.0   6.6 
   364  19.2   6.0 
   365  20.0   6.0 
