1993          Temperature for POKHARA AIRPORT         
        Tmax  Tmin
     1  20.1   7.0 
     2  19.6   7.6 
     3  19.7   6.9 
     4  20.1   8.0 
     5  17.6   9.5 
     6  13.5  11.0 
     7  15.7   9.5 
     8  14.5   9.4 
     9  18.2   6.6 
    10  18.4   6.7 
    11  16.8   8.6 
    12  18.3   8.5 
    13  17.9   9.5 
    14  16.4   6.7 
    15  17.2   7.3 
    16  19.4   8.0 
    17  19.6   5.9 
    18  19.5   7.9 
    19  20.5  10.2 
    20  16.7   8.9 
    21  17.6   5.0 
    22  18.5   6.0 
    23  19.1   7.9 
    24  19.0   8.0 
    25  19.0   8.6 
    26  19.0  10.6 
    27  20.6   7.5 
    28  22.4   8.2 
    29  22.2   8.8 
    30  23.0   8.4 
    31  21.2   7.5 
    32  21.9   4.6 
    33  22.0   6.5 
    34  22.2   6.5 
    35  22.8   8.3 
    36  22.5   6.4 
    37  24.2   8.5 
    38  24.8   9.0 
    39  23.5  11.4 
    40  22.6  14.8 
    41  25.0  14.7 
    42  24.0  13.4 
    43  24.0  15.5 
    44  24.1  13.5 
    45  24.4  12.4 
    46  23.0  12.8 
    47  24.0  15.0 
    48  26.3  10.9 
    49  25.5  10.5 
    50  23.0   8.0 
    51  22.5   6.5 
    52  20.2   5.9 
    53  19.8   5.0 
    54  20.0   5.5 
    55  21.0   9.4 
    56  22.2  11.0 
    57  22.2   9.5 
    58  22.5   9.5 
    59  23.1   9.5 
    60  18.8  11.5 
    61  23.4   6.8 
    62  24.3   8.3 
    63  26.1  10.6 
    64  26.2   9.5 
    65  25.6   9.5 
    66  25.6   9.5 
    67  26.6  10.5 
    68  25.7   9.5 
    69  28.1  11.3 
    70  28.0  11.0 
    71  26.6   9.5 
    72  28.1  10.5 
    73  28.7  13.5 
    74  26.6   9.9 
    75  27.5  11.0 
    76  27.0  11.0 
    77  25.6  10.6 
    78  24.9  10.0 
    79  24.5   9.6 
    80  20.0   9.6 
    81  25.0   9.0 
    82  21.3  13.1 
    83  20.5   9.5 
    84  23.6  13.4 
    85  19.1  11.6 
    86  22.7   8.0 
    87  25.0   8.7 
    88  26.0   9.2 
    89  26.7  10.0 
    90  27.3  11.4 
    91  29.5  12.9 
    92  29.1  13.2 
    93  29.2   9.7 
    94  30.1  11.9 
    95  30.0  12.0 
    96  30.5  12.5 
    97  31.5  14.0 
    98  32.5  14.0 
    99  26.7  13.5 
   100  29.2  12.0 
   101  28.5  14.6 
   102  23.0  10.5 
   103  23.4  15.0 
   104  24.5  14.5 
   105  26.2  16.5 
   106  28.4  12.2 
   107  29.1  14.4 
   108  29.1  10.0 
   109  29.0  13.5 
   110  28.5  17.0 
   111  29.0  16.0 
   112  29.5  18.0 
   113  28.0  16.5 
   114  28.5  16.5 
   115  28.3  15.5 
   116  28.7  16.5 
   117  30.5  19.5 
   118  30.4  18.8 
   119  29.0  17.1 
   120  30.1  20.2 
   121  29.3  18.8 
   122  28.5  21.3 
   123  29.7  21.6 
   124  31.8  21.0 
   125  32.2  20.0 
   126  29.5  19.0 
   127  28.5  18.0 
   128  28.5  20.5 
   129  28.4  18.5 
   130  28.0  16.5 
   131  26.5  18.5 
   132  29.1  15.0 
   133  30.1  15.1 
   134  28.6  15.4 
   135  28.6  18.0 
   136  27.9  18.6 
   137  28.8  18.0 
   138  28.0  16.0 
   139  28.0  18.0 
   140  27.5  17.5 
   141  28.9  15.0 
   142  30.1  17.6 
   143  31.2  22.2 
   144  31.1  20.5 
   145  30.5  17.5 
   146  31.9  20.5 
   147  23.6  18.8 
   148  25.7  18.0 
   149  29.2  18.9 
   150  29.8  19.0 
   151  31.0  21.5 
   152  31.6  22.0 
   153  30.1  18.5 
   154  29.6  19.5 
   155  30.0  21.0 
   156  30.4  20.0 
   157  30.6  21.0 
   158  29.0  19.8 
   159  30.0  21.4 
   160  27.8  20.0 
   161  30.5  20.5 
   162  31.0  20.5 
   163  31.0  20.2 
   164  30.5  22.5 
   165  30.8  21.8 
   166  33.4  21.0 
   167  31.1  20.0 
   168  29.8  22.0 
   169  30.2  22.5 
   170  31.0  21.0 
   171  30.7  20.0 
   172  31.7  20.0 
   173  31.8  21.5 
   174  29.0  21.5 
   175  32.5  23.0 
   176  27.1  21.0 
   177  30.5  22.5 
   178  26.6  22.5 
   179  31.1  22.0 
   180  31.2  23.0 
   181  30.8  22.5 
   182  30.5  22.5 
   183  30.1  22.0 
   184  30.5  21.6 
   185  30.8  21.2 
   186  30.1  21.5 
   187  31.6  22.4 
   188  30.8  22.3 
   189  31.0  22.0 
   190  32.0  22.5 
   191  30.5  21.5 
   192  31.0  23.0 
   193  32.0  24.5 
   194  31.6  23.0 
   195  31.8  22.5 
   196  31.9  23.0 
   197  29.3  22.2 
   198  30.4  22.5 
   199  30.3  22.0 
   200  28.6  22.8 
   201  30.5  23.0 
   202  31.7  23.8 
   203  28.2  22.6 
   204  30.6  21.5 
   205  30.2  22.5 
   206  33.0  23.0 
   207  32.0  22.0 
   208  29.8  22.8 
   209  26.6  22.0 
   210  27.1  20.6 
   211  30.5  22.8 
   212  30.1  21.8 
   213  28.5  22.0 
   214  32.0  21.9 
   215  31.1  22.8 
   216  31.8  23.0 
   217  31.0  21.7 
   218  30.6  22.5 
   219  29.1  23.0 
   220  28.9  22.0 
   221  24.8  22.5 
   222  27.0  22.2 
   223  30.6  22.0 
   224  30.5  23.0 
   225  31.6  22.5 
   226  29.4  22.5 
   227  29.5  22.5 
   228  30.8  21.7 
   229  31.1  22.0 
   230  29.5  22.5 
   231  26.0  21.0 
   232  29.8  22.0 
   233  29.5  22.4 
   234  30.8  21.4 
   235  29.7  22.8 
   236  30.4  21.8 
   237  26.5  21.2 
   238  29.5  21.0 
   239  30.1  21.5 
   240  28.0  22.0 
   241  28.5  21.6 
   242  25.1  22.0 
   243  29.5  20.2 
   244  26.6  19.3 
   245  29.3  20.5 
   246  29.6  21.2 
   247  26.7  21.5 
   248  25.6  20.6 
   249  20.7  18.5 
   250  29.5  19.0 
   251  27.6  21.4 
   252  30.3  21.5 
   253  31.6  22.0 
   254  30.0  21.9 
   255  30.2   DNA 
   256  29.6  19.5 
   257  29.2  20.0 
   258  24.5  21.0 
   259  29.1  21.0 
   260  29.5  20.5 
   261  30.2  20.0 
   262  30.5  21.0 
   263  31.2  21.0 
   264  28.5  21.0 
   265  29.2  21.0 
   266  28.6  20.5 
   267  23.5  20.0 
   268  22.6  19.5 
   269  26.3  19.5 
   270  28.6  19.5 
   271  28.2  20.0 
   272  28.0  20.8 
   273  29.3  20.5 
   274  29.3  20.0 
   275  28.6  20.0 
   276  28.4  17.3 
   277  28.6  20.2 
   278  27.0  20.4 
   279  28.0  18.0 
   280  28.0  19.5 
   281  28.6  20.3 
   282  28.6  21.0 
   283  28.6  20.0 
   284  28.2  18.5 
   285  28.8  18.5 
   286  27.8  19.0 
   287  27.3  17.0 
   288  28.0  19.5 
   289  27.4  19.2 
   290  26.8  18.0 
   291  26.5  19.2 
   292  26.5  18.3 
   293  26.2  17.0 
   294  26.4  16.5 
   295  25.8  15.6 
   296  25.1  14.5 
   297  25.1  14.0 
   298  24.8  14.0 
   299  25.5  14.5 
   300  25.2  15.5 
   301  25.1  14.0 
   302  25.0  13.8 
   303  25.0  12.3 
   304  26.7  12.5 
   305  25.6  12.5 
   306  25.5  12.5 
   307  25.6  13.6 
   308  25.2  16.5 
   309  24.2  15.9 
   310  24.0  14.6 
   311  23.2  13.5 
   312  23.6  13.0 
   313  24.1  14.0 
   314  24.7  13.0 
   315  24.4  14.0 
   316  24.5  13.3 
   317  23.3  14.5 
   318  23.5  13.5 
   319  24.2  13.5 
   320  23.6  16.0 
   321  23.2  15.8 
   322  22.5  15.5 
   323  22.3  13.6 
   324  21.9  11.5 
   325  22.5  11.9 
   326  23.0  10.6 
   327  23.0  10.8 
   328  23.4  10.9 
   329  22.0  14.0 
   330  23.0  10.3 
   331  23.3  10.8 
   332  24.0  12.2 
   333  22.6  10.9 
   334  24.0  12.5 
   335  22.8  11.0 
   336  22.5  10.0 
   337  22.3  10.5 
   338  22.5   9.5 
   339  22.5  10.0 
   340  22.4  11.3 
   341  22.8  11.8 
   342  22.5   9.2 
   343  21.9  11.0 
   344  23.4  12.0 
   345  22.5   8.5 
   346  21.5   9.0 
   347  21.2  10.0 
   348  20.6   8.5 
   349  20.2   9.0 
   350  20.0   7.5 
   351  21.2   7.0 
   352  21.8  10.0 
   353  21.0   8.4 
   354  20.5   8.0 
   355  20.2   8.0 
   356  20.0   7.4 
   357  20.0   7.2 
   358  21.7   6.9 
   359  21.6   6.9 
   360  21.4   6.4 
   361  20.3   7.0 
   362  17.1  10.0 
   363  21.7   8.0 
   364  21.6   7.0 
   365  21.3   7.4 
