1983          Temperature for POKHARA AIRPORT         
        Tmax  Tmin
     1  16.3   4.2 
     2  13.4   7.0 
     3  15.6   4.0 
     4  16.7   3.0 
     5  17.3   3.0 
     6  17.0   3.7 
     7  18.2   4.2 
     8  17.2   4.1 
     9  17.0   3.6 
    10  17.0   4.2 
    11  17.0   4.0 
    12  17.4   4.0 
    13  18.0   5.0 
    14  17.0   4.2 
    15  17.5   4.2 
    16  19.0   3.0 
    17  17.6   4.2 
    18  18.8   4.6 
    19  18.8   6.0 
    20  20.8   9.0 
    21  21.0   5.8 
    22  19.7   6.0 
    23  20.6   6.5 
    24  20.0   7.0 
    25  20.2   8.0 
    26  20.8   9.0 
    27  21.4   8.2 
    28  13.5  11.4 
    29  18.6   8.8 
    30  18.5   7.2 
    31  17.7   5.0 
    32  17.2   3.9 
    33  16.8   4.0 
    34  17.0   2.2 
    35  16.8   3.0 
    36  17.0   7.0 
    37  17.2   5.0 
    38  17.6   4.0 
    39  18.6   6.0 
    40  19.8   3.2 
    41  21.6   5.0 
    42  21.0   5.8 
    43  21.9   6.0 
    44  20.0  10.0 
    45  22.0  10.0 
    46  25.7   9.2 
    47  24.9   9.6 
    48  24.4   8.6 
    49  25.8  11.4 
    50  24.6   9.0 
    51  23.5   9.0 
    52  22.0   9.2 
    53  20.0   6.0 
    54  20.9   7.0 
    55  16.8   7.6 
    56  20.6   5.0 
    57  22.2   7.6 
    58  21.0   7.8 
    59  21.8   7.0 
    60  22.2  12.0 
    61  23.0  12.2 
    62  25.4  10.2 
    63  25.8   8.8 
    64  22.5  11.0 
    65  24.7   8.2 
    66  24.0   9.5 
    67  26.4  13.0 
    68  24.7  11.2 
    69  27.0  11.2 
    70  29.0  12.8 
    71  30.5  13.8 
    72  28.0  10.3 
    73  27.0  11.4 
    74  26.0  12.0 
    75  24.9   9.0 
    76  26.0  11.4 
    77  27.0  13.0 
    78  27.7  14.0 
    79  27.0  13.4 
    80  20.0  13.0 
    81  21.8   7.7 
    82  23.3   7.8 
    83  25.0   9.8 
    84  25.8  11.2 
    85  28.0  13.2 
    86  29.6  13.5 
    87  29.0  12.0 
    88  28.3  10.2 
    89  29.0   9.8 
    90  29.8  12.0 
    91  31.5  11.8 
    92  31.0  14.0 
    93  30.4  14.0 
    94  31.0  15.0 
    95  31.2  13.4 
    96  31.0  15.0 
    97  31.0  15.0 
    98  32.0  15.6 
    99  31.1  16.0 
   100  28.6  14.6 
   101  27.5  10.5 
   102  27.8   9.2 
   103  24.0  13.5 
   104  24.0  12.8 
   105  21.7  13.0 
   106  25.2  14.0 
   107  27.0  14.2 
   108  28.5  14.4 
   109  27.7   9.5 
   110  29.0  11.7 
   111  30.0  13.0 
   112  29.5  14.2 
   113  27.0  13.0 
   114  28.0  13.2 
   115  22.7  17.0 
   116  27.7  17.0 
   117  26.0  17.6 
   118  27.7  15.0 
   119  29.0  16.8 
   120  28.0  17.8 
   121  28.0  15.8 
   122  29.2  14.0 
   123  28.8  15.0 
   124  30.0  18.0 
   125  24.6  19.0 
   126  28.2  15.6 
   127  26.0  17.8 
   128  27.5  17.0 
   129  28.0  17.7 
   130  25.0  18.2 
   131  28.0  17.5 
   132  21.4  18.0 
   133  27.0  16.6 
   134  27.3  18.0 
   135  25.0  18.5 
   136  28.7  17.5 
   137  29.0  19.1 
   138  29.5  17.0 
   139  29.5  17.0 
   140  28.8  19.2 
   141  29.0  18.8 
   142  28.5  17.8 
   143  28.6  17.6 
   144  28.3  15.8 
   145  29.6  16.0 
   146  31.0  17.2 
   147  31.5  17.8 
   148  29.8  20.0 
   149  30.5  17.8 
   150  30.6  18.4 
   151  33.0  15.8 
   152  32.5  19.8 
   153  32.0  21.2 
   154  32.2  20.0 
   155  31.4  20.2 
   156  31.6  20.0 
   157  32.0  19.4 
   158  32.0  20.2 
   159  31.0  18.2 
   160  23.6  17.2 
   161  29.4  17.0 
   162  27.4  18.4 
   163  30.5  18.2 
   164  31.6  18.4 
   165  30.8  21.6 
   166  30.6  17.4 
   167  30.0  18.8 
   168  30.8  19.8 
   169  30.8  18.6 
   170  32.4  19.8 
   171  33.0  21.0 
   172  33.0  20.6 
   173  33.2  21.8 
   174  33.3  20.6 
   175  30.0  19.4 
   176  29.9  20.6 
   177  27.0  21.8 
   178  30.2  20.0 
   179  29.0  18.6 
   180  30.7  21.0 
   181  31.6  22.1 
   182  31.5  23.2 
   183  28.0  21.9 
   184  28.0  21.5 
   185  29.8  21.3 
   186  30.2  21.2 
   187  30.0  20.0 
   188  31.0  20.8 
   189  31.0  20.6 
   190  31.5  21.4 
   191  30.3  21.0 
   192  31.5  23.2 
   193  31.3  23.1 
   194  31.8  22.8 
   195  31.3  23.4 
   196  29.7  21.2 
   197  27.0  23.3 
   198  29.0  21.2 
   199  30.5  23.0 
   200  30.4  22.9 
   201  28.0  21.8 
   202  30.9  22.0 
   203  29.9  22.4 
   204  30.4  23.8 
   205  31.2  23.0 
   206  26.7  22.8 
   207  27.8  21.6 
   208  28.8  21.4 
   209  29.3  22.0 
   210  31.0  22.3 
   211  30.0  23.2 
   212  27.2  23.2 
   213  30.0  23.2 
   214  30.8  21.2 
   215  31.5  22.6 
   216  27.5  21.8 
   217  26.0  21.0 
   218  29.6  21.0 
   219  31.7  21.8 
   220   DNA  21.0 
   221  30.5  21.2 
   222  30.0  21.8 
   223  30.3  22.2 
   224  30.5  22.6 
   225  31.0  22.8 
   226  31.2  21.8 
   227  31.5  22.8 
   228  31.0  21.8 
   229  31.2  22.8 
   230  30.8  22.1 
   231  31.5  23.2 
   232  31.2  20.9 
   233  31.2  23.4 
   234  30.0  23.0 
   235  29.2  23.0 
   236  30.7  21.8 
   237  29.7  22.5 
   238  30.0  21.3 
   239  30.6  21.5 
   240  31.0  21.2 
   241  30.0  21.5 
   242  29.2  21.5 
   243  29.5  21.5 
   244  30.0  20.2 
   245  30.5  22.0 
   246  31.0  22.0 
   247  30.0  21.4 
   248  30.0  21.6 
   249  30.4  21.6 
   250  29.8  21.0 
   251  30.4  22.0 
   252  30.0  22.2 
   253  30.0  21.4 
   254  25.6  20.8 
   255  29.2  20.0 
   256  30.8  21.6 
   257  30.0  21.4 
   258  27.5  20.6 
   259  30.3  21.0 
   260  28.3  20.6 
   261  23.8  21.3 
   262  25.6  20.0 
   263  23.2  20.8 
   264  29.0  19.2 
   265  25.8  21.8 
   266  27.3  20.6 
   267  29.3  20.9 
   268  28.3  20.0 
   269  28.5  18.2 
   270  29.4  19.6 
   271  29.7  20.1 
   272  30.9  20.0 
   273  29.6  19.9 
   274  30.1  20.0 
   275  26.3  19.7 
   276  28.1  18.7 
   277  29.2  17.8 
   278  29.5  17.8 
   279  30.0  18.2 
   280  30.3  21.0 
   281  31.3  20.6 
   282  29.3  19.0 
   283  25.8  19.0 
   284  21.4  18.6 
   285  23.0  17.8 
   286  27.1  17.0 
   287  27.0  16.4 
   288  27.8  15.8 
   289  27.8  16.2 
   290  26.2  14.2 
   291  25.4  15.2 
   292  26.2  14.8 
   293  27.4  14.0 
   294  28.0  13.3 
   295  27.4  13.2 
   296  27.4  14.8 
   297  26.0  15.0 
   298  25.3  12.0 
   299  25.7  13.7 
   300  24.6  13.0 
   301  25.0  12.8 
   302  25.8  12.0 
   303  26.6  11.2 
   304  27.2  11.0 
   305  26.0  11.0 
   306  25.4  11.5 
   307  25.0  13.0 
   308  25.6  12.5 
   309  25.2  11.2 
   310  25.2  11.5 
   311  24.2  11.0 
   312  23.6  10.0 
   313  25.6   9.0 
   314  24.8   9.1 
   315  24.6  10.0 
   316  24.0  11.8 
   317  24.0  12.0 
   318  24.8  11.8 
   319  24.0  14.4 
   320  24.0  11.0 
   321  24.0  12.0 
   322  24.0  11.4 
   323  23.0  11.0 
   324  24.2  12.8 
   325  22.9  11.8 
   326  23.2  10.4 
   327  22.8   9.0 
   328  22.4   9.0 
   329  23.0   9.4 
   330  23.0   8.2 
   331  22.6   7.4 
   332  22.3   8.0 
   333  22.1   8.0 
   334  21.4   8.0 
   335  21.7   6.2 
   336  21.7   7.0 
   337  21.2   7.0 
   338  21.4   6.8 
   339  21.2   6.0 
   340  20.2   5.1 
   341  20.2   4.2 
   342  20.4   5.0 
   343  19.7   6.2 
   344  21.0   6.0 
   345  20.2   6.0 
   346  20.0   5.8 
   347  19.3   4.9 
   348  20.1   5.3 
   349  20.6   5.8 
   350  20.2   6.0 
   351  19.8   6.1 
   352  20.2   6.2 
   353  20.4   8.6 
   354  20.3   6.2 
   355  20.0   5.9 
   356  19.8   6.1 
   357  20.0   5.1 
   358  19.8   4.6 
   359  18.0   4.8 
   360  15.2   8.4 
   361  15.8   4.0 
   362  17.0   3.4 
   363  16.7   3.6 
   364  16.3   8.2 
   365  16.0   5.8 
