1994          Temperature for POKHARA AIRPORT         
        Tmax  Tmin
     1  21.0   7.8 
     2  17.3   7.0 
     3  18.8   6.2 
     4  20.5   5.8 
     5  20.2   7.0 
     6  20.1   6.4 
     7  20.0   6.8 
     8  20.6   8.3 
     9  20.4   6.8 
    10  17.8   7.8 
    11  19.0   8.0 
    12  21.0  10.5 
    13  23.1  11.3 
    14  23.0   9.4 
    15  16.1   8.6 
    16  14.6   6.2 
    17  16.6   3.8 
    18  17.1   4.6 
    19  19.1   5.2 
    20  20.5   5.4 
    21  20.5   5.9 
    22  20.6   5.5 
    23  20.0   6.0 
    24  20.1   6.9 
    25  21.4   9.6 
    26  21.7   8.4 
    27  22.2   9.6 
    28  22.5   9.5 
    29  20.5  10.2 
    30  20.7   9.2 
    31  20.0   7.0 
    32  18.5   9.2 
    33  20.3   7.0 
    34  19.4   8.2 
    35  19.5   7.9 
    36  20.3   8.0 
    37  22.6   8.0 
    38  23.5   7.7 
    39  17.2  11.3 
    40  18.5   9.2 
    41  19.4   5.5 
    42  19.7   7.0 
    43  17.5   7.0 
    44  19.8   7.0 
    45  20.3   7.5 
    46  20.0   6.9 
    47  22.2   6.8 
    48  21.5   6.7 
    49  22.5   8.6 
    50  23.1   8.0 
    51  23.2   8.8 
    52  21.7   9.5 
    53  20.5   7.5 
    54  20.0   4.6 
    55  21.0   7.5 
    56  21.6  10.0 
    57  22.0  11.0 
    58  22.1  11.5 
    59  22.7  10.0 
    60  23.6   9.5 
    61  22.2  10.2 
    62  22.6  11.5 
    63  24.1  11.2 
    64  26.0  12.0 
    65  26.5  12.2 
    66  26.3  11.4 
    67  25.8  10.9 
    68  26.8  10.6 
    69  26.2  12.6 
    70  26.0  12.5 
    71  26.0  15.0 
    72  24.5  17.0 
    73  25.1  16.7 
    74  26.2  15.5 
    75  27.0  16.0 
    76  29.5  14.8 
    77  28.5  16.5 
    78  28.3  19.5 
    79  28.3  20.0 
    80  30.1  15.4 
    81  31.1  15.0 
    82  29.0  13.0 
    83  28.0  14.6 
    84  26.7  14.5 
    85  26.6  12.5 
    86  25.4  11.5 
    87  25.5  14.4 
    88  20.6  15.4 
    89  20.0  15.8 
    90  26.6  17.2 
    91  29.2  15.2 
    92  27.5  13.6 
    93  26.9  13.0 
    94  26.2  16.3 
    95  26.7  15.0 
    96  29.8  15.5 
    97  30.0  19.1 
    98  30.6  16.0 
    99  29.6  14.2 
   100  30.1  17.5 
   101  30.1  14.0 
   102  29.0  14.4 
   103  30.2  13.8 
   104  31.3  14.3 
   105  29.6  15.4 
   106  25.0  17.3 
   107  29.2  13.8 
   108  29.6  14.5 
   109  30.0  15.0 
   110  29.5  14.2 
   111  28.1  11.5 
   112  26.2  13.5 
   113  27.0  12.0 
   114  29.4  14.5 
   115  30.5  14.6 
   116  31.1  15.3 
   117  30.5  15.5 
   118  31.0  14.0 
   119  30.5  16.8 
   120  30.4  15.4 
   121  31.5  16.5 
   122  32.6  20.0 
   123  34.6  20.3 
   124  36.0  21.4 
   125  34.8  21.0 
   126  33.6  17.0 
   127  32.7  15.2 
   128  32.5  16.6 
   129  28.4  19.5 
   130  29.1  14.5 
   131  29.7  15.5 
   132  31.6  17.3 
   133  32.5  18.2 
   134  33.6  19.9 
   135  33.0  18.2 
   136  31.4  16.0 
   137  27.2  17.5 
   138  26.8  17.5 
   139  28.6  18.8 
   140  27.5  18.8 
   141  31.5  20.5 
   142  28.1  20.0 
   143  29.8  21.0 
   144  28.8  19.6 
   145  29.8  20.2 
   146  30.1  18.6 
   147  31.0  21.5 
   148  31.0  22.0 
   149  31.2  19.5 
   150  30.3  20.8 
   151  30.6  19.5 
   152  30.7  21.0 
   153  31.7  20.6 
   154  30.8  19.6 
   155  31.5  19.2 
   156  30.8  18.5 
   157  29.3  18.0 
   158  31.0  19.2 
   159  31.3  23.8 
   160  32.2  24.0 
   161  26.8  20.5 
   162  28.9  22.2 
   163  30.2  22.5 
   164  30.8  20.5 
   165  30.7  21.5 
   166  31.0  22.2 
   167  31.4  22.3 
   168  31.5  21.2 
   169  30.0  23.0 
   170  28.5  22.5 
   171  28.5  23.5 
   172  25.3  22.5 
   173  31.0  21.5 
   174  28.5  22.8 
   175  29.2  22.0 
   176  30.6  21.9 
   177  28.4  20.6 
   178  30.9  20.8 
   179  30.5  20.9 
   180  30.2  21.2 
   181  30.5  22.5 
   182  29.7  21.3 
   183  28.4  22.6 
   184  30.6  22.0 
   185  30.4  21.7 
   186  30.5  22.0 
   187  28.5  21.8 
   188  30.6  23.0 
   189  30.1  20.4 
   190  29.3  23.0 
   191  31.2  22.3 
   192  30.3  22.9 
   193  31.8  21.4 
   194  31.2  21.8 
   195  32.5  24.0 
   196  31.8  20.2 
   197  32.7  23.2 
   198  32.0  22.0 
   199  30.7  23.0 
   200  27.5  21.2 
   201  31.6  21.5 
   202  30.5  21.0 
   203  29.7  23.0 
   204  30.2  22.1 
   205  30.8  23.5 
   206  30.6  22.8 
   207  29.7  23.0 
   208  30.5  22.3 
   209  30.0  23.8 
   210  29.0  22.5 
   211  31.6  22.3 
   212  31.5  22.0 
   213  32.5  24.0 
   214  31.0  22.0 
   215  30.6  22.5 
   216  31.1  24.2 
   217  30.5  23.5 
   218  29.6  22.4 
   219  31.5  22.8 
   220  30.7  23.0 
   221  29.8  22.0 
   222  31.2  23.0 
   223  30.2  21.0 
   224  29.8  22.5 
   225  30.0  22.0 
   226  26.9  21.9 
   227  28.8  22.8 
   228  31.1  22.7 
   229  31.6  21.0 
   230  29.4  22.4 
   231  30.7  22.5 
   232  30.8  23.0 
   233  29.6  22.0 
   234  29.1  22.8 
   235  30.4  21.8 
   236  29.8  21.5 
   237  30.8  21.6 
   238  29.0  22.0 
   239  30.2  21.5 
   240  30.8  20.8 
   241  30.6  21.7 
   242  31.8  23.0 
   243  31.4  22.0 
   244  30.4  19.3 
   245  31.2  21.4 
   246  30.6  21.0 
   247  29.7  22.0 
   248  30.7  22.8 
   249  29.0  23.5 
   250  30.6  22.5 
   251  31.2  22.6 
   252  29.5  21.6 
   253  24.5  21.8 
   254  30.5  21.0 
   255  27.5  22.0 
   256  25.5  21.6 
   257  22.5  21.5 
   258  20.6  19.0 
   259  29.5  19.0 
   260  30.3  21.3 
   261  29.2  21.6 
   262  23.5  21.4 
   263  28.5  20.2 
   264  30.0  21.8 
   265  29.6  21.7 
   266  30.0  21.0 
   267  30.0  22.0 
   268  29.7  21.6 
   269  29.2  22.2 
   270  28.8  22.0 
   271  29.0  21.5 
   272  29.0  21.2 
   273  29.2  21.4 
   274  28.8  20.2 
   275  28.6  19.6 
   276  28.4  20.4 
   277  27.7  18.5 
   278  27.8  17.0 
   279  27.8  16.5 
   280  27.6  17.6 
   281  27.1  18.0 
   282  27.5  17.0 
   283  27.5  19.0 
   284  28.3  19.0 
   285  28.5  19.5 
   286  27.8  18.3 
   287  25.1  17.0 
   288  27.7  12.5 
   289  26.7  12.5 
   290  26.6  12.4 
   291  27.0  13.0 
   292  27.0  12.8 
   293  26.6  13.5 
   294  26.8  13.4 
   295  26.5  13.0 
   296  26.7  12.8 
   297  26.3  12.5 
   298  26.0  12.5 
   299  26.0  14.0 
   300  25.4  15.0 
   301  26.0  14.5 
   302  26.0  14.6 
   303  25.7  14.2 
   304  23.0  15.0 
   305  26.0  14.4 
   306  25.3  13.0 
   307  26.1  11.8 
   308  26.0  10.5 
   309  26.1  11.4 
   310  25.1  11.9 
   311  25.8  11.4 
   312  26.2  12.0 
   313  26.5   7.0 
   314  26.7  11.0 
   315  26.1   6.0 
   316  25.6   9.5 
   317  24.7   9.2 
   318  23.7  10.0 
   319  23.5   6.8 
   320  24.0   9.5 
   321  24.0  10.0 
   322  23.6   9.5 
   323  23.5   8.5 
   324  23.5   9.3 
   325  24.0   7.4 
   326  23.7   7.0 
   327  22.7   5.0 
   328  23.1   7.0 
   329  22.5   5.2 
   330  22.4   9.0 
   331  21.7   4.4 
   332  21.5  10.4 
   333  22.1  12.5 
   334  16.1  12.2 
   335  19.0   9.9 
   336  20.5   8.5 
   337  20.7   8.2 
   338  22.0   6.1 
   339  22.7   8.6 
   340  22.5   8.0 
   341  22.2   7.8 
   342  21.4   7.9 
   343  21.5   6.5 
   344  22.0   7.0 
   345  21.0   7.0 
   346  20.0   7.0 
   347  19.7   9.5 
   348  19.5   5.2 
   349  21.1   8.0 
   350  20.1   5.8 
   351  20.0   6.5 
   352  20.6   7.2 
   353  20.1   6.6 
   354  20.7   6.2 
   355  20.8   3.0 
   356  20.8   4.9 
   357  21.2   4.5 
   358  20.1   5.5 
   359  20.1   5.0 
   360  21.1   3.8 
   361  21.1   4.5 
   362  20.4   3.2 
   363  20.1   5.0 
   364  20.1   5.0 
   365  18.8   7.0 
