      1    0.0
      2    0.0
      3    0.0
      4    0.0
      5    0.0
      6    0.0
      7    0.0
      8    T  
      9    0.0
     10    0.0
     11    0.0
     12    T  
     13    0.0
     14    0.0
     15    0.0
     16    0.0
     17    0.0
     18    0.0
     19    0.0
     20    0.0
     21   18.0
     22    0.0
     23    0.0
     24    0.0
     25    0.0
     26    3.0
     27    0.5
     28    8.0
     29    0.0
     30    0.0
     31    1.0
     32    0.0
     33    0.0
     34    0.0
     35    0.0
     36    0.0
     37    0.0
     38    0.0
     39    0.0
     40    0.0
     41    0.0
     42    0.0
     43    0.0
     44    0.0
     45    0.0
     46    0.0
     47    0.0
     48    0.0
     49    0.0
     50    2.0
     51    7.0
     52    0.0
     53   33.0
     54    5.0
     55    4.0
     56    0.0
     57    0.0
     58    0.0
     59    3.0
     60    1.5
     61    0.0
     62    0.0
     63   11.0
     64    0.0
     65    0.0
     66    0.0
     67    0.0
     68    0.0
     69    0.0
     70    0.0
     71    2.5
     72    0.0
     73    0.0
     74    0.0
     75    0.0
     76    0.0
     77    0.0
     78    0.0
     79    0.0
     80    0.0
     81    0.0
     82    1.5
     83    0.0
     84    0.0
     85    0.0
     86    0.0
     87    0.0
     88    0.0
     89    0.0
     90    0.0
     91    0.0
     92    0.0
     93    0.0
     94    0.0
     95    0.0
     96    0.0
     97    0.0
     98    0.1
     99    1.0
    100    0.0
    101    0.0
    102    0.0
    103   12.5
    104    0.0
    105   15.5
    106    0.0
    107   18.0
    108    0.0
    109    0.0
    110    0.0
    111    1.0
    112    0.0
    113    0.0
    114    0.0
    115    0.0
    116    0.0
    117    4.5
    118    1.0
    119    0.0
    120    0.0
    121    0.0
    122    0.0
    123    0.0
    124    0.0
    125    0.0
    126   29.0
    127    2.0
    128   13.0
    129    0.0
    130    0.0
    131    0.0
    132    0.0
    133    0.0
    134    0.0
    135    0.0
    136   20.0
    137   33.0
    138    1.5
    139    T  
    140    T  
    141    5.0
    142    1.0
    143    4.5
    144    1.0
    145    0.0
    146    0.0
    147   12.0
    148    3.0
    149    0.0
    150    0.0
    151    0.5
    152    0.0
    153   51.0
    154    8.0
    155   27.0
    156    0.0
    157    0.0
    158   12.0
    159    6.0
    160   22.0
    161    0.0
    162    9.0
    163    0.0
    164    T  
    165    0.0
    166    3.0
    167    8.0
    168  145.0
    169   64.0
    170    0.0
    171   52.0
    172   47.0
    173   36.0
    174    3.0
    175   76.0
    176    2.0
    177   25.0
    178   18.5
    179   51.0
    180   36.0
    181    0.0
    182   19.0
    183    7.0
    184    0.0
    185    5.0
    186   18.0
    187    4.0
    188    0.0
    189    0.0
    190   76.0
    191  105.0
    192    0.0
    193   67.0
    194   92.0
    195   19.0
    196   53.0
    197   74.0
    198  104.0
    199   11.0
    200  141.0
    201  105.0
    202   14.0
    203    0.0
    204   40.0
    205   20.0
    206  108.0
    207   71.0
    208   64.0
    209   21.0
    210   32.0
    211   69.0
    212   30.0
    213   51.0
    214   25.0
    215    5.0
    216   24.0
    217  105.0
    218   57.0
    219  190.0
    220   45.0
    221   23.0
    222   25.0
    223    0.0
    224    8.0
    225    0.5
    226    0.0
    227    0.0
    228    2.0
    229   56.0
    230    3.0
    231    0.0
    232   36.0
    233    0.0
    234    1.5
    235   16.0
    236   71.0
    237  104.0
    238    0.5
    239    4.0
    240    3.0
    241    2.0
    242   29.0
    243   15.0
    244    0.0
    245    1.5
    246   89.0
    247    2.5
    248    5.0
    249    6.5
    250    4.0
    251    0.0
    252   24.0
    253    0.0
    254    2.0
    255    6.0
    256    3.0
    257    2.0
    258    0.0
    259    0.0
    260    0.0
    261    1.0
    262   46.0
    263    0.0
    264    0.0
    265    0.0
    266   56.5
    267   84.0
    268   56.0
    269    0.0
    270    5.5
    271   31.0
    272    7.5
    273   41.0
    274    0.0
    275    5.0
    276    0.0
    277    T  
    278    0.0
    279    0.0
    280    8.0
    281    2.0
    282    0.0
    283    0.0
    284    0.0
    285    0.0
    286    0.2
    287   19.5
    288    2.0
    289    5.0
    290    0.0
    291    0.0
    292    0.0
    293    0.0
    294    0.0
    295    0.0
    296    0.0
    297    0.0
    298    0.4
    299    0.0
    300    0.0
    301    0.0
    302    2.0
    303    0.0
    304    0.0
    305    0.0
    306    0.0
    307    0.0
    308    0.0
    309    0.0
    310    0.0
    311    0.0
    312    0.0
    313    0.0
    314    0.0
    315    0.0
    316    0.0
    317    0.0
    318    0.0
    319    0.0
    320    0.0
    321    0.0
    322    0.0
    323    0.0
    324    0.0
    325    0.0
    326    0.0
    327    0.0
    328    0.0
    329    0.0
    330    0.0
    331    0.0
    332    0.0
    333    0.0
    334    0.0
    335    0.0
    336    0.0
    337    0.0
    338    0.0
    339    0.0
    340    0.0
    341    0.0
    342    0.0
    343    0.0
    344    0.0
    345    0.0
    346    0.0
    347    0.0
    348    0.0
    349    0.0
    350    0.0
    351    0.0
    352    0.0
    353    0.0
    354    0.0
    355    0.0
    356    0.0
    357    0.0
    358    0.0
    359    0.0
    360    0.0
    361    0.0
    362    0.0
    363    0.0
    364    0.0
    365    0.0
