  2007   1   1     0  23.2   4.5   0.0     0     0
  2007   1   2     0  11.6   7.4   0.0     0     0
  2007   1   3     0  12.8   8.8   0.0     0     0
  2007   1   4     0  12.2   5.2   0.0     0     0
  2007   1   5     0  16.7   4.7   0.0     0     0
  2007   1   6     0  22.0   0.7   0.0     0     0
  2007   1   7     0  22.5   1.7   0.0     0     0
  2007   1   8     0  20.5   2.0   0.0     0     0
  2007   1   9     0  22.2   3.5   0.0     0     0
  2007   1  10     0  24.5   3.8   0.0     0     0
  2007   1  11     0  23.2   4.0   0.0     0     0
  2007   1  12     0  21.7   5.0   0.0     0     0
  2007   1  13     0  22.0   2.9   0.0     0     0
  2007   1  14     0  20.5   2.8   0.0     0     0
  2007   1  15     0  20.5   5.2   0.0     0     0
  2007   1  16     0  20.0   4.4   0.0     0     0
  2007   1  17     0  20.6   4.8   0.0     0     0
  2007   1  18     0  20.2   5.0   0.0     0     0
  2007   1  19     0  22.0   5.2   0.0     0     0
  2007   1  20     0  23.6   4.0   0.0     0     0
  2007   1  21     0  23.7   5.0   0.0     0     0
  2007   1  22     0  20.2   3.0   0.0     0     0
  2007   1  23     0  21.3   6.0   0.0     0     0
  2007   1  24     0  24.0   5.0   0.0     0     0
  2007   1  25     0  24.2   5.8   0.0     0     0
  2007   1  26     0  25.5   6.5   0.0     0     0
  2007   1  27     0  26.6   7.2   0.0     0     0
  2007   1  28     0  24.9   9.5   0.0     0     0
  2007   1  29     0  27.0   8.5   0.0     0     0
  2007   1  30     0  24.7  12.5   0.0     0     0
  2007   1  31     0  27.5   9.0   0.3     0     0
  2007   2   1     0  22.5   8.4   0.0     0     0
  2007   2   2     0  26.0   9.8   0.0     0     0
  2007   2   3     0  25.0  10.6   0.0     0     0
  2007   2   4     0  26.0  10.5   0.0     0     0
  2007   2   5     0  24.5   8.4   0.0     0     0
  2007   2   6     0  22.2  11.5   0.0     0     0
  2007   2   7     0  20.6  14.5   1.8     0     0
  2007   2   8     0  24.0  11.5  10.2     0     0
  2007   2   9     0  24.0  11.0   0.0     0     0
  2007   2  10     0  20.6  12.5   0.0     0     0
  2007   2  11     0  18.2  14.2  24.0     0     0
  2007   2  12     0  22.5   9.5  20.8     0     0
  2007   2  13     0  22.4  11.0  12.6     0     0
  2007   2  14     0  20.7  10.0  45.2     0     0
  2007   2  15     0  21.8   7.0  15.0     0     0
  2007   2  16     0  22.8   8.0   0.0     0     0
  2007   2  17     0  23.8   7.5   0.0     0     0
  2007   2  18     0  24.0   6.8   0.0     0     0
  2007   2  19     0  26.4   8.3   0.0     0     0
  2007   2  20     0  26.4   8.7   0.0     0     0
  2007   2  21     0  24.8   8.5   0.0     0     0
  2007   2  22     0  28.4  11.0   0.0     0     0
  2007   2  23     0  28.7   9.4   0.0     0     0
  2007   2  24     0  28.9   8.2   0.0     0     0
  2007   2  25     0  27.2  12.0   0.0     0     0
  2007   2  26     0  25.3  10.2     T     0     0
  2007   2  27     0  26.7  11.2   0.0     0     0
  2007   2  28     0  25.0  14.2   0.4     0     0
  2007   3   1     0  23.2  14.0  24.1     0     0
  2007   3   2     0  24.9  10.5  10.0     0     0
  2007   3   3     0  25.9   9.5   0.0     0     0
  2007   3   4     0  27.3  11.7   0.0     0     0
  2007   3   5     0  27.7  10.9   0.0     0     0
  2007   3   6     0  25.0  10.2   0.0     0     0
  2007   3   7     0  26.3   9.7   0.0     0     0
  2007   3   8     0  26.2  10.6   0.0     0     0
  2007   3   9     0  26.3  11.6   0.0     0     0
  2007   3  10     0  28.4  12.2   0.0     0     0
  2007   3  11     0  30.2  11.8   0.0     0     0
  2007   3  12     0  20.3  15.9   2.6     0     0
  2007   3  13     0  27.2  14.6  20.8     0     0
  2007   3  14     0  24.7  14.7  24.1     0     0
  2007   3  15     0  26.4   9.7   3.0     0     0
  2007   3  16     0  25.6   9.4   0.0     0     0
  2007   3  17     0  26.6  10.9   0.0     0     0
  2007   3  18     0  28.7  14.0   0.0     0     0
  2007   3  19     0  29.2  15.5   0.0     0     0
  2007   3  20     0  32.0  18.4   0.0     0     0
  2007   3  21     0  32.8  17.0   0.1     0     0
  2007   3  22     0  34.5  17.9   0.6     0     0
  2007   3  23     0  32.2  14.8   0.0     0     0
  2007   3  24     0  30.8  15.5   0.0     0     0
  2007   3  25     0  30.5  14.0   0.0     0     0
  2007   3  26     0  30.6  13.0   0.0     0     0
  2007   3  27     0  31.5  14.0   0.0     0     0
  2007   3  28     0  33.3  16.5   0.0     0     0
  2007   3  29     0  34.5  18.2   0.0     0     0
  2007   3  30     0  35.3  19.0   0.0     0     0
  2007   3  31     0  36.7  20.2   0.0     0     0
  2007   4   1     0  38.3  19.5   0.0     0     0
  2007   4   2     0  37.4  16.0   0.0     0     0
  2007   4   3     0  34.4  14.5   0.0     0     0
  2007   4   4     0  33.6  14.8   0.0     0     0
  2007   4   5     0  34.5  16.2   0.0     0     0
  2007   4   6     0  35.7  16.6   0.0     0     0
  2007   4   7     0  34.9  15.5   0.0     0     0
  2007   4   8     0  36.5  15.5   0.0     0     0
  2007   4   9     0  36.2  17.0   0.0     0     0
  2007   4  10     0  35.7  16.0   0.0     0     0
  2007   4  11     0  35.7  17.5   0.0     0     0
  2007   4  12     0  34.5  21.5   0.0     0     0
  2007   4  13     0  33.6  23.8   0.0     0     0
  2007   4  14     0  33.5  22.4   0.0     0     0
  2007   4  15     0  35.3  22.5   0.0     0     0
  2007   4  16     0  36.2  24.4   0.0     0     0
  2007   4  17     0  37.4  21.0   0.0     0     0
  2007   4  18     0  32.0  19.0  10.6     0     0
  2007   4  19     0  36.2  19.6   0.0     0     0
  2007   4  20     0  37.0  20.5   0.0     0     0
  2007   4  21     0  38.0  20.5   0.0     0     0
  2007   4  22     0  37.8  18.5   0.0     0     0
  2007   4  23     0  38.4  19.0   0.0     0     0
  2007   4  24     0  38.5  19.8   0.0     0     0
  2007   4  25     0  38.0  19.0   0.0     0     0
  2007   4  26     0  37.0  21.5   0.0     0     0
  2007   4  27     0  37.3  21.0   0.0     0     0
  2007   4  28     0  36.7  22.0   0.0     0     0
  2007   4  29     0  37.5  22.2   0.0     0     0
  2007   4  30     0  36.4  21.7   0.0     0     0
  2007   5   1     0  36.0  22.0   2.2     0     0
  2007   5   2     0  37.0  24.4     T     0     0
  2007   5   3     0  38.2  21.7   0.0     0     0
  2007   5   4     0  34.4  21.0   0.0     0     0
  2007   5   5     0  36.2  20.7  50.0     0     0
  2007   5   6     0  36.3  22.6   0.0     0     0
  2007   5   7     0  35.0  22.4   0.0     0     0
  2007   5   8     0  35.6  23.0   0.0     0     0
  2007   5   9     0  33.0  20.5   0.0     0     0
  2007   5  10     0  35.2  20.2  15.0     0     0
  2007   5  11     0  35.4  22.0   0.0     0     0
  2007   5  12     0  34.0  19.8     T     0     0
  2007   5  13     0  35.7  22.0   0.0     0     0
  2007   5  14     0  36.2  21.7   0.0     0     0
  2007   5  15     0  36.4  23.5   0.0     0     0
  2007   5  16     0  34.8  28.0   0.0     0     0
  2007   5  17     0  34.7  22.0   5.0     0     0
  2007   5  18     0  32.1  21.5  39.4     0     0
  2007   5  19     0  35.5  24.6  16.4     0     0
  2007   5  20     0  36.0  25.8   0.0     0     0
  2007   5  21     0  37.5  25.5   0.0     0     0
  2007   5  22     0  37.7  22.0   0.0     0     0
  2007   5  23     0  39.2  22.0   0.0     0     0
  2007   5  24     0  39.6  21.5   0.0     0     0
  2007   5  25     0  39.5  20.0   0.0     0     0
  2007   5  26     0  38.7  24.4   0.0     0     0
  2007   5  27     0  36.7  21.8   1.6     0     0
  2007   5  28     0  38.5  19.5   0.0     0     0
  2007   5  29     0  38.5  20.5   0.0     0     0
  2007   5  30     0  39.2  21.0   0.0     0     0
  2007   5  31     0  40.2  21.4   0.0     0     0
  2007   6   1     0  40.4  21.4   0.0     0     0
  2007   6   2     0  41.2  21.7   0.0     0     0
  2007   6   3     0  41.4  23.7   0.0     0     0
  2007   6   4     0  38.8  24.4   0.0     0     0
  2007   6   5     0  39.3  26.0   0.0     0     0
  2007   6   6     0  38.5  26.1   0.0     0     0
  2007   6   7     0  39.3  28.8   0.0     0     0
  2007   6   8     0  39.0  28.6   0.0     0     0
  2007   6   9     0  39.5  29.0   0.0     0     0
  2007   6  10     0  35.0  27.2   0.0     0     0
  2007   6  11     0  33.3  24.5  23.6     0     0
  2007   6  12     0  30.7  24.4  32.0     0     0
  2007   6  13     0  31.2  25.4  48.4     0     0
  2007   6  14     0  27.7  24.2  75.6     0     0
  2007   6  15     0  31.2  24.8   5.6     0     0
  2007   6  16     0  32.2  24.6   6.0     0     0
  2007   6  17     0  34.2  25.0   0.0     0     0
  2007   6  18     0  35.2  25.5     T     0     0
  2007   6  19     0  36.7  24.3   0.0     0     0
  2007   6  20     0  33.0  22.0   0.0     0     0
  2007   6  21     0  33.0  25.5  42.2     0     0
  2007   6  22     0  36.8  24.6   0.4     0     0
  2007   6  23     0  36.3  26.2   1.6     0     0
  2007   6  24     0  36.6  27.7   0.0     0     0
  2007   6  25     0  34.7  25.2   4.8     0     0
  2007   6  26     0  34.3  24.6   5.2     0     0
  2007   6  27     0  34.7  23.0  22.3     0     0
  2007   6  28     0  34.2  24.2  91.0     0     0
  2007   6  29     0  35.4  26.2     T     0     0
  2007   6  30     0  35.5  27.6   0.0     0     0
  2007   7   1     0  35.5  27.7   0.0     0     0
  2007   7   2     0  32.5  25.0  35.2     0     0
  2007   7   3     0  33.5  26.0   9.4     0     0
  2007   7   4     0  35.2  26.5   0.2     0     0
  2007   7   5     0  36.0  27.0   0.0     0     0
  2007   7   6     0  35.5  26.7  24.0     0     0
  2007   7   7     0  33.6  27.5   0.0     0     0
  2007   7   8     0  35.2  27.8   1.0     0     0
  2007   7   9     0  34.3  27.2   0.0     0     0
  2007   7  10     0  36.2  26.7   0.0     0     0
  2007   7  11     0  36.3  26.7   0.2     0     0
  2007   7  12     0  31.9  24.7 110.2     0     0
  2007   7  13     0  30.7  24.8 175.4     0     0
  2007   7  14     0  34.0  25.8   2.0     0     0
  2007   7  15     0  34.8  25.3   0.0     0     0
  2007   7  16     0  35.0  26.2   0.0     0     0
  2007   7  17     0  34.8  26.0     T     0     0
  2007   7  18     0  34.8  26.0     T     0     0
  2007   7  19     0  35.5  26.0   0.2     0     0
  2007   7  20     0  35.4  26.5   0.0     0     0
  2007   7  21     0  28.6  25.5   4.4     0     0
  2007   7  22     0  29.6  24.5  68.4     0     0
  2007   7  23     0  25.8  23.2  83.6     0     0
  2007   7  24     0  29.5  24.4  37.0     0     0
  2007   7  25     0  27.8  25.2   0.8     0     0
  2007   7  26     0  26.0  24.2  50.2     0     0
  2007   7  27     0  27.2  24.4  26.7     0     0
  2007   7  28     0  29.4  24.2  36.2     0     0
  2007   7  29     0  33.0  24.0   2.6     0     0
  2007   7  30     0  30.2  24.4  28.0     0     0
  2007   7  31     0  29.2  24.0  29.8     0     0
  2007   8   1     0  27.9  23.8  68.8     0     0
  2007   8   2     0  30.0  24.5   4.6     0     0
  2007   8   3     0  32.9  25.0  28.3     0     0
  2007   8   4     0  33.7  24.4  19.6     0     0
  2007   8   5     0  35.4  26.0   0.0     0     0
  2007   8   6     0  37.0  27.3   0.0     0     0
  2007   8   7     0  36.0  27.0   0.0     0     0
  2007   8   8     0  34.6  25.0  31.4     0     0
  2007   8   9     0  35.2  26.9     T     0     0
  2007   8  10     0  35.8  27.5   0.0     0     0
  2007   8  11     0  36.5  27.7   0.0     0     0
  2007   8  12     0  27.4  24.8  63.3     0     0
  2007   8  13     0  27.6  24.8 150.8     0     0
  2007   8  14     0  30.7  24.5 105.8     0     0
  2007   8  15     0  31.0  24.3  83.6     0     0
  2007   8  16     0  33.7  25.3  37.2     0     0
  2007   8  17     0  34.2  23.7   5.8     0     0
  2007   8  18     0  28.2  23.6  18.2     0     0
  2007   8  19     0  33.6  24.7   1.0     0     0
  2007   8  20     0  33.4  24.5   9.2     0     0
  2007   8  21     0  34.3  25.5     T     0     0
  2007   8  22     0  34.4  25.0   0.0     0     0
  2007   8  23     0  34.2  25.2   0.0     0     0
  2007   8  24     0  33.2  26.0   0.0     0     0
  2007   8  25     0  33.5  25.4     T     0     0
  2007   8  26     0  30.6  24.8   5.6     0     0
  2007   8  27     0  33.2  24.5   1.8     0     0
  2007   8  28     0  31.9  24.4  29.1     0     0
  2007   8  29     0  33.7  24.7  57.6     0     0
  2007   8  30     0  31.8  24.6  64.2     0     0
  2007   8  31     0  29.0  25.3   1.0     0     0
  2007   9   1     0  33.2  25.0  17.0     0     0
  2007   9   2     0  34.5  25.0     T     0     0
  2007   9   3     0  34.3  25.5   0.2     0     0
  2007   9   4     0  31.2  24.0  51.9     0     0
  2007   9   5     0  32.2  24.8  24.4     0     0
  2007   9   6     0  32.0  23.8  67.6     0     0
  2007   9   7     0  33.0  23.4  72.8     0     0
  2007   9   8     0  34.2  24.8   0.0     0     0
  2007   9   9     0  34.5  24.8   0.0     0     0
  2007   9  10     0  34.0  25.4   0.0     0     0
  2007   9  11     0  34.2  24.8  13.6     0     0
  2007   9  12     0  33.0  24.8   0.0     0     0
  2007   9  13     0  34.3  23.8   0.0     0     0
  2007   9  14     0  34.0  23.3   0.0     0     0
  2007   9  15     0  34.2  23.0   0.0     0     0
  2007   9  16     0  34.5  23.2   0.0     0     0
  2007   9  17     0  34.5  23.5   0.0     0     0
  2007   9  18     0  34.8  24.6   0.0     0     0
  2007   9  19     0  34.0  23.2   6.7     0     0
  2007   9  20     0  35.3  24.7   0.0     0     0
  2007   9  21     0  36.2  25.0   0.0     0     0
  2007   9  22     0  35.2  24.5   0.0     0     0
  2007   9  23     0  33.7  22.0   0.0     0     0
  2007   9  24     0  30.0  23.4   0.0     0     0
  2007   9  25     0  28.0  24.8     T     0     0
  2007   9  26     0  24.0  21.5  30.4     0     0
  2007   9  27     0  27.6  21.6  34.0     0     0
  2007   9  28     0  29.0  22.0  38.0     0     0
  2007   9  29     0  30.0  22.6  15.6     0     0
  2007   9  30     0  32.2  22.3   0.0     0     0
  2007  10   1     0  33.6  22.0   0.0     0     0
  2007  10   2     0  33.7  22.4   0.0     0     0
  2007  10   3     0  33.7  22.0   0.0     0     0
  2007  10   4     0  33.5  21.0   0.0     0     0
  2007  10   5     0  33.2  22.2     T     0     0
  2007  10   6     0  34.7  22.0     T     0     0
  2007  10   7     0  31.7  17.8   0.0     0     0
  2007  10   8     0  32.7  18.4   0.0     0     0
  2007  10   9     0  33.2  20.2   0.0     0     0
  2007  10  10     0  33.9  20.0   0.0     0     0
  2007  10  11     0  32.5  20.2   0.0     0     0
  2007  10  12     0  32.5  18.8   0.0     0     0
  2007  10  13     0  32.2  19.3   0.0     0     0
  2007  10  14     0  33.0  20.2   0.0     0     0
  2007  10  15     0  32.0  20.6   0.0     0     0
  2007  10  16     0  30.6  20.4   1.6     0     0
  2007  10  17     0  31.4  20.4   0.0     0     0
  2007  10  18     0  31.3  19.0   0.0     0     0
  2007  10  19     0  31.2  18.0   0.0     0     0
  2007  10  20     0  31.2  17.3   0.0     0     0
  2007  10  21     0  30.7  17.2   0.0     0     0
  2007  10  22     0  30.5  15.8   0.0     0     0
  2007  10  23     0  30.6  14.5   0.0     0     0
  2007  10  24     0  30.0  15.9   0.0     0     0
  2007  10  25     0  30.6  16.9   0.0     0     0
  2007  10  26     0  31.0  16.5   0.0     0     0
  2007  10  27     0  30.5  17.5   0.0     0     0
  2007  10  28     0  30.0  17.0   0.0     0     0
  2007  10  29     0  30.5  18.0   0.0     0     0
  2007  10  30     0  30.2  17.8   0.0     0     0
  2007  10  31     0  30.4  17.0   0.0     0     0
  2007  11   1     0  30.2  15.0   0.0     0     0
  2007  11   2     0  30.0  15.4   0.0     0     0
  2007  11   3     0  29.7  14.8   0.0     0     0
  2007  11   4     0  30.0  15.0   0.0     0     0
  2007  11   5     0  30.0  15.5   0.0     0     0
  2007  11   6     0  28.6  15.7   0.0     0     0
  2007  11   7     0  28.8  16.5   0.0     0     0
  2007  11   8     0  28.5  16.0   0.0     0     0
  2007  11   9     0  29.0  15.0   0.0     0     0
  2007  11  10     0  28.3  13.5   0.0     0     0
  2007  11  11     0  28.0  12.4   0.0     0     0
  2007  11  12     0  28.0  12.2   0.0     0     0
  2007  11  13     0  27.5  13.0   0.0     0     0
  2007  11  14     0  28.0  12.5   0.0     0     0
  2007  11  15     0  29.5  11.0   0.0     0     0
  2007  11  16     0  28.6  10.8   0.0     0     0
  2007  11  17     0  27.8  11.1   0.0     0     0
  2007  11  18     0  27.5  12.0   0.0     0     0
  2007  11  19     0  27.6  11.0   0.0     0     0
  2007  11  20     0  28.5  10.5   0.0     0     0
  2007  11  21     0  28.1  10.0   0.0     0     0
  2007  11  22     0  27.8  10.8   0.0     0     0
  2007  11  23     0  28.2  11.0   0.0     0     0
  2007  11  24     0  28.0  10.5   0.0     0     0
  2007  11  25     0  27.6  10.8   0.0     0     0
  2007  11  26     0  27.5  11.0   0.0     0     0
  2007  11  27     0  26.5  10.7   0.0     0     0
  2007  11  28     0  24.8  11.5   0.0     0     0
  2007  11  29     0  24.5  12.2   0.0     0     0
  2007  11  30     0  26.5  11.0   0.0     0     0
  2007  12   1     0  26.5   9.6   0.0     0     0
  2007  12   2     0  24.3  10.5   0.0     0     0
  2007  12   3     0  24.0   9.8   0.0     0     0
  2007  12   4     0  24.7   9.0   0.0     0     0
  2007  12   5     0  24.5   8.0   0.0     0     0
  2007  12   6     0  24.2   9.0   0.0     0     0
  2007  12   7     0  22.7   9.0   0.0     0     0
  2007  12   8     0  24.5   8.4   0.0     0     0
  2007  12   9     0  21.0   7.5   0.0     0     0
  2007  12  10     0  23.5  11.8   0.0     0     0
  2007  12  11     0  21.2  12.4   0.0     0     0
  2007  12  12     0  24.8  11.0   0.0     0     0
  2007  12  13     0  25.0  13.2   1.2     0     0
  2007  12  14     0  25.5   9.0   0.0     0     0
  2007  12  15     0  21.7   9.7   0.0     0     0
  2007  12  16     0  21.7   7.0   0.0     0     0
  2007  12  17     0  22.5   5.5   0.0     0     0
  2007  12  18     0  23.6   5.2   0.0     0     0
  2007  12  19     0  23.3   5.5   0.0     0     0
  2007  12  20     0  24.0   5.2   0.0     0     0
  2007  12  21     0  22.5   5.0   0.0     0     0
  2007  12  22     0  20.7   5.6   0.0     0     0
  2007  12  23     0  24.0   7.7   0.0     0     0
  2007  12  24     0  24.5   8.6   0.0     0     0
  2007  12  25     0  24.0   7.0   0.0     0     0
  2007  12  26     0  23.2   6.3   0.0     0     0
  2007  12  27     0  24.5   6.2   0.0     0     0
  2007  12  28     0  21.6   6.0   0.0     0     0
  2007  12  29     0  23.0   5.5   0.0     0     0
  2007  12  30     0  23.5   5.4   0.0     0     0
  2007  12  31     0  22.2   4.6   0.0     0     0
