  1981   1   1     0   DNA   DNA   DNA     0     0
  1981   1   2     0   DNA   DNA   DNA     0     0
  1981   1   3     0   DNA   DNA   DNA     0     0
  1981   1   4     0   DNA   DNA   DNA     0     0
  1981   1   5     0   DNA   DNA   DNA     0     0
  1981   1   6     0   DNA   DNA   DNA     0     0
  1981   1   7     0   DNA   DNA   DNA     0     0
  1981   1   8     0   DNA   DNA   DNA     0     0
  1981   1   9     0   DNA   DNA   DNA     0     0
  1981   1  10     0   DNA   DNA   DNA     0     0
  1981   1  11     0   DNA   DNA   DNA     0     0
  1981   1  12     0   DNA   DNA   DNA     0     0
  1981   1  13     0   DNA   DNA   DNA     0     0
  1981   1  14     0   DNA   DNA   DNA     0     0
  1981   1  15     0   DNA   DNA   DNA     0     0
  1981   1  16     0   DNA   DNA   DNA     0     0
  1981   1  17     0   DNA   DNA   DNA     0     0
  1981   1  18     0   DNA   DNA   DNA     0     0
  1981   1  19     0   DNA   DNA   DNA     0     0
  1981   1  20     0   DNA   DNA   DNA     0     0
  1981   1  21     0   DNA   DNA   DNA     0     0
  1981   1  22     0   DNA   DNA   DNA     0     0
  1981   1  23     0   DNA   DNA   DNA     0     0
  1981   1  24     0   DNA   DNA   DNA     0     0
  1981   1  25     0   DNA   DNA   DNA     0     0
  1981   1  26     0   DNA   DNA   DNA     0     0
  1981   1  27     0   DNA   DNA   DNA     0     0
  1981   1  28     0   DNA   DNA   DNA     0     0
  1981   1  29     0   DNA   DNA   DNA     0     0
  1981   1  30     0   DNA   DNA   DNA     0     0
  1981   1  31     0   DNA   DNA   DNA     0     0
  1981   2   1     0   DNA   DNA   DNA     0     0
  1981   2   2     0   DNA   DNA   DNA     0     0
  1981   2   3     0   DNA   DNA   DNA     0     0
  1981   2   4     0   DNA   DNA   DNA     0     0
  1981   2   5     0   DNA   DNA   DNA     0     0
  1981   2   6     0   DNA   DNA   DNA     0     0
  1981   2   7     0   DNA   DNA   DNA     0     0
  1981   2   8     0   DNA   DNA   DNA     0     0
  1981   2   9     0   DNA   DNA   DNA     0     0
  1981   2  10     0   DNA   DNA   DNA     0     0
  1981   2  11     0   DNA   DNA   DNA     0     0
  1981   2  12     0   DNA   DNA   DNA     0     0
  1981   2  13     0   DNA   DNA   DNA     0     0
  1981   2  14     0   DNA   DNA   DNA     0     0
  1981   2  15     0   DNA   DNA   DNA     0     0
  1981   2  16     0   DNA   DNA   DNA     0     0
  1981   2  17     0   DNA   DNA   DNA     0     0
  1981   2  18     0   DNA   DNA   DNA     0     0
  1981   2  19     0   DNA   DNA   DNA     0     0
  1981   2  20     0   DNA   DNA   DNA     0     0
  1981   2  21     0   DNA   DNA   DNA     0     0
  1981   2  22     0   DNA   DNA   DNA     0     0
  1981   2  23     0   DNA   DNA   DNA     0     0
  1981   2  24     0   DNA   DNA   DNA     0     0
  1981   2  25     0   DNA   DNA   DNA     0     0
  1981   2  26     0   DNA   DNA   DNA     0     0
  1981   2  27     0   DNA   DNA   DNA     0     0
  1981   2  28     0   DNA   DNA   DNA     0     0
  1981   3   1     0   DNA   DNA   DNA     0     0
  1981   3   2     0   DNA   DNA   DNA     0     0
  1981   3   3     0   DNA   DNA   DNA     0     0
  1981   3   4     0   DNA   DNA   DNA     0     0
  1981   3   5     0   DNA   DNA   DNA     0     0
  1981   3   6     0   DNA   DNA   DNA     0     0
  1981   3   7     0   DNA   DNA   DNA     0     0
  1981   3   8     0   DNA   DNA   DNA     0     0
  1981   3   9     0   DNA   DNA   DNA     0     0
  1981   3  10     0   DNA   DNA   DNA     0     0
  1981   3  11     0   DNA   DNA   DNA     0     0
  1981   3  12     0   DNA   DNA   DNA     0     0
  1981   3  13     0   DNA   DNA   DNA     0     0
  1981   3  14     0   DNA   DNA   DNA     0     0
  1981   3  15     0   DNA   DNA   DNA     0     0
  1981   3  16     0   DNA   DNA   DNA     0     0
  1981   3  17     0   DNA   DNA   DNA     0     0
  1981   3  18     0   DNA   DNA   DNA     0     0
  1981   3  19     0   DNA   DNA   DNA     0     0
  1981   3  20     0   DNA   DNA   DNA     0     0
  1981   3  21     0   DNA   DNA   DNA     0     0
  1981   3  22     0   DNA   DNA   DNA     0     0
  1981   3  23     0   DNA   DNA   DNA     0     0
  1981   3  24     0   DNA   DNA   DNA     0     0
  1981   3  25     0   DNA   DNA   DNA     0     0
  1981   3  26     0   DNA   DNA   DNA     0     0
  1981   3  27     0   DNA   DNA   DNA     0     0
  1981   3  28     0   DNA   DNA   DNA     0     0
  1981   3  29     0   DNA   DNA   DNA     0     0
  1981   3  30     0   DNA   DNA   DNA     0     0
  1981   3  31     0   DNA   DNA   DNA     0     0
  1981   4   1     0   DNA   DNA   DNA     0     0
  1981   4   2     0   DNA   DNA   DNA     0     0
  1981   4   3     0   DNA   DNA   DNA     0     0
  1981   4   4     0   DNA   DNA   DNA     0     0
  1981   4   5     0   DNA   DNA   DNA     0     0
  1981   4   6     0   DNA   DNA   DNA     0     0
  1981   4   7     0   DNA   DNA   DNA     0     0
  1981   4   8     0   DNA   DNA   DNA     0     0
  1981   4   9     0   DNA   DNA   DNA     0     0
  1981   4  10     0   DNA   DNA   DNA     0     0
  1981   4  11     0   DNA   DNA   DNA     0     0
  1981   4  12     0   DNA   DNA   DNA     0     0
  1981   4  13     0  30.9  20.0   0.0     0     0
  1981   4  14     0  31.0  15.0   0.0     0     0
  1981   4  15     0  31.5  20.0   0.0     0     0
  1981   4  16     0  31.8  15.0   5.1     0     0
  1981   4  17     0  32.0  18.0   6.3     0     0
  1981   4  18     0  31.0  15.8   0.0     0     0
  1981   4  19     0  31.0  17.0   0.0     0     0
  1981   4  20     0  31.6  12.0   0.0     0     0
  1981   4  21     0  33.7  13.0   0.0     0     0
  1981   4  22     0  35.6  15.1   0.0     0     0
  1981   4  23     0  36.8  14.0   4.0     0     0
  1981   4  24     0  38.0  17.0   0.0     0     0
  1981   4  25     0  38.7  22.2   0.0     0     0
  1981   4  26     0  33.1  19.3   0.0     0     0
  1981   4  27     0  32.0  18.7   0.0     0     0
  1981   4  28     0  35.9  18.4   0.0     0     0
  1981   4  29     0  35.8  20.2   0.0     0     0
  1981   4  30     0  36.0  21.7   0.0     0     0
  1981   5   1     0  34.5  21.4   0.0     0     0
  1981   5   2     0  37.0  19.8   0.0     0     0
  1981   5   3     0  39.8  20.0   0.0     0     0
  1981   5   4     0  38.0  22.1   0.0     0     0
  1981   5   5     0  37.2  23.0  16.0     0     0
  1981   5   6     0  38.4  18.4  12.4     0     0
  1981   5   7     0  39.0  23.5   0.0     0     0
  1981   5   8     0  37.4  20.7     T     0     0
  1981   5   9     0  37.9  21.2   0.0     0     0
  1981   5  10     0  38.0  20.7   0.0     0     0
  1981   5  11     0  38.9  19.7   0.0     0     0
  1981   5  12     0  39.7  22.3   0.0     0     0
  1981   5  13     0  38.0  20.0   0.0     0     0
  1981   5  14     0  39.8  23.0   0.0     0     0
  1981   5  15     0  40.0  24.3   0.0     0     0
  1981   5  16     0  36.5  20.0   0.0     0     0
  1981   5  17     0  38.5  20.1   0.0     0     0
  1981   5  18     0  36.8  25.0   0.0     0     0
  1981   5  19     0  36.0  22.1   0.0     0     0
  1981   5  20     0  36.8  22.0   4.0     0     0
  1981   5  21     0  37.0  22.0   7.0     0     0
  1981   5  22     0  37.0  22.0   6.8     0     0
  1981   5  23     0  33.7  21.0   0.0     0     0
  1981   5  24     0  38.0  21.0   0.0     0     0
  1981   5  25     0  36.7  19.2   0.0     0     0
  1981   5  26     0  36.3  25.0   0.0     0     0
  1981   5  27     0  33.0  20.0  29.3     0     0
  1981   5  28     0  34.5  23.0   0.0     0     0
  1981   5  29     0  35.0  21.0   2.2     0     0
  1981   5  30     0  35.8  23.0   0.0     0     0
  1981   5  31     0  34.0  19.0  13.1     0     0
  1981   6   1     0  35.0  23.0   0.0     0     0
  1981   6   2     0  34.7  19.4   0.0     0     0
  1981   6   3     0  39.7  19.0  15.2     0     0
  1981   6   4     0  38.7  20.0   0.0     0     0
  1981   6   5     0  38.9  25.0   0.0     0     0
  1981   6   6     0  39.0  20.0   0.0     0     0
  1981   6   7     0  39.8  21.0   0.0     0     0
  1981   6   8     0  36.8  20.0   0.0     0     0
  1981   6   9     0  34.5  18.0  16.5     0     0
  1981   6  10     0  36.0  24.0   0.0     0     0
  1981   6  11     0  39.4  24.0   0.0     0     0
  1981   6  12     0  41.9  20.0   0.0     0     0
  1981   6  13     0  41.8  22.0   0.0     0     0
  1981   6  14     0  41.7  25.0   0.0     0     0
  1981   6  15     0  40.5  19.0   0.0     0     0
  1981   6  16     0  41.0  21.0   0.0     0     0
  1981   6  17     0  38.8  25.0   0.0     0     0
  1981   6  18     0  36.5  21.0   0.0     0     0
  1981   6  19     0  38.4  25.0  19.6     0     0
  1981   6  20     0  40.0  21.0     T     0     0
  1981   6  21     0  39.5  21.8  23.0     0     0
  1981   6  22     0  40.0  21.0  24.5     0     0
  1981   6  23     0  35.2  25.9     T     0     0
  1981   6  24     0  36.2   DNA   0.0     0     0
  1981   6  25     0  36.2   DNA   0.0     0     0
  1981   6  26     0  36.2   DNA   0.0     0     0
  1981   6  27     0  34.7   DNA   0.0     0     0
  1981   6  28     0  30.5   DNA  12.0     0     0
  1981   6  29     0  26.7   DNA 221.7     0     0
  1981   6  30     0  29.5   DNA  55.4     0     0
  1981   7   1     0  31.0   DNA  66.1     0     0
  1981   7   2     0  31.7   DNA  19.0     0     0
  1981   7   3     0  32.9   DNA  34.8     0     0
  1981   7   4     0  34.4   DNA   5.7     0     0
  1981   7   5     0  33.1   DNA   0.0     0     0
  1981   7   6     0  32.5   DNA  14.4     0     0
  1981   7   7     0  36.8   DNA   1.1     0     0
  1981   7   8     0  34.3   DNA   3.4     0     0
  1981   7   9     0  35.0   DNA   1.6     0     0
  1981   7  10     0  35.0   DNA   0.4     0     0
  1981   7  11     0  34.9   DNA   0.0     0     0
  1981   7  12     0  30.4   DNA  15.0     0     0
  1981   7  13     0  32.4   DNA   5.6     0     0
  1981   7  14     0  32.4   DNA  29.3     0     0
  1981   7  15     0  32.4  25.3   1.0     0     0
  1981   7  16     0  36.5  24.0  34.0     0     0
  1981   7  17     0  30.8  26.2  51.7     0     0
  1981   7  18     0  31.0  25.3  23.2     0     0
  1981   7  19     0  31.5  24.2  75.5     0     0
  1981   7  20     0  32.0  25.4   1.1     0     0
  1981   7  21     0  32.4  26.2   0.0     0     0
  1981   7  22     0  32.2  25.2  13.5     0     0
  1981   7  23     0  34.7  26.0   4.5     0     0
  1981   7  24     0   DNA  27.2   0.0     0     0
  1981   7  25     0   DNA  27.1   1.2     0     0
  1981   7  26     0   DNA  26.8   0.0     0     0
  1981   7  27     0   DNA  25.0   0.0     0     0
  1981   7  28     0   DNA  25.0  45.2     0     0
  1981   7  29     0   DNA  25.0  21.5     0     0
  1981   7  30     0   DNA  25.2   0.0     0     0
  1981   7  31     0   DNA  25.3 186.6     0     0
  1981   8   1     0   DNA  25.2   1.5     0     0
  1981   8   2     0   DNA  25.4  51.0     0     0
  1981   8   3     0   DNA  24.3  31.0     0     0
  1981   8   4     0   DNA  26.1   0.0     0     0
  1981   8   5     0   DNA  27.5   0.0     0     0
  1981   8   6     0   DNA  26.9  27.0     0     0
  1981   8   7     0   DNA  28.9   0.0     0     0
  1981   8   8     0   DNA  27.0   6.5     0     0
  1981   8   9     0   DNA  25.9   1.1     0     0
  1981   8  10     0   DNA  27.0   0.0     0     0
  1981   8  11     0   DNA  26.2   0.0     0     0
  1981   8  12     0   DNA  26.0   1.0     0     0
  1981   8  13     0   DNA  25.6   1.2     0     0
  1981   8  14     0   DNA  26.2   0.0     0     0
  1981   8  15     0   DNA  26.5   1.4     0     0
  1981   8  16     0   DNA  26.0   0.1     0     0
  1981   8  17     0   DNA  26.5   0.5     0     0
  1981   8  18     0   DNA  26.7   0.0     0     0
  1981   8  19     0   DNA  25.9  43.0     0     0
  1981   8  20     0   DNA  25.4  95.7     0     0
  1981   8  21     0   DNA  25.4  25.4     0     0
  1981   8  22     0   DNA  25.8   6.1     0     0
  1981   8  23     0   DNA  24.4  64.0     0     0
  1981   8  24     0   DNA  24.0  34.4     0     0
  1981   8  25     0   DNA  26.1   0.0     0     0
  1981   8  26     0   DNA  26.0   0.0     0     0
  1981   8  27     0   DNA  26.0   0.0     0     0
  1981   8  28     0   DNA  25.9   1.5     0     0
  1981   8  29     0   DNA  26.2   0.0     0     0
  1981   8  30     0   DNA  26.5   0.0     0     0
  1981   8  31     0   DNA  25.5   0.0     0     0
  1981   9   1     0   DNA  26.3   0.0     0     0
  1981   9   2     0   DNA  25.2   0.0     0     0
  1981   9   3     0   DNA  26.2   0.0     0     0
  1981   9   4     0   DNA  23.9   6.7     0     0
  1981   9   5     0   DNA  26.2   0.0     0     0
  1981   9   6     0   DNA  24.9   0.0     0     0
  1981   9   7     0   DNA  24.2  23.0     0     0
  1981   9   8     0   DNA  25.5  38.9     0     0
  1981   9   9     0   DNA  25.1  33.6     0     0
  1981   9  10     0   DNA  23.4   0.0     0     0
  1981   9  11     0   DNA  23.8   0.0     0     0
  1981   9  12     0   DNA  25.8   0.0     0     0
  1981   9  13     0   DNA  23.2   0.0     0     0
  1981   9  14     0   DNA  24.1   0.0     0     0
  1981   9  15     0   DNA  24.9   0.0     0     0
  1981   9  16     0   DNA  24.5   0.0     0     0
  1981   9  17     0   DNA  24.4  26.0     0     0
  1981   9  18     0   DNA  23.5   0.0     0     0
  1981   9  19     0   DNA  23.5   0.0     0     0
  1981   9  20     0   DNA  21.9   6.0     0     0
  1981   9  21     0   DNA  23.8   0.0     0     0
  1981   9  22     0   DNA  24.4   0.0     0     0
  1981   9  23     0   DNA  25.9   0.0     0     0
  1981   9  24     0   DNA  25.1   0.0     0     0
  1981   9  25     0   DNA  26.0   0.0     0     0
  1981   9  26     0   DNA  24.2   0.0     0     0
  1981   9  27     0   DNA  25.5   0.0     0     0
  1981   9  28     0   DNA  23.5   2.3     0     0
  1981   9  29     0   DNA  21.3  70.5     0     0
  1981   9  30     0   DNA  20.5  19.4     0     0
  1981  10   1     0   DNA  20.9   0.0     0     0
  1981  10   2     0   DNA  20.0   0.0     0     0
  1981  10   3     0   DNA  20.0   0.0     0     0
  1981  10   4     0   DNA  18.3   0.0     0     0
  1981  10   5     0   DNA  18.5   0.0     0     0
  1981  10   6     0   DNA  19.8   0.0     0     0
  1981  10   7     0  33.0  22.5   0.0     0     0
  1981  10   8     0  32.8  18.0   0.0     0     0
  1981  10   9     0  33.8  19.0   0.0     0     0
  1981  10  10     0  33.8  18.5   0.0     0     0
  1981  10  11     0  31.2  17.0   0.0     0     0
  1981  10  12     0  34.2  18.0   0.0     0     0
  1981  10  13     0  37.0  17.0   0.0     0     0
  1981  10  14     0  31.6  17.1   0.0     0     0
  1981  10  15     0  31.6  17.2   0.0     0     0
  1981  10  16     0  30.8  17.4   0.0     0     0
  1981  10  17     0  32.3  18.0   0.0     0     0
  1981  10  18     0  31.8  18.5   0.0     0     0
  1981  10  19     0  32.2  18.5   0.0     0     0
  1981  10  20     0  31.4  18.4   0.0     0     0
  1981  10  21     0  32.1  18.2   0.0     0     0
  1981  10  22     0  31.0  15.4   0.0     0     0
  1981  10  23     0  29.9  15.5   0.0     0     0
  1981  10  24     0  31.0  14.7   0.0     0     0
  1981  10  25     0  31.0  15.9   0.0     0     0
  1981  10  26     0  30.4  18.0   0.0     0     0
  1981  10  27     0  30.2  15.1   0.0     0     0
  1981  10  28     0  30.3  14.3   0.0     0     0
  1981  10  29     0  38.4  14.5   0.0     0     0
  1981  10  30     0  29.7  12.9   0.0     0     0
  1981  10  31     0  26.0  10.8   0.0     0     0
  1981  11   1     0  25.8  16.5   0.0     0     0
  1981  11   2     0  29.1  16.0   0.0     0     0
  1981  11   3     0  22.2  16.9   0.0     0     0
  1981  11   4     0  25.5  19.4  18.0     0     0
  1981  11   5     0  21.8  16.5   0.4     0     0
  1981  11   6     0  26.3  15.3   0.0     0     0
  1981  11   7     0  28.3  14.9   0.0     0     0
  1981  11   8     0  28.0  14.0   0.0     0     0
  1981  11   9     0  29.2  14.2   0.0     0     0
  1981  11  10     0  28.5  14.5   0.0     0     0
  1981  11  11     0  29.0  13.2   0.0     0     0
  1981  11  12     0  26.6  14.0   0.0     0     0
  1981  11  13     0  28.0  14.9   0.0     0     0
  1981  11  14     0  27.2  11.2   0.0     0     0
  1981  11  15     0  26.1  10.2   0.0     0     0
  1981  11  16     0  27.6  10.2   0.0     0     0
  1981  11  17     0  27.8   9.5   0.0     0     0
  1981  11  18     0  28.0  10.3   0.0     0     0
  1981  11  19     0  27.4   9.1   0.0     0     0
  1981  11  20     0  27.0   9.0   0.0     0     0
  1981  11  21     0  25.5   9.0   0.0     0     0
  1981  11  22     0  25.7   8.0   0.0     0     0
  1981  11  23     0  26.0   8.7   0.0     0     0
  1981  11  24     0  26.2   8.5   0.0     0     0
  1981  11  25     0  27.0   8.8   0.0     0     0
  1981  11  26     0  26.4   9.2   0.0     0     0
  1981  11  27     0  26.6   9.6   0.0     0     0
  1981  11  28     0  26.3   8.9   0.0     0     0
  1981  11  29     0  27.2   8.9   0.0     0     0
  1981  11  30     0  23.1   8.5   5.9     0     0
  1981  12   1     0  26.2   8.5   0.0     0     0
  1981  12   2     0  27.4   8.5   0.0     0     0
  1981  12   3     0  25.0  10.6   0.0     0     0
  1981  12   4     0  25.5  11.1   0.0     0     0
  1981  12   5     0  19.7  10.1   0.0     0     0
  1981  12   6     0  19.9  10.5   0.0     0     0
  1981  12   7     0  22.5  11.0  14.6     0     0
  1981  12   8     0  24.3  10.2   7.3     0     0
  1981  12   9     0  25.3  10.1   0.0     0     0
  1981  12  10     0  26.8  10.6   0.0     0     0
  1981  12  11     0  19.5  10.2   0.0     0     0
  1981  12  12     0  19.3  11.1   0.0     0     0
  1981  12  13     0  23.7  11.3   0.0     0     0
  1981  12  14     0  23.3   9.0   0.0     0     0
  1981  12  15     0  22.3  11.0   0.0     0     0
  1981  12  16     0  22.2  10.0   0.0     0     0
  1981  12  17     0  21.8   DNA   0.0     0     0
  1981  12  18     0  22.8   DNA   0.0     0     0
  1981  12  19     0  23.2   DNA   0.0     0     0
  1981  12  20     0  23.0   DNA   0.0     0     0
  1981  12  21     0  23.6   DNA   0.0     0     0
  1981  12  22     0  23.8   DNA   0.0     0     0
  1981  12  23     0  23.0   DNA   0.0     0     0
  1981  12  24     0  23.2   DNA   0.0     0     0
  1981  12  25     0  23.2   DNA   0.0     0     0
  1981  12  26     0  23.2   DNA   0.0     0     0
  1981  12  27     0  23.8   DNA   0.0     0     0
  1981  12  28     0  21.4   DNA   0.0     0     0
  1981  12  29     0  23.4   DNA   0.0     0     0
  1981  12  30     0  22.6   DNA   0.0     0     0
  1981  12  31     0  23.4   DNA   0.0     0     0
