  2002   1   1     0  18.6   7.0   0.0     0     0
  2002   1   2     0  23.5   4.5   0.0     0     0
  2002   1   3     0  23.0   4.1   0.0     0     0
  2002   1   4     0  24.5   4.0   0.0     0     0
  2002   1   5     0  24.5   5.0   0.0     0     0
  2002   1   6     0  23.8   5.0   0.0     0     0
  2002   1   7     0  23.6   5.0   0.0     0     0
  2002   1   8     0  24.2   4.6   0.0     0     0
  2002   1   9     0  25.0   5.2   0.0     0     0
  2002   1  10     0  22.8   5.5   0.0     0     0
  2002   1  11     0  18.0   5.2   0.0     0     0
  2002   1  12     0  22.5   5.7   0.0     0     0
  2002   1  13     0  24.6   7.5   0.0     0     0
  2002   1  14     0  24.3  10.8   0.0     0     0
  2002   1  15     0  17.8  12.0   1.4     0     0
  2002   1  16     0  24.0  13.2  28.5     0     0
  2002   1  17     0  24.0   9.4   0.0     0     0
  2002   1  18     0  19.8  13.4   1.2     0     0
  2002   1  19     0  22.0  10.6   8.8     0     0
  2002   1  20     0  18.5  11.4   0.2     0     0
  2002   1  21     0  22.9   6.8   1.0     0     0
  2002   1  22     0  22.0   6.2   0.0     0     0
  2002   1  23     0  21.3   6.2   0.0     0     0
  2002   1  24     0  19.3   7.0   0.0     0     0
  2002   1  25     0  21.5   5.4   0.0     0     0
  2002   1  26     0  18.3   8.8   0.0     0     0
  2002   1  27     0  20.8   9.5   2.4     0     0
  2002   1  28     0  21.3   8.8  12.6     0     0
  2002   1  29     0  22.0   8.5   0.0     0     0
  2002   1  30     0  22.5   6.4   0.0     0     0
  2002   1  31     0  23.0   5.4   0.0     0     0
  2002   2   1     0  22.0   6.4   0.0     0     0
  2002   2   2     0  23.9   6.5   0.0     0     0
  2002   2   3     0  22.5   7.0   0.0     0     0
  2002   2   4     0  23.3   5.3   0.0     0     0
  2002   2   5     0  20.3   7.0   0.0     0     0
  2002   2   6     0  26.9  10.2     T     0     0
  2002   2   7     0  25.5  12.5     T     0     0
  2002   2   8     0  25.0  13.5   1.6     0     0
  2002   2   9     0  25.8  14.0   1.0     0     0
  2002   2  10     0  26.6  10.7   0.0     0     0
  2002   2  11     0  17.5   DNA   1.2     0     0
  2002   2  12     0  23.1  13.8  33.4     0     0
  2002   2  13     0  25.2  11.4   0.0     0     0
  2002   2  14     0  23.5  11.0   0.0     0     0
  2002   2  15     0  24.8  11.4   0.0     0     0
  2002   2  16     0  25.7  12.2   0.0     0     0
  2002   2  17     0  26.4  12.6   0.0     0     0
  2002   2  18     0  28.4  13.0   0.0     0     0
  2002   2  19     0  28.7  11.0   0.0     0     0
  2002   2  20     0  25.5  10.5   0.0     0     0
  2002   2  21     0  26.5   9.0   0.0     0     0
  2002   2  22     0  29.5  10.5   0.0     0     0
  2002   2  23     0  27.0  14.5   0.0     0     0
  2002   2  24     0  28.5  14.4   0.0     0     0
  2002   2  25     0  25.7  14.6   0.0     0     0
  2002   2  26     0  26.0  11.2   0.0     0     0
  2002   2  27     0  26.6   9.5   0.0     0     0
  2002   2  28     0  25.4  10.5   0.0     0     0
  2002   3   1     0  27.0  13.3   0.0     0     0
  2002   3   2     0  23.2  15.6     T     0     0
  2002   3   3     0  25.7  12.5   0.0     0     0
  2002   3   4     0  26.7  10.6   0.0     0     0
  2002   3   5     0  27.7  10.2   0.0     0     0
  2002   3   6     0  27.5   9.2   0.0     0     0
  2002   3   7     0  27.5  11.8   0.0     0     0
  2002   3   8     0  27.7  13.0   0.0     0     0
  2002   3   9     0  30.5  12.5   0.0     0     0
  2002   3  10     0  31.7  12.5   0.0     0     0
  2002   3  11     0  29.5  16.4   0.0     0     0
  2002   3  12     0  29.0  13.7   0.0     0     0
  2002   3  13     0  29.5  14.3   0.0     0     0
  2002   3  14     0  30.3  11.5   0.0     0     0
  2002   3  15     0  29.7  13.2   0.0     0     0
  2002   3  16     0  29.8  12.6   0.0     0     0
  2002   3  17     0  30.2  13.8   0.0     0     0
  2002   3  18     0  31.7  15.7   0.0     0     0
  2002   3  19     0  32.8  17.0   0.0     0     0
  2002   3  20     0  33.5  18.4   0.0     0     0
  2002   3  21     0  33.5  19.0   0.0     0     0
  2002   3  22     0  33.0  17.0     T     0     0
  2002   3  23     0  33.8  16.4   0.0     0     0
  2002   3  24     0  34.5  16.0   0.0     0     0
  2002   3  25     0  34.0  21.2     T     0     0
  2002   3  26     0  35.4  17.4   0.0     0     0
  2002   3  27     0  34.8  15.0   0.0     0     0
  2002   3  28     0  34.2  14.5   0.0     0     0
  2002   3  29     0  34.4  15.3   0.0     0     0
  2002   3  30     0  34.0  15.2   0.0     0     0
  2002   3  31     0  33.5  18.0   0.0     0     0
  2002   4   1     0  30.2  19.2   0.0     0     0
  2002   4   2     0  35.5  17.2  12.2     0     0
  2002   4   3     0  34.0  15.5   0.0     0     0
  2002   4   4     0  33.5  16.0   0.0     0     0
  2002   4   5     0  34.0  20.2   0.0     0     0
  2002   4   6     0  36.0  19.8   0.0     0     0
  2002   4   7     0  35.5  20.5   0.0     0     0
  2002   4   8     0  30.5  21.5   0.0     0     0
  2002   4   9     0  33.8  19.5   0.0     0     0
  2002   4  10     0  35.5  15.0     T     0     0
  2002   4  11     0  35.7  15.5   0.0     0     0
  2002   4  12     0  35.3  16.8   0.0     0     0
  2002   4  13     0  34.2  21.3   0.0     0     0
  2002   4  14     0  36.0  20.0   0.0     0     0
  2002   4  15     0  38.0  21.8   0.0     0     0
  2002   4  16     0  38.5  23.5   0.0     0     0
  2002   4  17     0  40.5  19.0   0.0     0     0
  2002   4  18     0  40.0  20.0   0.0     0     0
  2002   4  19     0  40.6  18.0   0.0     0     0
  2002   4  20     0  41.0  18.0   0.0     0     0
  2002   4  21     0  39.5  18.0   0.0     0     0
  2002   4  22     0  38.0  20.4   0.0     0     0
  2002   4  23     0  36.0  24.0   0.0     0     0
  2002   4  24     0  36.5  24.5   0.0     0     0
  2002   4  25     0  37.0  25.0     T     0     0
  2002   4  26     0  32.4  16.8  17.2     0     0
  2002   4  27     0  34.4  17.0   1.2     0     0
  2002   4  28     0  36.0  20.6   0.0     0     0
  2002   4  29     0  36.7  21.8   0.0     0     0
  2002   4  30     0  36.8  17.8   0.0     0     0
  2002   5   1     0  35.2  22.8   0.0     0     0
  2002   5   2     0  36.4  22.0   0.0     0     0
  2002   5   3     0  36.0  24.5   0.0     0     0
  2002   5   4     0  35.5  26.0   0.0     0     0
  2002   5   5     0  36.3  25.0   0.0     0     0
  2002   5   6     0  36.0  26.2   0.0     0     0
  2002   5   7     0  34.5  18.5  19.4     0     0
  2002   5   8     0  36.8  23.7   0.0     0     0
  2002   5   9     0  37.4  26.0   0.0     0     0
  2002   5  10     0  38.7  26.6   0.0     0     0
  2002   5  11     0  37.0  25.0   0.0     0     0
  2002   5  12     0  38.4  27.5   0.0     0     0
  2002   5  13     0  38.4  29.3   0.0     0     0
  2002   5  14     0  36.6  28.8   0.0     0     0
  2002   5  15     0  38.3  27.8   1.4     0     0
  2002   5  16     0  37.5  28.5   0.0     0     0
  2002   5  17     0  35.4  27.5   0.0     0     0
  2002   5  18     0  40.8  26.8   0.0     0     0
  2002   5  19     0  39.2  27.0   0.0     0     0
  2002   5  20     0  39.8  29.5   0.0     0     0
  2002   5  21     0  40.2  24.0   0.0     0     0
  2002   5  22     0  42.0  22.4   0.0     0     0
  2002   5  23     0  38.4  23.7   0.0     0     0
  2002   5  24     0  37.4  27.0   0.0     0     0
  2002   5  25     0  31.8  26.2   0.0     0     0
  2002   5  26     0  35.0  23.5     T     0     0
  2002   5  27     0  34.6  24.5   0.0     0     0
  2002   5  28     0  28.7  20.0  19.1     0     0
  2002   5  29     0  32.4  22.0   0.0     0     0
  2002   5  30     0  34.5  22.4   4.6     0     0
  2002   5  31     0  36.4  24.4   0.0     0     0
  2002   6   1     0  37.8  24.6   0.0     0     0
  2002   6   2     0  38.5  25.3   0.0     0     0
  2002   6   3     0  39.8  24.5   0.0     0     0
  2002   6   4     0  39.8  25.4   0.0     0     0
  2002   6   5     0  37.9  25.8   0.0     0     0
  2002   6   6     0  37.5  25.0     T     0     0
  2002   6   7     0  37.6  28.0   0.0     0     0
  2002   6   8     0  35.5  25.0   5.0     0     0
  2002   6   9     0  33.2  27.2     T     0     0
  2002   6  10     0  37.7  27.0   0.0     0     0
  2002   6  11     0  36.2  23.7   5.6     0     0
  2002   6  12     0  33.6  22.8   5.8     0     0
  2002   6  13     0  37.6  25.8   0.0     0     0
  2002   6  14     0  37.7  27.5   0.0     0     0
  2002   6  15     0  36.0  23.7   4.2     0     0
  2002   6  16     0  36.0  25.8     T     0     0
  2002   6  17     0  37.4  24.1   5.2     0     0
  2002   6  18     0  39.5  27.5   0.0     0     0
  2002   6  19     0  38.7  26.5   0.0     0     0
  2002   6  20     0  38.5  27.0   0.0     0     0
  2002   6  21     0  38.7  28.0   0.0     0     0
  2002   6  22     0  35.7  25.0     T     0     0
  2002   6  23     0  37.4  29.2   0.0     0     0
  2002   6  24     0  36.5  28.5   0.0     0     0
  2002   6  25     0  39.2  29.0   1.0     0     0
  2002   6  26     0  37.5  27.0  15.0     0     0
  2002   6  27     0  33.2  26.3   5.4     0     0
  2002   6  28     0  36.3  25.6   0.6     0     0
  2002   6  29     0  37.3  27.5   0.0     0     0
  2002   6  30     0  37.6  27.6     T     0     0
  2002   7   1     0  36.7  27.8   5.2     0     0
  2002   7   2     0  32.4  24.6  59.6     0     0
  2002   7   3     0  32.5  24.5  83.0     0     0
  2002   7   4     0  33.5  24.8  49.0     0     0
  2002   7   5     0  34.8  24.8  24.6     0     0
  2002   7   6     0  35.2  27.0   0.0     0     0
  2002   7   7     0  36.0  27.5   0.0     0     0
  2002   7   8     0  36.7  27.8   0.0     0     0
  2002   7   9     0  36.5  28.2   0.0     0     0
  2002   7  10     0  36.8  29.0   0.0     0     0
  2002   7  11     0  36.8  28.2   0.0     0     0
  2002   7  12     0  38.2  28.4   0.0     0     0
  2002   7  13     0  38.0  27.8   0.0     0     0
  2002   7  14     0  37.2  28.0   0.0     0     0
  2002   7  15     0  36.8  28.4   0.0     0     0
  2002   7  16     0  32.5  27.5  10.6     0     0
  2002   7  17     0  37.0  27.2     T     0     0
  2002   7  18     0  36.4  26.0   0.4     0     0
  2002   7  19     0  36.0  28.0     T     0     0
  2002   7  20     0  33.5  27.5   0.0     0     0
  2002   7  21     0  29.3  24.0 108.4     0     0
  2002   7  22     0  34.0  27.0   0.0     0     0
  2002   7  23     0  34.8  27.9   0.0     0     0
  2002   7  24     0  35.4  27.0   0.0     0     0
  2002   7  25     0  34.5  26.8   0.0     0     0
  2002   7  26     0  34.8  26.8  13.4     0     0
  2002   7  27     0  35.5  27.2   1.4     0     0
  2002   7  28     0  37.5  27.7   0.0     0     0
  2002   7  29     0  34.3  27.5   0.0     0     0
  2002   7  30     0  33.6  26.0     T     0     0
  2002   7  31     0  33.6  24.2  23.8     0     0
  2002   8   1     0  35.0  26.5   0.0     0     0
  2002   8   2     0  38.2  25.3  73.0     0     0
  2002   8   3     0  31.5  25.2  41.0     0     0
  2002   8   4     0  34.0  26.4   1.8     0     0
  2002   8   5     0  35.5  27.0     T     0     0
  2002   8   6     0  35.5  24.5  21.8     0     0
  2002   8   7     0  36.5  28.0   0.0     0     0
  2002   8   8     0  32.5  28.6   0.0     0     0
  2002   8   9     0  36.2  27.8  38.8     0     0
  2002   8  10     0  31.0  25.5  12.0     0     0
  2002   8  11     0  26.2  25.3 197.0     0     0
  2002   8  12     0  28.5  24.0 123.2     0     0
  2002   8  13     0  34.0  25.6  11.6     0     0
  2002   8  14     0  34.0  25.0  25.7     0     0
  2002   8  15     0  35.0  25.5   2.6     0     0
  2002   8  16     0  36.0  27.6   0.0     0     0
  2002   8  17     0  32.5  26.8   0.0     0     0
  2002   8  18     0  33.8  26.1   3.0     0     0
  2002   8  19     0  34.5  26.8   1.2     0     0
  2002   8  20     0  28.3  25.0  29.4     0     0
  2002   8  21     0  28.7  24.3  25.4     0     0
  2002   8  22     0  29.7  24.6   2.2     0     0
  2002   8  23     0  35.9  25.4   0.0     0     0
  2002   8  24     0  34.4  26.5   0.0     0     0
  2002   8  25     0  34.4  25.5   3.9     0     0
  2002   8  26     0  34.4  25.6   2.0     0     0
  2002   8  27     0  34.2  27.0   1.6     0     0
  2002   8  28     0  36.0  26.6   0.0     0     0
  2002   8  29     0  35.8  27.0   0.0     0     0
  2002   8  30     0  36.0  25.0   4.8     0     0
  2002   8  31     0  34.2  25.8   0.0     0     0
  2002   9   1     0  35.0  26.4     T     0     0
  2002   9   2     0  35.8  26.5     T     0     0
  2002   9   3     0  35.8  25.5   0.0     0     0
  2002   9   4     0  28.2  22.0  30.2     0     0
  2002   9   5     0  28.0  21.5 131.8     0     0
  2002   9   6     0  26.7  23.0 133.6     0     0
  2002   9   7     0  30.7  23.4  30.0     0     0
  2002   9   8     0  32.0  22.5   0.4     0     0
  2002   9   9     0  29.3  23.0  12.4     0     0
  2002   9  10     0  28.0  23.8   0.2     0     0
  2002   9  11     0  30.0  23.4  12.2     0     0
  2002   9  12     0  28.8  24.2  11.4     0     0
  2002   9  13     0  29.2  23.2   7.8     0     0
  2002   9  14     0  33.6  24.0   3.0     0     0
  2002   9  15     0  34.0  25.0   0.0     0     0
  2002   9  16     0  33.4  25.0   0.0     0     0
  2002   9  17     0  33.2  24.5   0.0     0     0
  2002   9  18     0  33.4  22.2   0.0     0     0
  2002   9  19     0  34.0  23.4   0.0     0     0
  2002   9  20     0  34.5  23.0   0.0     0     0
  2002   9  21     0  34.8  23.6   0.0     0     0
  2002   9  22     0  32.0  23.8   0.0     0     0
  2002   9  23     0  33.0  23.8   6.3     0     0
  2002   9  24     0  32.5  23.8   0.0     0     0
  2002   9  25     0  32.8  23.2   0.0     0     0
  2002   9  26     0  32.4  24.2   0.0     0     0
  2002   9  27     0  33.0  24.0   0.0     0     0
  2002   9  28     0  34.5  22.5   0.0     0     0
  2002   9  29     0  34.2  22.7   0.0     0     0
  2002   9  30     0  34.5  22.5   0.0     0     0
  2002  10   1     0  34.5  23.5   0.0     0     0
  2002  10   2     0  34.4  23.3   0.0     0     0
  2002  10   3     0  34.5  22.8   0.0     0     0
  2002  10   4     0  33.5  22.3   0.0     0     0
  2002  10   5     0  33.2  22.2   0.0     0     0
  2002  10   6     0  33.5  22.2   0.0     0     0
  2002  10   7     0  34.3  22.0   0.0     0     0
  2002  10   8     0  33.4  21.3   1.2     0     0
  2002  10   9     0  31.5  19.8   0.0     0     0
  2002  10  10     0  33.6  23.0   0.0     0     0
  2002  10  11     0  33.5  21.2   0.0     0     0
  2002  10  12     0  33.5  21.0   0.0     0     0
  2002  10  13     0  32.5  20.0   0.0     0     0
  2002  10  14     0  33.8  19.5   0.0     0     0
  2002  10  15     0  34.0  20.0   0.0     0     0
  2002  10  16     0  33.5  20.0   0.0     0     0
  2002  10  17     0  33.0  19.2   0.0     0     0
  2002  10  18     0  30.2  18.5  23.8     0     0
  2002  10  19     0  30.5  20.2   0.0     0     0
  2002  10  20     0  30.5  18.5   0.0     0     0
  2002  10  21     0  31.5  19.0   0.0     0     0
  2002  10  22     0  32.0  19.5   0.0     0     0
  2002  10  23     0  31.6  18.2   0.0     0     0
  2002  10  24     0  31.5  16.0   0.0     0     0
  2002  10  25     0  31.5  14.5   0.0     0     0
  2002  10  26     0  31.5  15.0   0.0     0     0
  2002  10  27     0  31.0  15.6   0.0     0     0
  2002  10  28     0  30.6  16.2   0.0     0     0
  2002  10  29     0  29.8  16.4   0.0     0     0
  2002  10  30     0  29.8  16.0   0.0     0     0
  2002  10  31     0  31.0  15.2   0.0     0     0
  2002  11   1     0  31.2  15.0   0.0     0     0
  2002  11   2     0  31.0  15.0   0.0     0     0
  2002  11   3     0  30.3  14.4   0.0     0     0
  2002  11   4     0  30.8  14.0   0.0     0     0
  2002  11   5     0  30.4  13.8   0.0     0     0
  2002  11   6     0  29.8  13.5   0.0     0     0
  2002  11   7     0  30.0  13.5   0.0     0     0
  2002  11   8     0  30.5  12.5   0.0     0     0
  2002  11   9     0  29.5  13.5   0.0     0     0
  2002  11  10     0  30.8  13.4   0.0     0     0
  2002  11  11     0  30.8  12.8   0.0     0     0
  2002  11  12     0  23.0  15.8   0.0     0     0
  2002  11  13     0  28.0  16.0   2.4     0     0
  2002  11  14     0  27.0  12.4   0.0     0     0
  2002  11  15     0  26.0  12.2   0.0     0     0
  2002  11  16     0  28.4  12.6   0.0     0     0
  2002  11  17     0  29.5  12.0   0.0     0     0
  2002  11  18     0  29.7  12.5   0.0     0     0
  2002  11  19     0  29.2  12.2   0.0     0     0
  2002  11  20     0  29.7  12.4   0.0     0     0
  2002  11  21     0  28.5  11.4   0.0     0     0
  2002  11  22     0  28.7  10.5   0.0     0     0
  2002  11  23     0  28.3  11.0   0.0     0     0
  2002  11  24     0  26.5  13.0   0.0     0     0
  2002  11  25     0  29.0  12.8   0.0     0     0
  2002  11  26     0  28.2  13.0   0.0     0     0
  2002  11  27     0  27.8  12.5   0.0     0     0
  2002  11  28     0  28.2  11.5   0.0     0     0
  2002  11  29     0  28.0  10.5   0.0     0     0
  2002  11  30     0  28.6  11.2   0.0     0     0
  2002  12   1     0  28.4  11.3   0.0     0     0
  2002  12   2     0  26.6  10.3   0.0     0     0
  2002  12   3     0  27.0  10.6   0.0     0     0
  2002  12   4     0  26.7  10.8   0.0     0     0
  2002  12   5     0  26.5  10.5   0.0     0     0
  2002  12   6     0  25.5  10.6   0.0     0     0
  2002  12   7     0  26.8   8.2   0.0     0     0
  2002  12   8     0  26.2   7.6   0.0     0     0
  2002  12   9     0  25.3   7.0   0.0     0     0
  2002  12  10     0  25.3   7.7   0.0     0     0
  2002  12  11     0  26.2   8.5   0.0     0     0
  2002  12  12     0  26.8   8.9   0.0     0     0
  2002  12  13     0  26.3   9.6   0.0     0     0
  2002  12  14     0  25.7   9.5   0.0     0     0
  2002  12  15     0  25.5   9.6   0.0     0     0
  2002  12  16     0  25.6  10.4   0.0     0     0
  2002  12  17     0  24.8  10.4   0.0     0     0
  2002  12  18     0  24.0  10.0   0.0     0     0
  2002  12  19     0  24.9  10.5   0.0     0     0
  2002  12  20     0  26.1   8.9   0.0     0     0
  2002  12  21     0  25.3   8.4   0.0     0     0
  2002  12  22     0  17.0  11.0   0.0     0     0
  2002  12  23     0  21.6   7.5   0.0     0     0
  2002  12  24     0  23.0  11.0   0.0     0     0
  2002  12  25     0  24.7  12.5     T     0     0
  2002  12  26     0  24.0   7.8   0.0     0     0
  2002  12  27     0  17.7   8.0   0.0     0     0
  2002  12  28     0  12.8   9.4   0.0     0     0
  2002  12  29     0  11.4  10.0   0.0     0     0
  2002  12  30     0  17.8   9.2   0.0     0     0
  2002  12  31     0  12.2   9.2   1.6     0     0
