      1    0.0
      2    0.0
      3    0.0
      4    0.0
      5    0.0
      6    0.0
      7    0.0
      8    0.0
      9    0.0
     10    0.0
     11    0.0
     12    0.0
     13    0.0
     14    0.0
     15    0.0
     16    0.0
     17    0.0
     18    0.0
     19    0.0
     20    0.0
     21    0.0
     22    0.0
     23    0.0
     24    0.0
     25    0.0
     26    0.0
     27    0.0
     28    0.0
     29    0.0
     30    0.0
     31    0.0
     32    0.0
     33    0.0
     34    0.0
     35    0.0
     36    0.0
     37    0.0
     38    0.0
     39    0.0
     40    0.0
     41    0.0
     42    0.0
     43    0.0
     44    0.0
     45    0.0
     46    0.0
     47    0.0
     48    1.6
     49    3.0
     50    0.0
     51    0.0
     52    0.0
     53    0.0
     54    0.0
     55    0.0
     56    0.0
     57    0.0
     58    0.0
     59    0.0
     60    0.0
     61    0.0
     62    0.0
     63    0.0
     64    0.0
     65    0.0
     66    0.0
     67    0.0
     68    0.0
     69    0.0
     70    0.0
     71    0.0
     72    0.0
     73    0.0
     74    0.0
     75    0.0
     76    0.0
     77    0.0
     78    0.0
     79    0.0
     80    0.0
     81    0.0
     82    0.0
     83    0.0
     84    6.0
     85   48.2
     86   39.0
     87    0.0
     88    0.0
     89    0.0
     90    0.0
     91    0.0
     92    0.0
     93    0.0
     94    0.0
     95    0.0
     96    0.0
     97    0.0
     98    8.0
     99    0.0
    100    0.0
    101    0.0
    102    0.0
    103   30.0
    104    0.0
    105    0.0
    106    0.0
    107    0.0
    108    0.0
    109    0.0
    110    0.0
    111    0.0
    112    0.0
    113    0.0
    114    0.0
    115    2.0
    116    0.0
    117    0.0
    118    0.0
    119    0.0
    120    0.0
    121    0.0
    122    0.0
    123    0.0
    124    0.0
    125    0.0
    126    0.0
    127    0.0
    128    0.0
    129    0.0
    130   14.0
    131    0.2
    132    5.0
    133    0.0
    134    0.0
    135    0.0
    136    0.0
    137    2.5
    138   11.5
    139    0.0
    140    0.0
    141    1.0
    142    0.0
    143    0.0
    144    0.0
    145   37.8
    146    0.0
    147    4.5
    148    1.5
    149    3.4
    150    0.0
    151   26.0
    152    0.0
    153    0.0
    154    0.0
    155    0.0
    156    0.0
    157    0.0
    158    0.0
    159    2.0
    160    0.0
    161    0.0
    162    0.0
    163   22.6
    164    0.0
    165    0.0
    166    0.0
    167    0.0
    168   29.5
    169   16.5
    170   28.4
    171    0.0
    172    0.0
    173    0.0
    174   51.1
    175    0.0
    176   90.2
    177   15.4
    178    6.5
    179    2.0
    180    7.6
    181   29.3
    182   16.0
    183   25.8
    184    0.0
    185  121.5
    186    0.0
    187    0.0
    188  139.5
    189    0.0
    190    0.0
    191    6.0
    192   19.8
    193    0.0
    194   30.0
    195    2.5
    196   22.8
    197    4.5
    198   40.5
    199    0.0
    200    7.4
    201    0.0
    202   11.0
    203    0.0
    204   91.8
    205  111.2
    206    6.0
    207    8.5
    208    5.4
    209    1.0
    210    1.0
    211    0.0
    212   57.0
    213    1.5
    214   17.4
    215    0.0
    216    2.0
    217   29.5
    218    4.5
    219   16.5
    220   30.0
    221   30.0
    222   93.0
    223    2.0
    224    0.0
    225   64.2
    226    0.0
    227   35.4
    228   25.2
    229    6.8
    230    2.0
    231  171.0
    232    1.0
    233    3.6
    234   10.0
    235  121.5
    236   19.0
    237   31.5
    238   17.5
    239    1.0
    240   78.0
    241   58.0
    242   28.0
    243   11.0
    244   17.4
    245   17.0
    246    1.0
    247   10.0
    248   17.5
    249  112.0
    250   17.8
    251   14.0
    252    3.0
    253    4.4
    254  130.0
    255    0.0
    256    3.4
    257    0.0
    258    0.0
    259   53.8
    260    0.0
    261    0.0
    262    0.0
    263    0.0
    264   35.4
    265    1.0
    266   83.0
    267   84.4
    268   93.0
    269   15.5
    270    1.5
    271    1.0
    272    0.0
    273    0.0
    274    0.0
    275    0.0
    276    0.0
    277    0.0
    278    0.0
    279    0.0
    280    0.0
    281    0.0
    282    0.0
    283    0.0
    284    1.0
    285    0.0
    286    0.0
    287    0.0
    288    0.0
    289    0.0
    290    0.0
    291    0.0
    292    0.0
    293    0.0
    294    0.0
    295    0.0
    296    0.0
    297    0.0
    298    0.0
    299    0.0
    300    0.0
    301    0.0
    302    0.0
    303    0.0
    304    0.0
    305    0.0
    306    0.0
    307    0.0
    308    0.0
    309    0.0
    310    0.0
    311    0.0
    312    0.0
    313    0.0
    314    0.0
    315    0.0
    316    0.0
    317    0.0
    318    0.0
    319    0.0
    320    0.0
    321    0.0
    322    0.0
    323    0.0
    324    0.0
    325    0.0
    326    0.0
    327    0.0
    328    0.0
    329    0.0
    330    0.0
    331    0.0
    332    0.0
    333    0.0
    334    0.0
    335    0.0
    336    0.0
    337    0.0
    338    0.0
    339    0.0
    340    0.0
    341    0.0
    342    0.0
    343    0.0
    344    0.0
    345    0.0
    346    0.0
    347    0.0
    348    0.0
    349    0.0
    350    0.0
    351    0.0
    352    0.0
    353    0.0
    354    0.0
    355    0.0
    356    0.0
    357    0.0
    358    0.0
    359    0.0
    360    0.0
    361    0.0
    362    0.0
    363    0.0
    364    0.0
    365    0.0
