      1    0.0
      2    0.0
      3    0.0
      4    0.0
      5    0.0
      6    0.0
      7    0.0
      8    0.0
      9    0.0
     10    0.0
     11    0.0
     12    0.0
     13    0.0
     14    0.0
     15    0.0
     16    0.0
     17    0.0
     18    0.0
     19    0.0
     20    0.0
     21    0.0
     22    8.4
     23    0.0
     24    0.0
     25    0.0
     26    0.0
     27    0.0
     28    0.0
     29    6.3
     30   24.1
     31    1.3
     32    0.0
     33    0.0
     34    0.0
     35    0.0
     36    0.0
     37    0.0
     38    0.0
     39    0.0
     40    0.0
     41    0.0
     42    0.0
     43    T  
     44    0.0
     45    0.0
     46    0.0
     47    0.0
     48    0.0
     49    0.0
     50    0.0
     51    0.0
     52    0.0
     53    0.0
     54    0.0
     55    0.0
     56    0.0
     57    0.0
     58    0.0
     59    0.0
     60    0.0
     61    0.0
     62    0.0
     63    0.0
     64    0.0
     65    0.0
     66    0.0
     67    0.0
     68    0.0
     69    0.0
     70    0.0
     71    0.0
     72    0.0
     73    0.0
     74    0.0
     75    0.0
     76    0.0
     77    0.0
     78    0.0
     79    0.0
     80    0.0
     81    0.0
     82    0.0
     83    0.0
     84    0.0
     85    0.0
     86    0.0
     87    0.0
     88    0.0
     89    0.5
     90   11.0
     91   12.7
     92    0.0
     93    0.0
     94    0.0
     95    0.0
     96    0.0
     97    0.0
     98    0.0
     99    0.0
    100    0.0
    101    0.0
    102    0.0
    103    0.0
    104    0.0
    105    0.0
    106    0.0
    107    0.0
    108    0.0
    109    0.0
    110    0.0
    111    1.3
    112    0.0
    113    0.0
    114    0.0
    115    0.0
    116    0.0
    117    0.0
    118    0.0
    119    0.0
    120    0.0
    121    0.0
    122    0.0
    123    0.0
    124    0.0
    125    0.0
    126    0.0
    127    0.0
    128    0.0
    129    0.0
    130    0.0
    131    0.0
    132    0.0
    133    0.0
    134    0.0
    135    0.0
    136    0.0
    137    0.0
    138    0.0
    139    0.0
    140    0.0
    141    0.0
    142    0.0
    143    0.0
    144    T  
    145    0.0
    146    0.0
    147   72.4
    148    2.3
    149    1.3
    150   37.6
    151    T  
    152    0.0
    153    0.0
    154    0.0
    155    0.0
    156   21.1
    157   50.8
    158    0.0
    159    0.0
    160   17.8
    161    0.0
    162    0.0
    163   38.1
    164    9.1
    165    0.0
    166    0.0
    167    0.0
    168    0.0
    169    0.0
    170    0.0
    171    0.0
    172    5.3
    173    0.0
    174   26.7
    175    5.6
    176    5.8
    177   19.3
    178    2.5
    179   83.8
    180    0.0
    181   36.6
    182   36.1
    183    0.0
    184    7.6
    185   12.7
    186    1.3
    187    8.9
    188   52.1
    189   24.1
    190   11.2
    191   63.5
    192    0.0
    193    0.0
    194    0.8
    195    T  
    196    0.0
    197    0.0
    198  177.8
    199    0.0
    200   23.9
    201   12.5
    202   16.5
    203   19.6
    204    2.5
    205    2.5
    206    0.0
    207   20.8
    208   12.2
    209    0.0
    210    0.0
    211    0.0
    212   29.5
    213   30.2
    214    9.4
    215   13.2
    216   14.2
    217    1.3
    218    0.0
    219    4.3
    220  109.2
    221    0.0
    222   35.3
    223   15.0
    224    6.6
    225    0.0
    226   26.7
    227   17.5
    228   65.3
    229   11.2
    230   35.6
    231   20.6
    232    0.0
    233    0.0
    234    4.9
    235    0.0
    236    0.0
    237   22.9
    238    0.0
    239    0.0
    240    0.0
    241   42.4
    242    0.0
    243    0.0
    244    0.0
    245    0.0
    246   31.7
    247   11.4
    248    0.0
    249   63.2
    250   33.0
    251   15.5
    252    1.6
    253    0.0
    254    0.0
    255    0.0
    256    0.0
    257    0.0
    258    0.0
    259   56.1
    260    2.0
    261   20.1
    262    0.0
    263   66.3
    264   26.9
    265   19.8
    266   80.5
    267    1.0
    268   12.7
    269  105.9
    270    0.0
    271    0.0
    272    0.0
    273    0.0
    274    0.0
    275   25.4
    276   72.1
    277   14.5
    278    8.2
    279   23.1
    280    9.9
    281   25.4
    282    0.0
    283    6.3
    284    0.0
    285    0.0
    286    0.0
    287    2.0
    288    1.5
    289    0.0
    290    2.5
    291    0.0
    292    0.0
    293    0.0
    294    0.0
    295   18.8
    296    T  
    297    0.0
    298    0.0
    299    8.4
    300   39.3
    301    0.0
    302    0.0
    303    0.0
    304    0.0
    305    0.0
    306    0.0
    307    0.0
    308    0.0
    309    0.0
    310    0.0
    311    0.0
    312    0.0
    313    0.0
    314    0.0
    315    0.0
    316    0.0
    317    0.0
    318    0.0
    319    0.0
    320    0.0
    321    0.0
    322    0.0
    323    0.0
    324    0.0
    325    0.0
    326    0.0
    327    0.0
    328    0.0
    329    0.0
    330    0.0
    331    0.0
    332    0.0
    333    0.0
    334    0.0
    335    0.0
    336    0.0
    337    0.0
    338    0.0
    339    0.0
    340    0.0
    341    0.0
    342    0.0
    343    0.0
    344    0.0
    345    0.0
    346    0.0
    347    0.0
    348    0.0
    349    0.0
    350    0.0
    351    0.0
    352    0.0
    353    0.0
    354    0.0
    355    0.0
    356    0.0
    357    0.0
    358    0.0
    359    0.0
    360    0.0
    361    0.0
    362    0.0
    363    0.0
    364    0.0
    365    0.0
