      1    0.0
      2    0.0
      3    0.0
      4    0.0
      5    0.0
      6    0.0
      7    0.0
      8    0.0
      9    0.0
     10    0.0
     11    0.0
     12    0.0
     13    0.0
     14    0.0
     15    0.0
     16    0.0
     17    0.0
     18    0.0
     19    0.0
     20    0.0
     21    0.0
     22   11.0
     23    0.0
     24    0.0
     25    0.0
     26    0.0
     27    0.0
     28    0.0
     29    0.0
     30    0.0
     31    0.0
     32    0.0
     33    0.0
     34    0.0
     35    0.0
     36    0.0
     37    0.0
     38    0.0
     39    0.0
     40    0.0
     41    0.0
     42    0.0
     43    0.0
     44    0.0
     45    0.0
     46    0.0
     47    0.0
     48    0.0
     49    0.0
     50    0.0
     51    0.0
     52    0.0
     53    0.0
     54    0.0
     55    0.0
     56    0.0
     57    0.0
     58    0.0
     59    5.0
     60   12.0
     61    0.0
     62    0.0
     63    0.0
     64    1.6
     65    9.0
     66    0.0
     67    0.0
     68    0.0
     69    0.0
     70    0.0
     71    0.0
     72    0.0
     73    0.0
     74    0.0
     75    0.0
     76    0.0
     77    0.0
     78    0.0
     79    0.0
     80    0.0
     81    0.0
     82    0.0
     83    0.0
     84    0.0
     85    0.0
     86    0.0
     87    0.0
     88    0.0
     89    0.0
     90    0.0
     91    0.0
     92    0.0
     93    0.0
     94    0.0
     95    0.0
     96    0.0
     97    0.0
     98    0.0
     99    0.0
    100   13.0
    101    0.0
    102    0.0
    103    0.0
    104    0.0
    105    0.0
    106    0.0
    107    6.6
    108    0.0
    109    5.0
    110   37.4
    111   12.0
    112    4.0
    113    0.0
    114   10.0
    115    0.0
    116    0.0
    117    0.0
    118    0.0
    119    0.0
    120    0.0
    121    0.0
    122    0.0
    123    0.0
    124    0.0
    125    0.0
    126    6.0
    127   15.6
    128    5.0
    129    0.0
    130    0.0
    131    0.0
    132   13.6
    133    1.0
    134   20.4
    135    9.0
    136    2.0
    137    0.0
    138    0.0
    139    0.0
    140    0.0
    141    0.0
    142    6.0
    143    0.0
    144    0.0
    145    0.0
    146    0.0
    147    0.0
    148    0.0
    149    7.4
    150    0.0
    151   80.6
    152   50.8
    153    5.6
    154    8.8
    155  176.6
    156    0.0
    157    0.0
    158    0.0
    159    8.0
    160    9.0
    161    4.0
    162    1.6
    163    0.0
    164    4.0
    165   36.4
    166   22.6
    167   23.6
    168    0.0
    169   43.0
    170   36.4
    171  107.6
    172    6.6
    173   11.0
    174   35.0
    175    2.0
    176   15.6
    177    4.0
    178    9.0
    179   60.4
    180    1.0
    181    9.4
    182   41.6
    183    5.2
    184    6.4
    185    2.6
    186   66.8
    187   23.6
    188   10.0
    189    0.0
    190   54.4
    191   46.4
    192   60.6
    193    8.6
    194   11.0
    195    0.0
    196   12.0
    197    0.0
    198   20.0
    199   25.8
    200   12.0
    201    3.0
    202    5.0
    203    0.0
    204    0.0
    205   16.0
    206    2.0
    207    0.0
    208   19.0
    209    0.0
    210    2.0
    211   11.0
    212   16.0
    213   55.0
    214   27.4
    215   10.0
    216    2.4
    217    0.0
    218   72.0
    219    5.0
    220  309.4
    221   20.4
    222    1.4
    223   61.0
    224   61.6
    225    5.0
    226    7.0
    227    3.4
    228    6.6
    229   52.0
    230   18.0
    231  113.2
    232   12.0
    233    0.0
    234    0.0
    235    8.0
    236   65.4
    237   21.0
    238   43.6
    239    0.0
    240    0.0
    241    0.0
    242    2.0
    243   11.6
    244    4.6
    245   24.4
    246   19.0
    247   53.2
    248    0.0
    249   17.4
    250    6.6
    251    8.4
    252    4.6
    253   16.8
    254   54.0
    255    0.0
    256    0.0
    257    0.0
    258   14.0
    259    0.0
    260    0.0
    261    0.0
    262    0.0
    263    0.0
    264   16.0
    265   35.4
    266    4.0
    267    5.4
    268    0.0
    269    9.0
    270    0.0
    271    0.0
    272    0.0
    273    0.0
    274    0.0
    275  247.0
    276    9.6
    277    0.0
    278   21.0
    279    2.0
    280    0.0
    281    0.0
    282    0.0
    283    7.0
    284    0.0
    285    0.0
    286    0.0
    287    0.0
    288    0.0
    289    6.0
    290   30.0
    291   67.4
    292    2.0
    293    0.0
    294    0.0
    295    0.0
    296    0.0
    297    0.0
    298    0.0
    299    0.0
    300    0.0
    301    0.0
    302    0.0
    303    0.0
    304    0.0
    305   69.6
    306    0.0
    307    0.0
    308    0.0
    309    0.0
    310    0.0
    311   30.0
    312    0.0
    313    0.0
    314    0.0
    315    0.0
    316    0.0
    317    0.0
    318    0.0
    319    0.0
    320    0.0
    321    0.0
    322    0.0
    323    0.0
    324    0.0
    325    0.0
    326    0.0
    327    0.0
    328    0.0
    329    0.0
    330    0.0
    331    0.0
    332    0.0
    333    0.0
    334    0.0
    335    0.0
    336    0.0
    337    0.0
    338    0.0
    339    0.0
    340    0.0
    341    0.0
    342    0.0
    343    0.0
    344    0.0
    345    0.0
    346    0.0
    347    0.0
    348    0.0
    349    0.0
    350    0.0
    351    0.0
    352    0.0
    353    0.0
    354    0.0
    355    0.0
    356    0.0
    357    0.0
    358    0.0
    359    0.0
    360    0.0
    361    0.0
    362    0.0
    363    0.0
    364    0.0
    365    0.0
