      1    0.0
      2    0.0
      3    0.0
      4    0.0
      5    T  
      6    3.5
      7    0.0
      8    0.0
      9    0.0
     10    0.0
     11    0.0
     12    0.0
     13    0.0
     14    0.0
     15    0.0
     16    0.0
     17    0.0
     18    0.0
     19    0.0
     20    0.0
     21    0.0
     22    0.0
     23    0.0
     24    0.0
     25    0.0
     26    0.0
     27    0.0
     28    0.0
     29    0.0
     30    0.0
     31    0.0
     32    0.0
     33    0.0
     34    0.0
     35    0.0
     36    0.8
     37    5.6
     38    0.0
     39    0.0
     40    0.0
     41    0.0
     42    0.0
     43    0.0
     44    0.0
     45    0.0
     46    0.0
     47    0.0
     48    0.0
     49    0.0
     50    0.0
     51    0.0
     52    0.0
     53    0.0
     54    0.0
     55    0.0
     56    0.0
     57    0.0
     58    0.0
     59    0.0
     60    0.0
     61    0.0
     62    0.0
     63    0.0
     64    0.0
     65    0.0
     66    0.0
     67    0.0
     68    0.0
     69    0.0
     70    0.0
     71    0.0
     72    0.0
     73    0.0
     74    0.0
     75    0.0
     76    0.0
     77    0.0
     78    0.0
     79    0.0
     80    0.0
     81    0.0
     82    0.0
     83    0.0
     84    0.0
     85    2.4
     86    0.0
     87    0.0
     88    0.0
     89    0.0
     90    0.0
     91    0.0
     92    0.0
     93    0.0
     94    0.0
     95    0.0
     96    0.0
     97    0.0
     98    0.0
     99    0.0
    100    8.5
    101    0.0
    102    0.0
    103    0.0
    104    0.0
    105    0.0
    106    0.0
    107    0.0
    108    0.0
    109    0.0
    110    0.0
    111    0.0
    112    0.0
    113    0.0
    114    0.0
    115    0.0
    116    0.0
    117    0.0
    118    0.0
    119    0.0
    120    0.0
    121    0.0
    122    0.0
    123   10.2
    124    0.0
    125    0.0
    126    0.0
    127   35.8
    128    0.0
    129    0.0
    130    2.2
    131   72.8
    132    1.0
    133    0.0
    134    0.0
    135    6.2
    136    0.0
    137    0.0
    138    0.0
    139    0.0
    140    3.0
    141   13.4
    142   15.2
    143    0.0
    144    4.6
    145   33.5
    146    0.0
    147    0.0
    148    0.0
    149    0.0
    150    0.0
    151    0.0
    152    5.0
    153    0.0
    154   14.5
    155    0.0
    156    0.0
    157    0.2
    158    0.0
    159    0.0
    160    0.0
    161    0.0
    162    T  
    163   25.4
    164    0.0
    165    0.0
    166   77.4
    167   35.4
    168    0.1
    169    0.0
    170    8.2
    171   10.1
    172   19.9
    173    0.0
    174    5.0
    175    0.0
    176   13.0
    177    T  
    178    0.0
    179   60.0
    180    0.0
    181   12.0
    182   74.0
    183    5.4
    184   11.5
    185   15.8
    186    1.2
    187   97.0
    188   25.8
    189    8.0
    190   73.7
    191   30.3
    192   13.1
    193    1.0
    194    0.0
    195    8.0
    196    9.4
    197    1.2
    198    5.2
    199    5.6
    200    2.4
    201   32.0
    202   30.9
    203    8.5
    204   33.8
    205   21.6
    206   78.8
    207   37.8
    208   24.4
    209   12.2
    210   12.0
    211   13.0
    212    0.0
    213    0.0
    214    4.8
    215    2.0
    216    5.5
    217    5.2
    218   25.5
    219    2.0
    220    2.0
    221    1.2
    222    7.0
    223    1.0
    224    0.0
    225   33.2
    226   38.5
    227    0.0
    228    0.0
    229    0.0
    230    3.5
    231    8.5
    232    1.0
    233   41.4
    234    5.0
    235   38.8
    236   20.2
    237    4.5
    238    0.0
    239    0.0
    240   10.0
    241    6.5
    242    4.0
    243    0.0
    244   28.0
    245  130.9
    246  112.0
    247   22.4
    248   15.4
    249   32.0
    250    5.0
    251   10.0
    252   10.0
    253    1.0
    254   55.0
    255   10.4
    256    0.0
    257    1.0
    258    1.6
    259   13.0
    260  106.7
    261    0.0
    262    0.0
    263    0.0
    264    0.0
    265    0.0
    266    0.0
    267    0.0
    268   12.0
    269   18.0
    270    0.0
    271    0.0
    272   31.2
    273   19.5
    274   26.5
    275    2.0
    276    0.0
    277    0.0
    278    0.0
    279    9.0
    280    4.0
    281    0.0
    282    3.0
    283   77.6
    284   10.8
    285    0.0
    286    0.0
    287    0.0
    288    0.0
    289    0.0
    290   18.0
    291    0.0
    292   11.8
    293    0.0
    294    0.0
    295    0.0
    296    0.0
    297    0.0
    298    0.0
    299    0.0
    300    0.0
    301    0.0
    302    0.0
    303    0.0
    304    0.0
    305    0.0
    306    0.0
    307    0.0
    308    0.0
    309    0.0
    310    0.0
    311    0.0
    312    0.0
    313    0.0
    314    0.0
    315    0.0
    316    0.0
    317    0.0
    318    0.0
    319    0.0
    320    0.0
    321    0.0
    322    0.0
    323    0.0
    324    0.0
    325    0.0
    326    0.0
    327    0.0
    328    0.0
    329    0.0
    330    0.0
    331    0.0
    332    0.0
    333    0.0
    334    0.0
    335    0.0
    336    0.0
    337    0.0
    338    0.0
    339    0.0
    340    0.0
    341    0.0
    342    0.0
    343    0.0
    344    0.0
    345    0.0
    346    0.0
    347    0.0
    348    0.0
    349    0.0
    350    0.0
    351    0.0
    352    0.0
    353    0.0
    354    0.0
    355    0.0
    356    0.0
    357    0.0
    358    0.0
    359    0.0
    360    0.0
    361   19.0
    362   34.0
    363    0.0
    364    0.0
    365    0.0
