2000          Temperature for BIRATNAGAR AIRPOART     
        Tmax  Tmin
     1  24.0   7.0 
     2  20.2  11.0 
     3  18.0  10.7 
     4  20.0  10.2 
     5  18.0   7.5 
     6  18.0   9.8 
     7  18.5   8.8 
     8  21.0   5.2 
     9  20.5   6.5 
    10  23.0   7.5 
    11  24.2   8.0 
    12  24.6   7.7 
    13  24.2  11.5 
    14  24.8  10.2 
    15  22.3  11.5 
    16  23.0   9.5 
    17  21.2   9.5 
    18  24.0   6.4 
    19  22.8   7.8 
    20  21.5   8.0 
    21  23.2  10.0 
    22  24.4  11.5 
    23  24.4   9.0 
    24  23.6  11.2 
    25  25.2  10.0 
    26  25.5  10.0 
    27  25.5   9.5 
    28  25.0  10.5 
    29  23.3  10.5 
    30  22.0   8.0 
    31  24.3  10.2 
    32  24.5   8.0 
    33  21.0  13.1 
    34  24.3   8.0 
    35  24.3   8.7 
    36  24.5   9.5 
    37  24.4  11.5 
    38  25.5  11.0 
    39  18.5  13.2 
    40  23.2  11.0 
    41  22.2   6.0 
    42  24.7   7.2 
    43  26.4  10.6 
    44  26.7  10.0 
    45  26.4  10.6 
    46  24.0   9.5 
    47  26.3   9.0 
    48  26.5   8.3 
    49  26.6   9.5 
    50  25.6   6.0 
    51  25.6   6.6 
    52  25.7   7.2 
    53  26.0   7.4 
    54  26.7   8.7 
    55  26.7   9.7 
    56  25.6   8.6 
    57  26.2   7.0 
    58  25.2   6.0 
    59  25.7   8.0 
    60  27.4   9.0 
    61  27.8  11.7 
    62  26.6  11.6 
    63  26.6  13.5 
    64  27.6  15.0 
    65  28.6  13.5 
    66  29.5  14.9 
    67  31.0  14.5 
    68  29.5  14.2 
    69  28.0  10.8 
    70  28.0  11.0 
    71  28.5  13.2 
    72  28.0  14.8 
    73  29.0  18.0 
    74  29.5  16.0 
    75  29.7  13.5 
    76  29.6  12.0 
    77  30.0  13.8 
    78  30.5  13.8 
    79  32.2  17.0 
    80  32.0  12.8 
    81  33.0  11.0 
    82  33.2  10.0 
    83  30.0  18.5 
    84  33.4  16.9 
    85  33.2  12.5 
    86  33.7  13.0 
    87  34.6  15.0 
    88  35.3  17.5 
    89  35.5  14.8 
    90  35.5  16.6 
    91  35.7  21.5 
    92  35.7  22.8 
    93  37.6  20.5 
    94  35.7  17.0 
    95  36.7  15.0 
    96  37.4  15.0 
    97  37.6  15.6 
    98  37.7  15.3 
    99  37.5  15.6 
   100  35.2  21.8 
   101  34.6  19.6 
   102  35.5  19.0 
   103  33.7  18.3 
   104  34.6  19.5 
   105  33.7  22.5 
   106  31.6  20.9 
   107  36.3  19.0 
   108  36.2  21.5 
   109  34.0  19.0 
   110  34.6  21.4 
   111  35.8  23.7 
   112  31.0  21.8 
   113  33.0  22.5 
   114  34.0  21.3 
   115  29.3  18.5 
   116  25.4  21.0 
   117  29.0  20.2 
   118  29.4  21.5 
   119  30.2  21.5 
   120  31.7  21.6 
   121  32.6  23.2 
   122  34.0  22.6 
   123  29.7  21.8 
   124  32.5  22.4 
   125  33.6  23.0 
   126  34.6  23.5 
   127  35.7  24.0 
   128  29.0  23.4 
   129  33.2  21.0 
   130  35.2  24.8 
   131  35.7  22.0 
   132  36.4  25.6 
   133  37.0  26.6 
   134  37.7  26.2 
   135  36.0  24.5 
   136  36.2  27.0 
   137  35.3  25.0 
   138  33.0  23.6 
   139  33.0  25.8 
   140  32.5  23.0 
   141  30.2  22.5 
   142  31.6  24.0 
   143  29.2  23.2 
   144  34.0  23.8 
   145  33.7  24.7 
   146  33.7  23.5 
   147  30.0  23.5 
   148  29.5  23.2 
   149  29.5  23.5 
   150  29.6  24.0 
   151  29.4  23.0 
   152  32.2  24.5 
   153  34.5  24.0 
   154  33.5  24.5 
   155  35.3  25.8 
   156  37.2  26.6 
   157  35.5  24.7 
   158  31.5  24.5 
   159  30.2  23.8 
   160  33.0  25.8 
   161  32.6  23.6 
   162  33.6  26.5 
   163  33.7  25.6 
   164  34.2  23.5 
   165  36.2  26.4 
   166  32.2  24.4 
   167  32.0  24.0 
   168  34.0  25.7 
   169  35.5  26.5 
   170  35.6  26.6 
   171  32.5  26.0 
   172  33.2  26.4 
   173  29.7  25.4 
   174  27.0  24.4 
   175  27.0  24.0 
   176  33.2  24.5 
   177  32.0  23.5 
   178  29.4  23.2 
   179  33.7  26.0 
   180  31.5  25.5 
   181  34.0  26.0 
   182  32.7  26.6 
   183  33.2  26.0 
   184  32.0  24.2 
   185  32.5  24.5 
   186  35.6  26.4 
   187  35.3  26.5 
   188  28.0  25.0 
   189  32.6  25.5 
   190  34.0  24.7 
   191  32.0  25.8 
   192  32.6  24.5 
   193  35.2  27.0 
   194  34.5  26.5 
   195  33.2  26.7 
   196  33.5  26.0 
   197  33.3  25.9 
   198  35.5  27.0 
   199  34.5  27.0 
   200  33.2  27.1 
   201  31.0  26.0 
   202  33.3  25.2 
   203  33.2  25.0 
   204  34.0  26.4 
   205  30.0  26.0 
   206  32.5  26.0 
   207  32.7  25.2 
   208  32.5  23.0 
   209  32.4  25.7 
   210  33.5  25.8 
   211  31.2  24.5 
   212  33.6  26.0 
   213  32.2  26.0 
   214  27.6  25.5 
   215  29.7  25.0 
   216  32.2  25.0 
   217  34.0  26.2 
   218  32.2  25.5 
   219  33.5  24.4 
   220  34.5  27.0 
   221  34.5  25.5 
   222  31.5  25.4 
   223  32.7  26.0 
   224  33.5  26.0 
   225  33.2  25.5 
   226  34.0  26.0 
   227  33.5  25.5 
   228  31.5  25.0 
   229  33.7  25.6 
   230  34.5  25.5 
   231  34.4  26.5 
   232  33.8  27.0 
   233  34.0  26.7 
   234  31.2  24.5 
   235  34.2  26.5 
   236  34.5  26.0 
   237  34.5  27.1 
   238  35.6  27.1 
   239  36.0  27.0 
   240  32.5  25.5 
   241  33.2  26.7 
   242  34.0  26.0 
   243  32.0  25.2 
   244  33.3  25.7 
   245  31.0  26.5 
   246  33.2  26.3 
   247  33.2  26.3 
   248  33.7  25.2 
   249  33.0  24.0 
   250  33.6  25.5 
   251  32.5  24.5 
   252  32.2  24.5 
   253  29.6  24.8 
   254  31.2  25.4 
   255  33.4  25.0 
   256  33.6  25.2 
   257  35.5  26.0 
   258  34.0  27.0 
   259  30.6  24.5 
   260  32.7  25.5 
   261  27.6  24.3 
   262  29.0  23.0 
   263  30.7  23.5 
   264  29.3  22.5 
   265  28.5  23.2 
   266  26.6  22.5 
   267  30.5  24.0 
   268  32.2  23.6 
   269  33.6  23.0 
   270  33.5  23.7 
   271  33.2  24.0 
   272  32.5  23.0 
   273  34.0  22.2 
   274  34.2  22.5 
   275  33.6  23.0 
   276  32.7  22.5 
   277  33.2  23.7 
   278  34.2  25.0 
   279  34.5  24.0 
   280  34.6  25.5 
   281  34.7  24.5 
   282  35.0  24.7 
   283  34.7  24.0 
   284  34.2  24.0 
   285  32.7  23.5 
   286  34.1  23.8 
   287  34.0  24.2 
   288  33.7  22.2 
   289  34.6  21.2 
   290  35.2  20.0 
   291  34.7  18.5 
   292  34.2  20.5 
   293  34.5  21.0 
   294  34.0  20.7 
   295  33.5  21.0 
   296  32.4  21.5 
   297  31.0  21.0 
   298  31.6  21.2 
   299  32.5  22.0 
   300  33.2  20.0 
   301  32.0  19.0 
   302  29.6  20.5 
   303  26.8  20.4 
   304  32.2  15.5 
   305  32.2  17.5 
   306  32.3  19.2 
   307  33.2  17.5 
   308  33.0  17.0 
   309  32.3  17.1 
   310  32.0  17.5 
   311  30.5  18.4 
   312  30.1  18.7 
   313  29.6  20.2 
   314  29.3  19.0 
   315  30.0  19.5 
   316  29.5  20.8 
   317  28.5  20.2 
   318  29.4  17.2 
   319  28.7  17.4 
   320  27.7  19.0 
   321  30.0  16.0 
   322  31.5  16.2 
   323  30.5  15.8 
   324  29.3  16.8 
   325  28.4  17.5 
   326  27.6  17.3 
   327  28.4  16.2 
   328  29.4  14.5 
   329  28.5  16.0 
   330  28.5  17.0 
   331  29.6  17.0 
   332  31.0  14.5 
   333  30.2  14.3 
   334  28.5  12.7 
   335  28.5  12.5 
   336  27.5   9.3 
   337  26.3   8.8 
   338  28.2   8.8 
   339  27.3   7.6 
   340  27.4   9.0 
   341  27.0   9.0 
   342  27.2   9.5 
   343  27.5   9.5 
   344  25.4   9.5 
   345  26.8   9.8 
   346  26.6  10.0 
   347  25.5   9.5 
   348  26.6  10.5 
   349  26.6   9.4 
   350  27.2   9.2 
   351  28.5  10.2 
   352  27.7  10.0 
   353  27.5   9.0 
   354  25.6   9.7 
   355  24.7   9.5 
   356  27.4   9.5 
   357  28.0  10.0 
   358  28.7   9.6 
   359  28.6  10.7 
   360  28.5  11.5 
   361  28.6  11.0 
   362  27.7  10.4 
   363  28.6  10.0 
   364  26.6   9.0 
   365  26.0   8.7 
   366  24.6  10.7 
