2012          Temperature for BIRATNAGAR AIRPOART     
        Tmax  Tmin
     1  21.5  12.0 
     2  19.2  12.5 
     3  21.9  11.5 
     4  21.2  11.0 
     5  20.0  11.0 
     6  22.3  12.0 
     7  24.4  10.5 
     8  24.5   9.5 
     9  20.7  10.4 
    10  23.8   8.9 
    11  18.5   8.0 
    12  19.0  10.5 
    13  21.2   9.0 
    14  14.5   7.5 
    15  22.3   5.0 
    16  23.5   6.0 
    17  23.4   8.2 
    18  23.3  10.2 
    19  20.0  10.0 
    20  23.5   9.3 
    21  21.0  14.5 
    22  20.7   7.5 
    23  22.7   6.4 
    24  22.4   7.2 
    25  23.9   6.7 
    26  22.1   8.0 
    27  22.5   7.0 
    28  24.5   6.3 
    29  24.0   6.5 
    30  24.9   6.5 
    31  25.9   7.0 
    32  23.9   7.0 
    33  24.7   8.0 
    34  26.3   7.4 
    35  26.7   7.0 
    36  26.7   7.6 
    37  26.3  10.0 
    38  25.7   9.5 
    39  24.1  13.3 
    40  23.3  13.5 
    41  21.5   7.8 
    42  23.6   6.0 
    43  24.0   7.6 
    44  24.8   8.4 
    45  26.7   8.8 
    46  27.3  10.5 
    47  28.3  12.0 
    48  30.0  14.5 
    49  27.4  12.5 
    50  26.3  10.3 
    51  25.6  11.0 
    52  27.3  11.5 
    53  27.8  11.2 
    54  29.1  13.0 
    55  30.2  13.0 
    56  30.6  12.5 
    57  28.2  10.8 
    58  26.5  10.8 
    59  26.7  11.0 
    60  28.3  14.5 
    61  28.5   9.8 
    62  28.3  10.0 
    63  29.3  11.8 
    64  28.3  12.5 
    65  29.5  12.0 
    66  29.9   9.5 
    67  30.5  15.5 
    68  30.5  13.0 
    69  31.4  11.0 
    70  33.0  11.5 
    71  31.5   8.5 
    72  31.5   9.0 
    73  22.0  17.5 
    74  27.5  12.0 
    75  28.5  13.5 
    76  29.8  12.0 
    77  30.5  13.5 
    78  31.7  10.0 
    79  32.7  15.0 
    80  33.3  11.5 
    81  34.3   8.0 
    82  32.7  18.0 
    83  30.5  16.0 
    84  32.0  17.6 
    85  33.4  17.0 
    86  34.1  18.5 
    87  35.7  19.0 
    88  34.0  21.5 
    89  35.5  20.0 
    90  35.0  16.5 
    91  36.2  21.5 
    92  37.5  20.5 
    93  37.7  20.0 
    94  37.9  21.5 
    95  32.3  19.5 
    96  32.3  17.0 
    97  32.3  18.0 
    98  30.1  17.5 
    99  31.5  21.5 
   100  28.1  18.0 
   101  23.3  10.5 
   102  30.4  20.0 
   103  32.4  21.0 
   104  32.4  18.0 
   105  32.5  21.5 
   106  34.3  18.3 
   107  36.8  18.5 
   108  35.9  17.5 
   109  36.7  20.0 
   110  35.9  22.0 
   111  32.5  22.0 
   112  33.7  23.5 
   113  36.4  22.0 
   114  38.5  20.4 
   115  38.5  19.5 
   116  34.2  20.5 
   117  34.3  24.0 
   118  37.9  24.0 
   119  39.8  24.0 
   120  38.7  21.5 
   121  38.7  21.5 
   122  36.6  22.0 
   123  33.5  17.5 
   124  34.2  23.0 
   125  33.3  18.5 
   126  34.0  21.0 
   127  37.3  19.5 
   128  38.1  20.5 
   129  38.8  21.5 
   130  37.7  26.5 
   131  36.5  22.5 
   132  34.5  23.5 
   133  36.3  24.0 
   134  35.5  21.8 
   135  38.5  23.7 
   136  41.5  23.6 
   137  36.6  24.6 
   138  35.0  25.7 
   139  37.0  25.3 
   140  40.0  25.4 
   141  36.5  22.7 
   142  40.0  25.6 
   143  37.5  25.3 
   144  34.5  19.5 
   145  38.0  26.3 
   146  40.0  27.0 
   147  36.0  24.0 
   148  33.5  24.7 
   149  36.5  26.8 
   150  37.0  25.3 
   151  36.2  25.6 
   152  36.0  24.6 
   153  34.0  23.0 
   154  32.5  21.9 
   155  34.5  26.3 
   156  35.4  27.5 
   157  33.0  27.0 
   158  33.4  22.6 
   159  33.0  26.1 
   160  33.5  26.4 
   161  35.2  27.6 
   162  35.0  27.6 
   163  33.0  27.0 
   164  33.5  27.0 
   165  35.3  25.0 
   166  33.2  26.0 
   167  34.5  26.6 
   168  39.5  25.8 
   169  27.2  24.5 
   170  32.0  25.0 
   171  35.5  25.6 
   172  36.0  25.4 
   173  35.5  26.6 
   174  33.5  26.0 
   175  32.0  25.6 
   176  32.5  25.6 
   177  29.8  23.5 
   178  35.8  22.7 
   179  34.0  26.7 
   180  32.5  23.7 
   181  33.0  26.3 
   182  36.3  27.6 
   183  35.5  28.7 
   184  37.0  27.0 
   185  32.5  26.7 
   186  34.0  27.3 
   187  31.0  25.5 
   188  34.5  24.7 
   189  32.5  26.3 
   190  34.5  26.0 
   191  33.7  26.0 
   192  33.0  25.5 
   193  34.5  26.8 
   194  31.0  23.3 
   195  33.7  26.0 
   196  32.4  27.0 
   197  32.3  26.0 
   198  32.5  20.0 
   199  34.2  26.0 
   200  31.3  25.0 
   201  29.6  24.5 
   202  33.8  26.7 
   203  32.5  27.0 
   204  32.8  26.0 
   205  32.3  26.5 
   206  32.3  25.0 
   207  34.1  26.5 
   208  36.0  28.0 
   209  34.3  27.3 
   210  33.0  26.0 
   211  32.6  26.0 
   212  34.0  26.1 
   213  34.3  26.2 
   214  35.0  26.5 
   215  33.5  26.0 
   216  34.0  25.0 
   217  35.0  27.5 
   218  34.5  25.5 
   219  34.0  26.6 
   220  32.5  26.0 
   221  34.5  26.5 
   222  35.5  26.9 
   223  35.5  26.5 
   224  33.2  25.9 
   225  33.0  25.0 
   226  34.5  26.0 
   227  34.5  27.0 
   228  35.5  27.0 
   229  36.4  27.0 
   230  35.8  27.5 
   231  34.8  27.5 
   232  34.5  26.5 
   233  32.5  26.5 
   234  34.0  25.5 
   235  32.5  25.0 
   236  32.4  25.5 
   237  32.5  26.0 
   238  35.0  26.0 
   239  34.8  26.5 
   240  34.5  26.2 
   241  35.2  26.5 
   242  32.5  26.5 
   243  35.5  26.0 
   244  35.5  27.0 
   245  35.3  26.0 
   246  33.9  24.8 
   247  37.2  24.0 
   248  34.6  24.5 
   249  34.3  24.0 
   250  33.2  25.0 
   251  36.2  25.4 
   252  37.6  26.5 
   253  34.3  26.0 
   254  35.5  25.5 
   255  35.3  26.0 
   256  32.7  25.0 
   257  35.0  26.0 
   258  31.8  25.0 
   259  29.5  24.5 
   260  30.7  23.5 
   261  28.7  23.5 
   262  30.9  24.5 
   263  32.3  25.0 
   264  33.6  25.5 
   265  34.6  26.0 
   266  37.3  24.0 
   267  33.8  24.0 
   268  33.7  25.0 
   269  35.5  25.0 
   270  34.3  25.0 
   271  36.7  24.5 
   272  36.3  24.5 
   273  38.3  25.4 
   274  36.3  25.6 
   275  34.5  25.5 
   276  33.3  25.0 
   277  34.5  24.0 
   278  32.7  25.0 
   279  34.0  23.5 
   280  33.3  23.5 
   281  34.5  23.5 
   282  33.3  23.0 
   283  26.3  21.3 
   284  31.8  22.0 
   285  33.6  22.0 
   286  32.7  22.5 
   287  33.0  20.0 
   288  32.5  20.0 
   289  32.5  20.5 
   290  32.5  20.2 
   291  32.7  20.0 
   292  33.3  19.2 
   293  32.2  19.5 
   294  32.5  19.0 
   295  31.7  18.2 
   296  32.4  20.0 
   297  32.5  17.4 
   298  31.4  16.5 
   299  31.4  17.0 
   300  31.6  16.0 
   301  32.3  16.5 
   302  32.7  15.5 
   303  33.0  16.0 
   304  33.7  16.0 
   305  32.7  16.0 
   306  32.6  16.5 
   307  30.7  16.5 
   308  31.0  14.5 
   309  31.4  15.5 
   310  32.5  15.0 
   311  32.5  17.5 
   312  35.5  15.5 
   313  31.3  14.0 
   314  29.4  14.5 
   315  29.0  15.5 
   316  29.3  14.0 
   317  30.7  15.0 
   318  31.5  13.5 
   319  30.7  12.5 
   320  30.4  13.4 
   321  31.5  17.0 
   322  32.3  13.0 
   323  32.2  13.0 
   324  30.8  12.0 
   325  31.3  12.0 
   326  29.6  12.0 
   327  28.0  11.5 
   328  29.0  12.5 
   329  27.8  13.0 
   330  27.0  12.0 
   331  27.7  10.5 
   332  26.7   9.0 
   333  27.0  10.0 
   334  27.5  10.5 
   335  27.7  10.5 
   336  27.7  10.9 
   337  27.7   9.5 
   338  28.4  10.0 
   339  27.0  10.5 
   340  27.0  10.5 
   341  26.5  11.5 
   342  26.7  11.0 
   343  26.1  12.0 
   344  24.8  12.0 
   345  24.0  13.5 
   346  23.0  15.0 
   347  24.8  16.5 
   348  23.8  14.5 
   349  25.0  11.0 
   350  25.0  12.0 
   351  26.3  10.5 
   352  21.7  10.8 
   353  24.5  11.5 
   354  22.1  14.0 
   355  17.3  10.0 
   356  19.5  10.0 
   357  20.0  10.0 
   358  22.7  10.0 
   359  21.0  10.5 
   360  18.4  11.0 
   361  20.3  11.5 
   362  22.7   8.5 
   363  23.2   7.0 
   364  21.6   8.0 
   365  23.3   6.5 
   366  24.3  10.0 
