1978          Temperature for BIRATNAGAR AIRPOART     
        Tmax  Tmin
     1  20.0   8.0 
     2  21.3   8.6 
     3  19.2   4.9 
     4  20.0   4.5 
     5  22.3   5.8 
     6  22.4   6.3 
     7  22.8   7.2 
     8  22.8   5.6 
     9  22.4   6.2 
    10  22.9   7.8 
    11  21.8   4.9 
    12  21.2   5.2 
    13  20.9   6.3 
    14  21.6   6.2 
    15  21.8   6.7 
    16  22.9   8.0 
    17  22.1  11.2 
    18  21.9   8.2 
    19  20.4   7.2 
    20  21.5   7.0 
    21  18.9   9.6 
    22  22.9  10.0 
    23  20.8   8.9 
    24  22.4  10.8 
    25  24.0   8.0 
    26  23.8   7.2 
    27  23.0   7.8 
    28  23.6   7.8 
    29  24.3   8.2 
    30  25.0   8.8 
    31  25.1  10.7 
    32  26.0   8.8 
    33  25.2   7.3 
    34  25.0   7.2 
    35  23.0   8.7 
    36  22.5   5.4 
    37  23.5   6.9 
    38  24.4   8.2 
    39  24.7  12.2 
    40  23.1  10.9 
    41  23.4   6.8 
    42  23.7   7.6 
    43  23.5   8.6 
    44  25.2   9.8 
    45  26.5   9.8 
    46  27.3  10.2 
    47  22.8  14.2 
    48  19.8  14.8 
    49  24.1  13.2 
    50  25.2  12.2 
    51  23.1   7.2 
    52  23.6   7.5 
    53  24.2   8.0 
    54  24.9   8.6 
    55  27.2   9.9 
    56  28.6  10.2 
    57  30.0  10.0 
    58  29.9  11.3 
    59  29.9  11.0 
    60  30.8  12.4 
    61  30.6  11.8 
    62  31.7  12.6 
    63  31.8  12.4 
    64  30.8  13.0 
    65  29.0  13.5 
    66  28.4  11.8 
    67  28.6   9.8 
    68  29.5  11.2 
    69  30.0  13.5 
    70  24.8  14.5 
    71  25.6  14.8 
    72  26.6  10.0 
    73  27.5   9.3 
    74  29.2  11.0 
    75  30.1  11.6 
    76  31.6  12.9 
    77  25.8  16.8 
    78  28.7  13.8 
    79  30.0  13.8 
    80  31.0  12.2 
    81  32.0  13.0 
    82  31.8  12.3 
    83  32.6  11.2 
    84  33.0  14.2 
    85  32.2  12.6 
    86  32.8  11.6 
    87  32.8  11.7 
    88  33.6  14.4 
    89  28.8  15.8 
    90  31.3  13.4 
    91  33.6  11.4 
    92  33.2  12.3 
    93  34.4  18.3 
    94  35.0  17.8 
    95  34.4  16.3 
    96  35.2  13.7 
    97  34.8  13.8 
    98  35.4  16.8 
    99  36.2  17.3 
   100  37.4  18.3 
   101  35.7  18.8 
   102  35.0  20.4 
   103  33.3  23.0 
   104  32.6  18.8 
   105  33.6  21.8 
   106  30.2  17.8 
   107  30.7  21.0 
   108  26.5  22.6 
   109  28.9  17.2 
   110  33.6  19.8 
   111  32.8  21.0 
   112  34.6  19.3 
   113  33.0  20.8 
   114  33.0  23.2 
   115  33.6  20.4 
   116  34.6  19.8 
   117  36.2  19.2 
   118  34.0  22.6 
   119  33.3  19.6 
   120  34.7  21.3 
   121  33.6  23.0 
   122  32.2  21.6 
   123  34.6  23.4 
   124  29.6  19.6 
   125  32.8  19.0 
   126  34.2  21.2 
   127  30.2  24.2 
   128  31.8  23.0 
   129  33.6  22.6 
   130  33.0  24.6 
   131  32.8  22.8 
   132  33.8  25.0 
   133  34.8  24.0 
   134  35.3  24.4 
   135  34.1  24.8 
   136  34.2  24.8 
   137  37.2  25.7 
   138  39.3  25.2 
   139  39.6  27.0 
   140  34.7  25.1 
   141  33.6  27.0 
   142  28.8  20.6 
   143  26.5  21.8 
   144  28.8  22.2 
   145  32.0  22.8 
   146  31.7  24.2 
   147  31.2  19.2 
   148  31.9  23.8 
   149  30.2  19.7 
   150  31.3  23.7 
   151  32.8  25.2 
   152  33.0  23.5 
   153  32.1  21.7 
   154  30.5  24.3 
   155  32.2  24.6 
   156  33.2  24.8 
   157  34.8  25.4 
   158  33.8  25.2 
   159  29.2  25.0 
   160  30.6  24.8 
   161  31.1  24.0 
   162  32.7  24.5 
   163  31.8  24.2 
   164  32.2  24.8 
   165  33.8  24.4 
   166  34.6  25.2 
   167  34.8  25.5 
   168  34.4  25.2 
   169  34.2  26.0 
   170  33.0  24.8 
   171  34.6  26.0 
   172  33.5  25.9 
   173  31.8  25.2 
   174  30.3  25.0 
   175  32.6  25.0 
   176  33.1  25.7 
   177  30.8  26.4 
   178  31.8  24.0 
   179  33.8  25.0 
   180  33.9  26.0 
   181  31.2  24.6 
   182  32.0  24.4 
   183  33.0  25.0 
   184  32.8  26.2 
   185  29.0  22.8 
   186  30.6  23.3 
   187  32.1  23.8 
   188  32.2  24.6 
   189  30.8  23.6 
   190  32.2  24.9 
   191  33.8  25.3 
   192  34.3  25.8 
   193  31.6  24.0 
   194  32.8  24.5 
   195  33.6  25.4 
   196  25.8  23.0 
   197  27.8  23.1 
   198  30.9  24.9 
   199  30.8  24.2 
   200  28.8  24.6 
   201  27.1  24.0 
   202  32.1  23.7 
   203  33.8  26.0 
   204  33.2  26.0 
   205  32.2  26.0 
   206  32.8  25.3 
   207  32.9  25.8 
   208  31.0  25.6 
   209  29.2  23.3 
   210  32.2  25.7 
   211  32.8  26.2 
   212  32.7  26.1 
   213  31.6  24.6 
   214  33.7  26.0 
   215  32.8  24.8 
   216  30.5  25.0 
   217  32.2  25.0 
   218  32.8  24.5 
   219  30.9  25.4 
   220  32.9  25.8 
   221  34.0  26.8 
   222  32.5  25.2 
   223  33.5  26.3 
   224  34.3  25.0 
   225  36.2  26.5 
   226  36.4  26.4 
   227  30.7  23.8 
   228  32.5  24.9 
   229  32.8  26.1 
   230  31.3  23.5 
   231  34.3  25.8 
   232  33.6  24.8 
   233  33.2  26.0 
   234  32.2  24.6 
   235  32.6  25.0 
   236  32.6  23.9 
   237  33.6  24.8 
   238  33.8  25.4 
   239  32.2  24.9 
   240  33.2  25.8 
   241  33.6  25.8 
   242  35.1  26.2 
   243  34.0  25.6 
   244  33.2  25.3 
   245  31.2  25.0 
   246  31.9  23.2 
   247  33.0  24.7 
   248  32.1  25.0 
   249  29.5  24.0 
   250  30.5  24.0 
   251  30.8  23.8 
   252  32.2  24.0 
   253  29.9  22.2 
   254  31.7  23.7 
   255  27.8  24.0 
   256  25.4  24.0 
   257  26.2  22.8 
   258  31.8  23.0 
   259  31.8  24.2 
   260  32.4  24.0 
   261  33.1  24.1 
   262  31.5  22.5 
   263  31.9  25.0 
   264  33.0  24.1 
   265  30.8  23.0 
   266  31.8  23.7 
   267  33.9  24.2 
   268  31.4  24.0 
   269  30.2  21.3 
   270  29.8  23.2 
   271  31.5  23.7 
   272  30.0  23.7 
   273  31.4  23.8 
   274  30.9  21.5 
   275  32.0  23.0 
   276  33.0  22.3 
   277  28.7  25.0 
   278  26.9  24.0 
   279  31.0  23.0 
   280  32.6  22.6 
   281  33.4  23.3 
   282  33.5  23.9 
   283  33.3  24.9 
   284  31.6  21.2 
   285  31.0  20.2 
   286  33.1  20.9 
   287  32.4  20.1 
   288  33.2  19.4 
   289  33.1  18.9 
   290  32.1  16.0 
   291  31.7  17.0 
   292  31.8  18.9 
   293  31.2  17.6 
   294  30.5  17.9 
   295  30.8  18.0 
   296  31.4  19.2 
   297  31.5  18.4 
   298  32.0  18.0 
   299  32.0  18.0 
   300  31.6  17.0 
   301  29.9  18.2 
   302  29.4  21.0 
   303  31.6  18.3 
   304  30.5  18.0 
   305  30.2  19.4 
   306  21.7  17.8 
   307  28.5  15.2 
   308  29.0  17.0 
   309  28.9  16.9 
   310  29.7  17.0 
   311  29.3  17.0 
   312  28.8  16.8 
   313  26.1  17.3 
   314  27.1  18.0 
   315  28.2  16.8 
   316  29.0  16.2 
   317  29.6  16.6 
   318  26.8  16.8 
   319  25.7  18.0 
   320  28.3  14.9 
   321  28.2  16.5 
   322  27.2  15.0 
   323  25.9  15.9 
   324  26.0  14.8 
   325  25.6  15.8 
   326  26.6  14.2 
   327  24.0  13.0 
   328  27.8  12.3 
   329  27.4  12.7 
   330  27.4  10.3 
   331  25.6  10.2 
   332  25.0   9.1 
   333  24.2   7.0 
   334  24.4   9.4 
   335  24.8  11.7 
   336  21.6  15.5 
   337  26.6  10.0 
   338  26.8   9.0 
   339  27.7   9.9 
   340  27.7   9.3 
   341  26.2   8.0 
   342  25.2   7.0 
   343  25.6   7.8 
   344  26.9   7.5 
   345  28.1   9.4 
   346  27.5   9.2 
   347  27.9   9.4 
   348  27.8   9.8 
   349  27.2   9.8 
   350  26.0   9.2 
   351  25.3   9.0 
   352  25.3   8.4 
   353  25.3   9.6 
   354  24.8   8.4 
   355  25.4   9.2 
   356  25.4   9.6 
   357  25.2   9.3 
   358  25.1   8.4 
   359  25.0   9.0 
   360  24.4  10.4 
   361  24.5   9.0 
   362  25.5   9.0 
   363  24.5   8.2 
   364  24.8   7.6 
   365  24.8   8.6 
