2004          Temperature for JUMLA                   
        Tmax  Tmin
     1  14.5  -4.7 
     2  14.5  -6.2 
     3  15.3  -7.0 
     4  15.0  -7.2 
     5  15.0  -7.5 
     6  14.3  -1.5 
     7  13.0  -6.0 
     8  15.2  -5.0 
     9  15.5  -5.8 
    10  15.6  -5.8 
    11  14.0  -4.6 
    12  15.0  -4.5 
    13  14.5  -3.5 
    14  16.0  -2.5 
    15  15.6  -4.5 
    16  16.6  -4.0 
    17  17.5  -3.9 
    18   8.4  -3.6 
    19  15.0  -5.0 
    20  17.3  -4.5 
    21   9.5   0.6 
    22  14.8  -0.4 
    23   8.6  -0.5 
    24   8.6   0.0 
    25   7.3  -6.8 
    26   8.0  -2.8 
    27  10.5  -6.9 
    28  14.8  -5.3 
    29  12.4  -5.3 
    30  13.0  -4.8 
    31   7.1  -1.1 
    32  10.1  -0.3 
    33  11.5  -5.5 
    34  14.1  -5.6 
    35  14.6  -5.5 
    36  11.7  -6.8 
    37  12.1  -5.7 
    38  19.0  -4.8 
    39  16.5  -5.0 
    40  19.4  -4.5 
    41  18.0  -3.8 
    42  17.3  -4.5 
    43  19.0  -4.4 
    44  16.5  -3.5 
    45  16.3  -3.2 
    46  18.5  -3.5 
    47  22.5  -4.0 
    48  17.6  -3.5 
    49  16.0  -1.3 
    50  15.8  -0.6 
    51  17.2  -3.3 
    52  21.0  -3.0 
    53  19.0  -4.5 
    54  23.1  -2.6 
    55  23.8  -3.8 
    56  24.0  -2.5 
    57  23.7  -1.2 
    58  21.5  -2.0 
    59  19.5  -0.5 
    60  19.6  -2.0 
    61  20.8  -3.8 
    62  21.1  -3.6 
    63  21.4  -3.0 
    64  21.5  -3.0 
    65  21.0  -3.6 
    66  20.0  -3.2 
    67  19.4  -1.5 
    68  25.0  -3.4 
    69  20.5   3.5 
    70  20.5   3.2 
    71  20.6   0.3 
    72  20.1   1.5 
    73  21.5   1.8 
    74  22.5   2.7 
    75  22.8   1.9 
    76  23.9   2.8 
    77  27.1   3.7 
    78  25.6   5.0 
    79  26.0   3.0 
    80  28.0   5.5 
    81  25.8   2.4 
    82  25.2   3.2 
    83  24.6   4.0 
    84  24.8   2.9 
    85  22.8   1.2 
    86  24.1  -0.8 
    87  22.0  -0.5 
    88  22.6   1.0 
    89  22.5  -0.3 
    90  21.1   0.5 
    91  20.0   1.5 
    92  21.6   2.5 
    93  21.5   4.4 
    94  22.9   2.6 
    95  24.6   4.5 
    96  23.6   6.5 
    97  22.0   5.4 
    98  22.8   6.5 
    99  19.2   5.8 
   100  21.6   5.5 
   101  23.0   4.0 
   102  23.7   5.0 
   103  24.5   5.5 
   104  23.5   5.4 
   105  25.0   5.2 
   106  24.0   6.0 
   107  26.0   4.5 
   108  26.2   5.0 
   109  24.9   5.0 
   110  24.6   7.0 
   111  25.5  10.5 
   112  25.2   6.7 
   113  24.0   8.4 
   114  17.7   8.4 
   115  21.0   2.0 
   116  19.6   2.0 
   117  23.0   5.5 
   118  23.5  10.0 
   119  18.5   7.0 
   120  20.4   6.0 
   121   8.6   3.5 
   122  17.6   0.5 
   123  18.8   1.5 
   124  22.0   2.0 
   125  22.5   4.2 
   126  22.6   4.8 
   127  26.5   3.5 
   128  25.5   6.0 
   129  25.5   6.8 
   130  26.5   7.3 
   131  27.3   8.5 
   132  27.6   8.0 
   133  27.0   7.5 
   134  27.0   7.4 
   135  27.0  10.0 
   136  29.0  10.8 
   137  28.4  10.0 
   138  29.5   9.0 
   139  26.5  13.8 
   140  27.0  12.8 
   141  17.5  12.0 
   142  24.0  10.5 
   143  23.8  11.5 
   144  22.2  10.0 
   145  18.5   8.5 
   146  21.4   9.3 
   147  23.6   8.6 
   148  24.5  11.0 
   149  24.0   9.5 
   150  24.6  10.0 
   151  24.4  10.5 
   152  25.6  10.5 
   153  25.0  10.0 
   154  26.5  12.8 
   155  24.0   9.0 
   156  26.0  12.0 
   157  24.3  12.8 
   158  23.4   8.0 
   159  25.5  13.0 
   160  26.5   7.0 
   161  26.3   9.5 
   162  26.5  14.0 
   163  27.5  11.5 
   164  28.5  11.0 
   165  27.2  13.0 
   166  29.0  15.8 
   167  27.4  15.2 
   168  24.5  16.4 
   169  24.5  15.5 
   170  24.5  15.5 
   171  22.5  15.4 
   172  24.4  15.6 
   173  26.0  14.8 
   174  26.5  13.5 
   175  26.0  12.5 
   176  26.6  14.5 
   177  26.0  10.5 
   178  29.0  14.0 
   179  27.0  14.5 
   180  27.3  13.4 
   181  29.5  14.5 
   182  28.8  14.5 
   183  28.5  14.2 
   184  26.5  16.6 
   185  22.0  16.4 
   186  26.0  15.0 
   187  27.4  16.6 
   188  27.4  16.6 
   189  26.0  16.5 
   190  23.5  16.5 
   191  24.0  15.5 
   192  26.9  14.0 
   193  26.5  12.5 
   194  25.9  15.0 
   195  20.0  16.0 
   196  26.5  14.8 
   197  25.8  15.0 
   198  26.2  15.4 
   199  25.5  15.0 
   200  26.3  16.0 
   201  27.0  14.5 
   202  26.5  13.5 
   203  27.0  13.4 
   204  26.6  15.5 
   205  25.0  15.5 
   206  26.4  15.5 
   207  25.2  16.5 
   208  24.6  15.8 
   209  23.5  15.5 
   210  23.5  15.0 
   211  23.0  15.2 
   212  29.5  15.4 
   213  26.0  15.5 
   214  26.0  15.5 
   215  25.3  14.5 
   216  25.3  15.5 
   217  25.5  15.8 
   218  25.0  16.2 
   219  23.5  15.8 
   220  26.0  16.6 
   221  24.3  15.8 
   222  24.0  15.4 
   223  25.0  15.2 
   224  25.5  15.2 
   225  24.5  15.5 
   226  24.2  15.0 
   227  25.5  15.0 
   228  26.5  15.0 
   229  25.2  16.4 
   230  25.2  14.2 
   231  25.0  14.6 
   232  25.0  15.5 
   233  22.3  15.5 
   234  22.0  15.5 
   235  24.5  15.5 
   236  25.3  14.5 
   237  25.5  13.5 
   238  25.2  13.0 
   239  25.5  13.5 
   240  25.2  14.5 
   241  25.5  14.5 
   242  26.0  14.5 
   243  26.2  15.0 
   244  26.5  15.6 
   245  26.5  14.8 
   246  26.2  15.5 
   247  27.0  15.0 
   248  27.7  15.6 
   249  27.4  14.4 
   250  27.0  13.0 
   251  28.1  13.8 
   252  28.5  15.5 
   253  28.6  15.0 
   254  22.0  14.5 
   255  23.6  13.8 
   256  25.8  14.0 
   257  25.2  14.0 
   258  24.3  12.5 
   259  25.0  13.0 
   260  20.5  13.5 
   261  21.5  12.6 
   262  24.7  12.5 
   263  25.6  13.0 
   264  23.0  13.8 
   265  17.2  13.2 
   266  14.5  12.0 
   267  24.6  11.5 
   268  27.4  11.0 
   269  24.5  12.0 
   270  25.0  12.0 
   271  25.5  12.8 
   272  26.5  13.0 
   273  26.0  12.2 
   274  25.6  13.2 
   275  26.4  12.6 
   276  22.6  11.6 
   277  21.5  11.5 
   278  23.0  11.8 
   279  24.3  11.5 
   280  24.2  10.5 
   281  24.0  10.5 
   282  23.7  10.0 
   283  24.0   6.0 
   284  23.3   9.5 
   285  13.6   9.4 
   286  18.5   4.3 
   287  22.0   1.4 
   288  16.2   1.0 
   289  19.0   3.0 
   290  21.4   0.8 
   291  23.0   1.0 
   292  21.7   0.8 
   293  21.2   2.0 
   294  20.6   3.8 
   295  20.6   0.2 
   296  20.0   0.5 
   297  19.0   1.0 
   298  18.5   6.0 
   299  19.1   1.0 
   300  18.0   1.5 
   301  16.5   3.4 
   302  17.5   0.4 
   303  15.6  -0.5 
   304  17.2   0.6 
   305  18.0  -1.6 
   306  19.5  -2.0 
   307  18.0  -2.5 
   308  17.5  -2.5 
   309  18.2  -1.6 
   310  18.2  -1.6 
   311  19.6  -0.8 
   312  20.5  -1.8 
   313  20.0  -2.5 
   314  18.3  -3.5 
   315  18.1  -2.5 
   316  17.3  -3.0 
   317  18.1  -2.7 
   318  18.0  -2.5 
   319  19.3  -2.3 
   320  20.0  -3.0 
   321  20.5  -2.0 
   322  19.9  -2.5 
   323  14.3   3.6 
   324  19.6  -2.0 
   325  19.5  -2.5 
   326  17.1  -2.5 
   327  16.7   2.5 
   328  15.4   1.2 
   329  14.8  -2.3 
   330  16.0   2.0 
   331  12.7   2.9 
   332  15.5   0.0 
   333  15.4  -2.0 
   334  17.0  -2.6 
   335  14.5  -3.2 
   336  15.5  -3.6 
   337  16.7  -2.2 
   338  20.5  -3.0 
   339  20.5  -3.4 
   340  20.0  -3.2 
   341  20.5  -5.0 
   342  19.0  -3.5 
   343  20.5  -3.6 
   344  20.2  -3.0 
   345  20.3  -3.5 
   346  18.0  -3.4 
   347  17.3  -1.0 
   348  19.1  -3.2 
   349  18.8  -3.6 
   350  18.0  -3.0 
   351  21.0  -3.0 
   352  18.5  -3.5 
   353  20.0  -3.0 
   354  14.2  -3.8 
   355  11.5  -3.2 
   356  13.5  -1.6 
   357  14.2  -6.0 
   358  14.0  -5.6 
   359  13.0  -6.5 
   360  11.5  -5.2 
   361  12.0  -7.5 
   362  17.0  -7.5 
   363  21.0  -4.4 
   364  21.5  -3.5 
   365  16.2  -1.0 
   366  11.5  -1.0 
