      1    0.0
      2    0.0
      3    0.0
      4   10.2
      5    0.0
      6    0.0
      7    0.0
      8    0.0
      9    0.0
     10    0.0
     11    0.0
     12    0.0
     13    0.0
     14    0.0
     15    0.0
     16    0.0
     17    0.0
     18    0.0
     19    0.0
     20    0.0
     21    0.0
     22    0.0
     23    0.0
     24    0.0
     25    0.0
     26    0.0
     27    0.0
     28    0.0
     29    0.0
     30    0.0
     31    0.0
     32    0.0
     33    0.0
     34    0.0
     35    0.0
     36    0.0
     37    0.0
     38    0.0
     39    0.0
     40    0.0
     41    0.0
     42    0.0
     43    0.0
     44    0.0
     45    0.0
     46    0.0
     47    0.0
     48    0.0
     49    0.0
     50    0.0
     51    0.0
     52    0.0
     53    0.0
     54    0.0
     55    0.0
     56    1.5
     57    1.0
     58    5.0
     59    0.0
     60    0.0
     61    0.0
     62    0.0
     63    0.0
     64    0.0
     65   42.0
     66    9.2
     67    5.0
     68    0.0
     69    0.0
     70   12.4
     71    0.0
     72    0.0
     73    0.0
     74    0.0
     75    0.0
     76    0.0
     77    0.0
     78    0.0
     79    0.0
     80   15.2
     81    2.0
     82    0.0
     83    0.0
     84    0.0
     85    0.0
     86    0.0
     87    0.0
     88    0.0
     89    0.0
     90    0.0
     91    0.0
     92    0.0
     93    0.0
     94    2.0
     95    0.0
     96    0.0
     97    0.0
     98    0.0
     99    0.0
    100    0.0
    101    0.0
    102    0.0
    103    0.0
    104    0.0
    105    0.3
    106    0.0
    107    0.0
    108    0.0
    109    0.0
    110    0.0
    111    0.0
    112    0.0
    113    0.0
    114    0.0
    115    0.0
    116    0.0
    117    0.0
    118    0.0
    119    0.0
    120    0.0
    121    1.0
    122    0.0
    123    0.0
    124    0.0
    125    0.0
    126    0.0
    127    0.0
    128    0.0
    129    2.0
    130    7.0
    131    0.0
    132    0.0
    133    0.0
    134   21.0
    135    0.0
    136    5.0
    137    2.1
    138    0.0
    139    0.0
    140   18.2
    141    0.0
    142    0.0
    143   21.0
    144    8.5
    145   10.0
    146   10.0
    147    2.1
    148   40.0
    149    0.5
    150    0.0
    151    0.0
    152   DNA   
    153   DNA   
    154   DNA   
    155   DNA   
    156   DNA   
    157   DNA   
    158   DNA   
    159   DNA   
    160   DNA   
    161   DNA   
    162   DNA   
    163   DNA   
    164   DNA   
    165   DNA   
    166   DNA   
    167   DNA   
    168   DNA   
    169   DNA   
    170   DNA   
    171   DNA   
    172   DNA   
    173   DNA   
    174   DNA   
    175   DNA   
    176   DNA   
    177   DNA   
    178   DNA   
    179   DNA   
    180   DNA   
    181   DNA   
    182    2.0
    183    2.1
    184    0.0
    185    0.0
    186   41.0
    187   22.0
    188   19.0
    189    0.0
    190   26.0
    191    0.0
    192    0.0
    193   11.0
    194   12.1
    195   12.0
    196   30.0
    197   51.0
    198   42.0
    199   45.0
    200   39.0
    201    4.0
    202    6.0
    203    2.0
    204    8.0
    205   22.0
    206   14.2
    207    0.0
    208   42.0
    209    3.0
    210    0.0
    211    3.0
    212    5.0
    213   17.0
    214    7.0
    215    3.0
    216   72.1
    217   32.0
    218    9.0
    219   16.0
    220    6.5
    221   14.0
    222   16.0
    223   71.0
    224    8.5
    225    9.1
    226    9.5
    227    0.0
    228    0.0
    229    7.0
    230   12.0
    231   43.1
    232    0.0
    233   16.0
    234    6.0
    235    9.0
    236    1.0
    237   35.0
    238    9.0
    239    0.0
    240    0.0
    241    0.0
    242    0.0
    243   24.0
    244   21.0
    245   18.0
    246   22.0
    247   52.1
    248    2.0
    249   49.0
    250    6.0
    251    7.0
    252    0.0
    253    0.0
    254    6.0
    255    5.0
    256    3.0
    257    2.5
    258   19.0
    259    5.0
    260    2.0
    261   12.0
    262   10.0
    263    1.0
    264    0.0
    265   22.0
    266   12.0
    267    3.0
    268   22.0
    269    0.0
    270    0.0
    271   18.0
    272    0.0
    273    4.0
    274    9.0
    275    0.0
    276    0.0
    277    0.0
    278    6.0
    279   22.0
    280    0.0
    281    0.0
    282    0.0
    283    0.0
    284    0.0
    285    0.0
    286    0.0
    287    0.0
    288    0.0
    289    0.0
    290    0.0
    291    0.0
    292    0.0
    293    0.0
    294    0.0
    295    0.0
    296    0.0
    297    0.0
    298    0.0
    299    0.0
    300    0.0
    301   10.0
    302    0.0
    303    0.0
    304    0.0
    305    0.0
    306   16.0
    307   14.0
    308    0.0
    309    0.0
    310    0.0
    311    0.0
    312    0.0
    313    0.0
    314    0.0
    315    0.0
    316    0.0
    317    0.0
    318    0.0
    319    0.0
    320    0.0
    321    0.0
    322    0.0
    323    0.0
    324    0.0
    325    0.0
    326    0.0
    327    0.0
    328    0.0
    329    0.0
    330    0.0
    331    0.0
    332    0.0
    333    0.0
    334    0.0
    335   DNA   
    336   DNA   
    337   DNA   
    338   DNA   
    339   DNA   
    340   DNA   
    341   DNA   
    342   DNA   
    343   DNA   
    344   DNA   
    345   DNA   
    346   DNA   
    347   DNA   
    348   DNA   
    349   DNA   
    350   DNA   
    351   DNA   
    352   DNA   
    353   DNA   
    354   DNA   
    355   DNA   
    356   DNA   
    357   DNA   
    358   DNA   
    359   DNA   
    360   DNA   
    361   DNA   
    362   DNA   
    363   DNA   
    364   DNA   
    365   DNA   
