      1    0.0
      2    0.0
      3    0.0
      4    0.0
      5    0.0
      6    0.0
      7    0.0
      8    0.0
      9    0.0
     10    0.0
     11    0.0
     12    0.0
     13    0.0
     14    0.0
     15    0.0
     16    0.0
     17    0.0
     18    0.0
     19    0.0
     20    0.0
     21    0.0
     22    0.0
     23    0.0
     24    0.0
     25    0.0
     26    7.6
     27    3.8
     28    0.0
     29    0.0
     30    0.0
     31    0.0
     32    0.0
     33    0.0
     34    0.0
     35    0.0
     36    0.0
     37    0.0
     38    0.5
     39    0.0
     40    6.1
     41    9.9
     42    0.0
     43    0.0
     44    0.0
     45    0.0
     46    0.0
     47    0.0
     48    0.0
     49    0.0
     50    0.0
     51    0.0
     52    0.0
     53    0.0
     54    0.0
     55    0.0
     56    0.0
     57    0.0
     58    0.0
     59    0.0
     60    0.0
     61    0.0
     62    0.0
     63    0.0
     64    0.0
     65    0.0
     66    0.0
     67    0.0
     68    0.0
     69    0.0
     70    0.0
     71    3.8
     72    0.0
     73    0.0
     74    0.0
     75    0.0
     76    2.3
     77    0.0
     78    0.0
     79    2.8
     80   11.7
     81    0.0
     82    9.9
     83    0.0
     84    0.0
     85    0.5
     86    0.8
     87    0.0
     88    0.0
     89    0.0
     90    0.0
     91    0.0
     92    0.0
     93    0.0
     94    0.0
     95    0.0
     96    0.0
     97    0.0
     98    0.0
     99    0.0
    100    0.0
    101    0.0
    102    0.0
    103    0.0
    104    3.8
    105    3.1
    106    0.0
    107    0.0
    108    0.0
    109    0.0
    110    0.0
    111    0.0
    112    0.0
    113    0.0
    114    0.0
    115    0.0
    116    0.0
    117    0.0
    118    0.0
    119    0.0
    120    0.0
    121    0.0
    122    0.0
    123    0.0
    124    3.6
    125   11.9
    126    1.0
    127    4.1
    128    1.5
    129    0.0
    130   16.8
    131    0.0
    132    0.0
    133    2.5
    134   10.9
    135    3.8
    136    0.0
    137    0.0
    138    0.0
    139    0.0
    140   11.2
    141    0.0
    142    0.0
    143    0.0
    144    0.0
    145    0.0
    146    0.2
    147    0.0
    148    4.1
    149   30.7
    150    0.0
    151    5.1
    152    0.0
    153    0.0
    154    0.0
    155    0.0
    156    0.0
    157   53.1
    158    0.0
    159    7.6
    160    5.3
    161    0.0
    162    0.0
    163    3.6
    164    0.0
    165    0.0
    166    0.0
    167    9.9
    168    8.1
    169   10.2
    170    8.9
    171   13.5
    172   15.0
    173   37.8
    174   10.9
    175   13.5
    176    8.3
    177   10.4
    178   20.1
    179    8.3
    180   27.4
    181   36.6
    182    0.8
    183   38.6
    184    1.0
    185    0.5
    186    2.8
    187   22.9
    188   26.7
    189    7.1
    190   54.4
    191   11.7
    192    7.9
    193    1.8
    194   15.7
    195   51.3
    196   17.3
    197    9.9
    198   19.0
    199   52.6
    200   42.2
    201   16.5
    202    1.3
    203    1.0
    204   25.6
    205   13.0
    206   13.2
    207   29.7
    208    5.6
    209   22.9
    210    4.3
    211   66.0
    212   63.8
    213   50.3
    214    4.8
    215   35.6
    216   38.4
    217   43.2
    218    9.6
    219    1.3
    220   89.4
    221   37.8
    222    1.8
    223   15.2
    224   14.0
    225   11.4
    226    5.3
    227   33.0
    228    9.6
    229   19.6
    230   24.9
    231    5.6
    232   45.5
    233    0.0
    234   25.1
    235   32.8
    236    1.3
    237    0.0
    238   41.4
    239   26.7
    240   20.5
    241   85.3
    242   38.6
    243   14.0
    244    7.4
    245   15.0
    246   18.3
    247    6.1
    248    0.0
    249   14.2
    250   42.9
    251    8.9
    252   18.3
    253    0.0
    254    0.0
    255    0.0
    256   21.1
    257    3.8
    258    0.5
    259    0.0
    260    4.3
    261   46.7
    262    0.0
    263    1.0
    264    0.0
    265    0.0
    266    0.8
    267    0.5
    268    0.0
    269    0.0
    270    0.0
    271    0.8
    272    0.0
    273    0.0
    274    0.0
    275    0.0
    276    0.0
    277    0.0
    278    0.0
    279    0.0
    280    0.0
    281    0.0
    282    0.0
    283    0.0
    284    0.0
    285    0.0
    286    0.0
    287    0.0
    288    2.3
    289    0.0
    290    0.0
    291    0.0
    292    0.0
    293    0.0
    294    0.0
    295    7.4
    296    0.0
    297    0.0
    298    0.0
    299    0.0
    300    0.0
    301    0.0
    302    0.0
    303    0.0
    304    0.0
    305    0.0
    306    0.0
    307    0.0
    308    0.0
    309    0.0
    310    0.0
    311    0.0
    312    0.0
    313    0.0
    314    0.0
    315    0.0
    316    0.0
    317    0.0
    318    0.0
    319    0.0
    320    0.0
    321    0.0
    322    0.0
    323    0.0
    324    0.0
    325    0.0
    326    0.0
    327    0.0
    328    0.0
    329    0.0
    330    0.0
    331    0.0
    332    0.0
    333    0.0
    334    0.0
    335    0.0
    336    0.0
    337    0.0
    338    0.0
    339    0.0
    340    0.0
    341    0.0
    342    0.0
    343    0.0
    344    0.0
    345    0.0
    346    0.0
    347    0.0
    348    0.0
    349    0.0
    350    0.0
    351    0.0
    352    0.0
    353    0.0
    354    0.0
    355    0.0
    356    0.0
    357    0.0
    358    0.0
    359    0.0
    360    0.0
    361    0.0
    362    0.0
    363    0.0
    364    0.0
    365    0.0
