      1    0.0
      2    0.0
      3    0.0
      4    0.0
      5    0.0
      6    0.0
      7    0.0
      8    0.0
      9    0.0
     10    0.0
     11    0.0
     12    0.0
     13    0.0
     14    0.0
     15    0.0
     16    0.0
     17    0.0
     18    0.0
     19    0.0
     20    0.0
     21    0.0
     22    0.0
     23    0.0
     24    0.0
     25    0.0
     26    0.0
     27    0.0
     28    0.0
     29    0.0
     30    0.0
     31    0.0
     32    0.0
     33    0.0
     34    0.0
     35    0.0
     36    0.0
     37    0.0
     38    0.0
     39    0.0
     40    0.0
     41    0.0
     42    0.0
     43    0.0
     44    0.0
     45    T  
     46    3.0
     47    T  
     48    0.0
     49    2.4
     50    1.0
     51    0.0
     52    0.0
     53    0.0
     54    0.0
     55    2.0
     56    4.0
     57    0.0
     58    0.0
     59    0.0
     60    2.0
     61    9.2
     62    4.0
     63    0.0
     64    4.0
     65    3.5
     66    3.2
     67    3.0
     68    0.2
     69    0.0
     70    6.1
     71    0.0
     72    0.0
     73    0.0
     74    0.0
     75    0.0
     76    0.0
     77    2.0
     78    0.0
     79    0.0
     80    0.0
     81    0.0
     82    0.0
     83    0.0
     84    0.0
     85    0.0
     86    0.0
     87    1.5
     88    0.2
     89    T  
     90    0.0
     91    0.0
     92    0.0
     93    0.0
     94    T  
     95    0.0
     96    0.0
     97    0.0
     98    0.0
     99    0.0
    100    0.0
    101    0.3
    102    2.0
    103    0.0
    104    0.0
    105    0.0
    106    0.0
    107    0.0
    108    0.0
    109    0.0
    110    T  
    111   31.0
    112    4.1
    113    0.0
    114    0.0
    115    0.0
    116    0.0
    117    0.0
    118    0.0
    119    0.0
    120    0.0
    121    1.0
    122    0.0
    123    2.0
    124    0.0
    125    0.0
    126    3.1
    127    3.0
    128    0.0
    129    0.0
    130    0.0
    131    7.0
    132    3.2
    133    4.2
    134    0.0
    135    0.0
    136    1.0
    137    0.0
    138    0.0
    139    0.2
    140    0.0
    141    0.1
    142   31.0
    143    2.0
    144    0.0
    145    0.0
    146   25.2
    147    4.2
    148    0.2
    149    0.0
    150    4.0
    151   21.0
    152   11.0
    153    0.2
    154    T  
    155    4.3
    156    8.0
    157    3.2
    158    0.0
    159    0.0
    160   33.3
    161    2.0
    162    T  
    163    8.0
    164    0.0
    165    0.0
    166   35.0
    167    0.0
    168   56.1
    169    0.0
    170    3.2
    171   35.0
    172    8.0
    173    0.0
    174    4.0
    175    3.1
    176    8.3
    177   33.1
    178    0.0
    179   95.0
    180    T  
    181    0.0
    182    0.0
    183   49.0
    184   57.2
    185    4.3
    186    4.0
    187    7.2
    188   42.0
    189    7.0
    190   39.2
    191   12.0
    192   19.3
    193   12.1
    194   19.3
    195   12.1
    196   19.5
    197    8.4
    198   39.0
    199   13.2
    200   29.2
    201   20.0
    202    7.2
    203   28.0
    204   18.4
    205    8.3
    206   35.1
    207   19.2
    208   15.2
    209   32.0
    210   19.3
    211   24.2
    212   42.2
    213    5.1
    214   50.0
    215    5.4
    216   81.3
    217    9.1
    218   27.1
    219   69.2
    220   52.0
    221   25.2
    222    2.1
    223   13.4
    224    9.4
    225   45.1
    226   10.2
    227    0.4
    228    2.0
    229    7.4
    230    2.0
    231    3.1
    232   11.3
    233    3.0
    234   30.2
    235    8.3
    236    2.2
    237    3.0
    238    1.0
    239   43.2
    240   12.0
    241   32.4
    242    5.4
    243    T  
    244   60.4
    245   33.1
    246    2.3
    247   12.0
    248    3.2
    249    T  
    250    5.3
    251   10.2
    252   22.3
    253   55.0
    254  107.0
    255   23.0
    256    0.0
    257   39.0
    258    0.0
    259    0.0
    260    0.0
    261    5.0
    262    2.3
    263    3.0
    264    2.1
    265    5.0
    266    0.0
    267    8.0
    268    4.1
    269    0.0
    270    0.0
    271    0.0
    272    5.0
    273   10.3
    274    3.2
    275    0.0
    276    3.1
    277    0.0
    278    0.0
    279    0.0
    280    0.0
    281    6.2
    282    6.1
    283    0.0
    284    0.0
    285    0.0
    286    0.0
    287    2.0
    288    0.0
    289    0.0
    290    0.0
    291    7.0
    292    0.0
    293    0.0
    294    0.0
    295    0.0
    296    3.1
    297    0.0
    298    1.4
    299    0.0
    300    0.0
    301    0.0
    302    0.0
    303    0.0
    304    0.0
    305    0.0
    306    0.0
    307    0.0
    308    0.0
    309    0.0
    310    0.0
    311    0.0
    312    0.0
    313    0.0
    314    0.0
    315    0.0
    316    0.0
    317    0.0
    318    0.0
    319    0.0
    320    0.0
    321    0.0
    322    0.0
    323    0.0
    324    0.0
    325    0.0
    326    0.0
    327    0.0
    328    0.0
    329    0.0
    330    0.0
    331    0.0
    332    0.0
    333    0.0
    334    0.0
    335    0.0
    336    0.0
    337    0.0
    338    0.0
    339    0.0
    340    0.0
    341    0.0
    342    0.0
    343    0.0
    344    0.0
    345    0.0
    346    0.0
    347    0.0
    348    0.0
    349    0.0
    350    0.0
    351    0.0
    352    0.0
    353    0.0
    354    0.0
    355    0.0
    356    0.0
    357    0.0
    358    0.0
    359    3.4
    360    2.3
    361    0.2
    362    0.0
    363    0.0
    364    0.0
    365    0.0
    366    0.0
