      1    0.0
      2    0.0
      3    0.0
      4    0.0
      5    0.0
      6    0.0
      7    0.0
      8    0.0
      9    0.0
     10    0.0
     11    0.0
     12    0.0
     13    0.0
     14    0.0
     15    0.0
     16    0.0
     17    0.0
     18    0.0
     19    0.0
     20    0.0
     21    0.0
     22    0.0
     23    3.1
     24    0.0
     25    3.3
     26    0.0
     27    0.0
     28    0.0
     29    0.0
     30    0.0
     31    0.0
     32    0.0
     33    0.0
     34    0.0
     35    0.0
     36    0.0
     37    0.0
     38    0.0
     39    0.0
     40    0.0
     41    0.0
     42    0.5
     43    2.8
     44    0.0
     45    0.0
     46    0.0
     47    0.0
     48    0.0
     49    0.0
     50    0.0
     51    0.0
     52    0.0
     53    0.0
     54    0.0
     55    0.0
     56    0.0
     57    0.0
     58    0.0
     59    0.0
     60    0.0
     61    1.3
     62    0.0
     63    0.0
     64    0.0
     65    0.0
     66    5.6
     67    3.3
     68    0.0
     69    0.0
     70    0.0
     71    0.0
     72    0.0
     73    0.0
     74    0.0
     75    0.0
     76    9.1
     77    0.0
     78    0.0
     79    0.5
     80    0.0
     81    0.0
     82    0.0
     83    0.0
     84    0.0
     85    0.0
     86    0.0
     87    0.0
     88    0.0
     89    0.0
     90    0.0
     91    0.0
     92    0.0
     93    0.0
     94    0.0
     95    0.0
     96    0.0
     97    0.0
     98    0.0
     99    0.0
    100    6.1
    101    0.0
    102    0.0
    103    0.0
    104    3.3
    105    0.0
    106    0.0
    107    0.0
    108    0.0
    109    0.0
    110    0.0
    111    0.0
    112    0.0
    113    0.0
    114    0.0
    115    0.0
    116    0.0
    117    3.6
    118    1.0
    119    0.0
    120    2.0
    121    0.0
    122    0.0
    123    4.8
    124    0.0
    125    0.0
    126    0.0
    127   15.0
    128    5.3
    129    0.0
    130    0.0
    131    0.0
    132    0.0
    133    0.0
    134    0.0
    135    0.0
    136    0.0
    137    0.0
    138    0.0
    139    0.0
    140    0.0
    141    0.0
    142    0.0
    143    0.0
    144    0.0
    145    0.0
    146    0.2
    147    0.0
    148    0.0
    149    0.0
    150    0.0
    151    0.0
    152    1.8
    153    0.0
    154    0.8
    155    3.8
    156   47.5
    157    4.3
    158    3.1
    159   34.3
    160   26.9
    161    2.3
    162    T  
    163    3.1
    164    9.6
    165    0.0
    166    0.8
    167    1.3
    168   16.5
    169   10.4
    170   32.0
    171   30.0
    172   25.1
    173    0.0
    174   10.4
    175    0.5
    176    5.1
    177    8.9
    178    3.6
    179   22.9
    180   21.3
    181   10.4
    182   14.5
    183    9.4
    184   10.7
    185   24.1
    186   10.4
    187   10.9
    188    1.5
    189   15.5
    190    3.8
    191   69.1
    192   43.9
    193   20.1
    194    2.3
    195   54.4
    196   68.8
    197    5.6
    198   17.0
    199    9.6
    200   11.9
    201    1.8
    202   31.0
    203   14.2
    204    3.1
    205   27.7
    206   24.9
    207   50.5
    208   42.2
    209    6.4
    210   36.3
    211    0.0
    212    8.4
    213   18.8
    214   20.8
    215    8.4
    216   20.3
    217    3.3
    218    1.0
    219   43.4
    220   21.3
    221   22.6
    222   34.0
    223    6.4
    224    8.4
    225   58.7
    226    T  
    227   16.0
    228   14.2
    229   17.5
    230   24.9
    231    9.9
    232    0.5
    233    6.4
    234   13.2
    235   31.2
    236    5.6
    237   12.2
    238   15.7
    239    5.3
    240   41.1
    241   12.7
    242    1.3
    243    8.9
    244    0.0
    245   21.4
    246   57.9
    247    4.6
    248    0.0
    249    0.0
    250   19.7
    251    2.5
    252    5.3
    253    2.0
    254    0.5
    255   17.0
    256   30.0
    257   32.8
    258   15.0
    259    2.3
    260    2.8
    261    5.8
    262    4.1
    263    T  
    264    0.0
    265    0.0
    266    0.0
    267    0.0
    268    0.0
    269    0.0
    270    0.0
    271    5.3
    272   60.7
    273    0.0
    274    1.5
    275    0.0
    276    0.0
    277   15.2
    278    3.8
    279    0.0
    280    0.0
    281   19.7
    282    0.8
    283    0.0
    284    0.2
    285    5.1
    286    0.0
    287    0.0
    288    0.0
    289    0.0
    290    0.0
    291    0.0
    292    0.0
    293    0.0
    294    0.0
    295    0.0
    296    0.0
    297    0.0
    298    0.0
    299    0.0
    300    0.0
    301    0.0
    302    0.0
    303    0.0
    304    0.0
    305    0.0
    306    0.0
    307    0.0
    308    0.0
    309    0.0
    310    0.0
    311    0.0
    312    0.0
    313    0.0
    314    0.0
    315    0.0
    316    0.0
    317    0.0
    318    0.0
    319    0.0
    320    0.0
    321    0.0
    322    0.0
    323    0.0
    324    0.0
    325    0.0
    326    0.0
    327    0.0
    328    0.0
    329    0.0
    330    0.0
    331    0.5
    332    0.0
    333    0.0
    334    1.5
    335    0.0
    336    0.0
    337    0.0
    338    0.0
    339    0.0
    340    0.0
    341    0.0
    342    0.0
    343    0.0
    344    0.0
    345    0.0
    346    0.0
    347    0.0
    348    0.0
    349    0.0
    350    3.8
    351   15.5
    352    0.0
    353    0.0
    354    0.0
    355    0.0
    356    0.0
    357    0.0
    358    0.0
    359    0.0
    360    0.0
    361    0.0
    362    0.0
    363    0.0
    364    0.0
    365    0.0
