      1    0.0
      2    0.0
      3    0.0
      4    0.0
      5    0.0
      6    0.0
      7    0.0
      8    0.0
      9    0.0
     10    0.0
     11    0.0
     12    0.0
     13    0.0
     14    0.0
     15    0.0
     16    0.0
     17    3.0
     18    0.0
     19    0.0
     20    0.0
     21    0.0
     22    0.0
     23    0.0
     24    0.0
     25    0.0
     26    0.0
     27    0.0
     28    0.0
     29    0.0
     30    0.0
     31   10.0
     32    0.0
     33    0.0
     34    0.0
     35    0.0
     36    0.0
     37    0.0
     38    0.0
     39    0.0
     40    0.0
     41    0.0
     42    0.0
     43    0.0
     44    0.0
     45    0.0
     46    0.0
     47    0.0
     48    0.0
     49    0.0
     50    0.0
     51    0.0
     52    0.0
     53    0.0
     54    0.0
     55    0.0
     56    0.0
     57    0.0
     58    0.0
     59    0.0
     60    0.0
     61    0.0
     62    0.0
     63    0.0
     64    0.0
     65    0.0
     66    0.0
     67    0.0
     68    0.0
     69    0.0
     70    0.0
     71    0.0
     72    0.0
     73    0.0
     74    0.0
     75    0.0
     76    0.0
     77    2.0
     78   20.0
     79    0.0
     80    T  
     81    0.0
     82    0.0
     83    0.0
     84    0.0
     85    0.0
     86    0.0
     87    0.0
     88    0.0
     89    0.0
     90    0.0
     91    0.0
     92    0.0
     93    0.0
     94   30.0
     95    6.4
     96    0.0
     97    0.0
     98    0.0
     99    0.0
    100    0.0
    101    5.8
    102    6.2
    103    0.0
    104    0.0
    105    0.0
    106    0.0
    107    0.0
    108    0.0
    109    0.0
    110    0.0
    111    0.0
    112    0.0
    113    T  
    114    0.0
    115    0.0
    116    0.0
    117    0.0
    118    0.0
    119    0.0
    120    0.0
    121    0.0
    122    0.0
    123    0.0
    124    0.0
    125    0.0
    126    0.0
    127    0.0
    128    0.0
    129    0.0
    130    0.0
    131    0.0
    132    0.0
    133    3.0
    134    0.0
    135    0.0
    136    0.0
    137    0.0
    138    1.4
    139    T  
    140    0.0
    141    0.0
    142    2.6
    143    5.1
    144    T  
    145    0.0
    146   18.0
    147   40.0
    148   46.2
    149    0.0
    150   22.0
    151    4.0
    152    8.0
    153   60.2
    154    8.1
    155    0.0
    156   40.0
    157   34.0
    158   20.5
    159   10.0
    160   12.0
    161   35.1
    162   40.0
    163    6.0
    164   34.2
    165   80.6
    166   86.0
    167   46.0
    168    0.0
    169    2.0
    170    0.0
    171    6.0
    172   76.0
    173    1.5
    174    0.0
    175    0.0
    176    0.0
    177   23.0
    178  253.0
    179   13.5
    180    0.0
    181    6.0
    182   18.0
    183   36.0
    184   16.0
    185    0.0
    186    6.0
    187   42.0
    188   42.0
    189   25.2
    190    0.0
    191    0.0
    192   10.5
    193   18.0
    194   30.1
    195   10.0
    196    8.3
    197   40.0
    198   50.4
    199   12.0
    200   30.0
    201   75.2
    202   80.4
    203   50.2
    204   56.0
    205   40.0
    206   13.0
    207    0.0
    208   48.5
    209   20.4
    210    0.0
    211    0.0
    212    4.3
    213   18.0
    214    0.0
    215   17.3
    216   20.0
    217   30.2
    218   18.0
    219   47.0
    220   32.0
    221   36.0
    222    6.0
    223   16.0
    224    7.2
    225   66.0
    226   18.0
    227    1.0
    228   26.0
    229    0.0
    230    0.0
    231    0.0
    232    0.0
    233    0.0
    234   10.0
    235   25.0
    236   27.0
    237   40.0
    238   55.2
    239   85.0
    240   50.0
    241   52.0
    242    6.0
    243   14.0
    244   16.0
    245   30.0
    246   18.2
    247   14.5
    248    6.0
    249    4.6
    250    0.0
    251    T  
    252   10.0
    253    T  
    254    T  
    255   20.6
    256   40.0
    257   70.4
    258  100.5
    259    4.0
    260    0.0
    261    2.0
    262   60.0
    263    0.0
    264    0.0
    265    0.0
    266    0.0
    267    0.0
    268   10.2
    269   16.1
    270    0.0
    271    0.0
    272    0.0
    273    0.0
    274    0.0
    275    0.0
    276    0.0
    277    0.0
    278    0.0
    279    0.0
    280    0.0
    281    0.0
    282    0.0
    283    0.0
    284    0.0
    285    0.0
    286    0.0
    287    0.0
    288    0.0
    289    0.0
    290    0.0
    291    0.0
    292    0.0
    293    0.0
    294    0.0
    295    0.0
    296    0.0
    297    0.0
    298    0.0
    299    0.0
    300    0.0
    301    0.0
    302    0.0
    303    0.0
    304    0.0
    305    0.0
    306    0.0
    307    0.0
    308    0.0
    309    0.0
    310    0.0
    311    0.0
    312    0.0
    313    0.0
    314    0.0
    315    0.0
    316    0.0
    317    0.0
    318    0.0
    319    0.0
    320    0.0
    321    0.0
    322    0.0
    323    0.0
    324    0.0
    325    0.0
    326    0.0
    327    0.0
    328    0.0
    329    0.0
    330    0.0
    331    0.0
    332    0.0
    333    0.0
    334    0.0
    335    0.0
    336    0.0
    337    0.0
    338    0.0
    339    0.0
    340    0.0
    341    0.0
    342    0.0
    343    0.0
    344    0.0
    345    0.0
    346    0.0
    347    0.0
    348    0.0
    349    0.0
    350    0.0
    351    0.0
    352    0.0
    353    0.0
    354    0.0
    355    0.0
    356    0.0
    357    0.0
    358    0.0
    359    0.0
    360    0.0
    361    0.0
    362    0.0
    363    0.0
    364    0.0
    365    0.0
    366    0.0
