      1    0.0
      2    0.0
      3    0.0
      4    0.0
      5    0.0
      6    0.0
      7    0.0
      8    0.0
      9    0.0
     10    0.0
     11    0.0
     12    0.0
     13    0.0
     14    0.0
     15    0.0
     16    0.0
     17    0.0
     18    0.0
     19    0.0
     20    0.0
     21    0.8
     22    0.0
     23    0.0
     24    0.0
     25    0.0
     26    0.0
     27    0.0
     28    0.0
     29    0.0
     30    0.0
     31    0.0
     32    0.0
     33    0.0
     34    0.0
     35    0.0
     36    0.0
     37    0.0
     38    0.0
     39    0.0
     40    0.0
     41    0.0
     42    0.0
     43    0.0
     44    0.0
     45    0.0
     46    0.0
     47    0.0
     48    1.0
     49    0.0
     50    0.0
     51    0.0
     52    0.0
     53    0.0
     54    0.0
     55    0.0
     56    0.0
     57    6.4
     58   19.0
     59    0.0
     60    0.0
     61    0.0
     62    0.0
     63    0.0
     64    0.0
     65    0.0
     66    1.0
     67    0.8
     68    0.0
     69    0.0
     70    0.0
     71    0.0
     72    0.0
     73    0.0
     74    0.0
     75    0.0
     76    0.0
     77    0.0
     78    0.0
     79    0.0
     80    0.0
     81    0.0
     82    0.0
     83    0.0
     84    0.0
     85    0.0
     86    6.4
     87    0.0
     88    0.0
     89   15.2
     90    8.1
     91    0.0
     92    0.0
     93    5.6
     94   18.0
     95    0.0
     96    0.0
     97    1.3
     98    0.0
     99    0.0
    100    0.0
    101    1.3
    102    0.0
    103    0.0
    104    0.0
    105    0.0
    106    0.0
    107    0.0
    108   20.8
    109    7.1
    110   36.6
    111    0.0
    112    0.0
    113    0.0
    114    8.6
    115    4.1
    116    8.4
    117    0.0
    118    0.0
    119    1.0
    120    0.8
    121    5.8
    122    0.0
    123   13.5
    124    8.9
    125   26.9
    126    0.0
    127    1.3
    128    0.0
    129    0.0
    130    0.8
    131    0.0
    132    0.0
    133    0.0
    134   14.5
    135    0.0
    136    0.0
    137    7.6
    138    3.3
    139   20.8
    140    1.8
    141    0.0
    142    0.0
    143   12.7
    144    2.0
    145   47.2
    146    0.0
    147    0.0
    148    0.0
    149    0.0
    150    0.0
    151    0.0
    152    0.0
    153    0.0
    154    0.0
    155    0.0
    156    0.0
    157    0.0
    158    2.0
    159    0.0
    160    5.1
    161    1.0
    162   17.8
    163    1.3
    164    8.1
    165    9.6
    166   15.0
    167   32.5
    168   34.3
    169   21.6
    170    8.6
    171   16.5
    172    4.6
    173    0.0
    174    0.0
    175    0.0
    176    0.0
    177    0.0
    178   18.5
    179    2.3
    180   17.8
    181   15.2
    182   35.6
    183   10.2
    184   61.0
    185    5.1
    186   20.3
    187    3.8
    188    0.0
    189   14.0
    190    5.6
    191   15.2
    192   24.6
    193   46.5
    194    5.6
    195    1.8
    196    2.8
    197   41.1
    198   19.0
    199   10.9
    200    1.3
    201   23.1
    202    2.8
    203    6.1
    204    2.5
    205    1.3
    206    3.8
    207    0.0
    208   21.1
    209   16.0
    210   39.1
    211    0.0
    212    9.1
    213   18.0
    214   11.2
    215   10.2
    216    8.6
    217    0.0
    218   48.3
    219    3.6
    220    9.4
    221   21.3
    222    5.8
    223   19.0
    224   26.9
    225    5.3
    226   19.3
    227   25.4
    228    0.0
    229    0.0
    230    9.6
    231   23.9
    232    0.0
    233    1.5
    234    7.6
    235    3.8
    236   62.2
    237   10.2
    238    0.0
    239   68.1
    240   10.3
    241    2.5
    242    0.0
    243   66.0
    244   59.4
    245   65.5
    246   10.4
    247   49.5
    248   25.4
    249   45.7
    250   29.2
    251   18.5
    252   10.4
    253    0.0
    254   14.0
    255    3.3
    256   23.4
    257   16.0
    258    1.3
    259    4.6
    260   17.8
    261    7.6
    262    8.6
    263    0.0
    264   11.2
    265    0.0
    266    0.0
    267   20.8
    268    0.0
    269    1.0
    270    5.8
    271    0.0
    272    1.5
    273    0.0
    274    0.0
    275    0.0
    276   32.5
    277    1.3
    278    0.0
    279    5.1
    280    0.0
    281    0.8
    282    1.0
    283    3.8
    284    7.6
    285    3.1
    286    1.3
    287    5.1
    288    7.6
    289   12.7
    290    2.3
    291    0.8
    292    0.0
    293    0.0
    294    0.0
    295   22.9
    296    0.0
    297    0.0
    298    0.0
    299    0.0
    300    0.0
    301    2.8
    302    0.0
    303    0.0
    304    0.0
    305    0.0
    306    0.0
    307    0.0
    308    0.0
    309    0.0
    310    0.0
    311    0.0
    312    0.0
    313    0.0
    314    0.0
    315    0.0
    316    0.0
    317    0.0
    318    0.0
    319    0.0
    320    0.0
    321    0.0
    322    0.0
    323    0.0
    324    0.0
    325    0.0
    326    0.0
    327    0.0
    328    0.0
    329    0.0
    330    0.0
    331    0.0
    332    0.0
    333   42.2
    334   31.8
    335    0.0
    336    0.0
    337    0.0
    338    0.0
    339    0.0
    340    0.0
    341    0.0
    342    0.0
    343    0.0
    344    0.0
    345    0.0
    346    0.0
    347    0.0
    348    0.0
    349    0.0
    350    0.0
    351    0.0
    352    0.0
    353    0.0
    354    0.0
    355    0.0
    356    0.0
    357    0.0
    358    0.0
    359    0.0
    360    0.0
    361    0.0
    362    0.0
    363    0.0
    364    0.0
    365    0.0
    366    0.0
