      1    0.0
      2    0.0
      3    0.0
      4    0.0
      5    0.0
      6    0.0
      7    0.0
      8    0.0
      9    0.0
     10    0.0
     11    0.0
     12    0.0
     13    0.0
     14    0.0
     15    0.0
     16    0.0
     17    0.0
     18    0.0
     19    0.0
     20    0.0
     21    0.0
     22    0.0
     23    0.0
     24    0.0
     25    0.0
     26    0.0
     27    0.0
     28    0.0
     29    0.0
     30    0.0
     31    0.0
     32    0.0
     33    0.0
     34    0.0
     35    0.0
     36    0.0
     37    0.0
     38    0.0
     39    0.0
     40    0.0
     41    0.0
     42    0.0
     43    0.0
     44    0.0
     45    0.0
     46    0.0
     47    0.0
     48    0.0
     49    0.0
     50    0.0
     51    0.0
     52    0.0
     53    0.0
     54    0.0
     55    0.0
     56    0.0
     57    0.0
     58    0.0
     59    0.0
     60    0.0
     61    0.0
     62    0.0
     63    0.0
     64    0.0
     65    0.0
     66    0.0
     67    0.0
     68    0.0
     69    0.0
     70    0.0
     71    0.0
     72   16.0
     73    9.0
     74    0.0
     75    8.0
     76    0.0
     77    0.0
     78    0.0
     79    0.0
     80    0.0
     81    6.0
     82    0.0
     83    0.0
     84    0.0
     85    0.0
     86    0.0
     87    0.0
     88    0.0
     89    0.0
     90    0.0
     91    0.0
     92    0.0
     93    0.0
     94    0.0
     95    0.0
     96    0.0
     97   12.5
     98   12.0
     99    0.0
    100    0.0
    101   29.0
    102    0.0
    103    0.0
    104    0.0
    105    0.0
    106    0.0
    107    0.0
    108   38.5
    109   34.5
    110    0.5
    111    0.0
    112    0.0
    113    0.0
    114    0.0
    115    0.0
    116    0.0
    117    0.0
    118    0.0
    119    0.0
    120    0.0
    121    0.0
    122   10.0
    123   18.0
    124    0.0
    125    4.0
    126    6.0
    127    2.0
    128    1.5
    129    3.0
    130   28.5
    131    0.0
    132    0.0
    133    2.0
    134    0.0
    135    2.5
    136    0.0
    137    0.0
    138    2.1
    139    0.0
    140    0.0
    141   20.0
    142   10.5
    143    0.0
    144    0.0
    145    0.0
    146   12.5
    147   22.5
    148    0.0
    149    0.0
    150    0.0
    151   20.0
    152    0.0
    153    0.0
    154    0.0
    155    0.0
    156   18.0
    157    7.0
    158    2.0
    159    4.0
    160   22.0
    161    8.0
    162    0.0
    163    0.0
    164    0.0
    165    0.0
    166    0.0
    167    0.0
    168    0.0
    169    0.0
    170    0.0
    171    0.0
    172    0.0
    173    0.0
    174    3.5
    175    1.0
    176   16.0
    177   12.0
    178   87.0
    179   16.0
    180   22.0
    181    1.0
    182   30.0
    183   20.0
    184   10.0
    185    5.0
    186   40.0
    187   30.0
    188   20.0
    189   10.0
    190   30.0
    191   10.0
    192   36.0
    193   28.0
    194   42.0
    195   30.0
    196   20.0
    197   40.0
    198   20.0
    199   15.0
    200   40.0
    201   12.0
    202   16.0
    203   38.0
    204   30.0
    205   55.0
    206   34.0
    207   20.0
    208   15.0
    209   35.0
    210   10.0
    211    0.0
    212    0.0
    213    0.0
    214   48.0
    215   62.0
    216   50.0
    217   43.0
    218   80.0
    219   20.0
    220   60.0
    221   40.0
    222    0.0
    223    0.0
    224   36.0
    225   20.0
    226   10.0
    227   20.0
    228   10.0
    229    9.2
    230   12.1
    231   14.3
    232   10.3
    233    8.3
    234   15.3
    235   24.1
    236   34.4
    237   40.1
    238   30.0
    239   42.2
    240   30.1
    241   34.2
    242   15.4
    243   50.1
    244   20.4
    245   70.0
    246    0.0
    247    0.0
    248   20.0
    249   40.3
    250   25.0
    251   50.0
    252   80.0
    253   60.0
    254   65.0
    255    0.0
    256    0.0
    257    0.0
    258    0.0
    259    0.0
    260   50.0
    261    6.2
    262   15.0
    263   12.3
    264    9.5
    265   40.0
    266   35.0
    267   40.0
    268   15.0
    269    0.0
    270    0.0
    271    0.0
    272    0.0
    273    0.0
    274    0.0
    275    0.0
    276    0.0
    277    0.0
    278    0.0
    279    0.0
    280    0.0
    281    0.0
    282    0.0
    283    0.0
    284    0.0
    285    0.0
    286    0.0
    287    0.0
    288    0.0
    289    0.0
    290    0.0
    291    0.0
    292   12.0
    293   12.0
    294    0.0
    295    0.0
    296    0.0
    297    2.5
    298    0.0
    299    6.0
    300    0.0
    301    0.0
    302    0.0
    303    0.0
    304    0.0
    305    0.0
    306    0.0
    307    0.0
    308    0.0
    309    0.0
    310    0.0
    311    0.0
    312    0.0
    313    0.0
    314    0.0
    315    0.0
    316    0.0
    317    0.0
    318    0.0
    319    0.0
    320    0.0
    321    0.0
    322    0.0
    323    T  
    324    0.0
    325    0.0
    326    0.0
    327    0.0
    328    0.0
    329    0.0
    330    0.0
    331    0.0
    332    0.0
    333    0.0
    334    0.0
    335    0.0
    336    0.0
    337    0.0
    338    0.0
    339    0.0
    340    0.0
    341    0.0
    342    0.0
    343    0.0
    344    0.0
    345    0.0
    346   20.0
    347    0.0
    348    0.0
    349    0.0
    350    0.0
    351    0.0
    352    0.0
    353    0.0
    354    0.0
    355   10.0
    356    0.0
    357    0.0
    358    0.0
    359    0.0
    360    0.0
    361    0.0
    362    0.0
    363    0.0
    364    0.0
    365    0.0
