      1    0.0
      2    0.0
      3    0.0
      4    0.0
      5    0.0
      6    0.0
      7    0.0
      8    0.0
      9    0.0
     10    0.0
     11    0.0
     12    0.0
     13    0.0
     14    0.0
     15    0.0
     16    0.0
     17    3.3
     18    0.0
     19    0.8
     20    0.0
     21    2.8
     22    1.5
     23    0.0
     24    0.0
     25    0.0
     26    0.0
     27    0.0
     28    0.0
     29    0.0
     30    0.0
     31    0.0
     32    7.9
     33    0.0
     34    0.0
     35    0.0
     36    0.0
     37    8.1
     38    1.5
     39    0.0
     40    0.0
     41    0.0
     42    0.0
     43    0.0
     44    0.0
     45    0.0
     46    0.0
     47    0.0
     48    0.0
     49    0.0
     50    0.0
     51    0.0
     52    0.0
     53    0.0
     54    0.0
     55    0.0
     56    0.0
     57    0.0
     58    0.0
     59    0.0
     60    0.0
     61    0.0
     62    0.0
     63    0.0
     64    0.0
     65    0.0
     66    0.0
     67    0.0
     68    0.0
     69    0.0
     70    0.0
     71    0.0
     72    0.0
     73    0.0
     74    0.0
     75    0.0
     76    0.0
     77    0.0
     78    0.0
     79    1.0
     80    2.3
     81    0.0
     82    0.0
     83    0.0
     84    1.3
     85    3.6
     86    0.0
     87    0.0
     88    0.0
     89    0.0
     90   17.8
     91    1.0
     92    0.0
     93    0.0
     94    0.0
     95    0.0
     96    0.0
     97    0.0
     98    0.0
     99    0.0
    100    0.0
    101    0.0
    102    0.0
    103    0.0
    104    0.0
    105    0.0
    106    0.0
    107    0.0
    108    0.0
    109    0.0
    110    3.8
    111    4.3
    112    0.0
    113    0.0
    114    1.0
    115    5.1
    116    1.0
    117    3.0
    118    0.0
    119    0.0
    120    0.0
    121    2.8
    122    1.0
    123    3.8
    124    1.0
    125    0.0
    126    0.0
    127    0.0
    128    0.0
    129    0.0
    130    0.0
    131    0.0
    132    0.0
    133    0.0
    134    0.0
    135    0.0
    136    0.0
    137    0.0
    138    0.0
    139    0.0
    140    0.0
    141    0.5
    142    0.0
    143    0.0
    144    0.0
    145    0.0
    146   56.6
    147    2.0
    148    0.0
    149    0.0
    150    0.0
    151    4.6
    152    1.3
    153    0.0
    154    1.0
    155    2.3
    156    3.6
    157    0.5
    158    0.0
    159    0.0
    160    0.8
    161   30.5
    162    4.6
    163   10.7
    164   38.9
    165    4.1
    166   25.9
    167   23.6
    168    0.5
    169    9.9
    170    0.0
    171   23.6
    172    0.0
    173    0.0
    174    0.0
    175    0.0
    176    0.0
    177   15.2
    178   15.7
    179   23.6
    180    4.1
    181   25.1
    182    3.8
    183    3.6
    184    1.3
    185    2.0
    186    2.3
    187   49.5
    188   14.0
    189    2.8
    190   17.8
    191    5.1
    192   26.7
    193   35.1
    194   39.4
    195   49.5
    196    2.8
    197   33.0
    198   48.5
    199   85.1
    200    1.5
    201   29.7
    202   35.6
    203    1.0
    204    1.3
    205    0.0
    206    1.5
    207   10.2
    208    0.0
    209    0.0
    210   79.2
    211    8.6
    212    6.4
    213   14.0
    214   38.4
    215   41.1
    216   10.9
    217    1.0
    218   43.7
    219    2.3
    220    1.3
    221    3.6
    222   21.6
    223   56.1
    224    7.4
    225    1.5
    226   19.8
    227   42.2
    228   11.9
    229   26.4
    230    6.4
    231    0.0
    232    0.0
    233   46.4
    234    0.0
    235   45.2
    236   59.2
    237   26.4
    238   10.2
    239    0.0
    240   12.7
    241    0.0
    242    1.0
    243    2.8
    244   47.8
    245    6.4
    246   20.6
    247    0.0
    248   34.3
    249    1.3
    250    3.6
    251    1.0
    252    7.6
    253    6.4
    254    8.9
    255    3.8
    256   30.5
    257    0.0
    258    0.0
    259    0.0
    260    0.0
    261   10.2
    262    8.9
    263    0.5
    264    0.0
    265    0.0
    266    0.0
    267    0.0
    268    0.0
    269    0.0
    270    0.0
    271    0.0
    272    0.0
    273    0.0
    274    0.0
    275    6.6
    276   14.0
    277    0.0
    278    0.0
    279    0.0
    280    0.0
    281    0.0
    282    1.0
    283    0.0
    284    0.0
    285    0.0
    286    0.0
    287    0.0
    288    0.0
    289    0.0
    290   26.7
    291    0.0
    292    0.0
    293    0.0
    294    0.0
    295    0.0
    296    0.0
    297   29.0
    298    1.0
    299    0.8
    300    0.0
    301    0.8
    302    1.0
    303    3.6
    304    0.0
    305    0.0
    306    0.0
    307    0.0
    308    0.0
    309    0.0
    310    0.0
    311    0.0
    312    0.0
    313    0.0
    314    0.0
    315    0.0
    316    0.0
    317    0.0
    318    0.0
    319    0.0
    320    0.0
    321    0.0
    322    0.0
    323    0.0
    324    0.0
    325    0.0
    326    0.0
    327    0.0
    328    0.0
    329    0.0
    330    0.0
    331    0.0
    332    0.0
    333    0.0
    334    0.0
    335    0.8
    336    0.5
    337    0.8
    338    1.0
    339    0.5
    340    2.5
    341    0.0
    342    0.0
    343    0.0
    344    0.0
    345    0.0
    346    0.0
    347    0.0
    348    0.0
    349    1.5
    350    0.0
    351    0.0
    352    0.0
    353    0.0
    354    0.0
    355    0.0
    356    0.0
    357    0.0
    358    0.0
    359    0.0
    360    0.0
    361    0.0
    362    3.3
    363    1.0
    364    0.0
    365    0.0
