      1    0.0
      2    0.0
      3    0.0
      4    0.0
      5    0.0
      6    0.0
      7    0.0
      8    0.0
      9    0.0
     10    0.0
     11    0.0
     12    0.0
     13    0.0
     14    0.0
     15    0.0
     16    0.0
     17    0.0
     18    0.0
     19    0.0
     20    0.0
     21    0.0
     22    0.0
     23    0.0
     24    0.0
     25    0.0
     26    0.0
     27    0.0
     28   14.5
     29   44.9
     30    0.0
     31    0.0
     32    0.0
     33    0.0
     34    0.0
     35    0.0
     36    0.0
     37    0.0
     38    0.0
     39    0.0
     40    0.0
     41    0.0
     42    0.0
     43    0.0
     44    3.5
     45   12.0
     46    0.0
     47    0.0
     48    0.0
     49    0.0
     50    0.0
     51    0.0
     52    4.0
     53    0.0
     54    0.0
     55    T  
     56    3.0
     57    0.0
     58    0.0
     59    0.0
     60    0.0
     61    0.0
     62    0.0
     63    0.0
     64    0.0
     65    0.0
     66    0.0
     67    0.0
     68    0.0
     69    0.0
     70    0.0
     71    2.0
     72    2.0
     73    0.0
     74    0.0
     75    0.0
     76    0.0
     77    0.0
     78    4.0
     79    T  
     80    0.0
     81    1.0
     82    0.0
     83    0.0
     84    0.0
     85    0.0
     86    0.0
     87    0.0
     88    0.0
     89    0.0
     90    0.0
     91    0.0
     92    0.0
     93    0.0
     94    0.0
     95    0.0
     96    0.0
     97    0.0
     98    0.0
     99    0.0
    100    0.0
    101    0.0
    102    0.0
    103   12.5
    104    0.0
    105    3.0
    106    1.0
    107   13.0
    108   24.4
    109    6.4
    110    0.0
    111    0.0
    112    0.0
    113    2.0
    114    0.0
    115    0.0
    116    0.0
    117    0.0
    118    0.0
    119    0.0
    120    T  
    121    8.2
    122    0.0
    123    0.0
    124    0.0
    125    0.0
    126    0.0
    127    0.0
    128    0.0
    129    T  
    130    8.4
    131   38.0
    132    2.0
    133   12.0
    134    0.0
    135    0.0
    136    T  
    137   51.6
    138    6.0
    139    0.0
    140    0.0
    141    0.0
    142    3.5
    143   12.0
    144    0.0
    145    0.0
    146    0.0
    147    0.0
    148    0.0
    149    0.0
    150    0.0
    151    0.0
    152    0.0
    153    0.0
    154    4.6
    155    0.0
    156    0.0
    157    0.0
    158    0.0
    159    0.0
    160    T  
    161    6.4
    162    T  
    163    T  
    164    5.2
    165    0.0
    166    T  
    167    6.4
    168    0.0
    169    0.0
    170    0.0
    171    0.0
    172    0.0
    173    0.0
    174    0.0
    175    T  
    176    0.0
    177    3.5
    178   35.2
    179    6.2
    180    1.7
    181   35.0
    182   63.5
    183    3.5
    184   38.0
    185    7.0
    186    5.5
    187   24.0
    188    3.0
    189    0.0
    190    0.0
    191    5.4
    192    4.5
    193   33.5
    194    0.0
    195    0.0
    196    0.0
    197    2.0
    198   17.5
    199    T  
    200    3.5
    201   19.0
    202   13.0
    203    2.0
    204   38.0
    205   23.0
    206    2.5
    207    2.2
    208    9.0
    209   16.0
    210    3.4
    211   42.5
    212    4.1
    213   12.5
    214   47.2
    215    0.0
    216   17.2
    217   38.0
    218    3.8
    219   42.2
    220    6.2
    221   11.1
    222    0.0
    223    0.0
    224    2.0
    225   33.0
    226    0.0
    227   47.0
    228   11.5
    229   37.0
    230    6.0
    231   20.5
    232    7.0
    233    2.5
    234    4.0
    235   59.7
    236   13.8
    237    7.0
    238    0.0
    239   26.4
    240   23.0
    241   30.5
    242   48.0
    243   20.5
    244   51.3
    245    8.0
    246   25.5
    247   58.5
    248   46.0
    249    0.0
    250    4.0
    251    0.0
    252   27.4
    253    3.4
    254   41.0
    255   49.0
    256    0.0
    257    0.0
    258    5.0
    259   29.5
    260   11.0
    261    7.0
    262   14.5
    263   24.9
    264    0.0
    265    0.0
    266   10.5
    267   18.5
    268   19.0
    269    4.3
    270    0.0
    271    0.0
    272    0.0
    273   15.5
    274    0.0
    275   21.0
    276    3.5
    277    T  
    278    0.0
    279    0.0
    280    0.0
    281    0.0
    282    9.0
    283    0.0
    284   45.0
    285   43.0
    286    0.0
    287    0.0
    288    0.0
    289    0.0
    290    0.0
    291    0.0
    292    0.0
    293    0.0
    294    0.0
    295    0.0
    296    0.0
    297   11.6
    298    1.0
    299    0.0
    300    0.0
    301    0.0
    302    0.0
    303    0.0
    304    0.0
    305    0.0
    306    0.0
    307    0.0
    308    0.0
    309    0.0
    310    0.0
    311    0.0
    312    0.0
    313    0.0
    314    0.0
    315    0.0
    316    0.0
    317    0.0
    318    0.0
    319    0.0
    320    0.0
    321    0.0
    322    0.0
    323    0.0
    324    0.0
    325    0.0
    326    0.0
    327    0.0
    328    0.0
    329    0.0
    330    0.0
    331    0.0
    332    0.0
    333    0.0
    334    0.0
    335    0.0
    336    0.0
    337    0.0
    338    0.0
    339    0.0
    340    0.0
    341    0.0
    342    0.0
    343    0.0
    344    0.0
    345    0.0
    346    0.0
    347    0.0
    348    0.0
    349    0.0
    350    0.0
    351    0.0
    352    0.0
    353    0.0
    354    0.0
    355    0.0
    356    0.0
    357    0.0
    358    0.0
    359    0.0
    360   23.5
    361    4.0
    362    0.0
    363    0.0
    364    0.0
    365    0.0
