      1    0.0
      2    0.0
      3    0.0
      4    0.0
      5    0.0
      6    1.8
      7    0.0
      8    0.0
      9    0.0
     10    0.0
     11    0.0
     12    0.0
     13    0.0
     14    0.0
     15    0.0
     16    0.0
     17    0.0
     18    0.0
     19    0.0
     20    0.0
     21    0.5
     22    7.4
     23    0.3
     24    0.0
     25    0.0
     26    0.0
     27    1.0
     28    0.0
     29   14.0
     30   32.8
     31    1.3
     32    0.0
     33    0.0
     34    0.0
     35    0.3
     36    1.0
     37    0.0
     38    0.0
     39    0.0
     40    0.0
     41    0.0
     42    0.0
     43    2.8
     44   13.4
     45    0.0
     46    0.0
     47    0.0
     48    0.0
     49    0.0
     50    5.1
     51    1.0
     52    0.0
     53    0.0
     54    0.0
     55    0.0
     56    0.0
     57    0.0
     58    0.0
     59    0.0
     60    0.0
     61    0.0
     62    0.0
     63    0.0
     64    0.0
     65    0.0
     66    0.0
     67    0.0
     68    0.0
     69    0.0
     70    0.0
     71    0.0
     72    0.0
     73    0.0
     74    0.0
     75    0.0
     76    0.0
     77    0.0
     78    0.0
     79    0.0
     80    0.0
     81    0.0
     82    0.0
     83    0.0
     84    0.0
     85    0.0
     86    0.0
     87    1.5
     88    0.0
     89    4.1
     90   14.0
     91    7.4
     92    0.0
     93    0.0
     94    0.0
     95    0.0
     96    0.0
     97    0.0
     98    0.0
     99    0.0
    100    0.0
    101    0.0
    102    0.0
    103    0.0
    104    0.0
    105    0.0
    106    0.0
    107    0.0
    108    0.0
    109    0.0
    110    2.5
    111   11.4
    112    4.1
    113    0.0
    114    0.0
    115    0.0
    116    0.0
    117    0.0
    118    0.0
    119    0.0
    120    0.0
    121    0.0
    122    0.0
    123    0.0
    124    0.0
    125    0.0
    126    0.0
    127    0.0
    128    0.0
    129    0.0
    130    0.0
    131    0.0
    132    0.0
    133    0.0
    134    0.0
    135    0.5
    136    0.0
    137    0.0
    138    0.0
    139    0.0
    140    0.0
    141    0.0
    142    0.0
    143    0.0
    144    1.3
    145   11.7
    146    1.8
    147   17.8
    148   19.3
    149    8.6
    150    2.5
    151    7.1
    152    0.0
    153    0.0
    154    4.3
    155   14.7
    156   20.3
    157   32.8
    158   22.1
    159    0.0
    160    7.4
    161    3.6
    162   11.7
    163   13.7
    164    5.3
    165    3.6
    166    0.0
    167    0.0
    168    0.0
    169    0.0
    170    0.0
    171    0.0
    172    0.0
    173    2.5
    174   14.2
    175    0.0
    176    7.4
    177   29.0
    178    0.8
    179    3.8
    180   10.9
    181   43.2
    182   14.2
    183   34.3
    184    0.3
    185    9.4
    186   16.5
    187    1.5
    188   31.5
    189   50.3
    190    0.0
    191   36.6
    192   13.2
    193    4.3
    194   11.9
    195   11.9
    196    0.3
    197    0.3
    198  113.3
    199    9.9
    200   11.7
    201    2.0
    202    1.8
    203    3.1
    204   17.8
    205   44.7
    206    0.0
    207   10.7
    208   30.7
    209   17.3
    210   12.7
    211   25.4
    212    7.4
    213    0.0
    214   34.3
    215    5.6
    216    2.3
    217    9.4
    218    0.0
    219   25.1
    220    6.9
    221    0.5
    222   12.7
    223   47.5
    224    0.0
    225    4.1
    226   45.7
    227    1.8
    228   21.9
    229   21.1
    230    3.8
    231    4.6
    232   10.9
    233   24.1
    234   39.7
    235    0.0
    236    3.3
    237   88.9
    238    3.6
    239    0.0
    240   15.7
    241    1.0
    242    1.5
    243    0.0
    244   17.3
    245    0.0
    246   33.0
    247    0.0
    248    6.1
    249   13.0
    250    1.5
    251   25.9
    252   34.3
    253    3.6
    254    1.3
    255    5.3
    256    0.0
    257    0.0
    258   15.2
    259    4.1
    260    0.5
    261    2.0
    262    0.0
    263   16.5
    264    0.0
    265   24.4
    266   13.7
    267    0.0
    268    0.0
    269    0.0
    270    0.0
    271    0.0
    272    0.0
    273    0.0
    274    3.0
    275   29.2
    276    6.1
    277   27.2
    278   27.7
    279    9.7
    280    0.0
    281    5.1
    282    0.0
    283    0.0
    284    0.0
    285    0.0
    286    0.0
    287    0.0
    288    0.0
    289    1.5
    290    0.0
    291    0.0
    292    0.0
    293    0.0
    294    0.0
    295    3.6
    296    0.0
    297    0.0
    298    0.5
    299    4.1
    300    0.0
    301    0.0
    302    0.0
    303    0.0
    304    0.0
    305    0.0
    306    0.0
    307    0.0
    308    0.0
    309    0.0
    310    0.0
    311   16.0
    312    0.0
    313    0.0
    314    0.0
    315    0.0
    316    0.0
    317    0.0
    318    0.0
    319    0.0
    320    0.0
    321    0.0
    322    0.0
    323    0.0
    324    0.0
    325    0.0
    326    0.0
    327    0.0
    328    0.0
    329    0.0
    330    0.0
    331    0.0
    332    0.0
    333    0.0
    334    0.0
    335    0.0
    336    0.0
    337    0.0
    338    0.0
    339    0.0
    340    0.0
    341    0.0
    342    0.0
    343    0.0
    344    0.0
    345    0.0
    346    0.0
    347    0.0
    348    0.0
    349    0.0
    350    0.0
    351    0.0
    352    0.0
    353    0.0
    354    0.0
    355    0.0
    356    0.0
    357    0.0
    358    0.0
    359    0.0
    360    0.0
    361    0.0
    362    0.0
    363    0.0
    364    0.0
    365    0.0
