  2007   1   1     0  19.8   7.2   0.0     0     0
  2007   1   2     0  18.0   8.2   0.0     0     0
  2007   1   3     0  18.5   7.3   0.0     0     0
  2007   1   4     0  19.0   6.6   0.0     0     0
  2007   1   5     0  20.0   6.3   0.0     0     0
  2007   1   6     0  20.7   7.2   0.0     0     0
  2007   1   7     0  22.6   7.3   0.0     0     0
  2007   1   8     0  20.7   7.8   0.0     0     0
  2007   1   9     0  20.6   7.4   0.0     0     0
  2007   1  10     0  22.0   7.1   0.0     0     0
  2007   1  11     0  19.5   6.3   0.0     0     0
  2007   1  12     0  19.2   7.3   0.0     0     0
  2007   1  13     0  18.4   5.2   0.0     0     0
  2007   1  14     0  15.5   4.2   0.0     0     0
  2007   1  15     0  14.5   4.3   0.0     0     0
  2007   1  16     0  15.5   4.2   0.0     0     0
  2007   1  17     0  16.7   4.8   0.0     0     0
  2007   1  18     0  18.4   4.8   0.0     0     0
  2007   1  19     0  19.0   6.0   0.0     0     0
  2007   1  20     0  17.4   6.0   0.0     0     0
  2007   1  21     0  17.4   7.1   0.0     0     0
  2007   1  22     0  16.4   5.7   0.0     0     0
  2007   1  23     0  18.5   7.3   0.0     0     0
  2007   1  24     0  21.2   6.3   0.0     0     0
  2007   1  25     0  22.6   7.0   0.0     0     0
  2007   1  26     0  22.0   6.8   0.0     0     0
  2007   1  27     0  22.2   7.5   0.0     0     0
  2007   1  28     0  23.2   8.0   0.0     0     0
  2007   1  29     0  23.0   8.5   0.0     0     0
  2007   1  30     0  23.5   9.3   0.0     0     0
  2007   1  31     0  21.6  10.0   0.0     0     0
  2007   2   1     0  20.8   9.0   0.1     0     0
  2007   2   2     0  20.5  10.3   0.0     0     0
  2007   2   3     0  20.7  11.3   0.0     0     0
  2007   2   4     0  19.2  10.3   0.0     0     0
  2007   2   5     0  12.8  10.3   2.8     0     0
  2007   2   6     0  13.1   9.4   3.2     0     0
  2007   2   7     0  20.0   9.3   1.1     0     0
  2007   2   8     0  17.8   7.8  18.8     0     0
  2007   2   9     0  19.6   7.6   0.0     0     0
  2007   2  10     0  19.2   8.8   0.0     0     0
  2007   2  11     0  18.5  11.2   0.0     0     0
  2007   2  12     0  19.7   9.4   9.2     0     0
  2007   2  13     0  19.8   7.8   0.0     0     0
  2007   2  14     0  12.0   7.2  27.0     0     0
  2007   2  15     0  16.7   4.2  30.0     0     0
  2007   2  16     0  14.8   5.8   0.0     0     0
  2007   2  17     0  17.6   6.3   2.6     0     0
  2007   2  18     0  16.3   7.0   0.0     0     0
  2007   2  19     0  17.7   6.5   0.0     0     0
  2007   2  20     0  19.4   8.0   0.0     0     0
  2007   2  21     0  20.5   8.6   0.0     0     0
  2007   2  22     0  20.5   9.0   0.0     0     0
  2007   2  23     0  20.7  10.3   0.0     0     0
  2007   2  24     0  20.4  11.8   0.0     0     0
  2007   2  25     0  19.4  11.3   0.0     0     0
  2007   2  26     0  20.5   8.3   7.4     0     0
  2007   2  27     0  19.7   9.3   0.0     0     0
  2007   2  28     0  20.7  10.0   0.0     0     0
  2007   3   1     0  16.6  11.5     T     0     0
  2007   3   2     0  19.8   9.8   3.4     0     0
  2007   3   3     0  20.0   8.0   0.0     0     0
  2007   3   4     0  20.8  10.0   0.0     0     0
  2007   3   5     0  20.8  10.5   0.0     0     0
  2007   3   6     0  21.6  10.5   0.0     0     0
  2007   3   7     0  22.0  10.0   0.0     0     0
  2007   3   8     0  20.0   9.9   0.0     0     0
  2007   3   9     0  21.6  10.2   0.0     0     0
  2007   3  10     0  23.0  10.3   0.0     0     0
  2007   3  11     0  23.0  10.3   0.0     0     0
  2007   3  12     0  24.6  12.0   0.0     0     0
  2007   3  13     0  22.5  13.3   0.0     0     0
  2007   3  14     0  24.0  12.2   2.6     0     0
  2007   3  15     0  21.8  10.1   0.0     0     0
  2007   3  16     0  21.3   8.8   0.0     0     0
  2007   3  17     0  21.5   8.8   0.0     0     0
  2007   3  18     0  22.0   9.8   0.0     0     0
  2007   3  19     0  24.8  11.8   0.0     0     0
  2007   3  20     0  25.3  13.3   0.0     0     0
  2007   3  21     0  26.0  13.9   0.0     0     0
  2007   3  22     0  24.0  12.2     T     0     0
  2007   3  23     0  24.0  15.3   0.0     0     0
  2007   3  24     0  24.0  16.8   0.0     0     0
  2007   3  25     0  24.3  14.4   0.0     0     0
  2007   3  26     0  24.2  13.5   0.0     0     0
  2007   3  27     0  25.7  13.0   0.0     0     0
  2007   3  28     0  27.0  14.4   0.0     0     0
  2007   3  29     0  28.5  14.3   0.0     0     0
  2007   3  30     0  28.2  16.4   0.0     0     0
  2007   3  31     0  28.6  18.4   0.0     0     0
  2007   4   1     0  28.7  19.0   0.0     0     0
  2007   4   2     0  29.5  18.5   0.0     0     0
  2007   4   3     0  26.9  14.5   1.8     0     0
  2007   4   4     0  27.0  16.4   0.0     0     0
  2007   4   5     0  27.2  17.0   0.0     0     0
  2007   4   6     0  27.0  16.7   0.0     0     0
  2007   4   7     0  26.1  17.4   0.0     0     0
  2007   4   8     0  26.1  14.5   1.0     0     0
  2007   4   9     0  26.7  15.5   0.0     0     0
  2007   4  10     0  26.1  14.2   0.0     0     0
  2007   4  11     0  22.4  14.2  13.0     0     0
  2007   4  12     0  23.0  15.0   0.0     0     0
  2007   4  13     0  24.9  15.8   0.0     0     0
  2007   4  14     0  26.0  16.7   0.0     0     0
  2007   4  15     0  27.2  17.0   0.0     0     0
  2007   4  16     0  27.5  19.0   0.0     0     0
  2007   4  17     0  28.3  18.4   0.2     0     0
  2007   4  18     0  28.5  18.1   0.0     0     0
  2007   4  19     0  29.0  16.9   0.0     0     0
  2007   4  20     0  27.0  15.0   5.6     0     0
  2007   4  21     0  28.0  17.4   0.0     0     0
  2007   4  22     0  26.0  17.5   9.8     0     0
  2007   4  23     0  27.7  16.4   0.0     0     0
  2007   4  24     0  26.5  14.8   3.4     0     0
  2007   4  25     0  25.0  14.4   3.8     0     0
  2007   4  26     0  26.5  13.8   7.2     0     0
  2007   4  27     0  27.6  15.0   0.0     0     0
  2007   4  28     0  26.6  17.5   0.0     0     0
  2007   4  29     0  26.6  18.8   0.0     0     0
  2007   4  30     0  26.8  16.6   4.5     0     0
  2007   5   1     0  31.0  16.9   0.0     0     0
  2007   5   2     0  29.0  17.8   0.0     0     0
  2007   5   3     0  30.0  18.1   0.0     0     0
  2007   5   4     0  28.0  17.4  10.0     0     0
  2007   5   5     0  28.5  19.3   0.0     0     0
  2007   5   6     0  30.5  18.6   0.0     0     0
  2007   5   7     0  28.5  18.2   3.2     0     0
  2007   5   8     0  28.0  17.0  18.6     0     0
  2007   5   9     0  28.1  17.5  23.0     0     0
  2007   5  10     0  27.0  17.6  28.6     0     0
  2007   5  11     0  27.0  16.8  14.6     0     0
  2007   5  12     0  26.0  15.4  11.8     0     0
  2007   5  13     0  27.0  16.2   0.0     0     0
  2007   5  14     0  27.5  15.5   6.6     0     0
  2007   5  15     0  23.8  18.1   0.0     0     0
  2007   5  16     0  25.5  17.4   0.6     0     0
  2007   5  17     0  27.4  19.3   0.0     0     0
  2007   5  18     0  28.2  19.4   0.0     0     0
  2007   5  19     0  28.9  19.8   0.0     0     0
  2007   5  20     0  28.2  19.0   0.4     0     0
  2007   5  21     0  27.0  19.8  11.2     0     0
  2007   5  22     0  25.1  20.4   0.2     0     0
  2007   5  23     0  29.0  20.5   0.0     0     0
  2007   5  24     0  30.0  19.8   0.0     0     0
  2007   5  25     0  28.7  19.5   0.0     0     0
  2007   5  26     0  29.7  19.0   0.0     0     0
  2007   5  27     0  29.0  19.6   0.0     0     0
  2007   5  28     0  27.0  17.0  30.2     0     0
  2007   5  29     0  28.2  19.2   0.0     0     0
  2007   5  30     0  29.0  19.1   0.0     0     0
  2007   5  31     0  30.5  18.8   0.0     0     0
  2007   6   1     0  30.5  17.8   0.0     0     0
  2007   6   2     0  29.5  20.0   0.0     0     0
  2007   6   3     0  29.4  19.5   0.0     0     0
  2007   6   4     0  26.0  17.3   6.2     0     0
  2007   6   5     0  24.5  19.5   1.8     0     0
  2007   6   6     0  28.1  18.6   2.3     0     0
  2007   6   7     0  28.0  20.2   0.0     0     0
  2007   6   8     0  29.0  20.7   0.0     0     0
  2007   6   9     0  29.0  21.2   0.4     0     0
  2007   6  10     0  27.0  20.2   0.6     0     0
  2007   6  11     0  28.1  19.7   0.0     0     0
  2007   6  12     0  28.5  20.8   0.0     0     0
  2007   6  13     0  29.0  20.7   7.8     0     0
  2007   6  14     0  26.5  22.6   0.0     0     0
  2007   6  15     0  25.0  20.8   1.4     0     0
  2007   6  16     0  26.0  19.6  14.6     0     0
  2007   6  17     0  27.0  20.7   4.6     0     0
  2007   6  18     0  26.6  20.5  14.0     0     0
  2007   6  19     0  26.3  21.2   1.3     0     0
  2007   6  20     0  27.8  20.8   0.0     0     0
  2007   6  21     0  29.0  19.8   0.0     0     0
  2007   6  22     0  29.8  20.5   0.2     0     0
  2007   6  23     0  28.5  19.3   0.0     0     0
  2007   6  24     0  28.0  21.3   0.4     0     0
  2007   6  25     0  26.5  20.8   0.2     0     0
  2007   6  26     0  28.0  20.3   0.6     0     0
  2007   6  27     0  29.2  19.4  54.8     0     0
  2007   6  28     0  29.5  19.8   0.0     0     0
  2007   6  29     0  30.8  21.1   0.4     0     0
  2007   6  30     0  30.1  21.5   0.0     0     0
  2007   7   1     0  29.0  21.0   0.0     0     0
  2007   7   2     0  29.0  21.5   0.8     0     0
  2007   7   3     0  29.1  21.1   0.0     0     0
  2007   7   4     0  29.8  21.4   0.0     0     0
  2007   7   5     0  30.0  21.4   0.0     0     0
  2007   7   6     0  31.7  21.7   6.6     0     0
  2007   7   7     0  29.5  20.7   1.7     0     0
  2007   7   8     0  30.5  20.7   4.0     0     0
  2007   7   9     0  28.0  21.2   3.2     0     0
  2007   7  10     0  28.3  20.8   0.0     0     0
  2007   7  11     0  26.7  20.8  19.6     0     0
  2007   7  12     0  28.0  21.0   1.1     0     0
  2007   7  13     0  29.5  22.0   1.8     0     0
  2007   7  14     0  29.5  21.5  10.4     0     0
  2007   7  15     0  31.5  21.2   0.0     0     0
  2007   7  16     0  27.4  21.3   5.3     0     0
  2007   7  17     0  28.5  20.7  23.4     0     0
  2007   7  18     0  29.0  20.8  20.1     0     0
  2007   7  19     0  28.0  21.1   4.3     0     0
  2007   7  20     0  27.0  20.9   7.4     0     0
  2007   7  21     0  26.6  20.1   0.0     0     0
  2007   7  22     0  25.5  20.0  29.2     0     0
  2007   7  23     0  27.0  19.6  17.5     0     0
  2007   7  24     0  24.1  20.3   9.5     0     0
  2007   7  25     0  24.0  20.0   8.4     0     0
  2007   7  26     0  22.4  19.8  28.2     0     0
  2007   7  27     0  24.5  19.4  62.4     0     0
  2007   7  28     0  25.4  20.0   5.0     0     0
  2007   7  29     0  23.0  19.8   4.8     0     0
  2007   7  30     0  25.0  19.5   8.2     0     0
  2007   7  31     0  26.8  20.3   0.2     0     0
  2007   8   1     0  26.6  20.6   1.0     0     0
  2007   8   2     0  27.3  20.3   9.8     0     0
  2007   8   3     0  29.0  20.5   0.4     0     0
  2007   8   4     0  29.7  21.0   0.0     0     0
  2007   8   5     0  31.7  21.5   0.0     0     0
  2007   8   6     0  32.2  21.5   0.0     0     0
  2007   8   7     0  30.6  21.1  13.8     0     0
  2007   8   8     0  30.7  20.0   0.0     0     0
  2007   8   9     0  29.5  21.5   0.0     0     0
  2007   8  10     0  32.4  22.0   0.0     0     0
  2007   8  11     0  31.9  22.1   0.0     0     0
  2007   8  12     0  28.0  22.0     T     0     0
  2007   8  13     0  28.7  21.5   1.4     0     0
  2007   8  14     0  27.5  21.7  11.6     0     0
  2007   8  15     0  25.8  21.0   5.4     0     0
  2007   8  16     0  29.4  21.1   8.6     0     0
  2007   8  17     0  28.0  21.3   0.4     0     0
  2007   8  18     0  29.4  21.0   3.0     0     0
  2007   8  19     0  28.4  20.5   2.6     0     0
  2007   8  20     0  30.6  20.5   0.4     0     0
  2007   8  21     0  28.2  20.1   0.0     0     0
  2007   8  22     0  28.0  19.3   0.0     0     0
  2007   8  23     0  28.9  20.6     T     0     0
  2007   8  24     0  29.2  20.3  10.6     0     0
  2007   8  25     0  28.3  20.0   0.0     0     0
  2007   8  26     0  28.8  19.4   0.0     0     0
  2007   8  27     0  28.6  20.6   1.7     0     0
  2007   8  28     0  28.1  20.8   2.6     0     0
  2007   8  29     0  28.7  20.6   0.6     0     0
  2007   8  30     0  27.3  21.0  18.6     0     0
  2007   8  31     0  28.9  20.6   2.8     0     0
  2007   9   1     0  29.5  20.4   0.6     0     0
  2007   9   2     0  30.7  20.0   9.8     0     0
  2007   9   3     0  28.2  20.4   1.4     0     0
  2007   9   4     0  24.7  20.2   3.8     0     0
  2007   9   5     0  28.4  20.0   1.0     0     0
  2007   9   6     0  24.8  19.6  18.4     0     0
  2007   9   7     0  25.0  20.3  12.3     0     0
  2007   9   8     0  27.5  20.0     T     0     0
  2007   9   9     0  28.1  20.2   3.4     0     0
  2007   9  10     0  27.3  20.5   5.6     0     0
  2007   9  11     0  27.2  20.7   2.0     0     0
  2007   9  12     0  26.4  20.7  20.8     0     0
  2007   9  13     0  29.5  20.6   8.5     0     0
  2007   9  14     0  28.5  19.0   0.0     0     0
  2007   9  15     0  29.0  20.3     T     0     0
  2007   9  16     0  26.7  20.5   3.8     0     0
  2007   9  17     0  29.6  21.0   1.0     0     0
  2007   9  18     0  28.7  19.6  10.2     0     0
  2007   9  19     0  28.8  19.6     T     0     0
  2007   9  20     0  28.8  19.3   0.0     0     0
  2007   9  21     0  31.8  18.9   0.0     0     0
  2007   9  22     0  30.6  17.6   0.0     0     0
  2007   9  23     0  25.2  16.6   0.0     0     0
  2007   9  24     0  24.2  18.3     T     0     0
  2007   9  25     0  19.6  16.8  11.8     0     0
  2007   9  26     0  24.1  17.4  18.8     0     0
  2007   9  27     0  28.7  18.4   0.6     0     0
  2007   9  28     0  27.8  19.0   0.0     0     0
  2007   9  29     0  28.5  19.8   1.7     0     0
  2007   9  30     0  29.4  19.5   0.6     0     0
  2007  10   1     0  28.8  18.5   0.0     0     0
  2007  10   2     0  28.2  18.3   0.0     0     0
  2007  10   3     0  29.3  19.2   0.0     0     0
  2007  10   4     0  30.3  19.0   0.0     0     0
  2007  10   5     0  30.3  20.2   0.0     0     0
  2007  10   6     0  31.4  18.7   0.0     0     0
  2007  10   7     0  31.1  19.5   0.0     0     0
  2007  10   8     0  27.5  18.7   0.0     0     0
  2007  10   9     0  25.6  19.0   1.0     0     0
  2007  10  10     0  22.8  18.8  18.6     0     0
  2007  10  11     0  25.0  18.5     T     0     0
  2007  10  12     0  27.5  18.4   0.0     0     0
  2007  10  13     0  28.2  18.4   0.0     0     0
  2007  10  14     0  27.8  17.4   0.0     0     0
  2007  10  15     0  28.4  17.3   0.0     0     0
  2007  10  16     0  27.0  17.6   0.2     0     0
  2007  10  17     0  24.3  16.6   1.0     0     0
  2007  10  18     0  27.0  14.0   0.0     0     0
  2007  10  19     0  26.4  15.3   0.0     0     0
  2007  10  20     0  25.5  15.0   0.0     0     0
  2007  10  21     0  25.8  13.5   0.0     0     0
  2007  10  22     0  24.1  16.0     T     0     0
  2007  10  23     0  24.3  14.9   0.0     0     0
  2007  10  24     0  25.2  15.2   0.0     0     0
  2007  10  25     0  26.2  14.8   0.0     0     0
  2007  10  26     0  26.8  12.9   0.0     0     0
  2007  10  27     0  26.2  14.8   0.0     0     0
  2007  10  28     0  26.2  14.8   0.0     0     0
  2007  10  29     0  25.2  13.9   0.0     0     0
  2007  10  30     0  26.2  13.7   0.0     0     0
  2007  10  31     0  25.3  14.5   0.0     0     0
  2007  11   1     0  26.2  14.8   0.0     0     0
  2007  11   2     0  25.8  14.0   0.0     0     0
  2007  11   3     0  26.9  13.8   0.0     0     0
  2007  11   4     0  25.7  13.8   0.0     0     0
  2007  11   5     0  25.8  14.7   0.0     0     0
  2007  11   6     0  27.2  14.8   0.0     0     0
  2007  11   7     0  25.7  14.5   0.0     0     0
  2007  11   8     0  25.7  14.2   0.0     0     0
  2007  11   9     0  25.5  13.3   0.0     0     0
  2007  11  10     0  25.2  13.3   0.0     0     0
  2007  11  11     0  25.3  12.0   0.0     0     0
  2007  11  12     0  24.5  10.4   0.0     0     0
  2007  11  13     0  25.5  10.3   0.0     0     0
  2007  11  14     0  26.4  10.3   0.0     0     0
  2007  11  15     0  25.1  10.3   0.0     0     0
  2007  11  16     0  24.0  11.0   0.0     0     0
  2007  11  17     0  21.1  14.0   0.0     0     0
  2007  11  18     0  24.0  11.8   0.0     0     0
  2007  11  19     0  24.5  11.7   0.0     0     0
  2007  11  20     0  25.0  13.1   0.0     0     0
  2007  11  21     0  25.0  11.8   0.0     0     0
  2007  11  22     0  25.1  10.2   0.0     0     0
  2007  11  23     0  26.0  11.0   0.0     0     0
  2007  11  24     0  25.4  10.5   0.0     0     0
  2007  11  25     0  24.0   9.8   0.0     0     0
  2007  11  26     0  24.0   9.5   0.0     0     0
  2007  11  27     0  23.0  10.3   0.0     0     0
  2007  11  28     0  22.2  10.4   0.0     0     0
  2007  11  29     0  23.0   9.8   0.0     0     0
  2007  11  30     0  22.2   9.6   0.0     0     0
  2007  12   1     0  22.0   8.8   0.0     0     0
  2007  12   2     0  22.5   9.0   0.0     0     0
  2007  12   3     0  20.0   8.8   0.0     0     0
  2007  12   4     0  21.2   7.5   0.0     0     0
  2007  12   5     0  19.9   8.0   0.0     0     0
  2007  12   6     0  22.3   7.8   0.0     0     0
  2007  12   7     0  21.8   8.5   0.0     0     0
  2007  12   8     0  21.4   7.4   0.0     0     0
  2007  12   9     0  21.0   7.3   0.0     0     0
  2007  12  10     0  22.5   8.4   0.0     0     0
  2007  12  11     0  21.5   7.3   0.0     0     0
  2007  12  12     0  21.6   7.3   0.0     0     0
  2007  12  13     0  20.5   8.2   0.0     0     0
  2007  12  14     0  20.5   7.8   0.0     0     0
  2007  12  15     0  21.2   7.5   0.0     0     0
  2007  12  16     0  21.5   6.5   0.0     0     0
  2007  12  17     0  20.5   6.8   0.0     0     0
  2007  12  18     0  21.2   6.4   0.0     0     0
  2007  12  19     0  21.3   6.4   0.0     0     0
  2007  12  20     0  20.0   6.4   0.0     0     0
  2007  12  21     0  20.0   6.3   0.0     0     0
  2007  12  22     0  20.0   7.3   0.0     0     0
  2007  12  23     0  21.4   7.7   0.0     0     0
  2007  12  24     0  21.4   7.3   0.0     0     0
  2007  12  25     0  20.1   7.7   0.0     0     0
  2007  12  26     0  21.8   7.8   0.0     0     0
  2007  12  27     0  22.1   7.9   0.0     0     0
  2007  12  28     0  21.5   7.6   0.0     0     0
  2007  12  29     0  21.9   7.8   0.0     0     0
  2007  12  30     0  22.0   7.2   0.0     0     0
  2007  12  31     0  20.5   7.5   0.0     0     0
