  2003   1   1     0  17.1   7.3   9.6     0     0
  2003   1   2     0  17.5   5.0   0.0     0     0
  2003   1   3     0  22.2   6.8   0.0     0     0
  2003   1   4     0  19.2   6.8   0.0     0     0
  2003   1   5     0  19.5   6.5   0.0     0     0
  2003   1   6     0  19.4   6.4   0.0     0     0
  2003   1   7     0  18.5   6.0   0.0     0     0
  2003   1   8     0  19.0   5.5   0.0     0     0
  2003   1   9     0  19.2   5.6   0.0     0     0
  2003   1  10     0  19.6   5.8   0.0     0     0
  2003   1  11     0  19.0   5.8   0.0     0     0
  2003   1  12     0  19.6   6.0   0.0     0     0
  2003   1  13     0  18.6   5.8   0.0     0     0
  2003   1  14     0  19.0   6.0   0.0     0     0
  2003   1  15     0  22.0   5.6   0.0     0     0
  2003   1  16     0  21.4   6.8   0.0     0     0
  2003   1  17     0  21.5   6.8   0.0     0     0
  2003   1  18     0  22.1   7.3   0.0     0     0
  2003   1  19     0  22.0   7.4   0.0     0     0
  2003   1  20     0  21.1   6.8   0.0     0     0
  2003   1  21     0  19.3   6.7   0.0     0     0
  2003   1  22     0  20.1   6.3   0.0     0     0
  2003   1  23     0  18.1   6.0   0.0     0     0
  2003   1  24     0  16.8   5.3   0.0     0     0
  2003   1  25     0  17.3   6.3   0.0     0     0
  2003   1  26     0  18.2   5.2   0.0     0     0
  2003   1  27     0  18.6   6.3   0.0     0     0
  2003   1  28     0  20.3   7.3   0.0     0     0
  2003   1  29     0  15.7   8.8   7.4     0     0
  2003   1  30     0  17.3   6.8   1.6     0     0
  2003   1  31     0  17.8   7.8   0.0     0     0
  2003   2   1     0  15.0   9.4  19.3     0     0
  2003   2   2     0  17.5   9.1   2.2     0     0
  2003   2   3     0  20.7   7.5   0.0     0     0
  2003   2   4     0  20.2   7.4   0.0     0     0
  2003   2   5     0  21.6  10.2   0.0     0     0
  2003   2   6     0  19.5   8.0   0.0     0     0
  2003   2   7     0  19.1   8.8   0.0     0     0
  2003   2   8     0  19.5   8.8   0.0     0     0
  2003   2   9     0  22.2   7.6   0.0     0     0
  2003   2  10     0  20.8   8.5   0.0     0     0
  2003   2  11     0  20.0   8.2     T     0     0
  2003   2  12     0  19.6   8.4   0.0     0     0
  2003   2  13     0  18.2   6.5     T     0     0
  2003   2  14     0  18.0   5.7   0.0     0     0
  2003   2  15     0  18.2   6.3     T     0     0
  2003   2  16     0  19.2   7.8   0.0     0     0
  2003   2  17     0  21.0   8.8   0.0     0     0
  2003   2  18     0  21.7   9.7   0.0     0     0
  2003   2  19     0  12.8  11.0   1.8     0     0
  2003   2  20     0  20.0   7.7  11.8     0     0
  2003   2  21     0  19.3   8.3   0.0     0     0
  2003   2  22     0  20.0   7.8   0.0     0     0
  2003   2  23     0  21.0   9.2   0.0     0     0
  2003   2  24     0  21.3  10.2   0.0     0     0
  2003   2  25     0  21.5  10.5   0.0     0     0
  2003   2  26     0  20.0  11.8   0.0     0     0
  2003   2  27     0  21.0   9.8   0.0     0     0
  2003   2  28     0  21.3  11.5   0.0     0     0
  2003   3   1     0  23.0  11.8   0.0     0     0
  2003   3   2     0  24.5  12.3   0.0     0     0
  2003   3   3     0  24.5  12.8   0.0     0     0
  2003   3   4     0  24.8  13.7   0.0     0     0
  2003   3   5     0  20.4  13.3   0.0     0     0
  2003   3   6     0  18.0   7.7   0.0     0     0
  2003   3   7     0  20.0   8.0   0.0     0     0
  2003   3   8     0  19.6   8.3   0.0     0     0
  2003   3   9     0  21.8   8.9   0.0     0     0
  2003   3  10     0  23.0   9.5   0.0     0     0
  2003   3  11     0  24.7  10.4   0.0     0     0
  2003   3  12     0  21.5  11.8   0.0     0     0
  2003   3  13     0  19.6   7.8  22.3     0     0
  2003   3  14     0  21.1   9.8   0.0     0     0
  2003   3  15     0  20.4  11.5   0.0     0     0
  2003   3  16     0  21.5  13.8   0.0     0     0
  2003   3  17     0  23.8  12.8   0.0     0     0
  2003   3  18     0  24.0  13.0   0.0     0     0
  2003   3  19     0  23.0  11.3   3.2     0     0
  2003   3  20     0  20.6  11.7   0.8     0     0
  2003   3  21     0  22.4  12.8   0.0     0     0
  2003   3  22     0  22.8  13.3   0.0     0     0
  2003   3  23     0  25.5  13.7   0.0     0     0
  2003   3  24     0  26.4  14.8   0.0     0     0
  2003   3  25     0  25.6  13.0   0.0     0     0
  2003   3  26     0  25.7  14.7   0.0     0     0
  2003   3  27     0  24.6  11.4  25.0     0     0
  2003   3  28     0  25.8  14.8   0.0     0     0
  2003   3  29     0  27.4  14.8     T     0     0
  2003   3  30     0  24.3  12.8   8.6     0     0
  2003   3  31     0  23.8  15.2   0.0     0     0
  2003   4   1     0  24.6  15.3   0.0     0     0
  2003   4   2     0  23.6  15.4   0.4     0     0
  2003   4   3     0  26.2  14.4   0.0     0     0
  2003   4   4     0  27.0  15.4   0.0     0     0
  2003   4   5     0  25.0  13.3   9.8     0     0
  2003   4   6     0  26.5  14.3   0.0     0     0
  2003   4   7     0  27.2  16.3   0.0     0     0
  2003   4   8     0  28.2  15.3   0.0     0     0
  2003   4   9     0  27.4  15.3   0.0     0     0
  2003   4  10     0  28.0  16.7   0.0     0     0
  2003   4  11     0  28.0  16.4   0.0     0     0
  2003   4  12     0  27.2  14.3   0.0     0     0
  2003   4  13     0  26.5  16.2   0.0     0     0
  2003   4  14     0  27.5  17.2   0.0     0     0
  2003   4  15     0  26.0  14.5   7.1     0     0
  2003   4  16     0  28.0  16.2   0.0     0     0
  2003   4  17     0  26.5  15.7   0.4     0     0
  2003   4  18     0  27.8  17.3   0.0     0     0
  2003   4  19     0  27.6  17.2   0.0     0     0
  2003   4  20     0  29.8  15.4   1.8     0     0
  2003   4  21     0  27.2  15.7   0.0     0     0
  2003   4  22     0  26.4  12.8   5.6     0     0
  2003   4  23     0  26.6  16.7     T     0     0
  2003   4  24     0  28.1  17.3   0.0     0     0
  2003   4  25     0  28.5  18.2   0.0     0     0
  2003   4  26     0  27.0  19.7   0.0     0     0
  2003   4  27     0  27.4  17.6  12.8     0     0
  2003   4  28     0  26.4  16.5   7.2     0     0
  2003   4  29     0  26.6  16.7   0.0     0     0
  2003   4  30     0  25.4  14.4  11.3     0     0
  2003   5   1     0  25.6  15.8   0.0     0     0
  2003   5   2     0  25.0  15.6   7.7     0     0
  2003   5   3     0  26.1  17.0     T     0     0
  2003   5   4     0  28.5  16.8   1.7     0     0
  2003   5   5     0  27.1  16.5   0.0     0     0
  2003   5   6     0  28.0  16.3   0.0     0     0
  2003   5   7     0  28.5  16.3   0.0     0     0
  2003   5   8     0  29.8  17.2   0.0     0     0
  2003   5   9     0  27.2  16.3   0.0     0     0
  2003   5  10     0  26.6  15.0   0.0     0     0
  2003   5  11     0  26.8  15.8   0.0     0     0
  2003   5  12     0  27.5  16.4   0.0     0     0
  2003   5  13     0  29.1  17.7     T     0     0
  2003   5  14     0  29.1  17.2   0.0     0     0
  2003   5  15     0  28.4  17.0   3.4     0     0
  2003   5  16     0  26.6  16.5  26.1     0     0
  2003   5  17     0  28.4  17.0   3.4     0     0
  2003   5  18     0  27.2  17.4   0.0     0     0
  2003   5  19     0  27.5  15.3   5.2     0     0
  2003   5  20     0  28.0  18.0   0.0     0     0
  2003   5  21     0  25.8  16.0   1.6     0     0
  2003   5  22     0  26.5  17.2   0.0     0     0
  2003   5  23     0  26.2  16.6   2.6     0     0
  2003   5  24     0  27.0  18.4   0.0     0     0
  2003   5  25     0  26.0  19.5   0.0     0     0
  2003   5  26     0  27.0  17.7  18.5     0     0
  2003   5  27     0  28.0  18.2   0.0     0     0
  2003   5  28     0  28.8  19.0   0.0     0     0
  2003   5  29     0  28.5  18.7   0.0     0     0
  2003   5  30     0  29.0  20.2   0.0     0     0
  2003   5  31     0  28.6  21.0   0.0     0     0
  2003   6   1     0  29.8  20.7   4.0     0     0
  2003   6   2     0  29.6  21.7   0.0     0     0
  2003   6   3     0  30.1  21.0   0.0     0     0
  2003   6   4     0  26.9  21.5   0.0     0     0
  2003   6   5     0  30.2  20.0  11.2     0     0
  2003   6   6     0  27.0  18.6   4.1     0     0
  2003   6   7     0  27.7  18.9     T     0     0
  2003   6   8     0  25.8  19.2   0.0     0     0
  2003   6   9     0  27.5  19.0   4.4     0     0
  2003   6  10     0  25.8  20.2   3.6     0     0
  2003   6  11     0  28.0  20.2     T     0     0
  2003   6  12     0  28.1  20.0   0.0     0     0
  2003   6  13     0  29.1  20.7   0.0     0     0
  2003   6  14     0  28.7  19.5   5.2     0     0
  2003   6  15     0  27.7  19.5     T     0     0
  2003   6  16     0  27.7  20.2     T     0     0
  2003   6  17     0  28.9  20.5  10.7     0     0
  2003   6  18     0  29.5  20.5   0.0     0     0
  2003   6  19     0  28.4  21.5  12.2     0     0
  2003   6  20     0  27.9  20.0   3.0     0     0
  2003   6  21     0  28.0  21.5   2.6     0     0
  2003   6  22     0  26.8  21.3   4.2     0     0
  2003   6  23     0  23.6  20.5  12.3     0     0
  2003   6  24     0  28.5  20.0  28.4     0     0
  2003   6  25     0  27.5  20.0   0.1     0     0
  2003   6  26     0  26.9  21.5   0.0     0     0
  2003   6  27     0  28.2  20.5  49.5     0     0
  2003   6  28     0  26.7  20.1  15.7     0     0
  2003   6  29     0  25.8  21.0   1.4     0     0
  2003   6  30     0  26.0  21.0  33.7     0     0
  2003   7   1     0  27.8  20.6   9.3     0     0
  2003   7   2     0  27.7  20.9   0.6     0     0
  2003   7   3     0  27.4  20.7   2.6     0     0
  2003   7   4     0  26.2  21.3  10.8     0     0
  2003   7   5     0  26.5  20.5   1.5     0     0
  2003   7   6     0  28.1  20.0  16.7     0     0
  2003   7   7     0  26.5  21.2   6.5     0     0
  2003   7   8     0  24.3  20.7   7.6     0     0
  2003   7   9     0  21.5  20.4  77.6     0     0
  2003   7  10     0  26.3  19.7  37.0     0     0
  2003   7  11     0  27.3  20.2   0.0     0     0
  2003   7  12     0  28.0  19.9   0.0     0     0
  2003   7  13     0  27.7  20.8   1.2     0     0
  2003   7  14     0  29.5  21.0   1.1     0     0
  2003   7  15     0  28.6  21.8   0.7     0     0
  2003   7  16     0  28.7  20.0   0.0     0     0
  2003   7  17     0  28.3  21.0   2.8     0     0
  2003   7  18     0  28.6  21.0   0.2     0     0
  2003   7  19     0  23.9  20.5  12.6     0     0
  2003   7  20     0  26.1  19.6   5.8     0     0
  2003   7  21     0  27.9  21.0   0.0     0     0
  2003   7  22     0  27.5  20.2  24.2     0     0
  2003   7  23     0  29.4  21.0   0.0     0     0
  2003   7  24     0  31.2  21.8   0.0     0     0
  2003   7  25     0  30.8  19.9   5.7     0     0
  2003   7  26     0  31.3  22.2   0.8     0     0
  2003   7  27     0  29.0  21.0  17.1     0     0
  2003   7  28     0  29.4  20.3   0.0     0     0
  2003   7  29     0  26.7  21.3   0.0     0     0
  2003   7  30     0  24.5  21.2  20.2     0     0
  2003   7  31     0  25.8  20.4  67.1     0     0
  2003   8   1     0  28.4  19.8   7.2     0     0
  2003   8   2     0  27.3  21.2     T     0     0
  2003   8   3     0  27.2  20.2   0.0     0     0
  2003   8   4     0  29.4  20.2   0.0     0     0
  2003   8   5     0  29.0  21.6   0.0     0     0
  2003   8   6     0  29.1  20.6   0.6     0     0
  2003   8   7     0  29.7  20.7   0.0     0     0
  2003   8   8     0  29.2  21.2  12.5     0     0
  2003   8   9     0  27.7  21.2   1.3     0     0
  2003   8  10     0  29.2  20.8   0.0     0     0
  2003   8  11     0  28.7  21.5   8.2     0     0
  2003   8  12     0  29.3  21.2   0.8     0     0
  2003   8  13     0  29.5  20.6     T     0     0
  2003   8  14     0  29.7  20.8   0.0     0     0
  2003   8  15     0  29.0  21.3   0.0     0     0
  2003   8  16     0  28.6  20.9     T     0     0
  2003   8  17     0  28.7  21.0   0.0     0     0
  2003   8  18     0  26.4  20.0  36.8     0     0
  2003   8  19     0  26.4  20.0  42.8     0     0
  2003   8  20     0  28.1  20.4   4.6     0     0
  2003   8  21     0  28.6  20.4   0.0     0     0
  2003   8  22     0  30.2  21.0   0.0     0     0
  2003   8  23     0  28.1  21.2   1.7     0     0
  2003   8  24     0  28.5  20.0   0.3     0     0
  2003   8  25     0  28.6  19.5   0.0     0     0
  2003   8  26     0  30.3  20.1   0.0     0     0
  2003   8  27     0  29.4  20.8   2.0     0     0
  2003   8  28     0  29.0  20.3   0.0     0     0
  2003   8  29     0  29.2  20.0   0.0     0     0
  2003   8  30     0  28.5  20.6   1.0     0     0
  2003   8  31     0  29.3  20.6   0.0     0     0
  2003   9   1     0  28.5  21.2   0.0     0     0
  2003   9   2     0  28.6  20.0   0.0     0     0
  2003   9   3     0  29.4  20.5   0.0     0     0
  2003   9   4     0  28.6  20.7   0.0     0     0
  2003   9   5     0  29.5  20.0   0.0     0     0
  2003   9   6     0  29.7  19.7   4.3     0     0
  2003   9   7     0  29.8  19.5     T     0     0
  2003   9   8     0  29.5  20.2   0.0     0     0
  2003   9   9     0  30.2  20.5     T     0     0
  2003   9  10     0  29.2  19.3   0.0     0     0
  2003   9  11     0  30.0  19.3   0.0     0     0
  2003   9  12     0  29.2  20.6   0.0     0     0
  2003   9  13     0  28.8  20.6   2.6     0     0
  2003   9  14     0  29.1  21.0   0.0     0     0
  2003   9  15     0  25.3  20.6  12.8     0     0
  2003   9  16     0  28.5  20.0  13.0     0     0
  2003   9  17     0  26.5  19.5   0.0     0     0
  2003   9  18     0  28.5  19.4   0.0     0     0
  2003   9  19     0  27.3  19.5   1.0     0     0
  2003   9  20     0  27.6  20.0   0.0     0     0
  2003   9  21     0  28.6  20.1   0.0     0     0
  2003   9  22     0  26.9  20.5   0.6     0     0
  2003   9  23     0  28.7  20.0   0.0     0     0
  2003   9  24     0  22.0  19.0  15.1     0     0
  2003   9  25     0  27.3  18.5   4.7     0     0
  2003   9  26     0  27.7  18.0   0.0     0     0
  2003   9  27     0  27.0  18.8     T     0     0
  2003   9  28     0  27.5  18.5   0.0     0     0
  2003   9  29     0  24.4  19.8     T     0     0
  2003   9  30     0  26.6  18.6   7.0     0     0
  2003  10   1     0  27.7  19.0   0.0     0     0
  2003  10   2     0  27.5  18.0     T     0     0
  2003  10   3     0  27.5  18.0   0.0     0     0
  2003  10   4     0  27.5  17.4   0.0     0     0
  2003  10   5     0  27.0  17.2   0.0     0     0
  2003  10   6     0  28.4  16.6   0.0     0     0
  2003  10   7     0  28.2  17.5   0.0     0     0
  2003  10   8     0  23.3  17.5   0.0     0     0
  2003  10   9     0  19.0  17.2  13.8     0     0
  2003  10  10     0  25.1  16.5  45.8     0     0
  2003  10  11     0  27.2  16.5   0.0     0     0
  2003  10  12     0  27.0  16.2   0.0     0     0
  2003  10  13     0  26.5  15.7   0.0     0     0
  2003  10  14     0  27.3  16.8   0.0     0     0
  2003  10  15     0  27.3  17.6   0.0     0     0
  2003  10  16     0  27.3  17.7   0.0     0     0
  2003  10  17     0  26.8  16.8   0.0     0     0
  2003  10  18     0  26.1  17.1   0.0     0     0
  2003  10  19     0  26.8  15.7   0.0     0     0
  2003  10  20     0  26.4  15.5   0.0     0     0
  2003  10  21     0  26.6  13.6   0.0     0     0
  2003  10  22     0  26.2  13.3   0.0     0     0
  2003  10  23     0  26.0  13.0   0.0     0     0
  2003  10  24     0  23.6  16.5   0.0     0     0
  2003  10  25     0  17.2  15.3  10.7     0     0
  2003  10  26     0  22.3  15.5  27.2     0     0
  2003  10  27     0  24.5  16.5   1.4     0     0
  2003  10  28     0  25.5  15.0   0.0     0     0
  2003  10  29     0  25.0  15.3   0.0     0     0
  2003  10  30     0  25.3  15.5   0.0     0     0
  2003  10  31     0  25.8  16.0   0.0     0     0
  2003  11   1     0  25.2  14.2   0.0     0     0
  2003  11   2     0  24.0  14.0   0.0     0     0
  2003  11   3     0  24.2  13.5   0.0     0     0
  2003  11   4     0  24.4  13.2   0.0     0     0
  2003  11   5     0  23.6  18.5   0.0     0     0
  2003  11   6     0  22.8  14.0   0.0     0     0
  2003  11   7     0  24.0  14.7   0.0     0     0
  2003  11   8     0  22.9  13.6   0.0     0     0
  2003  11   9     0  22.0  13.1   0.0     0     0
  2003  11  10     0  23.0  12.8   0.0     0     0
  2003  11  11     0  23.1  13.0   0.0     0     0
  2003  11  12     0  23.2  12.2   0.0     0     0
  2003  11  13     0  23.5  11.4   0.0     0     0
  2003  11  14     0  24.2  12.2   0.0     0     0
  2003  11  15     0  24.2  12.7   0.0     0     0
  2003  11  16     0  23.5  11.2   0.0     0     0
  2003  11  17     0  21.8  11.5   0.0     0     0
  2003  11  18     0  21.1  11.6   0.0     0     0
  2003  11  19     0  21.8  11.2   0.0     0     0
  2003  11  20     0  21.6  11.0   0.0     0     0
  2003  11  21     0  22.2  10.6   0.0     0     0
  2003  11  22     0  22.6  11.7   0.0     0     0
  2003  11  23     0  22.5  11.0   0.0     0     0
  2003  11  24     0  23.5  10.4   0.0     0     0
  2003  11  25     0  22.5  10.2   0.0     0     0
  2003  11  26     0  21.6  10.5   0.0     0     0
  2003  11  27     0  21.0  10.0   0.0     0     0
  2003  11  28     0  21.5  10.0   0.0     0     0
  2003  11  29     0  20.3   9.6   0.0     0     0
  2003  11  30     0  21.5   8.8   0.0     0     0
  2003  12   1     0  20.5   9.0   0.0     0     0
  2003  12   2     0  20.0   9.2   0.0     0     0
  2003  12   3     0  20.5   9.2   0.0     0     0
  2003  12   4     0  20.2  10.0   0.0     0     0
  2003  12   5     0  20.3   8.8   0.0     0     0
  2003  12   6     0  20.1  10.2   0.0     0     0
  2003  12   7     0  20.6  10.2   0.0     0     0
  2003  12   8     0  20.8   9.0   0.0     0     0
  2003  12   9     0  21.1  10.1   0.0     0     0
  2003  12  10     0  21.9  11.0   0.0     0     0
  2003  12  11     0  21.6   8.9   0.0     0     0
  2003  12  12     0  23.3   8.7   0.0     0     0
  2003  12  13     0  22.9   9.6   0.0     0     0
  2003  12  14     0  22.5   8.7   0.0     0     0
  2003  12  15     0  21.4   8.5   0.0     0     0
  2003  12  16     0  15.6  11.5   0.0     0     0
  2003  12  17     0  21.1   7.1   0.0     0     0
  2003  12  18     0  21.4   8.5   0.0     0     0
  2003  12  19     0  21.8   8.6   0.0     0     0
  2003  12  20     0  22.0   8.5   0.0     0     0
  2003  12  21     0  21.0   8.6   0.0     0     0
  2003  12  22     0  21.1   8.0   0.0     0     0
  2003  12  23     0  21.8   8.1   0.0     0     0
  2003  12  24     0  21.7   8.0   0.0     0     0
  2003  12  25     0  19.5   6.5   0.0     0     0
  2003  12  26     0  20.5   7.0   0.0     0     0
  2003  12  27     0  20.2   7.4   0.0     0     0
  2003  12  28     0   9.6   6.0   6.6     0     0
  2003  12  29     0  16.5   3.0  23.4     0     0
  2003  12  30     0  18.5   6.1   0.0     0     0
  2003  12  31     0  19.2   8.5   0.0     0     0
