  1988   1   1     0  15.8   8.6   0.0     0     0
  1988   1   2     0  15.7   9.3   0.0     0     0
  1988   1   3     0  15.9  10.2   0.0     0     0
  1988   1   4     0  15.3   8.8   0.0     0     0
  1988   1   5     0  16.2  10.0   0.0     0     0
  1988   1   6     0  16.0   9.5   0.0     0     0
  1988   1   7     0  15.6   8.6   0.0     0     0
  1988   1   8     0  15.4   7.7   0.0     0     0
  1988   1   9     0  14.4   8.5   0.0     0     0
  1988   1  10     0  13.4   7.8   0.0     0     0
  1988   1  11     0  17.4   8.8   0.0     0     0
  1988   1  12     0  17.2   9.5   0.0     0     0
  1988   1  13     0  15.2  10.3   0.0     0     0
  1988   1  14     0  15.6   8.4   2.1     0     0
  1988   1  15     0  13.7   8.4   0.2     0     0
  1988   1  16     0  19.5   7.9   0.0     0     0
  1988   1  17     0  14.3   7.2   0.0     0     0
  1988   1  18     0  13.6   7.8   0.0     0     0
  1988   1  19     0  14.3   7.8   0.0     0     0
  1988   1  20     0  15.7   8.8   0.0     0     0
  1988   1  21     0  16.0   8.5   0.0     0     0
  1988   1  22     0  15.7   8.8   0.0     0     0
  1988   1  23     0  16.3  10.2   0.0     0     0
  1988   1  24     0  15.0   8.5   0.0     0     0
  1988   1  25     0  16.0   7.5   0.0     0     0
  1988   1  26     0  13.8   7.0   0.0     0     0
  1988   1  27     0  14.0   6.8   0.0     0     0
  1988   1  28     0  15.5   7.2   0.0     0     0
  1988   1  29     0  15.7   7.7   0.0     0     0
  1988   1  30     0  16.4   8.8   0.0     0     0
  1988   1  31     0  16.7   8.7   0.0     0     0
  1988   2   1     0  17.4   9.0   0.0     0     0
  1988   2   2     0  17.2   9.8   0.0     0     0
  1988   2   3     0  17.7  10.2   0.0     0     0
  1988   2   4     0  19.4  10.7   0.0     0     0
  1988   2   5     0  18.2  11.6   0.0     0     0
  1988   2   6     0  17.4  11.4   0.0     0     0
  1988   2   7     0  17.4  11.3   0.0     0     0
  1988   2   8     0  17.8  11.5   0.0     0     0
  1988   2   9     0  18.2  11.8   0.0     0     0
  1988   2  10     0  18.2  12.0   0.0     0     0
  1988   2  11     0  18.3  11.9   0.0     0     0
  1988   2  12     0  17.2  12.2   0.0     0     0
  1988   2  13     0  19.8  11.5   0.0     0     0
  1988   2  14     0  17.6  12.2   0.1     0     0
  1988   2  15     0  17.6   8.5   2.4     0     0
  1988   2  16     0  17.4   9.5   0.0     0     0
  1988   2  17     0  16.2   9.5   0.0     0     0
  1988   2  18     0  17.7   9.3   0.0     0     0
  1988   2  19     0  16.2  10.9   0.0     0     0
  1988   2  20     0  16.5  10.5   0.0     0     0
  1988   2  21     0  17.4   9.7   0.0     0     0
  1988   2  22     0  19.3   7.0   0.0     0     0
  1988   2  23     0  18.7  14.2   0.0     0     0
  1988   2  24     0  15.3   6.8  22.8     0     0
  1988   2  25     0  15.4   8.5   0.0     0     0
  1988   2  26     0  15.3   9.1   0.0     0     0
  1988   2  27     0  15.0   9.6   0.0     0     0
  1988   2  28     0  19.5   9.5   0.0     0     0
  1988   2  29     0  17.0  10.0   6.8     0     0
  1988   3   1     0  19.0  12.0   0.0     0     0
  1988   3   2     0  18.0  11.6   0.0     0     0
  1988   3   3     0  18.7  11.2   0.0     0     0
  1988   3   4     0  16.2  10.4   0.0     0     0
  1988   3   5     0  16.8  10.5   0.0     0     0
  1988   3   6     0  18.4  10.2   0.0     0     0
  1988   3   7     0  19.1  11.8   0.0     0     0
  1988   3   8     0  19.5  12.8   0.0     0     0
  1988   3   9     0  17.0  10.0   1.0     0     0
  1988   3  10     0  17.4  11.6   9.8     0     0
  1988   3  11     0  19.8  13.6   0.0     0     0
  1988   3  12     0  17.0  12.6  21.8     0     0
  1988   3  13     0  19.0  10.2  25.2     0     0
  1988   3  14     0  15.8  11.4     T     0     0
  1988   3  15     0  16.7  10.8   0.6     0     0
  1988   3  16     0  16.7  11.4   0.0     0     0
  1988   3  17     0  20.5  12.0   0.0     0     0
  1988   3  18     0  22.2  14.0   0.0     0     0
  1988   3  19     0  18.0  12.0   0.0     0     0
  1988   3  20     0  18.0   8.9  11.2     0     0
  1988   3  21     0  17.4  11.0   0.0     0     0
  1988   3  22     0  17.8  11.5   0.0     0     0
  1988   3  23     0  18.6  12.0   0.0     0     0
  1988   3  24     0  20.4  12.8   0.0     0     0
  1988   3  25     0  21.0  14.3   0.0     0     0
  1988   3  26     0  22.5  15.1   0.0     0     0
  1988   3  27     0  24.3  15.5   0.0     0     0
  1988   3  28     0  21.5  15.2     T     0     0
  1988   3  29     0  21.4  14.5   0.0     0     0
  1988   3  30     0  21.8  14.3   0.0     0     0
  1988   3  31     0  22.2  15.0   0.0     0     0
  1988   4   1     0  23.4  15.8   0.0     0     0
  1988   4   2     0  23.4  15.8   0.0     0     0
  1988   4   3     0  23.8  16.4   0.0     0     0
  1988   4   4     0  24.3  16.5   0.0     0     0
  1988   4   5     0  25.6  17.8   0.0     0     0
  1988   4   6     0  26.7  19.8   0.0     0     0
  1988   4   7     0  23.6  20.0   0.0     0     0
  1988   4   8     0  25.8  18.9   0.0     0     0
  1988   4   9     0  26.8  19.9   0.0     0     0
  1988   4  10     0  26.6  19.0   0.0     0     0
  1988   4  11     0  26.3  18.9   0.0     0     0
  1988   4  12     0  26.8  19.0   0.0     0     0
  1988   4  13     0  23.9  17.6   0.0     0     0
  1988   4  14     0  23.4  13.4   5.9     0     0
  1988   4  15     0  24.3  15.2   0.0     0     0
  1988   4  16     0  21.4  15.2     T     0     0
  1988   4  17     0  16.7  15.0     T     0     0
  1988   4  18     0  19.6  12.5  20.0     0     0
  1988   4  19     0  21.4  13.2   0.2     0     0
  1988   4  20     0  22.4  16.0   0.0     0     0
  1988   4  21     0  21.8  14.6   0.0     0     0
  1988   4  22     0  19.8  14.4   1.0     0     0
  1988   4  23     0  19.6  14.0   5.0     0     0
  1988   4  24     0  22.7  13.8   2.2     0     0
  1988   4  25     0  23.6  16.7   0.0     0     0
  1988   4  26     0  22.4  13.3   2.6     0     0
  1988   4  27     0  23.3  15.0   0.0     0     0
  1988   4  28     0  25.3  17.2   0.0     0     0
  1988   4  29     0  23.4  17.2   0.0     0     0
  1988   4  30     0  23.6  15.8     T     0     0
  1988   5   1     0  24.4  17.0   0.0     0     0
  1988   5   2     0  23.7  17.8   0.0     0     0
  1988   5   3     0  21.2  15.5   0.0     0     0
  1988   5   4     0  23.6  15.7   2.6     0     0
  1988   5   5     0  22.4  12.7  16.6     0     0
  1988   5   6     0  22.7  15.3   2.2     0     0
  1988   5   7     0  23.6  16.2   1.6     0     0
  1988   5   8     0  24.4  17.2   0.2     0     0
  1988   5   9     0  23.2  17.8   0.0     0     0
  1988   5  10     0  25.8  17.8   0.0     0     0
  1988   5  11     0  26.7  19.5   0.0     0     0
  1988   5  12     0  26.0  19.4   0.0     0     0
  1988   5  13     0  24.7  18.3     T     0     0
  1988   5  14     0  23.7  13.2   4.8     0     0
  1988   5  15     0  24.5  15.9   0.0     0     0
  1988   5  16     0  24.6  13.8  27.0     0     0
  1988   5  17     0  24.4  16.4   8.0     0     0
  1988   5  18     0  23.9  17.2   5.4     0     0
  1988   5  19     0  23.8  17.2  18.6     0     0
  1988   5  20     0  23.1  17.5   0.0     0     0
  1988   5  21     0  23.8  17.7   0.0     0     0
  1988   5  22     0  22.2  17.2   0.0     0     0
  1988   5  23     0  22.2  16.8   4.4     0     0
  1988   5  24     0  24.5  17.5   0.0     0     0
  1988   5  25     0  25.6  19.8   6.6     0     0
  1988   5  26     0  24.7  19.0   2.2     0     0
  1988   5  27     0  25.7  19.2   0.0     0     0
  1988   5  28     0  26.7  19.8   0.0     0     0
  1988   5  29     0  24.5  15.8  13.4     0     0
  1988   5  30     0  26.0  18.9   0.0     0     0
  1988   5  31     0  23.8  18.7     T     0     0
  1988   6   1     0  26.2  18.7   0.0     0     0
  1988   6   2     0  26.4  20.0     T     0     0
  1988   6   3     0  25.8  18.7   0.0     0     0
  1988   6   4     0  26.7  17.0   0.8     0     0
  1988   6   5     0  25.4  16.2   4.2     0     0
  1988   6   6     0  25.7  19.5   2.2     0     0
  1988   6   7     0  25.8  20.0   0.0     0     0
  1988   6   8     0  24.7  19.0   0.0     0     0
  1988   6   9     0  25.2  19.6   0.0     0     0
  1988   6  10     0  24.2  17.5   9.6     0     0
  1988   6  11     0  26.4  18.9   0.1     0     0
  1988   6  12     0  26.5  19.3     T     0     0
  1988   6  13     0  21.4  17.6   1.4     0     0
  1988   6  14     0  21.5  17.2   8.1     0     0
  1988   6  15     0  19.7  17.2  11.0     0     0
  1988   6  16     0  23.5  17.2  17.6     0     0
  1988   6  17     0  24.2  17.9   2.8     0     0
  1988   6  18     0  24.6  17.9   1.8     0     0
  1988   6  19     0  23.3  18.2     T     0     0
  1988   6  20     0  25.2  18.2   0.0     0     0
  1988   6  21     0  24.2  18.7   0.0     0     0
  1988   6  22     0  24.5  18.7   0.0     0     0
  1988   6  23     0  25.3  18.8   1.2     0     0
  1988   6  24     0  24.0  17.8   6.7     0     0
  1988   6  25     0  22.6  17.5  38.2     0     0
  1988   6  26     0  25.2  19.2   0.0     0     0
  1988   6  27     0  25.7  20.0   0.0     0     0
  1988   6  28     0  26.2  19.5   0.1     0     0
  1988   6  29     0  26.2  19.4   0.0     0     0
  1988   6  30     0  25.2  19.9   0.0     0     0
  1988   7   1     0  23.4  18.0  44.0     0     0
  1988   7   2     0  23.5  19.0   0.1     0     0
  1988   7   3     0  23.8  19.2   0.1     0     0
  1988   7   4     0  21.7  18.5   8.2     0     0
  1988   7   5     0  21.0  17.6  41.0     0     0
  1988   7   6     0  21.5  17.0  51.4     0     0
  1988   7   7     0  22.7  17.8   4.0     0     0
  1988   7   8     0  23.0  18.2  10.4     0     0
  1988   7   9     0  23.4  19.0   3.1     0     0
  1988   7  10     0  23.3  18.9   4.2     0     0
  1988   7  11     0  24.3  19.5  10.0     0     0
  1988   7  12     0  24.1  18.7  23.2     0     0
  1988   7  13     0  26.7  19.8   5.3     0     0
  1988   7  14     0  26.1  18.9   0.8     0     0
  1988   7  15     0  25.0  19.4   3.2     0     0
  1988   7  16     0  25.3  19.2   2.4     0     0
  1988   7  17     0  26.3  20.0     T     0     0
  1988   7  18     0  25.8  19.2     T     0     0
  1988   7  19     0  24.8  19.4   0.0     0     0
  1988   7  20     0  24.3  19.8     T     0     0
  1988   7  21     0  24.8  18.5  24.6     0     0
  1988   7  22     0  24.7  19.1   2.6     0     0
  1988   7  23     0  24.4  19.7   0.0     0     0
  1988   7  24     0  22.5  19.0   5.4     0     0
  1988   7  25     0  24.0  19.0   4.0     0     0
  1988   7  26     0  24.8  19.2   1.6     0     0
  1988   7  27     0  24.3  19.0   4.2     0     0
  1988   7  28     0  25.2  19.0   1.2     0     0
  1988   7  29     0  23.2  18.9   8.2     0     0
  1988   7  30     0  23.8  18.7   3.4     0     0
  1988   7  31     0  25.3  18.5  36.2     0     0
  1988   8   1     0  25.7  19.4     T     0     0
  1988   8   2     0  27.0  18.8   0.0     0     0
  1988   8   3     0  26.4  20.7   0.2     0     0
  1988   8   4     0  26.2  19.5   1.2     0     0
  1988   8   5     0  23.9  19.2   0.6     0     0
  1988   8   6     0  23.7  18.5  47.4     0     0
  1988   8   7     0  24.8  18.0  28.6     0     0
  1988   8   8     0  25.4  19.6   0.2     0     0
  1988   8   9     0  24.4  19.0  17.8     0     0
  1988   8  10     0  24.6  19.4   3.6     0     0
  1988   8  11     0  24.2  18.8  15.8     0     0
  1988   8  12     0  22.2  19.0   0.5     0     0
  1988   8  13     0  19.9  17.8  36.2     0     0
  1988   8  14     0  21.0  18.5   6.1     0     0
  1988   8  15     0  22.4  18.6  57.6     0     0
  1988   8  16     0  24.0  19.0   1.5     0     0
  1988   8  17     0  25.4  18.6   0.2     0     0
  1988   8  18     0  25.0  19.0   0.6     0     0
  1988   8  19     0  23.5  18.5   4.8     0     0
  1988   8  20     0  23.8  18.0   1.8     0     0
  1988   8  21     0  23.2  18.8   8.6     0     0
  1988   8  22     0  23.5  18.5   7.1     0     0
  1988   8  23     0  23.4  18.3   0.1     0     0
  1988   8  24     0  22.4  18.7   6.3     0     0
  1988   8  25     0  21.3  18.4  29.2     0     0
  1988   8  26     0  21.6  17.8   8.2     0     0
  1988   8  27     0  21.8  18.0   0.1     0     0
  1988   8  28     0  20.7  17.7   3.6     0     0
  1988   8  29     0  21.6  18.0  43.8     0     0
  1988   8  30     0  22.4  17.0   1.8     0     0
  1988   8  31     0  22.9  17.4   0.0     0     0
  1988   9   1     0  23.5  18.0   0.0     0     0
  1988   9   2     0  23.6  18.2   0.0     0     0
  1988   9   3     0  23.5  17.5   0.0     0     0
  1988   9   4     0  22.0  18.2     T     0     0
  1988   9   5     0  22.6  18.0   0.6     0     0
  1988   9   6     0  22.7  17.0  26.7     0     0
  1988   9   7     0  21.1  17.0   1.8     0     0
  1988   9   8     0  22.1  17.2   5.6     0     0
  1988   9   9     0  21.7  17.0   6.8     0     0
  1988   9  10     0  22.3  17.2   0.6     0     0
  1988   9  11     0  23.7  17.0   4.0     0     0
  1988   9  12     0  22.9  17.2   0.0     0     0
  1988   9  13     0  22.8  16.2   6.9     0     0
  1988   9  14     0  23.9  18.0     T     0     0
  1988   9  15     0  25.1  18.5   0.0     0     0
  1988   9  16     0  23.6  15.2   0.0     0     0
  1988   9  17     0  19.4  16.2  13.7     0     0
  1988   9  18     0  25.4  17.9   3.8     0     0
  1988   9  19     0  26.8  19.2     T     0     0
  1988   9  20     0  26.4  19.2   0.0     0     0
  1988   9  21     0  24.7  18.4   0.0     0     0
  1988   9  22     0  24.7  18.0   1.1     0     0
  1988   9  23     0  26.7  18.2   1.6     0     0
  1988   9  24     0  24.4  18.5   0.0     0     0
  1988   9  25     0  23.2  18.2   0.1     0     0
  1988   9  26     0  22.6  19.2   0.0     0     0
  1988   9  27     0  22.7  19.0     T     0     0
  1988   9  28     0  23.4  18.1     T     0     0
  1988   9  29     0  23.6  17.0   0.0     0     0
  1988   9  30     0  23.8  17.5   0.0     0     0
  1988  10   1     0  23.4  17.2   0.0     0     0
  1988  10   2     0  24.0  17.2   0.0     0     0
  1988  10   3     0  21.3  17.0     T     0     0
  1988  10   4     0  23.8  17.4     T     0     0
  1988  10   5     0  21.6  17.0   2.4     0     0
  1988  10   6     0  22.7  16.0   6.4     0     0
  1988  10   7     0  22.0  16.4   0.0     0     0
  1988  10   8     0  21.5  14.8   0.0     0     0
  1988  10   9     0  24.3  15.0   0.0     0     0
  1988  10  10     0  22.9  15.8   0.0     0     0
  1988  10  11     0  23.6  16.4   0.0     0     0
  1988  10  12     0  23.6  18.1   0.0     0     0
  1988  10  13     0  24.1  17.5   0.0     0     0
  1988  10  14     0  22.1  16.0   0.0     0     0
  1988  10  15     0  22.2  15.8   0.0     0     0
  1988  10  16     0  22.7  15.6   0.0     0     0
  1988  10  17     0  25.0  15.8   0.0     0     0
  1988  10  18     0  25.7  15.0   0.0     0     0
  1988  10  19     0  22.8  15.0   0.0     0     0
  1988  10  20     0  18.6  14.8     T     0     0
  1988  10  21     0  20.4  14.3   0.0     0     0
  1988  10  22     0  20.4  13.8   0.0     0     0
  1988  10  23     0  22.2  14.2   0.0     0     0
  1988  10  24     0  25.6  14.4   0.0     0     0
  1988  10  25     0  21.8  14.1   0.0     0     0
  1988  10  26     0  22.2  14.2   0.0     0     0
  1988  10  27     0  22.7  14.8   0.0     0     0
  1988  10  28     0  22.4  15.1   0.0     0     0
  1988  10  29     0  23.4  15.1   0.0     0     0
  1988  10  30     0  21.9  14.3   0.0     0     0
  1988  10  31     0  20.5  13.0   0.0     0     0
  1988  11   1     0  22.2  13.4   0.0     0     0
  1988  11   2     0  23.2  13.4   0.0     0     0
  1988  11   3     0  22.1  13.5   0.0     0     0
  1988  11   4     0  19.7  11.9   4.4     0     0
  1988  11   5     0  19.7  11.9   0.5     0     0
  1988  11   6     0  20.0   9.0   5.5     0     0
  1988  11   7     0  19.8  12.1   0.0     0     0
  1988  11   8     0  21.0  12.8   0.0     0     0
  1988  11   9     0  21.6  13.5   0.0     0     0
  1988  11  10     0  22.6  13.0   0.0     0     0
  1988  11  11     0  23.2  13.2   0.0     0     0
  1988  11  12     0  22.2  13.4   0.0     0     0
  1988  11  13     0  21.4  13.4   0.0     0     0
  1988  11  14     0  21.0  13.5   0.0     0     0
  1988  11  15     0  20.8  12.8   0.0     0     0
  1988  11  16     0  20.1  13.0   0.0     0     0
  1988  11  17     0  19.2  12.0   0.0     0     0
  1988  11  18     0  22.3  12.5   0.0     0     0
  1988  11  19     0  21.0  13.2   0.0     0     0
  1988  11  20     0  20.6  12.0   0.0     0     0
  1988  11  21     0  20.2  12.0   0.0     0     0
  1988  11  22     0  20.4  11.8   0.0     0     0
  1988  11  23     0  20.5  12.2   0.0     0     0
  1988  11  24     0  20.6  11.5   0.0     0     0
  1988  11  25     0  20.4  10.8   0.0     0     0
  1988  11  26     0  20.7  10.4   0.0     0     0
  1988  11  27     0  20.4  10.7   0.0     0     0
  1988  11  28     0  19.5  10.6   0.0     0     0
  1988  11  29     0  19.2   9.0   0.0     0     0
  1988  11  30     0  17.5  11.8   0.0     0     0
  1988  12   1     0  20.0  11.5   0.0     0     0
  1988  12   2     0  19.0  12.0   0.0     0     0
  1988  12   3     0  20.0  12.5   0.0     0     0
  1988  12   4     0  18.4  12.3   0.0     0     0
  1988  12   5     0  17.7  11.5   0.0     0     0
  1988  12   6     0  16.4  10.2   0.0     0     0
  1988  12   7     0  15.1   9.2   0.0     0     0
  1988  12   8     0  15.6   9.7   0.0     0     0
  1988  12   9     0  17.5  10.2   0.0     0     0
  1988  12  10     0  19.4  10.8   0.0     0     0
  1988  12  11     0  18.6  10.8   0.0     0     0
  1988  12  12     0  18.3  10.4   0.0     0     0
  1988  12  13     0  16.3  10.2   0.0     0     0
  1988  12  14     0  16.4  10.6   0.0     0     0
  1988  12  15     0  16.3  10.0   0.0     0     0
  1988  12  16     0  16.7  10.0   0.0     0     0
  1988  12  17     0  16.7   9.8   0.0     0     0
  1988  12  18     0  16.7  10.2   0.0     0     0
  1988  12  19     0  16.6   9.2   0.0     0     0
  1988  12  20     0  16.9   9.7   0.0     0     0
  1988  12  21     0  16.6  10.1   0.0     0     0
  1988  12  22     0  17.3   9.1   0.0     0     0
  1988  12  23     0  18.4  10.2   0.0     0     0
  1988  12  24     0  16.3  10.3   0.0     0     0
  1988  12  25     0  17.9   9.5   0.0     0     0
  1988  12  26     0  17.8  11.1   0.0     0     0
  1988  12  27     0  16.3   5.8  11.2     0     0
  1988  12  28     0  15.5   8.8   0.0     0     0
  1988  12  29     0  15.8   8.7   0.0     0     0
  1988  12  30     0  15.9   9.6   0.0     0     0
  1988  12  31     0  15.4   9.2   0.0     0     0
