      1   10.0
      2    0.1
      3    0.0
      4    0.0
      5    0.0
      6    0.0
      7    0.0
      8    0.0
      9    0.3
     10    0.0
     11    0.0
     12    0.0
     13    0.0
     14    0.0
     15    0.0
     16    0.0
     17    0.0
     18    0.0
     19    0.0
     20    0.0
     21    0.0
     22    0.0
     23    0.0
     24    0.0
     25    0.0
     26    0.0
     27    0.0
     28    0.0
     29    0.0
     30    0.0
     31    0.0
     32    0.0
     33    0.0
     34    0.0
     35    0.0
     36    0.0
     37    0.0
     38    0.0
     39    3.4
     40    0.0
     41    0.0
     42    0.0
     43    0.0
     44    0.0
     45    0.0
     46    0.0
     47    0.0
     48    0.0
     49    0.0
     50    0.0
     51    0.0
     52    0.0
     53    0.0
     54    0.0
     55    0.0
     56    0.0
     57    0.0
     58    0.0
     59    0.0
     60    0.0
     61    0.0
     62    0.0
     63    0.0
     64    0.0
     65    0.0
     66    0.0
     67    0.0
     68    0.0
     69    0.0
     70    0.0
     71    0.0
     72    0.5
     73    0.8
     74    0.0
     75    0.0
     76    0.0
     77    0.0
     78    0.0
     79    0.0
     80    0.0
     81    0.0
     82    0.0
     83    0.0
     84    0.0
     85    0.0
     86    0.0
     87    0.0
     88    0.0
     89    0.0
     90    8.5
     91    0.0
     92    0.0
     93    0.0
     94   31.7
     95    0.0
     96   13.3
     97    5.0
     98    0.2
     99   49.4
    100    4.3
    101    0.2
    102    3.9
    103    0.0
    104    0.0
    105    0.0
    106    0.0
    107    0.1
    108    0.0
    109    0.0
    110    0.0
    111    0.0
    112    0.0
    113    0.0
    114    0.0
    115    0.0
    116    0.0
    117    0.0
    118    0.0
    119    1.4
    120    0.0
    121    0.0
    122    2.0
    123    0.0
    124    8.0
    125    4.0
    126    0.0
    127    0.0
    128    0.0
    129    0.0
    130   11.3
    131    0.0
    132    0.0
    133    0.0
    134    0.0
    135    0.0
    136    0.0
    137    0.0
    138    0.0
    139    0.0
    140    0.0
    141    0.0
    142   10.3
    143    0.0
    144    0.0
    145    0.0
    146    1.0
    147    0.0
    148    6.0
    149    0.0
    150    1.0
    151   33.3
    152    3.7
    153   21.5
    154    0.0
    155    0.0
    156    0.0
    157    2.7
    158    0.0
    159    0.0
    160    0.0
    161    0.0
    162    0.0
    163    0.0
    164    0.7
    165    0.0
    166    0.0
    167    0.1
    168    2.0
    169   28.5
    170    0.2
    171   24.6
    172    0.9
    173   13.0
    174    0.0
    175   39.1
    176   15.7
    177    0.0
    178    0.0
    179    0.0
    180    0.0
    181    0.0
    182    4.7
    183   23.4
    184   15.5
    185    4.7
    186    4.4
    187    2.8
    188    1.3
    189    0.0
    190    1.5
    191    0.9
    192    0.0
    193   16.3
    194    4.3
    195    4.0
    196   40.0
    197   58.7
    198   22.1
    199   18.8
    200   94.1
    201    1.0
    202    0.0
    203   17.6
    204    4.2
    205    2.3
    206   10.2
    207    0.4
    208   12.5
    209    2.1
    210    1.8
    211   13.5
    212    0.1
    213    0.2
    214   28.5
    215   27.4
    216    1.1
    217    0.0
    218    0.0
    219    0.1
    220    3.0
    221    8.6
    222    0.2
    223    0.0
    224    0.1
    225    8.1
    226    2.3
    227    3.7
    228    0.2
    229    1.0
    230   13.6
    231    1.7
    232    0.2
    233    2.1
    234   11.2
    235    7.1
    236    0.0
    237   13.2
    238    3.0
    239   42.2
    240    0.2
    241    0.0
    242    0.0
    243   23.2
    244    3.5
    245    8.5
    246    0.1
    247   25.0
    248    0.0
    249    0.0
    250    0.0
    251    0.0
    252    0.0
    253    3.6
    254    5.1
    255    0.6
    256    7.5
    257   46.2
    258    8.7
    259    7.1
    260   23.3
    261   14.5
    262    0.5
    263    1.2
    264    0.4
    265    0.0
    266    0.0
    267    0.6
    268    4.5
    269    0.0
    270    0.0
    271    0.0
    272    0.0
    273    0.0
    274    0.0
    275    0.0
    276    0.0
    277    0.0
    278    1.8
    279    0.0
    280    0.0
    281    0.0
    282    0.0
    283    9.8
    284    0.0
    285    0.0
    286    0.0
    287    0.0
    288    0.0
    289    0.0
    290    0.0
    291    0.0
    292    0.0
    293    0.0
    294    0.0
    295    0.0
    296    0.0
    297    0.0
    298    0.0
    299    0.0
    300    0.0
    301    0.0
    302    0.0
    303    0.0
    304    0.0
    305    0.0
    306    0.0
    307    0.0
    308    0.0
    309    0.0
    310    0.0
    311    0.0
    312    0.0
    313    0.0
    314    0.0
    315    0.0
    316    0.0
    317    0.0
    318    0.0
    319    0.0
    320    0.0
    321    0.0
    322    0.0
    323    0.0
    324    0.0
    325    0.0
    326    0.0
    327    0.0
    328    0.0
    329    0.0
    330    0.0
    331    0.0
    332    0.0
    333    0.0
    334    0.0
    335    0.0
    336    0.0
    337    0.0
    338    0.0
    339    0.0
    340    0.0
    341    0.0
    342    0.0
    343    0.0
    344    0.0
    345    0.0
    346    0.0
    347    0.0
    348    0.0
    349    0.0
    350    0.0
    351    0.0
    352    0.0
    353    0.0
    354    0.0
    355    0.0
    356    0.0
    357    0.0
    358    0.0
    359    0.0
    360    0.0
    361    0.0
    362    0.0
    363    0.0
    364    0.0
    365    0.0
    366    0.0
