      1    0.0
      2    0.0
      3    0.0
      4    0.0
      5    5.2
      6    0.0
      7    0.0
      8    0.0
      9    0.0
     10    0.0
     11    0.0
     12    0.0
     13    0.0
     14    0.0
     15    0.0
     16    0.0
     17    0.0
     18    1.2
     19    0.0
     20    0.0
     21    0.0
     22    0.0
     23    0.0
     24    1.3
     25    0.0
     26    0.0
     27    0.0
     28    5.1
     29    0.0
     30    0.0
     31    0.0
     32    0.0
     33    0.0
     34    0.0
     35    0.0
     36    7.2
     37    0.0
     38    0.0
     39    0.0
     40    0.0
     41    8.1
     42    0.0
     43    0.0
     44    0.0
     45    0.0
     46    0.0
     47    0.0
     48    0.0
     49    0.0
     50    0.0
     51    0.0
     52    0.0
     53    7.2
     54    0.0
     55    0.0
     56    0.0
     57    0.0
     58    0.0
     59    0.0
     60    0.0
     61    0.0
     62    0.0
     63    0.0
     64    0.0
     65    2.1
     66    0.0
     67    0.0
     68    0.0
     69    0.0
     70   10.5
     71    0.0
     72    0.0
     73    0.0
     74    0.0
     75    0.0
     76    7.2
     77    0.0
     78    0.0
     79    5.1
     80    0.0
     81    0.0
     82    0.0
     83    0.0
     84   10.3
     85    0.0
     86   11.2
     87    0.0
     88    0.0
     89    0.0
     90    7.1
     91    0.0
     92    0.0
     93    5.2
     94    0.0
     95    8.2
     96    0.0
     97    0.0
     98    0.0
     99    3.2
    100    0.0
    101    0.0
    102   15.2
    103    0.3
    104    0.0
    105    0.0
    106    0.0
    107    0.0
    108    1.0
    109   22.0
    110   26.0
    111    4.0
    112    8.0
    113    1.0
    114    0.0
    115    0.0
    116    0.0
    117    0.0
    118    1.0
    119    0.0
    120    1.0
    121    0.0
    122   16.0
    123    4.0
    124    8.0
    125   10.0
    126   16.0
    127    6.0
    128   10.0
    129    2.0
    130    3.0
    131    5.0
    132   25.0
    133    2.0
    134   20.0
    135    4.0
    136    3.0
    137   10.0
    138   15.0
    139   12.0
    140   16.0
    141    0.0
    142    0.0
    143    0.0
    144    0.0
    145    0.0
    146   10.0
    147   14.0
    148    5.0
    149    0.0
    150    0.0
    151    9.0
    152    0.0
    153   12.0
    154    6.0
    155   16.0
    156    0.0
    157    2.0
    158    0.0
    159    9.0
    160   18.0
    161   16.0
    162   22.0
    163    0.0
    164    2.0
    165    6.0
    166    2.0
    167    4.0
    168    0.0
    169    0.0
    170    3.5
    171   14.5
    172   36.5
    173    4.0
    174    9.0
    175   12.0
    176   40.0
    177    4.0
    178   10.0
    179   22.0
    180    2.8
    181   34.1
    182   40.0
    183    6.4
    184   28.2
    185    2.8
    186    4.4
    187   14.2
    188    4.4
    189    0.0
    190    0.0
    191   30.6
    192   40.0
    193   21.0
    194    0.0
    195    4.2
    196    8.2
    197   14.2
    198   10.2
    199    4.4
    200    8.2
    201    2.2
    202    1.2
    203   10.2
    204    8.2
    205    2.2
    206    4.2
    207    8.2
    208   10.2
    209    4.2
    210    8.2
    211    6.2
    212   24.2
    213    6.2
    214    0.0
    215    0.0
    216    8.2
    217   10.2
    218    2.2
    219   40.2
    220    2.2
    221    5.4
    222   15.2
    223   10.6
    224    2.8
    225   18.2
    226    1.2
    227    0.0
    228    0.0
    229    4.2
    230   10.2
    231    1.2
    232   16.2
    233    0.0
    234    0.0
    235   14.2
    236    8.4
    237    0.0
    238    2.2
    239    0.0
    240   14.2
    241   18.2
    242    6.2
    243   18.2
    244   19.2
    245   19.2
    246    0.0
    247   18.2
    248    0.0
    249    0.0
    250    0.0
    251    0.0
    252    0.0
    253    0.0
    254   14.2
    255    2.2
    256    4.2
    257    0.0
    258    1.2
    259    0.0
    260    4.0
    261    0.0
    262    0.0
    263   18.0
    264   15.0
    265   10.0
    266    0.0
    267    2.0
    268   19.0
    269   20.0
    270    0.0
    271    0.0
    272    0.0
    273    2.0
    274    6.0
    275   10.0
    276    8.0
    277    1.0
    278   16.0
    279   14.0
    280   22.0
    281   17.0
    282   11.0
    283   19.0
    284   12.0
    285    0.0
    286    0.0
    287    0.0
    288   20.0
    289   21.0
    290   19.0
    291    0.0
    292    0.0
    293    0.0
    294    0.0
    295    0.0
    296    0.0
    297    0.0
    298    0.0
    299    7.0
    300    0.0
    301    1.2
    302    0.0
    303    0.0
    304   10.2
    305    0.0
    306    0.0
    307    0.0
    308    0.0
    309    0.0
    310    0.0
    311   11.1
    312    0.0
    313    0.0
    314    0.0
    315    0.0
    316    0.0
    317    2.3
    318    0.0
    319    4.2
    320   11.3
    321    0.0
    322    0.0
    323    0.0
    324    0.0
    325    0.0
    326    0.0
    327    0.0
    328    0.0
    329    0.0
    330    0.0
    331    0.0
    332    0.0
    333    0.0
    334    0.0
    335    0.0
    336    0.0
    337    0.0
    338    0.0
    339    0.0
    340    0.0
    341    0.0
    342    0.0
    343    0.0
    344    0.0
    345    0.0
    346    0.0
    347    0.0
    348    0.0
    349    0.0
    350    0.0
    351    0.0
    352    0.0
    353    0.0
    354    0.0
    355    0.0
    356    0.0
    357    0.0
    358    0.0
    359    0.0
    360    0.0
    361    0.0
    362    0.0
    363    0.0
    364    0.0
    365    0.0
