      1    0.0
      2    6.2
      3    T  
      4    2.4
      5    0.0
      6    0.0
      7    0.0
      8    0.0
      9    0.0
     10    0.0
     11    T  
     12    4.8
     13    0.0
     14    0.0
     15    0.0
     16    0.0
     17    T  
     18    0.0
     19    0.0
     20    0.0
     21    0.0
     22    3.6
     23    3.4
     24    T  
     25    5.8
     26    0.0
     27    0.0
     28    0.0
     29    0.0
     30    0.0
     31    9.6
     32   11.4
     33    8.6
     34    0.0
     35    0.0
     36    1.4
     37    0.0
     38    0.0
     39    T  
     40    0.0
     41    T  
     42    T  
     43    T  
     44    4.0
     45    T  
     46    0.0
     47    0.0
     48    0.0
     49    0.0
     50    0.0
     51    T  
     52    T  
     53    T  
     54    0.0
     55    0.0
     56    0.0
     57    0.0
     58    0.0
     59    4.6
     60    T  
     61    T  
     62    0.0
     63    0.0
     64    T  
     65    0.0
     66    0.0
     67    0.0
     68    T  
     69    0.0
     70    1.3
     71    0.0
     72    0.0
     73    T  
     74    0.0
     75    1.0
     76    0.0
     77    0.0
     78    0.0
     79    0.0
     80    0.0
     81    0.0
     82    T  
     83    T  
     84    2.6
     85    2.8
     86    0.0
     87    0.0
     88    0.0
     89    T  
     90    0.0
     91    0.0
     92    0.0
     93    0.0
     94    0.0
     95    0.0
     96    0.0
     97    0.0
     98    0.0
     99    T  
    100    0.0
    101    0.0
    102    0.0
    103    T  
    104    0.0
    105    0.0
    106    T  
    107    T  
    108    T  
    109    T  
    110    2.4
    111    3.8
    112    3.4
    113    2.0
    114   14.0
    115    2.4
    116   15.6
    117    T  
    118    2.3
    119    0.0
    120    0.0
    121    T  
    122    2.5
    123    0.0
    124    T  
    125    0.0
    126    1.4
    127    0.0
    128    1.3
    129    T  
    130    0.4
    131    T  
    132    T  
    133    T  
    134    1.2
    135   13.4
    136    T  
    137    T  
    138    T  
    139    T  
    140    T  
    141    T  
    142    T  
    143    T  
    144    0.0
    145   19.2
    146    0.2
    147    7.4
    148    0.1
    149    1.2
    150    T  
    151    0.6
    152    0.1
    153    5.2
    154    3.4
    155    3.6
    156    T  
    157    T  
    158    T  
    159    T  
    160    T  
    161   19.0
    162    T  
    163    T  
    164    T  
    165    T  
    166   14.4
    167   21.8
    168    T  
    169    T  
    170    T  
    171    8.4
    172   58.4
    173   24.4
    174    T  
    175   26.0
    176    T  
    177   34.4
    178    4.0
    179   45.6
    180    T  
    181   13.8
    182   40.3
    183   14.0
    184   15.0
    185   66.0
    186   20.0
    187    T  
    188   32.0
    189    4.0
    190    8.0
    191    T  
    192   14.0
    193   34.0
    194    8.0
    195   14.4
    196   24.6
    197   34.0
    198    T  
    199    T  
    200   12.0
    201   16.2
    202    6.0
    203   14.8
    204    5.8
    205   10.8
    206   20.0
    207   52.8
    208   33.0
    209   14.8
    210   24.4
    211    4.0
    212    4.8
    213    6.4
    214   30.2
    215   80.0
    216    8.4
    217   20.2
    218    T  
    219    T  
    220    T  
    221    T  
    222    T  
    223    T  
    224   18.8
    225    T  
    226    0.8
    227   16.4
    228   10.4
    229    4.6
    230   10.6
    231    0.8
    232   26.6
    233   14.0
    234    4.0
    235   20.2
    236  104.6
    237    T  
    238    T  
    239    T  
    240    T  
    241    T  
    242    T  
    243    6.0
    244   22.8
    245   14.6
    246   26.4
    247    0.8
    248    2.2
    249    2.2
    250    8.2
    251   32.0
    252   36.4
    253   14.0
    254   36.0
    255   14.0
    256    6.0
    257   16.0
    258   30.6
    259    4.8
    260    0.6
    261    T  
    262    T  
    263   24.8
    264    6.6
    265    2.4
    266    2.2
    267   20.2
    268    T  
    269    2.2
    270    T  
    271   40.2
    272    2.6
    273   15.2
    274    2.0
    275   24.0
    276   20.0
    277    6.0
    278    T  
    279    4.6
    280    6.8
    281   22.0
    282   12.4
    283    0.0
    284    0.0
    285    0.0
    286    0.0
    287    0.0
    288    0.0
    289    0.0
    290    0.0
    291   20.0
    292    0.0
    293    0.0
    294    0.0
    295    0.0
    296    0.0
    297    0.0
    298    0.0
    299    0.0
    300    0.0
    301    0.0
    302    0.0
    303    0.0
    304    0.0
    305    0.0
    306    0.0
    307    2.0
    308    0.0
    309    0.0
    310    0.0
    311    0.0
    312    0.0
    313    0.0
    314    0.0
    315    0.0
    316    0.0
    317    0.0
    318    0.0
    319    0.0
    320    0.0
    321    0.0
    322    0.0
    323    0.0
    324    0.0
    325    0.0
    326    0.0
    327    0.0
    328    0.0
    329    0.0
    330    0.0
    331    0.0
    332    0.0
    333    0.0
    334    0.0
    335    0.0
    336    0.0
    337    0.0
    338    0.0
    339    0.0
    340    0.0
    341    0.0
    342    0.0
    343    0.0
    344    0.0
    345    0.0
    346    0.0
    347    0.0
    348    0.0
    349    0.0
    350    0.0
    351    0.0
    352    0.0
    353    0.0
    354    0.0
    355    0.0
    356    0.0
    357    0.0
    358    0.0
    359    0.0
    360    0.0
    361    0.0
    362    0.0
    363    0.0
    364    0.0
    365    0.0
