      1   11.2
      2    0.6
      3    0.0
      4    0.0
      5    0.0
      6    0.0
      7    0.0
      8    0.0
      9    0.0
     10    0.0
     11    0.0
     12    0.0
     13    0.0
     14    0.0
     15    0.0
     16    0.0
     17    0.0
     18    0.0
     19    0.0
     20    0.0
     21    0.0
     22    0.0
     23    0.0
     24    0.0
     25    0.0
     26    0.0
     27    0.0
     28    0.0
     29    0.0
     30    0.0
     31    0.0
     32    0.0
     33    0.0
     34    0.0
     35    0.0
     36    0.0
     37    0.0
     38    0.0
     39    0.0
     40    0.0
     41    0.0
     42    0.0
     43    0.0
     44    0.0
     45    0.0
     46    0.0
     47    0.0
     48    0.0
     49    0.0
     50    0.0
     51    0.0
     52    0.0
     53    0.0
     54    0.0
     55    0.0
     56    0.0
     57    0.0
     58    0.0
     59   14.8
     60    0.0
     61    7.5
     62    0.0
     63    0.0
     64    0.0
     65    4.0
     66    0.0
     67    0.0
     68    0.0
     69   25.0
     70    0.0
     71    0.0
     72    0.0
     73    0.0
     74    0.0
     75    0.0
     76    0.0
     77    0.0
     78    0.0
     79    0.0
     80    0.0
     81    0.0
     82   17.8
     83    0.0
     84    0.0
     85    0.0
     86    0.0
     87    0.0
     88    0.0
     89    0.0
     90    0.0
     91    0.0
     92    0.0
     93    0.0
     94    0.0
     95    0.0
     96    0.0
     97    0.0
     98    0.0
     99    0.0
    100    0.0
    101    0.0
    102    0.0
    103    0.0
    104    0.0
    105    0.0
    106   15.2
    107    0.0
    108    0.0
    109    0.0
    110    0.0
    111    0.0
    112    0.0
    113    0.0
    114    0.0
    115    0.0
    116    0.0
    117    0.0
    118    0.0
    119   14.2
    120    0.0
    121    1.4
    122   52.4
    123   12.4
    124    0.0
    125    0.0
    126    0.0
    127    0.0
    128    0.0
    129    0.0
    130    0.0
    131    0.0
    132    0.0
    133    0.0
    134    0.0
    135    0.0
    136   18.8
    137    T  
    138   30.5
    139    0.0
    140    0.0
    141    0.0
    142   28.3
    143    0.0
    144    0.0
    145    0.0
    146   14.2
    147    0.0
    148    0.0
    149    0.0
    150    0.0
    151   17.4
    152   22.4
    153    0.0
    154    0.0
    155    0.0
    156   54.6
    157   18.3
    158   58.8
    159   36.0
    160    7.5
    161    3.4
    162   14.7
    163    3.8
    164   18.1
    165   55.0
    166   24.6
    167    0.0
    168   10.0
    169    0.0
    170    0.0
    171    1.5
    172    0.0
    173    0.0
    174    0.0
    175    5.7
    176    0.0
    177   17.0
    178    0.0
    179   17.4
    180   20.2
    181   15.8
    182   18.0
    183    0.0
    184   13.8
    185    0.0
    186   70.4
    187   25.0
    188    8.4
    189    0.0
    190   42.0
    191    0.0
    192    0.0
    193    8.9
    194    0.0
    195   84.0
    196    6.2
    197    0.0
    198    0.0
    199   18.2
    200   11.8
    201   35.7
    202   17.5
    203    0.0
    204    0.0
    205    7.4
    206    0.0
    207    0.0
    208    0.0
    209    0.0
    210    0.0
    211   85.2
    212    0.0
    213    7.4
    214   21.4
    215   23.4
    216   42.0
    217   46.4
    218    3.4
    219    0.0
    220   27.0
    221    5.0
    222   34.5
    223    2.4
    224    0.0
    225    0.0
    226   52.2
    227   38.0
    228   58.2
    229   34.5
    230   14.0
    231    9.4
    232    T  
    233    0.0
    234    0.0
    235    0.0
    236    0.0
    237    0.0
    238    0.0
    239    3.4
    240   59.8
    241    8.6
    242    0.0
    243   16.4
    244    0.0
    245    0.0
    246   60.2
    247   28.2
    248   24.0
    249   48.0
    250    0.0
    251    0.0
    252   35.0
    253    0.0
    254    8.9
    255    0.0
    256   46.2
    257   25.0
    258    0.0
    259    0.0
    260    0.0
    261    0.0
    262    0.0
    263    0.0
    264    0.0
    265    0.0
    266    0.0
    267    0.0
    268    0.0
    269    0.0
    270    0.0
    271    0.0
    272    0.0
    273    0.0
    274    0.0
    275    0.0
    276    0.0
    277    0.0
    278    0.0
    279    0.0
    280    0.0
    281    0.0
    282    0.0
    283    0.0
    284    0.0
    285    0.0
    286    0.0
    287    0.0
    288    0.0
    289    0.0
    290    0.0
    291    0.0
    292    0.0
    293    0.0
    294    0.0
    295    0.0
    296    0.0
    297    0.0
    298    0.0
    299    0.0
    300    0.0
    301    0.0
    302    0.0
    303    0.0
    304    0.0
    305    0.0
    306    0.0
    307    0.0
    308    0.0
    309    0.0
    310    0.0
    311    0.0
    312    0.0
    313    0.0
    314    0.0
    315    8.8
    316    0.0
    317    0.0
    318    0.0
    319    0.0
    320    0.0
    321    0.0
    322    0.0
    323    0.0
    324    0.0
    325    0.0
    326    0.8
    327    0.0
    328    0.0
    329    0.0
    330    0.0
    331    0.0
    332    0.0
    333    0.0
    334    0.0
    335    0.0
    336    0.0
    337    0.0
    338    0.0
    339    0.0
    340    0.0
    341    0.0
    342    0.0
    343    0.0
    344    0.0
    345    0.0
    346    0.0
    347    0.0
    348    0.0
    349    0.0
    350    0.0
    351    0.0
    352    0.0
    353    0.0
    354    0.0
    355    0.0
    356    0.0
    357    0.0
    358    0.0
    359    0.0
    360    0.0
    361    T  
    362    0.0
    363    0.0
    364    0.0
    365    0.0
