      1    0.0
      2    0.0
      3    0.0
      4    0.0
      5    0.0
      6    0.0
      7    0.0
      8    0.0
      9    0.0
     10    0.0
     11    0.0
     12    0.0
     13    0.0
     14    0.0
     15    0.0
     16    0.0
     17    0.0
     18    0.0
     19    0.0
     20    0.0
     21    0.0
     22    0.0
     23    0.0
     24    0.0
     25    0.0
     26    0.0
     27    0.0
     28    0.0
     29    0.0
     30    0.0
     31    0.0
     32    0.0
     33    0.0
     34    0.0
     35    0.0
     36    0.0
     37    0.0
     38    0.0
     39    0.0
     40    0.0
     41    0.0
     42    0.0
     43    0.0
     44    0.0
     45    0.0
     46    0.0
     47    0.0
     48    0.0
     49    0.0
     50    0.0
     51    0.0
     52    9.0
     53    0.0
     54    0.0
     55    0.0
     56    0.0
     57    0.0
     58    0.0
     59    0.0
     60    0.0
     61    0.0
     62    0.0
     63    0.0
     64    0.0
     65    0.0
     66    0.0
     67    0.0
     68    4.8
     69    0.0
     70    0.0
     71    0.0
     72    1.2
     73    6.6
     74    0.0
     75    0.0
     76    4.0
     77    6.6
     78   16.2
     79    0.6
     80    2.6
     81   11.0
     82    3.8
     83    4.0
     84   48.8
     85    8.2
     86    3.2
     87    0.8
     88    0.0
     89    0.0
     90    0.0
     91    0.6
     92    0.8
     93    0.0
     94    0.0
     95    0.0
     96    0.0
     97    0.0
     98    0.0
     99    0.0
    100    0.0
    101    0.0
    102    1.8
    103    0.0
    104    0.0
    105    0.6
    106    0.0
    107    4.8
    108    6.6
    109    2.8
    110    2.8
    111    1.0
    112    2.4
    113    0.0
    114   10.0
    115    0.0
    116   10.0
    117    0.0
    118    0.0
    119    1.0
    120    0.0
    121   25.0
    122    0.0
    123    5.6
    124    1.2
    125    0.0
    126    0.0
    127    0.0
    128    0.0
    129    0.0
    130    4.2
    131    0.0
    132    0.2
    133    0.0
    134    0.0
    135    0.0
    136    0.0
    137    0.0
    138    0.0
    139    0.0
    140    0.0
    141    4.0
    142    0.0
    143    0.0
    144    0.0
    145    0.0
    146    0.0
    147    0.0
    148    0.0
    149    0.0
    150    0.0
    151    4.4
    152    1.0
    153    0.0
    154    0.0
    155    2.0
    156    0.0
    157    4.0
    158    4.4
    159    2.2
    160   12.4
    161    8.4
    162    8.0
    163   14.4
    164   16.0
    165   12.1
    166    2.6
    167    0.0
    168   26.8
    169   10.6
    170    8.6
    171   14.0
    172   10.0
    173    2.6
    174   13.0
    175    6.2
    176   25.0
    177   16.2
    178    7.2
    179    2.6
    180    4.2
    181    6.0
    182    1.0
    183    3.0
    184    9.0
    185   21.8
    186    2.0
    187    0.0
    188   43.0
    189   26.4
    190   36.4
    191   31.6
    192   22.2
    193    0.0
    194   10.8
    195    4.2
    196   13.4
    197   14.8
    198    2.0
    199    4.0
    200   30.8
    201    2.8
    202    2.4
    203   16.4
    204    0.0
    205   11.4
    206   11.4
    207    5.6
    208    7.0
    209   28.8
    210   30.0
    211    9.0
    212    9.2
    213   19.0
    214   15.0
    215   13.6
    216   12.2
    217    7.0
    218    4.6
    219   29.4
    220    0.0
    221    7.8
    222   35.8
    223   30.2
    224    8.2
    225   23.0
    226   19.0
    227    0.0
    228   46.0
    229    4.0
    230   26.4
    231    9.0
    232   21.4
    233   35.4
    234   22.2
    235   12.0
    236    6.0
    237    1.8
    238   38.4
    239   12.4
    240    5.2
    241    4.4
    242   33.0
    243    0.0
    244   16.0
    245   14.0
    246    2.2
    247   26.4
    248   35.0
    249    1.0
    250   21.0
    251    3.4
    252    1.2
    253   32.0
    254    1.4
    255    7.8
    256    0.0
    257    0.0
    258    2.4
    259    4.2
    260    5.8
    261    5.4
    262    7.0
    263    1.6
    264   18.2
    265    0.0
    266    1.6
    267   27.0
    268    5.8
    269   10.2
    270    0.0
    271    5.8
    272    0.0
    273    0.0
    274    0.0
    275    6.4
    276    4.2
    277    0.0
    278    0.0
    279    0.0
    280    0.0
    281    0.0
    282    0.0
    283    0.0
    284    0.0
    285    0.0
    286    0.0
    287    2.8
    288    0.0
    289    0.0
    290    0.0
    291    0.0
    292    0.0
    293    0.0
    294    5.4
    295    0.0
    296    0.0
    297    0.0
    298    0.0
    299    0.0
    300    0.0
    301    0.0
    302    0.0
    303    0.0
    304    0.0
    305    0.0
    306    0.0
    307    0.0
    308    0.0
    309    0.0
    310    0.0
    311    0.0
    312    3.4
    313    0.0
    314    0.0
    315    0.0
    316    1.8
    317    0.0
    318   12.6
    319    0.0
    320    0.0
    321    0.0
    322    2.6
    323    0.0
    324    0.0
    325    1.4
    326    0.0
    327    0.0
    328    0.0
    329    3.0
    330    0.0
    331    2.4
    332    0.0
    333    2.6
    334    0.0
    335    0.0
    336    0.0
    337    0.0
    338    0.0
    339    0.0
    340    0.0
    341    0.0
    342    0.0
    343    0.0
    344    0.0
    345    0.0
    346    0.0
    347    0.0
    348    0.0
    349    0.0
    350    0.0
    351    0.0
    352    0.0
    353    0.0
    354    0.0
    355    0.0
    356    0.0
    357    0.0
    358    8.2
    359    0.0
    360    0.0
    361    0.0
    362    0.0
    363    0.0
    364    0.0
    365    0.0
