      1    0.0
      2    0.0
      3    0.0
      4    0.0
      5    0.0
      6    0.0
      7    0.0
      8    0.0
      9    0.0
     10    0.0
     11    0.0
     12    0.0
     13    0.0
     14    0.0
     15    0.0
     16    0.0
     17    0.0
     18    0.0
     19    0.0
     20    0.0
     21    0.0
     22    2.5
     23   14.5
     24    2.0
     25    0.0
     26    6.0
     27    0.0
     28    0.0
     29    0.0
     30    0.0
     31    0.0
     32    0.0
     33    0.0
     34    0.0
     35    0.0
     36    0.0
     37    0.0
     38    0.0
     39    0.0
     40    0.0
     41    0.0
     42    0.0
     43    0.0
     44    0.0
     45    0.0
     46    0.0
     47    0.0
     48    0.0
     49    0.0
     50    0.0
     51    4.0
     52    0.0
     53    2.0
     54    0.0
     55    4.5
     56    0.0
     57    0.0
     58    0.0
     59    0.0
     60    0.0
     61    0.0
     62    0.0
     63    0.0
     64    0.0
     65    0.0
     66    0.0
     67    0.0
     68    0.0
     69    0.0
     70    0.0
     71    0.0
     72    0.0
     73    0.0
     74    0.0
     75    0.0
     76    0.0
     77    0.0
     78    8.0
     79    2.3
     80    0.0
     81    0.0
     82    0.0
     83    0.0
     84    0.0
     85    0.0
     86    0.0
     87    0.0
     88    0.0
     89    4.5
     90    0.0
     91    0.0
     92    0.0
     93    2.5
     94    3.0
     95    0.0
     96    0.0
     97    0.0
     98    0.0
     99    1.5
    100    1.0
    101    0.0
    102    0.0
    103    9.5
    104    0.0
    105    0.0
    106    0.0
    107    2.5
    108   22.5
    109    0.0
    110    0.0
    111    5.0
    112    1.5
    113    8.0
    114    0.0
    115    0.0
    116    1.0
    117    0.5
    118    3.5
    119    0.0
    120    0.0
    121    0.0
    122    0.0
    123    0.0
    124   10.3
    125    0.0
    126    0.0
    127    3.0
    128    0.0
    129    0.0
    130   25.5
    131   19.0
    132    0.0
    133    0.0
    134    0.0
    135   18.0
    136    9.5
    137   11.0
    138    2.5
    139    0.0
    140    0.0
    141   18.0
    142    0.0
    143    3.0
    144    0.0
    145    0.5
    146    0.0
    147    0.0
    148    0.0
    149    2.5
    150    6.0
    151   10.5
    152    8.0
    153    6.0
    154    4.5
    155   12.0
    156    2.6
    157    0.0
    158    2.0
    159   15.5
    160   35.0
    161    1.7
    162    0.0
    163   30.0
    164    2.5
    165    0.0
    166   30.0
    167   21.0
    168    1.5
    169   17.2
    170   36.5
    171   11.2
    172   41.0
    173   36.5
    174   19.2
    175   18.0
    176   13.3
    177    0.0
    178   34.0
    179    0.0
    180   38.5
    181   12.0
    182    0.0
    183    1.3
    184    0.0
    185    0.0
    186    4.0
    187    0.0
    188   10.0
    189    6.3
    190    0.0
    191   13.5
    192   52.3
    193   62.0
    194   21.0
    195    4.5
    196   28.0
    197   18.0
    198    1.0
    199    0.0
    200   12.5
    201   22.0
    202    7.0
    203    6.5
    204    1.5
    205    2.0
    206   12.5
    207   16.0
    208   20.5
    209  106.0
    210    1.0
    211   19.5
    212    8.0
    213   27.0
    214   21.0
    215   41.5
    216   24.0
    217   28.5
    218   10.0
    219    7.5
    220   20.0
    221   12.0
    222   10.5
    223   51.0
    224   16.0
    225   23.0
    226    3.5
    227   26.0
    228   20.5
    229    9.0
    230   78.0
    231   23.5
    232   28.0
    233   41.5
    234   20.5
    235   21.0
    236    7.5
    237   25.0
    238   15.5
    239   19.0
    240   42.0
    241   40.5
    242    2.0
    243    0.0
    244   15.0
    245    7.0
    246    2.5
    247    0.0
    248   11.5
    249    6.0
    250   20.0
    251   10.5
    252    1.0
    253   36.5
    254   19.0
    255   22.5
    256    3.5
    257    1.5
    258    0.0
    259    0.0
    260   29.0
    261    3.0
    262    1.5
    263    0.0
    264    0.0
    265    0.0
    266    1.5
    267    0.5
    268    0.0
    269    0.0
    270    2.5
    271   20.0
    272   18.5
    273   15.0
    274    6.5
    275   10.0
    276   10.5
    277    4.0
    278   40.5
    279   20.0
    280    0.0
    281    2.0
    282    4.0
    283    0.0
    284    1.0
    285    0.0
    286    0.0
    287    3.0
    288    0.0
    289    0.0
    290    0.0
    291    0.0
    292    0.0
    293    0.0
    294    0.0
    295    0.0
    296    0.0
    297    0.0
    298    0.0
    299    2.0
    300    0.0
    301    0.0
    302    0.0
    303    0.0
    304    0.0
    305    0.0
    306    0.0
    307    0.0
    308    0.0
    309    0.0
    310    0.0
    311    0.0
    312    3.0
    313    2.0
    314    0.0
    315    0.0
    316    0.0
    317    0.0
    318    0.0
    319    0.0
    320    0.0
    321    0.0
    322    0.0
    323    0.0
    324    0.0
    325    0.0
    326    0.0
    327    2.0
    328    0.0
    329    0.0
    330    0.0
    331    0.0
    332    1.0
    333    0.0
    334    0.0
    335    0.0
    336    0.0
    337    0.0
    338    0.0
    339    0.0
    340    0.0
    341    0.0
    342    0.0
    343    0.0
    344    0.0
    345    0.0
    346    0.0
    347    0.0
    348    0.0
    349    0.0
    350    0.0
    351    0.0
    352    0.0
    353    0.0
    354    0.0
    355    0.0
    356    0.0
    357    0.0
    358    0.0
    359    0.0
    360    0.0
    361    0.0
    362    0.0
    363    0.0
    364    0.0
    365    0.0
