      1    0.0
      2    0.0
      3    0.0
      4    0.0
      5    0.0
      6    0.0
      7    0.0
      8    0.0
      9    0.0
     10    0.0
     11    0.0
     12    0.0
     13    0.0
     14    0.0
     15    0.0
     16    0.0
     17    0.0
     18    0.0
     19    0.0
     20    0.0
     21    0.0
     22    0.0
     23    0.0
     24    0.0
     25    0.0
     26    0.0
     27    0.0
     28    5.0
     29    3.0
     30    0.0
     31    0.0
     32    0.0
     33    0.0
     34    0.0
     35    0.0
     36    0.0
     37    0.0
     38    5.5
     39    0.0
     40    0.0
     41    0.0
     42    0.0
     43    0.0
     44    0.0
     45    0.0
     46    0.0
     47    0.0
     48    0.0
     49    0.0
     50    0.0
     51    2.0
     52    0.0
     53    0.5
     54    0.0
     55    0.0
     56   18.2
     57    2.0
     58    0.0
     59    0.0
     60    0.0
     61    0.0
     62    0.0
     63    0.0
     64    5.0
     65    2.0
     66    2.5
     67    0.0
     68    0.0
     69    0.0
     70    0.0
     71    0.0
     72    0.0
     73    0.0
     74    0.0
     75    0.0
     76    0.0
     77    5.0
     78    3.0
     79    1.3
     80    0.0
     81    2.0
     82    2.5
     83    0.0
     84    0.0
     85    0.0
     86    0.0
     87    0.0
     88    6.0
     89   35.0
     90    2.0
     91    0.0
     92    0.0
     93    0.0
     94    0.0
     95    0.0
     96    6.5
     97   11.0
     98    0.0
     99    5.0
    100    0.0
    101    0.0
    102    2.0
    103    0.0
    104    0.0
    105    0.0
    106    0.0
    107    0.0
    108    0.0
    109    2.0
    110    5.0
    111    0.0
    112    4.0
    113    0.0
    114    0.0
    115    1.5
    116    1.0
    117    0.0
    118    0.0
    119    0.0
    120    5.5
    121    0.0
    122    3.4
    123    0.0
    124    4.0
    125    0.0
    126   31.0
    127    3.5
    128    8.0
    129    0.0
    130    0.0
    131   10.5
    132   12.2
    133    0.0
    134    0.0
    135    0.0
    136    2.3
    137    2.0
    138    2.5
    139    0.0
    140    0.0
    141    0.0
    142    0.0
    143    3.2
    144    0.0
    145    2.0
    146    4.3
    147    2.0
    148    0.0
    149    0.0
    150    0.0
    151    2.4
    152    0.0
    153   10.0
    154    0.0
    155    0.0
    156    0.0
    157    0.0
    158    0.0
    159    1.4
    160    3.4
    161    0.0
    162    0.0
    163    0.0
    164    0.0
    165    0.2
    166    5.0
    167    2.0
    168    4.3
    169   14.2
    170    3.0
    171    1.5
    172   29.2
    173    8.1
    174   10.0
    175   17.1
    176   53.5
    177   29.0
    178   14.7
    179   10.5
    180   37.5
    181   11.0
    182   40.2
    183   40.1
    184   32.4
    185    5.0
    186    4.2
    187    8.5
    188   19.8
    189   23.0
    190   26.3
    191   13.5
    192   14.0
    193    5.2
    194   34.2
    195    4.3
    196    4.5
    197    6.1
    198   15.0
    199   25.2
    200   18.0
    201   16.3
    202   55.2
    203   25.1
    204   18.0
    205   13.3
    206   13.0
    207    3.4
    208    4.0
    209    8.0
    210   28.2
    211    9.0
    212   19.2
    213   13.3
    214   19.8
    215   25.3
    216   28.3
    217    6.2
    218   12.5
    219   40.5
    220   41.5
    221   32.0
    222   17.2
    223   46.9
    224   33.2
    225   11.5
    226   40.0
    227   26.2
    228    6.3
    229   68.8
    230   19.7
    231   20.2
    232   14.0
    233   34.5
    234    2.8
    235    4.0
    236   19.6
    237   16.0
    238   40.5
    239   54.0
    240   12.0
    241   14.7
    242   14.5
    243   53.5
    244   19.0
    245   14.5
    246    8.7
    247   11.2
    248   22.0
    249    1.5
    250    1.0
    251    0.0
    252    7.1
    253    3.5
    254    2.0
    255    2.5
    256   57.4
    257    5.1
    258    1.2
    259   10.3
    260   41.0
    261    8.5
    262   55.1
    263    0.0
    264    0.0
    265    0.0
    266    0.0
    267    0.0
    268    0.0
    269    0.0
    270    0.0
    271    0.0
    272    0.0
    273    0.0
    274   20.2
    275    1.1
    276    0.0
    277    0.0
    278    0.0
    279    0.0
    280    0.0
    281    0.0
    282    0.0
    283    0.0
    284    0.0
    285    0.0
    286    0.0
    287    0.0
    288    0.0
    289    0.0
    290    0.0
    291    3.4
    292    6.0
    293    0.0
    294    0.0
    295    0.0
    296    0.0
    297    0.0
    298    0.0
    299    0.0
    300    0.0
    301    0.0
    302    0.0
    303    0.0
    304    0.0
    305    0.0
    306    0.0
    307    0.0
    308    0.0
    309    0.0
    310    0.0
    311    0.0
    312    0.0
    313    0.0
    314    0.0
    315    0.0
    316    0.0
    317    0.0
    318    0.0
    319    0.0
    320    0.0
    321    0.0
    322    6.0
    323   12.0
    324    0.0
    325    0.0
    326    0.0
    327    0.0
    328    0.0
    329    0.0
    330    0.0
    331    0.0
    332    0.0
    333    0.0
    334    0.0
    335    0.0
    336    0.0
    337    0.0
    338    0.0
    339    0.0
    340    0.0
    341    0.0
    342    0.0
    343    0.0
    344    0.0
    345    0.0
    346    0.0
    347    0.0
    348    0.0
    349    0.0
    350    0.0
    351    0.0
    352    0.0
    353    0.0
    354    0.0
    355    0.0
    356    0.0
    357    0.0
    358    0.0
    359    0.0
    360    0.0
    361    0.0
    362    0.0
    363    0.0
    364    0.0
    365    0.0
