1982          Temperature for DUMKAULI                
        Tmax  Tmin
     1  23.4   8.8 
     2  23.3   8.2 
     3  23.4   9.0 
     4  23.2   9.4 
     5  23.9  10.5 
     6  25.7   9.6 
     7  24.6   9.2 
     8  24.4   7.8 
     9  24.0   9.6 
    10  20.2  10.5 
    11  23.7   9.0 
    12  24.0   8.2 
    13  24.2   8.4 
    14  22.6   7.4 
    15  22.6   9.2 
    16  23.4   8.6 
    17  23.5   7.6 
    18  24.6   9.6 
    19  24.6   9.6 
    20  24.4   9.4 
    21  24.4   9.6 
    22  26.8   8.4 
    23  23.6   9.0 
    24  26.5  12.2 
    25  22.8  12.6 
    26  17.8  15.8 
    27  22.8   9.8 
    28  25.6   8.8 
    29  25.5  10.6 
    30  23.6  11.5 
    31  18.5  13.0 
    32  16.8  14.4 
    33  22.8   5.8 
    34  20.2  11.2 
    35  24.0  11.2 
    36  23.4   9.4 
    37  22.5   8.2 
    38  21.6   8.6 
    39  21.7   9.0 
    40  21.7   8.2 
    41  22.2   8.0 
    42  24.7  12.8 
    43  24.6  11.8 
    44  25.5   9.8 
    45  25.8  10.2 
    46  25.0  10.8 
    47  21.4   8.0 
    48  25.6  10.8 
    49  26.8   9.7 
    50  27.8  10.0 
    51  27.8  10.0 
    52  27.2  10.8 
    53  26.8   8.8 
    54  23.3   9.8 
    55  24.4   9.8 
    56  25.5  10.6 
    57  26.6   9.6 
    58  25.5  10.8 
    59  27.4  13.2 
    60  28.6  16.8 
    61  25.6  17.4 
    62  25.0   DNA 
    63  23.3  11.2 
    64  20.6  15.8 
    65  22.8   9.6 
    66  23.4  11.0 
    67  26.4  13.2 
    68  24.8  13.2 
    69  24.8  13.0 
    70  29.2  13.2 
    71  28.6  12.8 
    72  27.7  11.8 
    73  29.0  13.8 
    74  30.0  14.8 
    75  30.2  10.8 
    76  29.8  17.0 
    77  31.5  16.0 
    78  31.6  14.8 
    79  32.4  15.0 
    80  32.6  15.6 
    81  33.2  16.4 
    82  32.8  17.2 
    83  32.4  18.2 
    84  29.8  17.8 
    85  31.2  15.6 
    86  31.0  13.4 
    87  32.6  13.9 
    88  32.2  16.4 
    89  34.2  17.9 
    90  33.3  19.4 
    91  31.8  19.6 
    92  34.0  21.6 
    93  33.4  16.4 
    94  34.7  18.6 
    95  36.0  18.8 
    96  36.0  21.2 
    97  36.6  22.0 
    98  34.2  19.2 
    99  35.0  16.0 
   100  35.4  16.8 
   101  35.5  17.8 
   102  34.5  17.8 
   103  34.8  17.6 
   104  33.6  20.4 
   105  32.6  19.2 
   106  32.6  23.2 
   107  33.6  23.2 
   108  28.1  18.8 
   109  30.8  17.8 
   110  31.8  17.9 
   111  31.8  18.0 
   112  34.0  20.4 
   113  33.8  21.5 
   114  34.1  20.6 
   115  33.5  19.6 
   116  33.6  20.2 
   117  31.8  24.2 
   118  34.8   DNA 
   119  36.0  20.0 
   120  34.0  24.0 
   121  37.2  20.0 
   122  36.6  21.4 
   123  39.2  23.4 
   124  34.8  26.4 
   125  35.4  24.8 
   126  39.0  25.2 
   127  38.4  22.4 
   128  40.0  21.4 
   129  39.8  21.4 
   130  34.5  23.6 
   131  35.6  20.8 
   132  38.5  22.0 
   133  36.4  20.6 
   134  33.1  19.2 
   135  32.2  22.0 
   136  34.8   DNA 
   137  35.8  19.0 
   138  36.4  19.8 
   139  36.2  19.8 
   140  36.8  21.6 
   141  37.8  22.0 
   142  38.5  21.4 
   143  37.5  21.3 
   144  38.8  24.4 
   145  39.5  21.7 
   146  40.2  23.4 
   147  40.6  24.4 
   148  37.8  24.5 
   149  35.8  22.0 
   150  38.0  24.8 
   151  37.4  26.6 
   152  36.6  24.2 
   153  38.0  22.8 
   154  37.6  24.8 
   155  32.8  25.6 
   156  35.0  25.4 
   157  35.2  23.2 
   158  32.5  25.0 
   159  35.2  25.9 
   160  29.8  24.3 
   161  33.8  26.2 
   162  29.5  23.6 
   163  29.8  24.9 
   164  32.2  24.8 
   165  31.8  24.0 
   166  32.2  24.6 
   167  33.8  26.6 
   168  33.4  25.6 
   169  32.8  24.6 
   170  34.4  24.3 
   171  35.0   DNA 
   172  35.6  24.8 
   173  34.8  26.8 
   174  33.5  24.4 
   175  32.0  24.2 
   176  33.0  26.0 
   177  35.0  23.4 
   178  33.5  23.8 
   179  31.5  23.4 
   180  33.0  24.2 
   181  34.8  25.9 
   182  34.2  26.2 
   183  34.6  26.6 
   184  35.5  26.2 
   185  36.4  28.0 
   186  34.8  27.4 
   187  33.0  25.2 
   188  34.0  26.7 
   189  34.6  26.4 
   190  34.5  26.8 
   191  31.8  24.9 
   192  31.0  25.4 
   193  32.5  25.0 
   194  34.6  25.4 
   195  31.8  25.3 
   196  34.2  25.8 
   197  35.7  26.6 
   198  35.4  27.0 
   199  34.5  25.8 
   200  26.8  24.6 
   201  33.1  24.9 
   202  34.0  27.1 
   203  32.6  26.5 
   204  32.0  25.5 
   205  30.2  25.4 
   206  31.4  24.7 
   207  32.0  25.2 
   208  33.4  26.2 
   209  33.9  25.2 
   210  34.6  27.5 
   211  33.8  27.3 
   212  34.5  25.2 
   213  36.4  26.8 
   214  35.0  27.6 
   215  33.4  25.4 
   216  30.8  24.8 
   217  33.2  25.3 
   218  35.2  26.2 
   219  35.2  26.9 
   220  34.5  25.3 
   221  33.6  27.2 
   222  33.0  27.4 
   223  35.0  25.6 
   224  36.4  26.1 
   225  36.2  24.6 
   226  34.4  27.5 
   227  34.2  26.7 
   228  33.6  26.8 
   229  34.5  29.3 
   230  36.2  27.0 
   231  33.4  25.6 
   232  34.5  26.9 
   233  35.0  26.4 
   234  34.0  26.4 
   235  34.9  26.9 
   236  30.6  25.2 
   237  33.8  25.8 
   238  33.8  25.4 
   239  34.9  25.0 
   240  30.3  25.7 
   241  31.3  25.8 
   242  31.4  25.3 
   243  32.7  25.0 
   244  34.0  25.6 
   245  34.0  25.2 
   246  34.5  26.0 
   247  34.8  26.8 
   248  35.7  26.0 
   249  32.8  26.4 
   250  34.6  26.4 
   251  34.8  24.6 
   252  36.8  25.6 
   253  30.2  26.0 
   254  27.2  25.8 
   255  25.2  24.2 
   256  23.8  22.1 
   257  30.4   DNA 
   258  33.0  24.9 
   259  33.2  25.0 
   260  31.2  24.8 
   261  26.6  25.1 
   262  29.8  23.9 
   263  32.4  25.0 
   264  32.8  23.6 
   265  33.2  26.2 
   266  32.5  24.4 
   267  29.4  23.8 
   268  32.2  22.4 
   269  32.2  22.2 
   270  32.8  22.8 
   271  33.2  22.5 
   272  33.2  22.9 
   273  32.9  22.6 
   274  33.0  21.2 
   275  32.2  20.7 
   276  32.0  21.2 
   277  31.8  21.6 
   278  31.8  20.0 
   279  31.7  19.0 
   280  31.8  19.4 
   281  32.0  20.6 
   282  31.2  21.6 
   283  30.0  18.2 
   284  30.6  18.8 
   285  31.5  17.9 
   286  31.9  18.0 
   287  31.5  17.3 
   288  31.5  18.2 
   289  31.8  19.2 
   290  28.8  19.8 
   291  29.0  22.2 
   292  31.6  18.1 
   293  31.5  20.1 
   294  30.5  21.5 
   295  30.1  21.3 
   296  27.7  21.0 
   297  29.7  19.2 
   298  29.8  19.2 
   299  30.2  19.8 
   300  30.2  18.2 
   301  29.3  21.8 
   302  30.5  20.4 
   303  31.0  17.8 
   304  30.4  17.2 
   305  30.0  17.2 
   306  30.4  16.8 
   307  30.2  17.0 
   308  29.4  17.0 
   309  28.4  15.8 
   310  29.4  15.4 
   311  27.9  15.6 
   312  27.0  16.0 
   313  20.8  18.2 
   314  26.4  15.0 
   315  24.5  17.6 
   316  26.5  16.6 
   317  26.8  17.0 
   318  26.8  16.2 
   319  28.0  17.0 
   320  27.5  16.0 
   321  28.7  15.2 
   322  28.5  16.9 
   323  28.8  16.6 
   324  23.2  17.4 
   325  22.2  17.4 
   326  27.4  16.2 
   327  26.5  14.6 
   328  26.5  11.4 
   329  25.2  10.8 
   330  25.0  10.8 
   331  24.2  10.6 
   332  24.4  11.0 
   333  23.5   9.0 
   334  23.6   8.6 
   335  23.4   9.6 
   336  24.2   8.8 
   337  23.8   9.4 
   338  24.5  11.2 
   339  24.2  11.8 
   340  23.2  12.8 
   341  22.6  11.0 
   342  23.8  10.0 
   343  23.2  11.0 
   344  23.5  11.4 
   345  23.6  11.4 
   346  22.8  12.8 
   347  23.8  12.4 
   348  24.5  12.4 
   349  24.2  11.6 
   350  23.8  11.4 
   351  24.2  10.2 
   352  23.5  10.6 
   353  23.4  10.6 
   354  23.2  10.0 
   355  23.5  11.2 
   356  23.4  11.4 
   357  23.8  10.0 
   358  24.2  10.6 
   359  23.2   9.8 
   360  23.6   8.2 
   361  23.4   6.6 
   362  19.5   9.6 
   363  21.6  11.4 
   364  21.6   8.4 
   365  18.4   8.6 
