      1    1.5
      2    1.5
      3    0.0
      4    0.0
      5    0.0
      6    0.0
      7    0.0
      8    0.0
      9    0.0
     10    0.0
     11    1.0
     12    0.0
     13    0.5
     14    0.2
     15    0.0
     16    0.0
     17    0.0
     18    0.0
     19    0.0
     20    0.0
     21    0.0
     22    0.0
     23    0.0
     24    0.0
     25    0.0
     26    0.0
     27    0.0
     28    0.0
     29    0.0
     30    0.0
     31    0.0
     32    0.0
     33    0.0
     34    0.0
     35    0.0
     36    0.0
     37    0.0
     38    0.0
     39    0.0
     40    0.0
     41    0.0
     42    0.0
     43    0.0
     44    0.0
     45    0.0
     46    0.0
     47    0.0
     48    0.0
     49    0.0
     50    0.0
     51    0.0
     52    0.0
     53    0.0
     54    0.0
     55    0.0
     56    0.0
     57    3.7
     58    0.0
     59    0.0
     60    0.0
     61    0.0
     62    0.0
     63    0.0
     64    0.0
     65    0.0
     66    0.0
     67    0.0
     68    0.0
     69    0.0
     70    0.0
     71    0.0
     72    0.0
     73    0.0
     74    0.0
     75    0.0
     76    0.0
     77    0.0
     78    0.0
     79    0.0
     80    0.0
     81    0.0
     82    0.0
     83    0.0
     84    0.0
     85    0.0
     86    0.0
     87    0.0
     88    0.0
     89    0.0
     90    0.0
     91    0.0
     92    0.0
     93    0.0
     94    0.0
     95    0.0
     96    0.0
     97    0.0
     98    0.0
     99    0.0
    100    0.0
    101    0.0
    102    0.0
    103    0.0
    104    0.0
    105   41.0
    106    2.6
    107    0.0
    108    0.5
    109    0.0
    110    0.0
    111    0.0
    112    0.0
    113    0.0
    114    0.0
    115    0.0
    116    0.0
    117    0.0
    118    0.0
    119    0.0
    120    0.0
    121    0.0
    122   14.2
    123    0.0
    124    9.0
    125    0.0
    126    0.0
    127    1.5
    128    0.0
    129    1.5
    130    0.0
    131    0.0
    132    0.0
    133    0.0
    134   18.0
    135    2.0
    136    5.5
    137    1.0
    138   17.5
    139    0.0
    140    0.0
    141    1.5
    142    0.0
    143    0.0
    144    0.0
    145    0.0
    146    2.5
    147   17.5
    148    0.0
    149   38.6
    150   17.6
    151    0.0
    152    0.0
    153    0.0
    154   65.0
    155   27.6
    156    0.0
    157    0.0
    158    0.0
    159    0.0
    160    0.0
    161    3.4
    162   36.2
    163    0.0
    164    2.0
    165    0.0
    166    0.0
    167    0.0
    168    0.0
    169    1.3
    170   12.2
    171   20.5
    172   41.4
    173   19.0
    174    3.7
    175    0.0
    176   18.0
    177    1.5
    178    6.0
    179    6.7
    180   20.5
    181   15.6
    182    0.0
    183    1.0
    184    0.0
    185    2.4
    186    6.5
    187    0.0
    188    0.0
    189    2.7
    190    1.5
    191    4.0
    192   25.5
    193    0.0
    194    0.0
    195    0.0
    196   27.5
    197   25.6
    198  167.2
    199    7.4
    200    0.0
    201    3.4
    202    3.1
    203    0.0
    204    0.0
    205    0.0
    206    0.0
    207    0.0
    208    1.0
    209   40.5
    210  112.2
    211  166.2
    212  161.0
    213   52.4
    214   17.0
    215   10.0
    216    0.0
    217    4.7
    218    0.0
    219    0.0
    220    0.0
    221    0.0
    222    3.6
    223    0.0
    224    0.0
    225    3.4
    226    0.0
    227    0.0
    228    0.0
    229    0.0
    230  100.2
    231   26.2
    232   25.2
    233    0.0
    234   68.2
    235   22.6
    236   82.0
    237    3.5
    238    0.0
    239   10.0
    240    0.5
    241  135.0
    242    2.0
    243   24.5
    244   17.5
    245  136.2
    246  126.0
    247    2.0
    248   27.8
    249    0.5
    250   40.0
    251   18.6
    252    0.0
    253    0.0
    254    0.0
    255    0.0
    256    3.2
    257    0.2
    258    0.2
    259    0.0
    260    1.2
    261    0.0
    262    0.0
    263    0.0
    264    0.0
    265    0.0
    266    0.0
    267    0.0
    268    0.0
    269    0.6
    270    0.0
    271    0.0
    272    0.0
    273    0.0
    274    0.0
    275   32.6
    276    1.5
    277    0.0
    278    4.0
    279    0.0
    280    0.0
    281    0.0
    282    0.0
    283    0.0
    284    0.0
    285    0.0
    286    0.0
    287    0.0
    288    0.0
    289    0.0
    290    0.0
    291    0.0
    292    0.0
    293    4.1
    294    0.0
    295    0.0
    296    0.0
    297    0.0
    298    0.0
    299    0.0
    300    0.0
    301    0.0
    302    0.0
    303    0.0
    304    0.0
    305    0.0
    306    0.0
    307    0.0
    308    0.0
    309    0.0
    310    0.0
    311   16.0
    312    0.0
    313    0.0
    314    0.0
    315    0.0
    316    0.0
    317    0.0
    318    0.0
    319    0.0
    320    0.0
    321    0.0
    322    0.0
    323    0.0
    324    0.0
    325    0.0
    326    0.0
    327    0.0
    328    0.0
    329    0.0
    330    0.0
    331    0.0
    332    0.0
    333    0.0
    334    0.0
    335    0.0
    336    0.0
    337    0.0
    338    0.0
    339    0.0
    340    0.0
    341    0.0
    342    0.0
    343    0.0
    344    0.0
    345    0.0
    346    0.0
    347    0.0
    348    0.0
    349    0.0
    350    1.0
    351    0.0
    352    1.0
    353    0.5
    354    1.5
    355    0.0
    356    0.4
    357    0.5
    358    0.0
    359    0.0
    360    0.0
    361    0.0
    362    0.0
    363    0.0
    364    0.0
    365    0.0
