      1    0.2
      2    0.1
      3    0.0
      4    0.5
      5    0.0
      6    0.0
      7    0.0
      8    0.0
      9    0.0
     10    0.0
     11    0.0
     12    0.0
     13    0.0
     14    0.0
     15    0.0
     16    0.0
     17    0.0
     18    0.0
     19    0.0
     20    0.0
     21    0.0
     22    0.0
     23    0.0
     24    0.0
     25    0.0
     26    0.0
     27    0.0
     28    0.0
     29    0.0
     30    0.0
     31    0.0
     32    0.0
     33    0.0
     34    0.0
     35    0.0
     36    0.0
     37    0.0
     38    1.9
     39    0.0
     40    0.0
     41    0.0
     42    2.7
     43    1.5
     44    0.2
     45   62.4
     46    0.0
     47    0.0
     48    0.0
     49    0.0
     50    0.0
     51    0.0
     52    0.0
     53    0.0
     54    0.0
     55    0.0
     56    0.0
     57    0.0
     58    0.0
     59    0.0
     60    0.0
     61    1.0
     62    0.0
     63    0.0
     64    0.0
     65    0.0
     66    0.0
     67    0.0
     68    0.0
     69    0.0
     70    0.0
     71    0.0
     72   19.0
     73    6.5
     74    0.0
     75    0.0
     76    0.0
     77    0.0
     78    0.0
     79    0.0
     80    0.0
     81    0.0
     82    0.0
     83    0.0
     84    0.0
     85    0.0
     86    0.0
     87    0.0
     88    0.0
     89    0.0
     90    0.0
     91    0.0
     92    0.0
     93    0.0
     94    0.0
     95    0.0
     96    0.0
     97    0.0
     98    0.0
     99    0.0
    100    0.0
    101    0.0
    102    0.0
    103    0.0
    104    0.0
    105    0.0
    106    0.0
    107    0.0
    108   26.0
    109    8.5
    110    0.0
    111    0.0
    112    0.0
    113    0.0
    114    0.0
    115    0.0
    116    6.2
    117    0.0
    118    0.0
    119    0.0
    120    1.0
    121    0.0
    122    0.0
    123    0.0
    124    0.0
    125    0.0
    126    0.0
    127    0.0
    128    0.0
    129    0.0
    130    0.0
    131    0.0
    132   25.6
    133    0.0
    134    0.0
    135   38.0
    136    0.0
    137    0.0
    138    0.0
    139    0.0
    140    0.0
    141    5.0
    142    0.0
    143    0.0
    144    0.0
    145    0.0
    146    0.0
    147    0.0
    148    0.0
    149    0.0
    150    0.0
    151    0.0
    152    0.0
    153    0.0
    154    0.0
    155    2.5
    156    0.0
    157    0.0
    158    0.0
    159    0.0
    160    1.5
    161   15.0
    162    0.0
    163    0.0
    164    0.0
    165    3.5
    166    0.0
    167    0.0
    168    2.0
    169    0.0
    170    0.0
    171    0.0
    172    5.6
    173    0.0
    174    0.0
    175    0.0
    176    5.5
    177    4.0
    178    4.5
    179  141.0
    180    0.0
    181    0.0
    182    0.0
    183    0.0
    184   12.5
    185    0.0
    186    0.0
    187    8.5
    188    0.0
    189    0.0
    190    8.0
    191    0.0
    192   19.2
    193    0.0
    194   77.0
    195    0.0
    196   26.0
    197    3.5
    198   87.2
    199  136.8
    200    1.0
    201   43.2
    202    0.2
    203    2.0
    204   19.5
    205   20.4
    206   13.5
    207   77.5
    208   52.6
    209  224.6
    210  232.2
    211   14.5
    212    0.0
    213    3.0
    214    3.5
    215   48.2
    216    0.0
    217    0.0
    218    0.0
    219    0.0
    220    0.0
    221    0.2
    222    0.0
    223    0.0
    224    0.0
    225   65.2
    226   10.6
    227    9.5
    228   15.2
    229   25.2
    230    9.6
    231    1.0
    232    1.0
    233    0.0
    234    0.0
    235    0.0
    236   47.2
    237   20.0
    238    0.0
    239   16.0
    240    9.6
    241    2.0
    242    4.0
    243    1.0
    244   55.0
    245    0.0
    246   16.0
    247   42.6
    248   78.0
    249   13.8
    250    0.0
    251    9.4
    252   69.4
    253    0.0
    254    0.0
    255    0.0
    256    0.0
    257    0.0
    258    0.0
    259   63.4
    260   33.6
    261   10.0
    262    0.5
    263    0.0
    264    0.0
    265    0.0
    266    0.0
    267    0.0
    268    7.6
    269   57.0
    270    2.0
    271    6.0
    272   52.0
    273   17.0
    274    0.0
    275    0.0
    276    0.0
    277    0.0
    278    0.0
    279    0.0
    280    0.0
    281    0.0
    282    3.0
    283    3.5
    284    0.0
    285    0.0
    286    0.0
    287   26.0
    288    0.0
    289   62.0
    290    2.5
    291    0.0
    292    0.0
    293    0.0
    294    0.0
    295    0.0
    296    0.0
    297    0.0
    298    0.0
    299    0.0
    300    0.0
    301    0.0
    302    0.0
    303    0.0
    304    0.0
    305    0.0
    306    0.0
    307    0.0
    308    0.0
    309    0.0
    310    0.0
    311    0.0
    312    0.0
    313    0.0
    314    1.0
    315    0.0
    316    0.0
    317    0.0
    318    0.0
    319    0.0
    320    0.0
    321    0.0
    322    0.0
    323    0.0
    324    0.0
    325    0.0
    326    0.0
    327    0.0
    328    0.0
    329    0.0
    330    0.0
    331    0.0
    332    0.0
    333    0.0
    334    0.0
    335    0.0
    336    0.0
    337    0.0
    338    0.0
    339    0.0
    340    0.0
    341    0.0
    342    0.0
    343    0.0
    344    0.0
    345    0.0
    346    0.0
    347    0.0
    348    0.0
    349    0.0
    350    0.0
    351    0.0
    352    0.0
    353    0.0
    354    0.0
    355    0.0
    356    0.0
    357    0.0
    358    0.0
    359    0.0
    360    0.0
    361    0.0
    362    0.0
    363    0.0
    364    0.0
    365    0.0
