      1    0.0
      2    0.0
      3    0.0
      4    0.0
      5    0.0
      6    0.0
      7    0.0
      8    0.0
      9    0.0
     10    0.0
     11    0.0
     12    0.0
     13    0.0
     14    0.0
     15    0.0
     16    0.0
     17    0.0
     18    0.0
     19    0.0
     20    0.0
     21    0.0
     22    0.0
     23    0.0
     24    0.0
     25    0.0
     26    4.5
     27   12.2
     28    4.5
     29    0.0
     30    0.0
     31    0.0
     32   15.8
     33   10.2
     34    0.0
     35    0.0
     36    8.0
     37    2.5
     38    0.5
     39    5.0
     40   20.5
     41    0.0
     42    3.0
     43    0.0
     44    0.0
     45    0.0
     46    0.0
     47    5.0
     48    3.5
     49    0.0
     50    0.0
     51    0.0
     52    0.0
     53    0.0
     54    0.0
     55    0.0
     56    0.0
     57    0.0
     58    0.0
     59    0.0
     60    8.0
     61    0.0
     62    0.0
     63    0.0
     64    0.0
     65    0.0
     66    0.0
     67    0.0
     68    0.0
     69    0.0
     70    0.0
     71    0.0
     72    0.0
     73    0.5
     74   13.0
     75    0.8
     76    0.0
     77    0.0
     78    0.0
     79    0.0
     80    0.0
     81    0.0
     82    0.0
     83    0.0
     84    0.0
     85    0.0
     86    0.0
     87    0.0
     88    0.0
     89    0.0
     90    0.0
     91    0.0
     92    0.0
     93    0.2
     94    0.0
     95    0.0
     96    0.0
     97    0.0
     98    0.0
     99    0.0
    100    0.0
    101    0.0
    102    0.0
    103    0.0
    104    0.0
    105    0.0
    106    0.0
    107   13.0
    108    0.0
    109   21.0
    110    0.5
    111    5.5
    112    0.3
    113   43.0
    114    3.8
    115   35.6
    116   30.5
    117    0.0
    118    0.0
    119    0.0
    120   13.0
    121   10.0
    122    0.0
    123    0.0
    124    0.0
    125    0.0
    126   25.3
    127   21.0
    128    3.0
    129   13.0
    130    0.8
    131   11.5
    132   31.0
    133   13.0
    134   21.0
    135    0.0
    136    0.0
    137    0.0
    138    0.0
    139    0.0
    140    0.0
    141    0.0
    142    0.0
    143    0.0
    144   19.0
    145    0.2
    146   11.0
    147    0.0
    148    0.0
    149    0.0
    150    0.0
    151   13.0
    152    0.2
    153   13.2
    154   13.5
    155   40.5
    156   23.5
    157    0.0
    158   15.0
    159   61.0
    160   81.0
    161   51.0
    162    0.8
    163   10.2
    164   25.8
    165   33.5
    166   41.8
    167    0.8
    168   52.0
    169   13.0
    170   42.2
    171   13.0
    172   42.0
    173    5.6
    174   43.5
    175   14.0
    176    0.3
    177    0.5
    178   24.0
    179   12.0
    180    0.0
    181    0.0
    182   31.0
    183   13.0
    184   31.0
    185  120.5
    186   81.0
    187   91.8
    188   65.8
    189   13.9
    190    0.9
    191   41.5
    192   30.5
    193   81.5
    194   36.3
    195   10.5
    196   41.0
    197   41.0
    198   13.0
    199   13.8
    200    1.0
    201   21.0
    202   17.0
    203   11.0
    204   11.0
    205    0.5
    206   13.0
    207   19.0
    208   22.0
    209   13.0
    210   21.8
    211    4.8
    212   23.5
    213   31.0
    214    0.0
    215   13.0
    216   21.0
    217   11.0
    218   13.0
    219   55.8
    220    0.0
    221   24.5
    222    0.0
    223   23.0
    224    0.0
    225   13.0
    226   13.0
    227   10.0
    228   33.0
    229    0.0
    230    0.0
    231    0.0
    232   13.8
    233   51.0
    234    0.0
    235   21.0
    236   34.0
    237   23.0
    238   10.0
    239    0.5
    240   11.0
    241   51.0
    242   23.5
    243   13.0
    244    7.0
    245   23.0
    246    1.6
    247   13.0
    248   23.8
    249   13.0
    250    0.0
    251    0.0
    252    0.0
    253   25.0
    254    2.0
    255   13.0
    256   35.0
    257    3.0
    258   11.0
    259    5.0
    260   13.0
    261    3.9
    262    0.0
    263   20.0
    264   25.0
    265   21.2
    266    5.0
    267   15.0
    268    5.0
    269    2.0
    270    0.0
    271    0.0
    272    0.0
    273    0.0
    274    0.0
    275    0.0
    276    0.0
    277    0.0
    278    0.0
    279    0.0
    280    0.0
    281    0.0
    282    0.0
    283   41.0
    284    0.0
    285   29.0
    286    0.0
    287    0.0
    288    0.0
    289    0.0
    290    0.0
    291    0.0
    292    0.0
    293    0.0
    294    0.0
    295    0.0
    296    3.0
    297    0.0
    298    2.0
    299    0.0
    300    0.0
    301    0.0
    302    0.0
    303    0.0
    304    0.0
    305    0.0
    306    0.0
    307    0.0
    308    0.0
    309    0.0
    310    0.0
    311    0.0
    312    0.0
    313    0.0
    314    0.0
    315    0.0
    316    0.0
    317    0.0
    318    0.0
    319    0.0
    320    0.0
    321    0.0
    322    0.0
    323    0.0
    324    0.0
    325    0.0
    326    0.0
    327    0.0
    328    0.0
    329    0.0
    330    0.0
    331    0.0
    332    0.0
    333    5.0
    334    0.0
    335    0.0
    336    0.0
    337    0.0
    338    0.0
    339    0.0
    340    0.0
    341    0.0
    342    0.0
    343    0.0
    344    0.0
    345    0.0
    346    0.0
    347    0.0
    348    0.0
    349    0.0
    350    0.0
    351    0.0
    352    0.0
    353    0.0
    354    0.0
    355    0.0
    356    0.0
    357    0.0
    358    0.0
    359    0.0
    360    0.0
    361    0.0
    362    0.0
    363    0.0
    364    0.0
    365    0.0
