      1   10.0
      2    0.0
      3    0.0
      4    0.0
      5    0.0
      6    0.0
      7    0.0
      8    0.0
      9    0.0
     10    0.0
     11    0.0
     12    0.0
     13    0.0
     14    0.0
     15    0.0
     16    0.0
     17    0.0
     18    0.0
     19    0.0
     20    0.0
     21    0.0
     22    0.0
     23    0.0
     24    0.0
     25    0.0
     26    0.0
     27    0.0
     28    0.0
     29    0.0
     30    0.0
     31    0.0
     32    0.0
     33    0.0
     34    0.0
     35    0.0
     36   18.0
     37    0.0
     38    0.0
     39    5.0
     40    0.0
     41    0.0
     42    0.0
     43    0.0
     44    0.0
     45    0.0
     46    0.0
     47    0.0
     48    0.0
     49    0.0
     50    0.0
     51    0.0
     52    0.0
     53    0.0
     54    0.0
     55    0.0
     56    0.0
     57    0.0
     58    0.0
     59    0.0
     60    0.0
     61    0.0
     62    0.0
     63    0.0
     64    0.0
     65    0.0
     66    0.0
     67    0.0
     68    0.0
     69    0.0
     70    0.0
     71    6.5
     72    0.0
     73    7.0
     74    0.0
     75    0.0
     76    0.0
     77    0.0
     78    0.0
     79    0.0
     80    0.0
     81    0.0
     82    0.0
     83    0.0
     84    0.0
     85    0.0
     86    0.0
     87    0.0
     88    0.0
     89    0.0
     90    0.0
     91    0.0
     92    0.0
     93    0.0
     94    7.0
     95    8.0
     96    4.0
     97   17.7
     98    0.0
     99   10.0
    100    5.0
    101    3.0
    102    0.0
    103    0.0
    104    4.0
    105    0.0
    106   15.0
    107    0.0
    108   14.0
    109    2.0
    110   42.0
    111    0.0
    112    0.0
    113    0.0
    114   18.0
    115    0.0
    116    6.0
    117    0.0
    118    5.0
    119   20.0
    120   20.0
    121   11.0
    122   21.0
    123    0.0
    124    0.0
    125    5.0
    126   26.0
    127    0.0
    128    0.0
    129    0.0
    130    0.0
    131    0.0
    132   20.0
    133    0.0
    134    0.0
    135    3.0
    136    0.0
    137    0.0
    138   16.0
    139   20.0
    140    2.0
    141   93.0
    142   40.7
    143   18.0
    144   11.0
    145   21.5
    146    3.0
    147   13.5
    148   12.0
    149    6.0
    150    2.0
    151    2.0
    152    7.0
    153   38.0
    154   23.5
    155    7.0
    156    0.0
    157    0.0
    158    4.5
    159    0.0
    160    0.0
    161   41.5
    162    0.0
    163    0.0
    164    0.0
    165    0.0
    166    0.0
    167   45.6
    168    4.2
    169   10.3
    170    6.1
    171    2.0
    172   81.0
    173  108.0
    174   85.0
    175   28.0
    176   34.0
    177    0.0
    178    0.0
    179    7.0
    180    0.0
    181    0.0
    182   41.0
    183   41.5
    184   43.0
    185   12.5
    186   12.0
    187   12.0
    188   13.0
    189   15.2
    190   20.4
    191   21.4
    192    7.8
    193   47.7
    194   25.2
    195   43.7
    196   20.3
    197   40.7
    198   23.6
    199    0.0
    200   17.0
    201   42.0
    202   84.0
    203   41.0
    204   11.5
    205    0.0
    206   57.7
    207   62.0
    208   14.0
    209   21.5
    210   38.0
    211   41.0
    212   19.0
    213   23.0
    214   22.0
    215   17.0
    216   24.0
    217   20.0
    218    0.0
    219    0.0
    220    0.0
    221   19.0
    222   39.0
    223    0.0
    224    0.0
    225    0.0
    226   55.0
    227   45.0
    228   40.0
    229   30.0
    230   40.0
    231   34.0
    232   74.0
    233   56.0
    234   64.0
    235    0.0
    236    9.0
    237   48.5
    238    0.0
    239   18.0
    240   15.0
    241    0.0
    242    0.0
    243   33.0
    244   44.0
    245   45.0
    246   97.0
    247   70.0
    248    6.0
    249    2.0
    250    0.0
    251   52.0
    252   10.0
    253    0.0
    254   18.0
    255   30.0
    256    9.0
    257   11.0
    258   18.0
    259   52.0
    260    0.0
    261    9.0
    262    0.0
    263    0.0
    264    0.0
    265   15.0
    266   19.0
    267   10.0
    268    0.0
    269   17.0
    270   20.0
    271   16.0
    272    8.0
    273   12.0
    274    6.0
    275   14.0
    276   20.5
    277    0.0
    278    0.0
    279   54.0
    280    0.0
    281   14.0
    282    8.0
    283    0.0
    284    0.0
    285    0.0
    286    0.0
    287   10.0
    288    0.0
    289    0.0
    290    0.0
    291    0.0
    292    0.0
    293    0.0
    294    0.0
    295    0.0
    296    0.0
    297    0.0
    298    0.0
    299    0.0
    300    3.0
    301    0.0
    302    0.1
    303    0.0
    304    0.0
    305    0.0
    306    T  
    307    0.0
    308    0.0
    309    0.0
    310    0.0
    311    0.0
    312    0.0
    313    0.0
    314    0.0
    315    0.0
    316    0.0
    317    0.0
    318    0.0
    319    0.0
    320    0.0
    321    0.0
    322    0.0
    323    T  
    324    0.0
    325    0.0
    326    0.0
    327    0.0
    328    0.0
    329    1.5
    330    0.0
    331    0.0
    332    6.0
    333    0.0
    334    0.0
    335    0.0
    336    0.0
    337    0.0
    338    0.0
    339    0.0
    340    0.0
    341    0.0
    342    0.0
    343    0.0
    344    0.0
    345    0.0
    346    0.0
    347    0.0
    348    0.0
    349    0.0
    350    0.0
    351    0.0
    352    0.0
    353    0.0
    354    0.0
    355    0.0
    356    0.0
    357    0.0
    358    0.0
    359    0.0
    360    0.0
    361    0.0
    362    0.0
    363    0.0
    364    0.0
    365    0.0
    366    0.0
