      1    0.0
      2    0.0
      3    0.0
      4    0.0
      5    0.0
      6    0.0
      7    0.0
      8    0.0
      9    0.0
     10    0.0
     11    0.0
     12    0.0
     13    0.0
     14    0.0
     15    0.0
     16    0.0
     17    0.0
     18    0.0
     19    0.0
     20    0.0
     21    0.0
     22    0.0
     23    0.0
     24    0.0
     25    0.0
     26    0.0
     27    0.0
     28    0.0
     29    0.0
     30    0.0
     31    0.0
     32    0.0
     33    0.0
     34    0.0
     35    0.0
     36    0.0
     37    0.0
     38    0.0
     39    0.0
     40    T  
     41    0.0
     42    0.0
     43    0.0
     44    0.0
     45    0.0
     46    0.0
     47    0.0
     48    0.0
     49    0.0
     50    0.0
     51    0.0
     52    0.0
     53    0.0
     54    0.0
     55    0.0
     56    0.0
     57    0.0
     58    0.0
     59    0.0
     60    0.0
     61    0.0
     62    0.0
     63    0.0
     64    0.0
     65    0.0
     66    0.0
     67    0.0
     68    0.0
     69    0.0
     70    0.0
     71    0.0
     72    0.0
     73    0.0
     74    0.0
     75    0.0
     76    0.0
     77    0.0
     78    T  
     79    1.1
     80    0.0
     81    0.0
     82    0.0
     83    0.0
     84    0.0
     85    T  
     86    0.0
     87    0.0
     88    0.0
     89    2.1
     90    0.0
     91    0.0
     92    0.0
     93    0.0
     94    0.0
     95    0.0
     96    0.0
     97    0.0
     98    0.0
     99    0.0
    100    0.0
    101    0.0
    102    T  
    103    0.0
    104    0.0
    105    0.0
    106    0.0
    107    0.0
    108    0.0
    109    0.0
    110    0.0
    111    0.0
    112    0.0
    113    0.0
    114    0.0
    115    0.0
    116    0.0
    117    0.0
    118    0.0
    119    0.0
    120    T  
    121    0.0
    122    0.0
    123    0.0
    124    0.0
    125    2.1
    126    0.0
    127    T  
    128    3.4
    129    0.0
    130    0.0
    131    0.0
    132    2.1
    133    T  
    134    0.0
    135    0.0
    136    0.0
    137    0.0
    138    0.0
    139    0.0
    140    T  
    141    0.0
    142    0.0
    143    0.0
    144    0.0
    145    0.0
    146    0.0
    147    0.0
    148    0.0
    149    0.0
    150    T  
    151    0.0
    152   DNA   
    153   DNA   
    154   DNA   
    155   DNA   
    156   DNA   
    157   DNA   
    158   DNA   
    159   DNA   
    160   DNA   
    161   DNA   
    162   DNA   
    163   DNA   
    164   DNA   
    165   DNA   
    166    8.4
    167   12.1
    168    3.4
    169   16.2
    170    7.1
    171    2.1
    172    0.0
    173    1.1
    174    2.1
    175    4.1
    176   20.1
    177   11.1
    178   16.4
    179   26.2
    180    3.5
    181    T  
    182   17.1
    183   20.1
    184   24.5
    185   11.4
    186   22.4
    187    4.3
    188    6.2
    189   10.5
    190    2.1
    191    T  
    192   12.1
    193   18.1
    194    2.1
    195    6.4
    196    8.4
    197    2.4
    198   12.0
    199    2.0
    200    8.2
    201    3.4
    202    4.3
    203   16.0
    204   24.0
    205   21.4
    206    6.4
    207    3.5
    208    4.3
    209    5.1
    210   18.5
    211   14.4
    212   10.5
    213    7.3
    214   13.5
    215   20.5
    216    3.5
    217    T  
    218    2.2
    219    1.1
    220    2.1
    221    6.5
    222   10.5
    223    0.0
    224    0.0
    225    0.0
    226    0.0
    227    0.0
    228    0.0
    229    2.0
    230    6.1
    231   15.0
    232    T  
    233    0.0
    234   24.0
    235   17.0
    236    0.0
    237    T  
    238    5.1
    239   14.5
    240    2.1
    241    1.1
    242    5.5
    243    6.5
    244    2.1
    245   12.1
    246    6.1
    247    8.2
    248   10.2
    249    T  
    250    0.0
    251    0.0
    252    2.1
    253    1.1
    254    5.1
    255    8.2
    256    2.1
    257    4.1
    258    T  
    259    0.0
    260    0.0
    261    2.0
    262    0.3
    263    0.1
    264    5.0
    265    2.0
    266    0.0
    267    0.0
    268    0.0
    269    0.0
    270    3.0
    271    2.0
    272    1.0
    273    5.2
    274   10.3
    275    0.0
    276    0.0
    277    T  
    278   16.0
    279   20.0
    280    0.0
    281   12.0
    282    4.5
    283    3.1
    284    2.4
    285   16.0
    286   24.0
    287   18.0
    288    T  
    289    6.4
    290    2.1
    291    5.1
    292   24.0
    293   18.0
    294    T  
    295    0.0
    296    0.0
    297    0.0
    298    0.0
    299    0.0
    300    0.0
    301    0.0
    302    0.0
    303    0.0
    304    0.0
    305    0.0
    306    0.0
    307    0.0
    308    0.0
    309    0.0
    310    0.0
    311    0.0
    312    0.0
    313    0.0
    314    0.0
    315    0.0
    316    0.0
    317    0.0
    318    0.0
    319    0.0
    320    0.0
    321    0.0
    322    0.0
    323    0.0
    324    0.0
    325    0.0
    326    0.0
    327    0.0
    328    0.0
    329    0.0
    330    0.0
    331    0.0
    332    0.0
    333    0.0
    334    0.0
    335    0.0
    336    0.0
    337    0.0
    338    0.0
    339    0.0
    340    0.0
    341    0.0
    342    0.0
    343    0.0
    344    0.0
    345    0.0
    346    0.0
    347    0.0
    348    0.0
    349    0.0
    350    0.0
    351    0.0
    352    0.0
    353    0.0
    354    T  
    355    0.0
    356    0.0
    357    0.0
    358    0.0
    359    0.0
    360    0.0
    361    0.0
    362    0.0
    363    0.0
    364    0.0
    365    0.0
