      1    0.0
      2    0.0
      3    0.0
      4    0.0
      5    0.0
      6    0.0
      7    0.0
      8    0.0
      9    0.0
     10    0.0
     11    0.0
     12    0.0
     13    0.0
     14    0.0
     15    0.0
     16    0.0
     17    0.0
     18    0.0
     19    T  
     20   36.0
     21    2.1
     22    0.0
     23    0.0
     24    0.0
     25    0.0
     26    0.0
     27    0.0
     28    0.0
     29    0.0
     30    0.0
     31    0.0
     32    T  
     33    1.2
     34    2.4
     35    T  
     36    0.0
     37    0.0
     38    0.0
     39    0.0
     40    0.0
     41    0.0
     42    0.0
     43    0.0
     44    0.0
     45    0.0
     46    0.0
     47    0.0
     48    0.0
     49    1.1
     50    T  
     51    0.0
     52    0.0
     53    0.0
     54    0.0
     55    0.0
     56    T  
     57    T  
     58   16.0
     59    0.0
     60    0.0
     61    0.0
     62    0.0
     63    0.0
     64    0.0
     65    0.0
     66    0.0
     67    0.0
     68    0.0
     69    0.0
     70    0.0
     71    6.5
     72    0.0
     73    3.5
     74    0.0
     75    0.0
     76    0.0
     77    0.0
     78    0.0
     79    0.0
     80    0.0
     81    0.0
     82    0.0
     83    0.0
     84    0.0
     85    0.0
     86    0.0
     87    0.0
     88    0.0
     89    0.0
     90    1.1
     91   24.0
     92    6.0
     93    0.0
     94   16.0
     95   24.0
     96   12.2
     97    0.0
     98    0.0
     99    0.6
    100    0.0
    101    0.0
    102    0.0
    103    0.0
    104    0.0
    105    T  
    106    0.0
    107    0.0
    108    0.0
    109    0.0
    110    0.0
    111    0.0
    112    0.0
    113    0.0
    114    0.0
    115    0.0
    116    0.0
    117    0.0
    118    0.0
    119    0.0
    120    0.0
    121    0.0
    122    0.0
    123    0.0
    124    0.0
    125    0.0
    126    0.0
    127    0.0
    128    0.0
    129    0.0
    130    0.0
    131    0.0
    132    0.0
    133    0.0
    134    0.0
    135    0.0
    136    0.0
    137    0.0
    138    0.0
    139    0.0
    140    1.1
    141    T  
    142    0.0
    143    0.0
    144    0.0
    145    0.0
    146    0.0
    147    0.0
    148    1.2
    149   16.4
    150    0.0
    151    0.0
    152    0.0
    153    0.0
    154    0.0
    155    0.0
    156    0.0
    157    0.0
    158    0.0
    159    0.0
    160    T  
    161    T  
    162    0.0
    163    0.0
    164    0.0
    165   12.0
    166    4.3
    167    T  
    168    2.5
    169    2.3
    170    T  
    171    2.1
    172   16.0
    173    T  
    174    0.0
    175    4.2
    176    5.2
    177   12.4
    178    4.3
    179    6.5
    180   10.5
    181    0.0
    182    8.2
    183   12.4
    184    1.4
    185   18.2
    186   22.0
    187   16.0
    188   12.4
    189    6.2
    190    5.3
    191    9.5
    192    8.4
    193    6.2
    194   16.2
    195    2.2
    196    T  
    197    1.1
    198    0.0
    199    0.0
    200    2.1
    201    1.1
    202    4.3
    203    8.5
    204   15.1
    205    T  
    206    0.0
    207   13.5
    208    3.4
    209   20.0
    210    8.2
    211   22.5
    212   26.2
    213   13.5
    214    4.2
    215    6.3
    216    T  
    217    T  
    218    T  
    219    1.1
    220    T  
    221    0.0
    222    2.1
    223    2.4
    224    4.6
    225    T  
    226    1.1
    227    T  
    228    0.0
    229    4.2
    230    8.5
    231    T  
    232    1.2
    233    0.0
    234    0.0
    235    0.0
    236    T  
    237    2.1
    238    2.4
    239    0.0
    240    T  
    241    6.4
    242    T  
    243    T  
    244    T  
    245    T  
    246    6.2
    247   12.0
    248   17.1
    249    3.5
    250    2.0
    251    0.0
    252    0.0
    253    6.1
    254    0.0
    255    0.0
    256    1.2
    257    8.5
    258    T  
    259   24.0
    260   12.3
    261    T  
    262    0.0
    263   16.2
    264    4.2
    265    T  
    266    1.2
    267    5.2
    268    0.0
    269    0.0
    270    T  
    271    0.0
    272    6.5
    273    2.1
    274    0.0
    275    0.0
    276    2.1
    277    0.0
    278    0.0
    279    0.0
    280    0.0
    281   14.3
    282    0.0
    283    0.0
    284    0.0
    285    0.0
    286    0.0
    287    T  
    288    0.0
    289    0.0
    290    0.0
    291    0.0
    292    0.0
    293    0.0
    294    0.0
    295    0.0
    296    T  
    297   16.0
    298    4.2
    299    0.0
    300    0.0
    301    1.2
    302    0.0
    303    0.0
    304    0.0
    305    0.0
    306    0.0
    307    0.0
    308    0.0
    309    1.1
    310    0.0
    311    0.0
    312    0.0
    313    0.0
    314    2.0
    315    0.0
    316    0.0
    317    T  
    318    0.0
    319    0.0
    320    0.0
    321    0.0
    322    0.0
    323    2.3
    324    0.0
    325    0.0
    326    0.0
    327    T  
    328    0.0
    329    0.0
    330    0.0
    331    0.0
    332    0.0
    333    T  
    334    6.4
    335    T  
    336   10.2
    337    0.0
    338    0.0
    339    0.0
    340    0.0
    341    0.0
    342    0.0
    343   13.4
    344   16.0
    345   12.0
    346   20.5
    347    6.4
    348    0.0
    349    0.0
    350    0.0
    351    0.0
    352    0.0
    353    0.0
    354    0.0
    355    0.0
    356    0.0
    357    0.0
    358    0.0
    359    0.0
    360    0.0
    361    0.0
    362    0.0
    363    0.0
    364    0.0
    365    0.0
