      1    0.0
      2    0.0
      3    0.0
      4    0.0
      5    0.0
      6    0.0
      7    0.0
      8    0.0
      9    0.0
     10    0.0
     11    0.5
     12    0.8
     13    0.9
     14    4.7
     15    7.8
     16   10.2
     17    0.0
     18    0.0
     19    0.0
     20    0.0
     21    0.0
     22    0.0
     23    0.0
     24    0.0
     25    0.0
     26    0.0
     27    0.0
     28    0.0
     29    0.0
     30    0.0
     31    0.0
     32    0.0
     33    0.0
     34    0.0
     35    0.7
     36    0.9
     37    0.0
     38    0.0
     39    0.0
     40    0.0
     41    0.0
     42    0.0
     43    0.0
     44    0.7
     45    4.7
     46    7.9
     47   13.5
     48    0.0
     49    0.0
     50    0.0
     51    0.0
     52    0.0
     53    0.0
     54   16.5
     55   20.3
     56   25.4
     57    0.0
     58    0.0
     59    0.0
     60    0.0
     61    0.0
     62    0.0
     63    0.0
     64    0.0
     65    0.0
     66    0.0
     67    0.0
     68    0.0
     69    0.0
     70    0.0
     71    0.0
     72    0.0
     73    0.0
     74    0.0
     75    0.0
     76    4.7
     77    8.4
     78    0.0
     79    0.0
     80    0.0
     81    0.0
     82    0.0
     83    0.0
     84    0.0
     85    0.0
     86    0.0
     87    0.0
     88    0.0
     89    0.0
     90    0.0
     91    0.0
     92    0.0
     93    0.0
     94    0.0
     95    0.0
     96    0.0
     97    0.0
     98    0.0
     99    0.0
    100    0.0
    101    0.0
    102    0.0
    103    0.0
    104    0.0
    105    0.0
    106    0.0
    107    0.0
    108    0.0
    109    0.0
    110    0.0
    111    0.0
    112    0.0
    113    0.0
    114    0.0
    115    0.0
    116    0.0
    117    0.0
    118    0.0
    119    0.0
    120    0.0
    121    5.2
    122    3.8
    123    0.0
    124    0.0
    125    0.0
    126    0.0
    127    3.2
    128    0.0
    129    5.3
    130    0.0
    131    0.0
    132    5.3
    133    3.5
    134   10.7
    135    0.0
    136    0.0
    137    0.8
    138    0.0
    139    0.0
    140    0.0
    141    0.0
    142    0.0
    143    5.8
    144    0.0
    145    6.4
    146    5.6
    147    0.0
    148    0.0
    149    0.4
    150    3.2
    151    4.8
    152    3.5
    153    0.0
    154    0.0
    155    0.0
    156    7.8
    157    5.3
    158    3.7
    159    0.0
    160    0.0
    161   10.8
    162    6.5
    163   12.5
    164   64.2
    165    0.0
    166    0.0
    167    0.0
    168    0.0
    169    0.0
    170    0.0
    171    2.1
    172    0.0
    173    7.1
    174    4.7
    175    2.4
    176    4.2
    177    0.0
    178    0.0
    179   14.5
    180    0.4
    181    0.0
    182    0.0
    183    0.0
    184    0.5
    185    5.3
    186    0.0
    187    3.2
    188    2.1
    189    0.0
    190    0.0
    191    0.0
    192    5.3
    193    7.4
    194    0.0
    195    0.0
    196    0.0
    197    0.2
    198    9.4
    199   20.1
    200    6.5
    201    7.0
    202    0.0
    203    5.8
    204    7.6
    205    4.1
    206   10.7
    207   15.7
    208   15.2
    209   17.1
    210    1.4
    211    5.8
    212    7.9
    213   DNA   
    214   DNA   
    215   DNA   
    216   DNA   
    217   DNA   
    218   DNA   
    219   DNA   
    220   DNA   
    221   DNA   
    222   DNA   
    223   DNA   
    224   DNA   
    225   DNA   
    226   DNA   
    227   DNA   
    228   DNA   
    229   DNA   
    230   DNA   
    231   DNA   
    232   DNA   
    233   DNA   
    234   DNA   
    235   DNA   
    236   DNA   
    237   DNA   
    238   DNA   
    239   DNA   
    240   DNA   
    241   DNA   
    242   DNA   
    243   DNA   
    244    9.3
    245    5.8
    246   10.9
    247    0.0
    248    2.6
    249    0.0
    250    0.3
    251    1.3
    252    3.3
    253    3.4
    254    2.8
    255    1.6
    256    5.7
    257    2.4
    258    5.4
    259    0.5
    260    0.0
    261    4.1
    262    0.0
    263    0.7
    264    3.4
    265    7.3
    266    3.4
    267    3.1
    268    3.3
    269    2.6
    270    3.2
    271    0.0
    272    0.0
    273    5.2
    274    8.5
    275    3.7
    276   12.3
    277   12.0
    278   12.4
    279    4.5
    280   10.5
    281    6.5
    282    0.0
    283    0.0
    284    0.0
    285    2.2
    286    6.2
    287    0.0
    288    0.0
    289    0.5
    290    3.4
    291    6.3
    292   10.4
    293   10.1
    294   10.5
    295    0.0
    296    0.0
    297    0.0
    298    0.0
    299    0.0
    300    0.0
    301    0.0
    302    0.0
    303    0.0
    304    0.0
    305    0.0
    306    0.0
    307    0.0
    308    0.0
    309    0.0
    310    0.0
    311    0.0
    312    0.0
    313    0.0
    314    0.0
    315    0.0
    316    0.0
    317    0.0
    318    0.0
    319    0.0
    320    0.0
    321    0.0
    322    0.0
    323    0.0
    324    0.0
    325    0.0
    326    0.0
    327    0.0
    328    0.0
    329    3.7
    330    0.0
    331    0.0
    332    0.0
    333    0.0
    334    0.0
    335    0.0
    336    0.0
    337    0.0
    338    0.0
    339    0.0
    340    0.0
    341    0.0
    342    0.0
    343    4.3
    344    0.0
    345    0.0
    346    0.0
    347    0.0
    348    0.0
    349    0.0
    350    0.0
    351    0.0
    352    0.0
    353    0.0
    354    0.0
    355    0.0
    356    0.0
    357    0.0
    358    0.0
    359    0.0
    360    0.0
    361    0.1
    362    0.0
    363    0.0
    364    0.0
    365    0.0
