      1   30.1
      2    0.1
      3    5.0
      4    T  
      5    0.0
      6    0.0
      7    0.0
      8    0.0
      9    0.0
     10    0.0
     11    0.0
     12    0.0
     13    0.0
     14    0.0
     15    0.0
     16    0.0
     17    0.0
     18    0.0
     19    T  
     20    0.0
     21    0.0
     22    0.0
     23    0.3
     24    9.1
     25    0.0
     26    0.0
     27    0.0
     28    0.0
     29    0.0
     30    0.0
     31    T  
     32    0.0
     33    0.0
     34    0.0
     35    0.0
     36    0.0
     37    0.0
     38    0.0
     39    0.0
     40    0.0
     41    0.0
     42    0.0
     43    0.0
     44    0.0
     45    0.0
     46    0.0
     47    0.0
     48    0.0
     49    0.0
     50    0.0
     51    0.0
     52    0.0
     53    0.0
     54    T  
     55    0.0
     56    0.0
     57    0.0
     58    0.0
     59    2.1
     60    T  
     61    0.0
     62    0.0
     63    0.0
     64    0.0
     65    0.0
     66    0.0
     67    0.0
     68    9.1
     69    0.0
     70    0.0
     71    T  
     72    0.0
     73    0.0
     74    T  
     75    2.1
     76    0.0
     77    0.0
     78    0.0
     79    0.0
     80    0.0
     81    0.0
     82    9.1
     83    0.0
     84    3.1
     85    0.0
     86    0.0
     87    0.0
     88    0.0
     89    0.0
     90    0.0
     91    7.2
     92    8.1
     93    T  
     94    0.0
     95    0.0
     96    0.0
     97    0.0
     98    0.0
     99    T  
    100    T  
    101    0.0
    102    0.0
    103    0.0
    104    T  
    105    0.0
    106    0.0
    107    0.0
    108    0.0
    109    2.1
    110    0.8
    111    0.9
    112    0.0
    113    0.0
    114    0.0
    115    0.0
    116    T  
    117    T  
    118    0.0
    119    0.0
    120    0.0
    121    0.0
    122    0.2
    123    0.3
    124    0.4
    125    T  
    126    0.0
    127    0.0
    128    0.0
    129    0.0
    130    3.0
    131    T  
    132    0.0
    133    0.0
    134    0.0
    135    0.0
    136    0.0
    137    0.0
    138    0.0
    139    0.0
    140    0.0
    141    0.0
    142    0.0
    143    0.0
    144    0.0
    145    0.0
    146    0.0
    147    T  
    148    0.0
    149    0.0
    150    0.0
    151    0.0
    152    0.0
    153    0.2
    154    0.0
    155    0.0
    156    0.0
    157    0.0
    158    0.0
    159    0.0
    160    0.0
    161    T  
    162    9.7
    163    0.0
    164    0.0
    165    0.0
    166    0.0
    167    1.0
    168    T  
    169    T  
    170    0.2
    171    3.1
    172    0.0
    173    0.0
    174    0.0
    175    T  
    176    9.6
    177    T  
    178    3.1
    179    0.0
    180    0.0
    181    0.0
    182    0.0
    183    0.0
    184    0.0
    185    0.0
    186    0.0
    187    0.0
    188    0.1
    189    0.7
    190    0.0
    191    0.0
    192    0.0
    193    T  
    194    8.1
    195    0.0
    196    0.0
    197    0.0
    198    0.0
    199    0.0
    200    0.0
    201    0.0
    202    0.0
    203    0.0
    204    0.0
    205    0.0
    206    0.0
    207    T  
    208    T  
    209   12.8
    210    0.1
    211    0.9
    212    0.0
    213    0.0
    214    0.0
    215    0.0
    216    0.0
    217    T  
    218    2.2
    219    0.8
    220    0.0
    221    0.0
    222    0.0
    223    0.0
    224    0.0
    225    0.0
    226    T  
    227    0.7
    228    0.1
    229    0.0
    230    0.0
    231    0.0
    232    0.0
    233    0.0
    234    0.0
    235    0.0
    236    0.0
    237    0.0
    238    0.0
    239    0.0
    240    0.0
    241    0.0
    242    0.0
    243    0.0
    244    T  
    245    T  
    246    0.0
    247    0.0
    248    0.0
    249    0.0
    250    0.0
    251    0.0
    252    0.0
    253    0.0
    254    9.1
    255    0.0
    256    0.0
    257    0.0
    258    0.0
    259    0.0
    260    0.0
    261    T  
    262    0.0
    263    0.0
    264    0.0
    265    T  
    266    0.0
    267    0.0
    268    0.0
    269    0.0
    270    0.0
    271    0.1
    272    9.1
    273    T  
    274    0.0
    275    0.0
    276    0.0
    277    0.0
    278    0.0
    279    0.0
    280    0.0
    281    0.0
    282    0.0
    283    0.0
    284    0.0
    285    T  
    286    2.1
    287    7.2
    288    0.1
    289    0.0
    290    0.0
    291    0.0
    292    0.0
    293    0.0
    294    0.0
    295    0.0
    296    0.0
    297    0.0
    298    0.0
    299    0.0
    300    0.0
    301    T  
    302    0.1
    303    0.0
    304    0.0
    305    0.0
    306    0.0
    307    0.0
    308    0.0
    309    0.0
    310    0.0
    311    0.0
    312    9.1
    313    T  
    314    T  
    315    0.1
    316    0.0
    317    0.0
    318    0.0
    319    0.0
    320    0.0
    321    0.0
    322    0.0
    323    0.0
    324    0.0
    325    0.0
    326    0.0
    327    0.0
    328    0.0
    329    0.0
    330    0.0
    331    0.0
    332    0.0
    333    0.0
    334    0.0
    335    0.0
    336    T  
    337    0.0
    338    0.0
    339    0.0
    340    0.0
    341    0.0
    342    0.0
    343    0.0
    344    0.0
    345    0.0
    346    0.0
    347    0.0
    348    0.0
    349   70.1
    350    0.2
    351   DNA   
    352   DNA   
    353   DNA   
    354   DNA   
    355   DNA   
    356   DNA   
    357   DNA   
    358   DNA   
    359   DNA   
    360   DNA   
    361   DNA   
    362   DNA   
    363   DNA   
    364   DNA   
    365   DNA   
    366   DNA   
