      1 2311.7
      2   14.4
      3    0.3
      4    0.0
      5    0.4
      6    0.0
      7   -0.1
      8    0.0
      9   18.4
     10    0.0
     11    0.0
     12    0.0
     13    6.4
     14    0.0
     15    0.0
     16    0.0
     17    0.0
     18    0.0
     19    0.0
     20    0.0
     21    0.0
     22    0.0
     23    0.0
     24    0.0
     25    0.0
     26    0.0
     27    0.0
     28    0.0
     29    0.0
     30    0.0
     31   21.6
     32    0.0
     33  795.0
     34  377.0
     35-1945.6
     36-1304.7
     37-1839.9
     38 1945.7
     39  865.3
     40 2670.8
     41 2954.5
     42 2870.4
     43 2853.0
     44 2928.7
     45 2800.1
     46 2537.6
     47 2825.7
     48 2852.6
     49  830.8
     50 2595.4
     51 2921.6
     52 2827.7
     53 2691.2
     54  830.2
     55 2029.2
     56  827.5
     57 2852.5
     58 2595.6
     59  337.4
     60  257.3
     61    3.6
     62    0.0
     63    0.0
     64    0.0
     65  367.7
     66  895.8
     67 2844.1
     68 2907.2
     69 2844.1
     70 2907.2
     71 2844.1
     72 2907.2
     73 2537.2
     74 2908.7
     75 2842.9
     76 2907.2
     77 2537.2
     78 2913.5
     79 2851.1
     80 2907.2
     81 1968.3
     82 2906.5
     83 2844.3
     84 2907.2
     85 2637.8
     86 2913.3
     87 2844.3
     88 2907.2
     89 2652.2
     90 2913.3
     91 2844.4
     92 2907.2
     93 2844.1
     94 2907.3
     95 2848.8
     96 2907.2
     97 2537.2
     98 2916.8
     99 2844.2
    100 2907.2
    101 2537.2
    102 2913.0
    103 2844.0
    104 2907.2
    105 2696.2
    106 2672.3
    107 2844.1
    108 2907.2
    109 1774.4
    110    0.0
    111   33.2
    112    0.4
    113 2059.0
    114 2749.1
    115    0.0
    116    0.0
    117    0.0
    118    0.0
    119   22.4
    120   27.1
    121   26.7
    122  256.7
    123 2457.6
    124    0.0
    125 1638.4
    126    0.0
    127    0.0
    128    0.0
    129-2004.8
    130    0.0
    131  409.6
    132    0.0
    133 2867.2
    134    0.0
    135    0.0
    136    6.4
    137  409.6
    138    0.0
    139   51.2
    140    0.0
    141    0.4
    142    0.0
    143    0.0
    144    0.0
    145    0.4
    146    0.0
    147    0.0
    148    0.0
    149-1638.4
    150    0.0
    151  102.4
    152    0.0
    153    0.0
    154    0.0
    155    0.2
    156    0.0
    157    0.0
    158    1.6
    159  409.6
    160    0.0
    161    0.0
    162    1.6
    163  409.6
    164    0.0
    165    0.0
    166    0.0
    167    1.6
    168    0.0
    169    0.0
    170    0.0
    171    0.0
    172    0.0
    173-1738.0
    174    0.0
    175    6.0
    176    0.0
    177    0.0
    178    0.0
    179    0.0
    180    0.0
    181    0.0
    182    0.0
    183    0.0
    184    0.0
    185    0.0
    186    0.0
    187    0.0
    188    0.0
    189    0.0
    190    0.0
    191    0.0
    192    0.0
    193    0.0
    194    0.0
    195    0.0
    196    0.0
    197    0.0
    198    0.0
    199    0.0
    200    0.0
    201    0.0
    202    0.0
    203    0.0
    204    0.0
    205    0.0
    206    0.0
    207    0.0
    208    0.0
    209    0.0
    210    0.0
    211    0.0
    212    0.0
    213    0.0
    214    0.0
    215    0.0
    216    0.0
    217    0.0
    218    0.0
    219    0.0
    220    0.0
    221    0.0
    222    0.0
    223    0.0
    224    0.0
    225    0.0
    226    0.0
    227    0.0
    228    0.0
    229    0.0
    230    0.0
    231    0.0
    232    0.0
    233 2974.2
    234 3082.1
    235   11.6
    236    0.0
    237 2457.6
    238    0.0
    239  409.6
    240    0.0
    241 1331.2
    242    0.0
    243  102.4
    244    0.0
    245    0.0
    246    0.0
    247    0.0
    248    0.0
    249    0.0
    250    0.0
    251    3.2
    252 -819.2
    253 2923.0
    254 2493.2
    255 2494.8
    256    0.0
    257  819.2
    258    0.0
    259 2867.2
    260    0.0
    261  256.0
    262    0.0
    263 1433.6
    264    0.0
    265    0.0
    266    0.0
    267    0.0
    268    0.0
    269    0.0
    270    0.0
    271    6.4
    272-1638.4
    273 2564.6
    274 2979.3
    275    9.7
    276    0.0
    277  819.2
    278    0.0
    279-2867.2
    280    0.0
    281  102.4
    282    0.0
    283 1689.6
    284    0.0
    285    0.0
    286    0.0
    287    0.0
    288    0.0
    289    0.0
    290    0.0
    291    6.4
    292-1638.4
    293 2820.6
    294 2491.2
    295 2749.1
    296    0.0
    297  409.6
    298    0.0
    299-2048.0
    300    0.0
    301  409.6
    302    0.0
    303 1792.0
    304    0.0
    305    0.0
    306    0.0
    307    0.0
    308    0.0
    309    0.0
    310    0.0
    311    6.4
    312-1638.4
    313    0.0
    314    0.0
    315    0.0
    316    0.0
    317    0.0
    318    0.0
    319    0.0
    320    0.0
    321    0.0
    322    0.0
    323    0.0
    324    0.0
    325    0.0
    326    0.0
    327    0.0
    328    0.0
    329    0.0
    330    0.0
    331    0.0
    332    0.0
    333    0.0
    334    0.0
    335    0.0
    336    0.0
    337    0.0
    338    0.0
    339    0.0
    340    0.0
    341    0.0
    342    0.0
    343    0.0
    344    0.0
    345    0.0
    346    0.0
    347    0.0
    348    0.0
    349    0.0
    350    0.0
    351    0.0
    352    0.0
    353    T  
    354    0.0
    355    0.0
    356    0.0
    357    0.0
    358    0.0
    359    0.0
    360    0.0
    361    0.0
    362    0.0
    363    0.0
    364    0.0
    365    0.0
