  1986   1   1     0  11.9   7.5   0.0     0     0
  1986   1   2     0  13.7   4.5   0.0     0     0
  1986   1   3     0  13.2   4.8   0.0     0     0
  1986   1   4     0  15.3   6.3   0.0     0     0
  1986   1   5     0  15.3   6.2   0.0     0     0
  1986   1   6     0  15.9   7.6   0.0     0     0
  1986   1   7     0  13.9   4.2   0.0     0     0
  1986   1   8     0  15.0   5.2   0.0     0     0
  1986   1   9     0  13.4   4.2   0.0     0     0
  1986   1  10     0  11.6   3.4   0.0     0     0
  1986   1  11     0  10.2   3.0   0.0     0     0
  1986   1  12     0   8.4   3.4   0.0     0     0
  1986   1  13     0  11.2   3.4   0.0     0     0
  1986   1  14     0  14.4   5.2   0.0     0     0
  1986   1  15     0  11.4   3.2   0.0     0     0
  1986   1  16     0  10.5   3.0   0.0     0     0
  1986   1  17     0  11.6   3.4   0.0     0     0
  1986   1  18     0  11.9   1.2   0.0     0     0
  1986   1  19     0  11.4   3.3   0.0     0     0
  1986   1  20     0   9.5   3.0   0.0     0     0
  1986   1  21     0  13.5   4.7   0.0     0     0
  1986   1  22     0  12.4   6.4   0.0     0     0
  1986   1  23     0  12.4   6.3   0.0     0     0
  1986   1  24     0  16.6   6.3   0.0     0     0
  1986   1  25     0  15.2   6.2   0.0     0     0
  1986   1  26     0  13.3   5.5   0.0     0     0
  1986   1  27     0  13.2   3.9   0.8     0     0
  1986   1  28     0  14.8   3.8   0.0     0     0
  1986   1  29     0   5.7   2.3   1.2     0     0
  1986   1  30     0  13.4   3.7   1.6     0     0
  1986   1  31     0  12.2   5.6   0.0     0     0
  1986   2   1     0  13.9   5.2   0.0     0     0
  1986   2   2     0  15.4   5.5   0.0     0     0
  1986   2   3     0  15.5   7.5   0.0     0     0
  1986   2   4     0  14.6   5.6   0.0     0     0
  1986   2   5     0  15.7   5.9   0.0     0     0
  1986   2   6     0  14.5   4.8   0.0     0     0
  1986   2   7     0  16.5   5.6   0.0     0     0
  1986   2   8     0  15.4   5.6   0.0     0     0
  1986   2   9     0  11.0   6.3   0.0     0     0
  1986   2  10     0  10.2   3.6   8.8     0     0
  1986   2  11     0   9.7   2.8  17.4     0     0
  1986   2  12     0  13.0   5.5   0.0     0     0
  1986   2  13     0  15.3   5.8   0.0     0     0
  1986   2  14     0  10.2   5.9   0.0     0     0
  1986   2  15     0  10.2   2.6   1.8     0     0
  1986   2  16     0  12.1   3.6   0.0     0     0
  1986   2  17     0  13.3   3.5   0.0     0     0
  1986   2  18     0  13.8   5.8   0.0     0     0
  1986   2  19     0  14.7   5.9   0.0     0     0
  1986   2  20     0  16.3   8.4   0.0     0     0
  1986   2  21     0  15.2   7.7   0.0     0     0
  1986   2  22     0  15.1   6.0   0.5     0     0
  1986   2  23     0  16.3   6.0   0.0     0     0
  1986   2  24     0  16.3   6.2   0.0     0     0
  1986   2  25     0  14.9   6.2   0.0     0     0
  1986   2  26     0  15.4   5.7   0.0     0     0
  1986   2  27     0  17.3   5.9   0.0     0     0
  1986   2  28     0  18.5   6.3   0.0     0     0
  1986   3   1     0  13.7   6.4   0.0     0     0
  1986   3   2     0  15.3   5.7   0.0     0     0
  1986   3   3     0  17.3   7.3   0.0     0     0
  1986   3   4     0  15.6   7.2   0.0     0     0
  1986   3   5     0  16.9   7.0   0.0     0     0
  1986   3   6     0  15.9   7.0   0.0     0     0
  1986   3   7     0  16.9   8.3   0.0     0     0
  1986   3   8     0  17.9   8.9   0.0     0     0
  1986   3   9     0  18.9   9.6   0.0     0     0
  1986   3  10     0  20.6  10.8   0.0     0     0
  1986   3  11     0  18.1  12.2   0.0     0     0
  1986   3  12     0  21.4  11.0   0.0     0     0
  1986   3  13     0  20.2  11.2   0.0     0     0
  1986   3  14     0  17.4  10.5   0.0     0     0
  1986   3  15     0  12.2   5.2   8.0     0     0
  1986   3  16     0  16.3   5.0   1.4     0     0
  1986   3  17     0  15.9   6.6   0.0     0     0
  1986   3  18     0   9.3   6.2   7.8     0     0
  1986   3  19     0  12.6   3.3  19.5     0     0
  1986   3  20     0  15.2   4.4  15.8     0     0
  1986   3  21     0  16.4   7.4   0.0     0     0
  1986   3  22     0  16.3   7.3     T     0     0
  1986   3  23     0  13.9   6.4     T     0     0
  1986   3  24     0  17.7   7.2   0.2     0     0
  1986   3  25     0  18.3   6.7   0.0     0     0
  1986   3  26     0  19.7   9.0   0.0     0     0
  1986   3  27     0  22.3  12.2   0.0     0     0
  1986   3  28     0  23.0  15.6   0.0     0     0
  1986   3  29     0  23.1  12.3     T     0     0
  1986   3  30     0  16.4  11.9     T     0     0
  1986   3  31     0  19.7   6.9  11.6     0     0
  1986   4   1     0  18.4   9.8   0.0     0     0
  1986   4   2     0  21.2  10.6   0.0     0     0
  1986   4   3     0  13.0   5.2   6.8     0     0
  1986   4   4     0   6.2   4.2   8.2     0     0
  1986   4   5     0  15.9   5.0   3.8     0     0
  1986   4   6     0  18.4   8.8   0.0     0     0
  1986   4   7     0  20.4  10.2   0.0     0     0
  1986   4   8     0  21.3  11.8   0.0     0     0
  1986   4   9     0  22.7  12.6   0.0     0     0
  1986   4  10     0  24.4  15.6   0.0     0     0
  1986   4  11     0  23.9  13.9   0.0     0     0
  1986   4  12     0  22.6  13.3  14.2     0     0
  1986   4  13     0  25.6  15.3   0.0     0     0
  1986   4  14     0  25.5  16.4   0.0     0     0
  1986   4  15     0  25.2  15.8   0.0     0     0
  1986   4  16     0  24.5  15.6   0.0     0     0
  1986   4  17     0  24.0  12.8   0.0     0     0
  1986   4  18     0  23.9  12.5   0.0     0     0
  1986   4  19     0  25.4  14.6   0.0     0     0
  1986   4  20     0  26.2  15.8   0.0     0     0
  1986   4  21     0  26.4  16.2   0.0     0     0
  1986   4  22     0  25.2  16.4   0.0     0     0
  1986   4  23     0  24.3  15.4   0.0     0     0
  1986   4  24     0  25.7  14.8   0.0     0     0
  1986   4  25     0  20.7  10.0   8.4     0     0
  1986   4  26     0  19.9   7.2  20.1     0     0
  1986   4  27     0  14.3  10.5   0.0     0     0
  1986   4  28     0  19.8   8.4  11.2     0     0
  1986   4  29     0  21.3  10.6   0.0     0     0
  1986   4  30     0  22.7  12.6   0.0     0     0
  1986   5   1     0  24.8  14.8   0.0     0     0
  1986   5   2     0  25.9  17.8   0.0     0     0
  1986   5   3     0  24.9  15.8   0.0     0     0
  1986   5   4     0  23.9  13.2     T     0     0
  1986   5   5     0  25.5  14.0   0.4     0     0
  1986   5   6     0  27.4  15.6   0.0     0     0
  1986   5   7     0  24.2  15.3   0.0     0     0
  1986   5   8     0  21.6  14.6   0.0     0     0
  1986   5   9     0  19.9  13.9     T     0     0
  1986   5  10     0  21.9  10.6  12.6     0     0
  1986   5  11     0  19.9  11.3   8.6     0     0
  1986   5  12     0  23.4  12.8   1.2     0     0
  1986   5  13     0  24.8  15.4   0.0     0     0
  1986   5  14     0  22.5  10.6   7.8     0     0
  1986   5  15     0  23.5  10.8   7.7     0     0
  1986   5  16     0  18.7  13.3     T     0     0
  1986   5  17     0  21.7  12.6   4.6     0     0
  1986   5  18     0  22.0  11.2     T     0     0
  1986   5  19     0  16.8  10.8  23.2     0     0
  1986   5  20     0  13.9   9.6  42.2     0     0
  1986   5  21     0  19.3   9.2  14.8     0     0
  1986   5  22     0  21.0  12.2   0.0     0     0
  1986   5  23     0  21.2  12.2   0.0     0     0
  1986   5  24     0  22.7  12.2   0.0     0     0
  1986   5  25     0  24.2  13.9   0.0     0     0
  1986   5  26     0  24.6  15.3   0.0     0     0
  1986   5  27     0  13.9   9.9   9.0     0     0
  1986   5  28     0  20.8   9.0  31.2     0     0
  1986   5  29     0  22.9  10.6  20.0     0     0
  1986   5  30     0  16.4  13.3   0.0     0     0
  1986   5  31     0  24.2  13.0  10.7     0     0
  1986   6   1     0  24.4  16.4   0.0     0     0
  1986   6   2     0  24.2  14.2   0.0     0     0
  1986   6   3     0  24.9  15.9   0.0     0     0
  1986   6   4     0  25.3  15.4   0.0     0     0
  1986   6   5     0  26.6  17.0   0.0     0     0
  1986   6   6     0  26.6  18.6   0.0     0     0
  1986   6   7     0  27.1  17.5   0.0     0     0
  1986   6   8     0  27.7  17.7   0.0     0     0
  1986   6   9     0  28.4  18.6   0.0     0     0
  1986   6  10     0  28.5  18.2   0.0     0     0
  1986   6  11     0  28.1  19.5   0.0     0     0
  1986   6  12     0  28.4  19.4   0.0     0     0
  1986   6  13     0  26.7  16.4   0.0     0     0
  1986   6  14     0  25.2  15.4   2.8     0     0
  1986   6  15     0  24.4  17.6   0.0     0     0
  1986   6  16     0  25.6  17.7   0.0     0     0
  1986   6  17     0  24.7  16.4  23.0     0     0
  1986   6  18     0  25.3  16.4   0.0     0     0
  1986   6  19     0  22.9  18.7   1.0     0     0
  1986   6  20     0  23.7  18.4   1.8     0     0
  1986   6  21     0  24.9  18.6   1.8     0     0
  1986   6  22     0  23.7  18.0  23.4     0     0
  1986   6  23     0  24.5  18.0   1.2     0     0
  1986   6  24     0  19.3  16.4  83.4     0     0
  1986   6  25     0  19.5  17.2  11.8     0     0
  1986   6  26     0  23.4  17.6  11.6     0     0
  1986   6  27     0  23.2  18.0   0.0     0     0
  1986   6  28     0  23.6  17.0   0.0     0     0
  1986   6  29     0  22.4  16.3   0.0     0     0
  1986   6  30     0  24.5  16.4   1.2     0     0
  1986   7   1     0  24.9  16.3   0.0     0     0
  1986   7   2     0  25.6  16.7   0.0     0     0
  1986   7   3     0  25.8  17.7   1.0     0     0
  1986   7   4     0  25.7  18.8   0.0     0     0
  1986   7   5     0  23.9  19.5   0.0     0     0
  1986   7   6     0  22.1  17.8   7.4     0     0
  1986   7   7     0  20.4  16.3  12.4     0     0
  1986   7   8     0  20.3  16.4  28.0     0     0
  1986   7   9     0  18.4  16.6  14.3     0     0
  1986   7  10     0  16.7  15.3  51.2     0     0
  1986   7  11     0  20.2  15.0 123.4     0     0
  1986   7  12     0  24.4  17.6   9.6     0     0
  1986   7  13     0  23.7  18.2   0.2     0     0
  1986   7  14     0  23.6  16.0  45.4     0     0
  1986   7  15     0  23.4  18.0     T     0     0
  1986   7  16     0  20.5  18.0   9.0     0     0
  1986   7  17     0  18.8  17.8  12.8     0     0
  1986   7  18     0  18.5  16.0  31.0     0     0
  1986   7  19     0  20.8  16.3  10.0     0     0
  1986   7  20     0  23.7  17.0   1.6     0     0
  1986   7  21     0  21.4  16.7  11.8     0     0
  1986   7  22     0  24.0  17.7  20.0     0     0
  1986   7  23     0  24.3  16.7  20.4     0     0
  1986   7  24     0  21.8  17.8     T     0     0
  1986   7  25     0  20.7  16.7  29.0     0     0
  1986   7  26     0  20.7  16.3  18.8     0     0
  1986   7  27     0  22.4  16.2  58.0     0     0
  1986   7  28     0  22.9  16.4  17.0     0     0
  1986   7  29     0  19.9  17.0   0.1     0     0
  1986   7  30     0  22.2  17.0   6.8     0     0
  1986   7  31     0  20.6  16.4  33.4     0     0
  1986   8   1     0  21.4  16.5  10.8     0     0
  1986   8   2     0  22.9  16.9   6.8     0     0
  1986   8   3     0  23.4  17.5   1.4     0     0
  1986   8   4     0  22.5  16.6   8.0     0     0
  1986   8   5     0  23.8  16.8     T     0     0
  1986   8   6     0  24.8  16.2  14.6     0     0
  1986   8   7     0  25.4  16.3   4.0     0     0
  1986   8   8     0  24.8  18.8     T     0     0
  1986   8   9     0  25.8  16.9   6.4     0     0
  1986   8  10     0  24.9  16.2  12.4     0     0
  1986   8  11     0  25.9  18.9   0.0     0     0
  1986   8  12     0  21.9  17.7   2.8     0     0
  1986   8  13     0  23.4  17.0   1.0     0     0
  1986   8  14     0  23.6  17.0   0.2     0     0
  1986   8  15     0  24.4  17.2   0.0     0     0
  1986   8  16     0  21.9  17.8   0.0     0     0
  1986   8  17     0  22.4  17.3   1.8     0     0
  1986   8  18     0  21.2  17.4     T     0     0
  1986   8  19     0  21.7  16.8  35.0     0     0
  1986   8  20     0  19.4  17.2   4.8     0     0
  1986   8  21     0  21.4  16.0  20.4     0     0
  1986   8  22     0  21.9  16.4   1.5     0     0
  1986   8  23     0  23.3  16.0   0.4     0     0
  1986   8  24     0  23.3  16.2  16.4     0     0
  1986   8  25     0  23.6  17.4   0.0     0     0
  1986   8  26     0  23.3  17.2   0.0     0     0
  1986   8  27     0  23.9  16.6   0.0     0     0
  1986   8  28     0  22.4  16.8   0.0     0     0
  1986   8  29     0  23.9  16.8   1.5     0     0
  1986   8  30     0  23.7  16.7     T     0     0
  1986   8  31     0  23.4  17.0   9.4     0     0
  1986   9   1     0  23.4  17.2     T     0     0
  1986   9   2     0  23.4  17.3     T     0     0
  1986   9   3     0  23.5  17.4   0.0     0     0
  1986   9   4     0  24.4  17.3   0.0     0     0
  1986   9   5     0  23.5  17.2     T     0     0
  1986   9   6     0  23.6  17.2   0.0     0     0
  1986   9   7     0  23.5  17.7   0.0     0     0
  1986   9   8     0  23.5  16.2   0.0     0     0
  1986   9   9     0  24.2  16.3   0.0     0     0
  1986   9  10     0  22.9  16.5   0.0     0     0
  1986   9  11     0  21.2  15.9   7.8     0     0
  1986   9  12     0  19.0  15.2  15.0     0     0
  1986   9  13     0  16.4  13.8  17.0     0     0
  1986   9  14     0  21.6  12.8  45.0     0     0
  1986   9  15     0  22.2  15.5   0.2     0     0
  1986   9  16     0  22.4  16.3   0.0     0     0
  1986   9  17     0  21.9  15.0   0.0     0     0
  1986   9  18     0  22.3  15.2   0.0     0     0
  1986   9  19     0  22.6  15.2   0.0     0     0
  1986   9  20     0  22.9  15.8   0.0     0     0
  1986   9  21     0  19.5  15.9     T     0     0
  1986   9  22     0  20.0  14.4   1.6     0     0
  1986   9  23     0  20.2  14.6   0.0     0     0
  1986   9  24     0  20.8  14.3   0.0     0     0
  1986   9  25     0  20.4  11.6   3.4     0     0
  1986   9  26     0  19.4  13.5   0.7     0     0
  1986   9  27     0  18.4  13.6   5.4     0     0
  1986   9  28     0  18.4  12.6   4.4     0     0
  1986   9  29     0  12.8  11.4  58.2     0     0
  1986   9  30     0  17.8  11.2  50.2     0     0
  1986  10   1     0  19.6  12.8   0.0     0     0
  1986  10   2     0  20.0  13.0   0.2     0     0
  1986  10   3     0  20.2  13.8   0.0     0     0
  1986  10   4     0  20.7  13.8   0.0     0     0
  1986  10   5     0  20.4  13.0   0.0     0     0
  1986  10   6     0  21.2  13.4   1.5     0     0
  1986  10   7     0  19.2  13.2   0.0     0     0
  1986  10   8     0  19.4  11.3   1.8     0     0
  1986  10   9     0  19.5  12.0   0.0     0     0
  1986  10  10     0  18.8  13.4   0.0     0     0
  1986  10  11     0  18.8  11.2   5.0     0     0
  1986  10  12     0  18.6  11.2  15.4     0     0
  1986  10  13     0  18.8  12.0   0.0     0     0
  1986  10  14     0  18.7  11.4   0.0     0     0
  1986  10  15     0  19.2   9.0   2.6     0     0
  1986  10  16     0  18.4   6.8  31.2     0     0
  1986  10  17     0  18.3   9.6   0.0     0     0
  1986  10  18     0  19.9  10.4   0.0     0     0
  1986  10  19     0  17.4  10.7   0.0     0     0
  1986  10  20     0  18.4   9.8   0.0     0     0
  1986  10  21     0  17.8  10.0   0.0     0     0
  1986  10  22     0  17.9  10.0   0.0     0     0
  1986  10  23     0  18.2   9.2   0.0     0     0
  1986  10  24     0  19.4  10.2   0.0     0     0
  1986  10  25     0  18.6  11.2   0.0     0     0
  1986  10  26     0  18.0  11.3   0.0     0     0
  1986  10  27     0  18.2   9.8   0.0     0     0
  1986  10  28     0  18.5  10.2   0.0     0     0
  1986  10  29     0  17.5  10.2   0.0     0     0
  1986  10  30     0  17.8  10.3   0.0     0     0
  1986  10  31     0  16.8  10.0   0.0     0     0
  1986  11   1     0  17.0  10.2   0.0     0     0
  1986  11   2     0  17.3  10.2   0.0     0     0
  1986  11   3     0  17.3   9.8   0.0     0     0
  1986  11   4     0  16.4  10.2   0.0     0     0
  1986  11   5     0  19.2   9.2   0.0     0     0
  1986  11   6     0  18.5   9.0   0.0     0     0
  1986  11   7     0  17.5   8.6   0.0     0     0
  1986  11   8     0  17.9   9.3   0.0     0     0
  1986  11   9     0  17.5   9.3   0.0     0     0
  1986  11  10     0  16.5   7.8   0.0     0     0
  1986  11  11     0  16.4   8.6   0.0     0     0
  1986  11  12     0  15.8   8.2   0.0     0     0
  1986  11  13     0  16.2   9.0   0.0     0     0
  1986  11  14     0  16.6   8.6   0.0     0     0
  1986  11  15     0  16.8   9.9   0.0     0     0
  1986  11  16     0  17.3   9.5   0.0     0     0
  1986  11  17     0  15.2   9.2   0.0     0     0
  1986  11  18     0  15.8   8.0   0.0     0     0
  1986  11  19     0  11.6   8.2   0.0     0     0
  1986  11  20     0  16.0   8.2   0.0     0     0
  1986  11  21     0  15.4   8.5   0.0     0     0
  1986  11  22     0  15.4   9.0   0.0     0     0
  1986  11  23     0  16.8   9.5   0.0     0     0
  1986  11  24     0  17.6   9.6   0.0     0     0
  1986  11  25     0  16.6   8.2   0.0     0     0
  1986  11  26     0  13.8   7.8   0.0     0     0
  1986  11  27     0  16.0   7.6   0.0     0     0
  1986  11  28     0  13.2   7.2   0.0     0     0
  1986  11  29     0  14.3   7.3   0.0     0     0
  1986  11  30     0  11.8   3.6  17.8     0     0
  1986  12   1     0  14.4   5.0   0.0     0     0
  1986  12   2     0  16.4   6.8   0.0     0     0
  1986  12   3     0  17.6   7.4   0.0     0     0
  1986  12   4     0  18.2   8.4   0.0     0     0
  1986  12   5     0  17.8   9.4   0.0     0     0
  1986  12   6     0  15.4   8.9   0.0     0     0
  1986  12   7     0  13.4   6.2   0.0     0     0
  1986  12   8     0  14.0   7.2   0.0     0     0
  1986  12   9     0  11.5   6.6   0.0     0     0
  1986  12  10     0  12.7   6.6   0.0     0     0
  1986  12  11     0  14.0   5.2   0.0     0     0
  1986  12  12     0  14.2   5.0   0.0     0     0
  1986  12  13     0   4.2   2.7   4.2     0     0
  1986  12  14     0   8.9  -0.2  62.4     0     0
  1986  12  15     0   9.5   2.6   0.0     0     0
  1986  12  16     0  10.5   2.0   0.0     0     0
  1986  12  17     0  11.0   4.0   0.0     0     0
  1986  12  18     0  11.4   2.5   0.0     0     0
  1986  12  19     0   9.5   3.0   3.7     0     0
  1986  12  20     0  10.3   2.8   0.2     0     0
  1986  12  21     0  11.0   3.6   0.0     0     0
  1986  12  22     0  13.0   4.9   0.0     0     0
  1986  12  23     0  11.4   2.4   0.0     0     0
  1986  12  24     0   9.5   3.4   0.0     0     0
  1986  12  25     0  10.8   2.8   0.0     0     0
  1986  12  26     0  13.4   4.7   0.0     0     0
  1986  12  27     0  12.6   3.8   0.0     0     0
  1986  12  28     0  13.2   4.8   0.0     0     0
  1986  12  29     0  12.6   4.8   0.0     0     0
  1986  12  30     0   8.9   2.7   0.0     0     0
  1986  12  31     0   9.5   1.7   0.0     0     0
