  2011   1   1     0  11.3   DNA  33.8     0     0
  2011   1   2     0  14.6   DNA   0.0     0     0
  2011   1   3     0  15.4   DNA   0.0     0     0
  2011   1   4     0  14.8   1.8   0.0     0     0
  2011   1   5     0  15.4   1.6   0.0     0     0
  2011   1   6     0  18.0   4.0   0.0     0     0
  2011   1   7     0  18.0   4.8   0.0     0     0
  2011   1   8     0  13.8   5.5   0.0     0     0
  2011   1   9     0  12.2   2.5   0.0     0     0
  2011   1  10     0  14.4   2.4   0.0     0     0
  2011   1  11     0  18.4   4.8   0.0     0     0
  2011   1  12     0  18.8   5.3   0.0     0     0
  2011   1  13     0  15.4   3.9   0.0     0     0
  2011   1  14     0  15.8   3.6   0.0     0     0
  2011   1  15     0  14.1   3.0   0.0     0     0
  2011   1  16     0   9.4   0.5  11.8     0     0
  2011   1  17     0  14.9   1.6   0.0     0     0
  2011   1  18     0  13.5   2.8   0.0     0     0
  2011   1  19     0  13.4   0.0   0.0     0     0
  2011   1  20     0  13.4   1.2   0.0     0     0
  2011   1  21     0  15.5   2.0   0.0     0     0
  2011   1  22     0  14.4   5.0   0.0     0     0
  2011   1  23     0  14.9   4.5   0.0     0     0
  2011   1  24     0  15.8   3.6   0.0     0     0
  2011   1  25     0  13.8   2.5   0.0     0     0
  2011   1  26     0  13.5   1.4   0.0     0     0
  2011   1  27     0  14.9   2.3   0.0     0     0
  2011   1  28     0  15.3   3.0   0.0     0     0
  2011   1  29     0  14.5   3.5   0.0     0     0
  2011   1  30     0  13.0   4.5   0.0     0     0
  2011   1  31     0  14.5   2.2   0.0     0     0
  2011   2   1     0  19.4   4.5   0.0     0     0
  2011   2   2     0  18.2   6.0   0.0     0     0
  2011   2   3     0  16.5   5.0   0.0     0     0
  2011   2   4     0  21.8   7.4   0.0     0     0
  2011   2   5     0  22.3   9.8   0.0     0     0
  2011   2   6     0  19.5   9.5   0.0     0     0
  2011   2   7     0  20.0   9.2   0.0     0     0
  2011   2   8     0  17.6   3.5  15.0     0     0
  2011   2   9     0  18.2   4.8   0.0     0     0
  2011   2  10     0  20.4   6.8   0.0     0     0
  2011   2  11     0  18.8   6.7   0.0     0     0
  2011   2  12     0  19.5   8.8   0.0     0     0
  2011   2  13     0  19.6  10.0   0.0     0     0
  2011   2  14     0  13.2   6.2   0.0     0     0
  2011   2  15     0   5.5   1.8  15.4     0     0
  2011   2  16     0   5.0   2.0  50.6     0     0
  2011   2  17     0  11.2   1.7   6.4     0     0
  2011   2  18     0  14.8   1.7   0.4     0     0
  2011   2  19     0  16.2   3.8   0.0     0     0
  2011   2  20     0  15.0   3.3   0.0     0     0
  2011   2  21     0  15.8   3.5   0.0     0     0
  2011   2  22     0  18.0   5.3   0.0     0     0
  2011   2  23     0  18.6   6.1   0.0     0     0
  2011   2  24     0  17.2   5.3   0.0     0     0
  2011   2  25     0  13.7   2.1   1.0     0     0
  2011   2  26     0  11.2   3.4   2.0     0     0
  2011   2  27     0  15.2   2.2     T     0     0
  2011   2  28     0  18.0   4.0   0.0     0     0
  2011   3   1     0  16.0   6.5   0.0     0     0
  2011   3   2     0  19.0   6.7   0.0     0     0
  2011   3   3     0  14.6   7.5   0.0     0     0
  2011   3   4     0  18.3   5.7   4.8     0     0
  2011   3   5     0  17.5   4.8  12.0     0     0
  2011   3   6     0  20.7   7.7   0.0     0     0
  2011   3   7     0  22.1  10.0   0.0     0     0
  2011   3   8     0  20.9   9.2   0.0     0     0
  2011   3   9     0  18.7   6.8   0.0     0     0
  2011   3  10     0  18.5   5.8   0.0     0     0
  2011   3  11     0  19.2   6.5   0.0     0     0
  2011   3  12     0  20.5   6.2   0.0     0     0
  2011   3  13     0  22.3   8.5   0.0     0     0
  2011   3  14     0  21.8   8.8   0.0     0     0
  2011   3  15     0  25.6  11.5   0.0     0     0
  2011   3  16     0  24.2  12.0   0.0     0     0
  2011   3  17     0  22.0  11.8   0.0     0     0
  2011   3  18     0  22.5  11.0   0.0     0     0
  2011   3  19     0  23.0  12.0   0.0     0     0
  2011   3  20     0  22.7  11.0   0.0     0     0
  2011   3  21     0  21.2   7.6   4.0     0     0
  2011   3  22     0  23.5  10.2   0.0     0     0
  2011   3  23     0  23.7  11.2   0.0     0     0
  2011   3  24     0  23.2  11.5   0.0     0     0
  2011   3  25     0  23.0   9.5   0.0     0     0
  2011   3  26     0  23.2  10.6   0.0     0     0
  2011   3  27     0  23.5  10.6   0.0     0     0
  2011   3  28     0  21.2   9.5   3.0     0     0
  2011   3  29     0  22.9   9.8   0.0     0     0
  2011   3  30     0  21.4   9.5     T     0     0
  2011   3  31     0  22.3   9.5   0.0     0     0
  2011   4   1     0  22.7  10.0   0.0     0     0
  2011   4   2     0  22.4   9.6   0.0     0     0
  2011   4   3     0  20.0   9.5   0.0     0     0
  2011   4   4     0  21.7   7.0     T     0     0
  2011   4   5     0  21.2   9.8   0.0     0     0
  2011   4   6     0  22.2   9.5   0.0     0     0
  2011   4   7     0  22.6  11.2   0.0     0     0
  2011   4   8     0  23.0   9.2   0.0     0     0
  2011   4   9     0  25.5  10.8   0.0     0     0
  2011   4  10     0  24.7  12.0   0.0     0     0
  2011   4  11     0  24.1  10.4   0.2     0     0
  2011   4  12     0  21.4  13.6   0.0     0     0
  2011   4  13     0  23.7   9.6   2.0     0     0
  2011   4  14     0  23.3   8.4     T     0     0
  2011   4  15     0  24.3  10.6   0.0     0     0
  2011   4  16     0  25.2  11.6   0.0     0     0
  2011   4  17     0  23.1   8.6   0.0     0     0
  2011   4  18     0  18.5   8.6  21.6     0     0
  2011   4  19     0  23.7  11.0   0.0     0     0
  2011   4  20     0  23.0  10.0   0.0     0     0
  2011   4  21     0  24.4  10.6   0.0     0     0
  2011   4  22     0  24.3  11.5   0.0     0     0
  2011   4  23     0  24.0  12.0   0.0     0     0
  2011   4  24     0  25.8  13.0   0.0     0     0
  2011   4  25     0  26.5  14.2   0.0     0     0
  2011   4  26     0  19.7  11.8   0.0     0     0
  2011   4  27     0  24.5  13.5   0.0     0     0
  2011   4  28     0  26.1  14.0   0.0     0     0
  2011   4  29     0  27.1  14.6   0.0     0     0
  2011   4  30     0  27.6  14.6   0.0     0     0
  2011   5   1     0  27.6  13.0   0.0     0     0
  2011   5   2     0  27.3  14.2     T     0     0
  2011   5   3     0  27.2  14.0   0.0     0     0
  2011   5   4     0  29.0  15.2   0.0     0     0
  2011   5   5     0  25.0  12.5  15.0     0     0
  2011   5   6     0  25.0  14.5   0.0     0     0
  2011   5   7     0  24.0  14.5   3.4     0     0
  2011   5   8     0  24.1  11.2   2.8     0     0
  2011   5   9     0  26.5  13.0   1.0     0     0
  2011   5  10     0  28.5  13.5   0.0     0     0
  2011   5  11     0  27.8  13.0   4.6     0     0
  2011   5  12     0  28.5  15.0   0.0     0     0
  2011   5  13     0  26.8  11.8   1.2     0     0
  2011   5  14     0  28.2  14.0   0.0     0     0
  2011   5  15     0  28.6  15.4   0.0     0     0
  2011   5  16     0  28.4  13.5   5.0     0     0
  2011   5  17     0  28.2  17.0   0.0     0     0
  2011   5  18     0  25.0  13.5  13.2     0     0
  2011   5  19     0  28.0  15.2     T     0     0
  2011   5  20     0  25.3  14.2   0.0     0     0
  2011   5  21     0  23.5  14.8   0.4     0     0
  2011   5  22     0  19.7  12.2   1.6     0     0
  2011   5  23     0  25.0  12.0  14.3     0     0
  2011   5  24     0  27.5  14.5   0.0     0     0
  2011   5  25     0  27.4  17.0   0.0     0     0
  2011   5  26     0  27.9  17.0   0.4     0     0
  2011   5  27     0  22.3  14.0  12.2     0     0
  2011   5  28     0  26.6  14.6     T     0     0
  2011   5  29     0  24.2  15.0   1.0     0     0
  2011   5  30     0  24.3  13.5   4.8     0     0
  2011   5  31     0  23.8  13.0  10.0     0     0
  2011   6   1     0  21.3  13.0   8.0     0     0
  2011   6   2     0  23.7  12.7  10.0     0     0
  2011   6   3     0  25.9  15.6   1.4     0     0
  2011   6   4     0  26.4  15.2   0.0     0     0
  2011   6   5     0  27.2  15.8   0.0     0     0
  2011   6   6     0  27.3  13.3   0.0     0     0
  2011   6   7     0  22.5  13.2  25.8     0     0
  2011   6   8     0  21.4  12.4  33.2     0     0
  2011   6   9     0  24.6  14.0   6.2     0     0
  2011   6  10     0  25.0  14.0   0.3     0     0
  2011   6  11     0  26.0  14.5   0.0     0     0
  2011   6  12     0  25.2  14.8   0.0     0     0
  2011   6  13     0  25.7  14.0   2.6     0     0
  2011   6  14     0  26.5  13.6  16.4     0     0
  2011   6  15     0  25.2  15.0   0.0     0     0
  2011   6  16     0  26.2  16.0     T     0     0
  2011   6  17     0  22.0  15.8     T     0     0
  2011   6  18     0  24.2  17.0     T     0     0
  2011   6  19     0  27.0  17.5  12.0     0     0
  2011   6  20     0  24.7  16.0  29.6     0     0
  2011   6  21     0  25.7  17.0   3.5     0     0
  2011   6  22     0  25.7  16.8   0.4     0     0
  2011   6  23     0  26.6  18.0   2.2     0     0
  2011   6  24     0  27.2  18.5  15.0     0     0
  2011   6  25     0  25.5  17.0  22.2     0     0
  2011   6  26     0  25.3  17.0  36.2     0     0
  2011   6  27     0  24.5  17.5   1.2     0     0
  2011   6  28     0  22.8  16.5   7.6     0     0
  2011   6  29     0  21.6  17.0  50.6     0     0
  2011   6  30     0  22.0  17.2  24.8     0     0
  2011   7   1     0  24.8  16.5   1.2     0     0
  2011   7   2     0  25.6  15.0   0.0     0     0
  2011   7   3     0  26.1  16.8  11.9     0     0
  2011   7   4     0  26.3  17.8   0.2     0     0
  2011   7   5     0  20.8  17.0  13.3     0     0
  2011   7   6     0  23.9  17.2     T     0     0
  2011   7   7     0  21.3  17.2   9.0     0     0
  2011   7   8     0  22.3  17.0   5.0     0     0
  2011   7   9     0  25.1  17.0   2.5     0     0
  2011   7  10     0  23.1  17.4   2.7     0     0
  2011   7  11     0  27.0  17.8   7.0     0     0
  2011   7  12     0  27.5  17.2   0.6     0     0
  2011   7  13     0  25.5  18.2   1.1     0     0
  2011   7  14     0  25.0  15.3   3.5     0     0
  2011   7  15     0  24.0  17.0   3.0     0     0
  2011   7  16     0  20.5  17.4  17.2     0     0
  2011   7  17     0  21.5  16.8   0.8     0     0
  2011   7  18     0  25.0  17.0   1.2     0     0
  2011   7  19     0  26.5  18.0   0.0     0     0
  2011   7  20     0  25.8  18.5  16.7     0     0
  2011   7  21     0  26.0  17.0   8.5     0     0
  2011   7  22     0  27.0  16.5     T     0     0
  2011   7  23     0  25.0  16.8     T     0     0
  2011   7  24     0  24.8  17.0   0.0     0     0
  2011   7  25     0  25.0  16.6   0.0     0     0
  2011   7  26     0  25.5  18.0   0.0     0     0
  2011   7  27     0  25.7  17.8   0.0     0     0
  2011   7  28     0  22.6  17.8   0.8     0     0
  2011   7  29     0  24.5  18.0   4.6     0     0
  2011   7  30     0  24.8  17.5   0.0     0     0
  2011   7  31     0  24.5  18.0   0.0     0     0
  2011   8   1     0  24.8  17.6   3.0     0     0
  2011   8   2     0  26.2  17.6   0.0     0     0
  2011   8   3     0  22.5  18.0  16.2     0     0
  2011   8   4     0  25.0  17.2  12.0     0     0
  2011   8   5     0  25.0  17.4  13.8     0     0
  2011   8   6     0  25.5  17.5  38.0     0     0
  2011   8   7     0  26.5  18.2   0.2     0     0
  2011   8   8     0  24.7  17.2   7.0     0     0
  2011   8   9     0  26.3  17.0   9.6     0     0
  2011   8  10     0  26.0  17.0  28.8     0     0
  2011   8  11     0  25.0  16.0   4.6     0     0
  2011   8  12     0  20.9  16.4  13.2     0     0
  2011   8  13     0  25.8  16.5   2.5     0     0
  2011   8  14     0  22.5  16.5   7.6     0     0
  2011   8  15     0  17.8  16.9  35.0     0     0
  2011   8  16     0  17.7  15.6  53.2     0     0
  2011   8  17     0  17.7  16.4  52.2     0     0
  2011   8  18     0  21.9  16.4  53.6     0     0
  2011   8  19     0  21.5  16.6  12.8     0     0
  2011   8  20     0  25.0  16.2  10.2     0     0
  2011   8  21     0  25.8  17.5   0.0     0     0
  2011   8  22     0  26.2  16.8   0.0     0     0
  2011   8  23     0  20.2  17.4   8.4     0     0
  2011   8  24     0  24.0  16.6  16.0     0     0
  2011   8  25     0  24.0  17.6   0.2     0     0
  2011   8  26     0  25.0  17.5   5.2     0     0
  2011   8  27     0  25.4  16.0   9.9     0     0
  2011   8  28     0  26.3  17.2   0.2     0     0
  2011   8  29     0  27.0  17.2     T     0     0
  2011   8  30     0  26.5  17.6   9.2     0     0
  2011   8  31     0  26.0  17.6  14.6     0     0
  2011   9   1     0  26.0  17.8  19.0     0     0
  2011   9   2     0  26.3  17.2   0.0     0     0
  2011   9   3     0  25.9  17.0   0.4     0     0
  2011   9   4     0  27.0  16.0   3.2     0     0
  2011   9   5     0  26.5  16.0   0.0     0     0
  2011   9   6     0  26.0  17.0   0.0     0     0
  2011   9   7     0  26.8  16.0   0.0     0     0
  2011   9   8     0  26.0  17.6   0.2     0     0
  2011   9   9     0  22.4  15.8   4.0     0     0
  2011   9  10     0  24.5  17.0   0.2     0     0
  2011   9  11     0  26.2  15.8  29.0     0     0
  2011   9  12     0  25.8  16.4   0.0     0     0
  2011   9  13     0  27.3  16.0   0.0     0     0
  2011   9  14     0  26.5  16.2   0.0     0     0
  2011   9  15     0  26.0  16.0  16.0     0     0
  2011   9  16     0  21.3  16.5   4.8     0     0
  2011   9  17     0  25.2  15.8   1.6     0     0
  2011   9  18     0  25.5  15.5   0.0     0     0
  2011   9  19     0  25.8  15.4   0.0     0     0
  2011   9  20     0  25.3  16.0   0.0     0     0
  2011   9  21     0  26.8  16.0   7.8     0     0
  2011   9  22     0  26.0  16.0   9.4     0     0
  2011   9  23     0  27.3  15.6   0.0     0     0
  2011   9  24     0  25.3  15.0   0.0     0     0
  2011   9  25     0  24.5  15.4   0.0     0     0
  2011   9  26     0  25.0  14.0   0.0     0     0
  2011   9  27     0  25.0  15.2   0.2     0     0
  2011   9  28     0  25.0  12.0  13.0     0     0
  2011   9  29     0  25.8  14.0   0.0     0     0
  2011   9  30     0  26.0  14.5   0.0     0     0
  2011  10   1     0  26.2  15.0   0.0     0     0
  2011  10   2     0  27.0  12.0   0.0     0     0
  2011  10   3     0  26.0  13.5   0.0     0     0
  2011  10   4     0  24.5  13.8   0.0     0     0
  2011  10   5     0  22.8  14.6   0.0     0     0
  2011  10   6     0  25.0  13.2   0.0     0     0
  2011  10   7     0  26.0  14.6   0.0     0     0
  2011  10   8     0  25.3  12.8   0.0     0     0
  2011  10   9     0  26.0  13.0   0.0     0     0
  2011  10  10     0  25.2  10.8   0.0     0     0
  2011  10  11     0  25.9  11.8   0.0     0     0
  2011  10  12     0  25.3  12.8   0.0     0     0
  2011  10  13     0  25.8  13.2   0.0     0     0
  2011  10  14     0  26.5  12.0   0.0     0     0
  2011  10  15     0  24.8  13.6   0.0     0     0
  2011  10  16     0  23.8  11.6   0.0     0     0
  2011  10  17     0  24.5  11.0   0.0     0     0
  2011  10  18     0  24.8   9.5   0.0     0     0
  2011  10  19     0  24.8  10.0   0.0     0     0
  2011  10  20     0  23.8  10.5   0.0     0     0
  2011  10  21     0  19.5   8.8   9.8     0     0
  2011  10  22     0  21.2   8.0   0.0     0     0
  2011  10  23     0  22.4   8.0   0.0     0     0
  2011  10  24     0  22.0  10.0   0.0     0     0
  2011  10  25     0  21.3  10.4   0.0     0     0
  2011  10  26     0  21.0   8.2   0.0     0     0
  2011  10  27     0  21.5   7.2   0.0     0     0
  2011  10  28     0  22.3   9.5   0.0     0     0
  2011  10  29     0  21.8   9.5   0.0     0     0
  2011  10  30     0  20.7   8.6   0.0     0     0
  2011  10  31     0  19.8   9.0   0.0     0     0
  2011  11   1     0  19.8   7.5   0.0     0     0
  2011  11   2     0  19.3   7.5   0.0     0     0
  2011  11   3     0  19.2   7.8   0.0     0     0
  2011  11   4     0  19.3   8.0   0.0     0     0
  2011  11   5     0  19.2   8.0   0.0     0     0
  2011  11   6     0  19.8   7.2   0.0     0     0
  2011  11   7     0  19.8   8.0   0.0     0     0
  2011  11   8     0  20.5   8.5   0.0     0     0
  2011  11   9     0  21.7   8.5   0.0     0     0
  2011  11  10     0  22.3   8.7   0.0     0     0
  2011  11  11     0  20.7   7.2   0.0     0     0
  2011  11  12     0  20.0   9.0   0.0     0     0
  2011  11  13     0  18.7  10.0   0.0     0     0
  2011  11  14     0  18.0   7.6   0.0     0     0
  2011  11  15     0  17.8   7.5   0.0     0     0
  2011  11  16     0  18.8   6.5   0.0     0     0
  2011  11  17     0  18.3   6.5   0.0     0     0
  2011  11  18     0  18.3   7.0   0.0     0     0
  2011  11  19     0  17.5   7.8   0.0     0     0
  2011  11  20     0  21.0   8.5   0.0     0     0
  2011  11  21     0  20.3   8.5   0.0     0     0
  2011  11  22     0  20.3   6.0   0.0     0     0
  2011  11  23     0  19.8   6.5   0.0     0     0
  2011  11  24     0  21.0   6.8   0.0     0     0
  2011  11  25     0  19.7   6.8   0.0     0     0
  2011  11  26     0  19.9   6.5   0.0     0     0
  2011  11  27     0  20.0   6.5   0.0     0     0
  2011  11  28     0  21.3   7.8   0.0     0     0
  2011  11  29     0  20.6   6.8   0.0     0     0
  2011  11  30     0  17.8   5.5   0.0     0     0
  2011  12   1     0  19.3   6.5   0.0     0     0
  2011  12   2     0  20.5   8.5   0.0     0     0
  2011  12   3     0  19.5   7.5   0.0     0     0
  2011  12   4     0  19.0   8.0   0.0     0     0
  2011  12   5     0  17.9   7.5   0.0     0     0
  2011  12   6     0  19.3   7.0   0.0     0     0
  2011  12   7     0  21.3   7.5   0.0     0     0
  2011  12   8     0  20.7   8.7   0.0     0     0
  2011  12   9     0  18.0   7.0   0.0     0     0
  2011  12  10     0  15.8   5.7   0.0     0     0
  2011  12  11     0  15.8   5.0   0.0     0     0
  2011  12  12     0  15.6   3.8   0.0     0     0
  2011  12  13     0  18.3   4.5   0.0     0     0
  2011  12  14     0  17.2   5.9   0.0     0     0
  2011  12  15     0  17.2   4.8   0.0     0     0
  2011  12  16     0  16.4   4.0   0.0     0     0
  2011  12  17     0  16.5   3.5   0.0     0     0
  2011  12  18     0  16.5   4.2   0.0     0     0
  2011  12  19     0  16.4   2.3   0.0     0     0
  2011  12  20     0  17.0   3.6   0.0     0     0
  2011  12  21     0  15.5   4.5   0.0     0     0
  2011  12  22     0  16.5   3.5   0.0     0     0
  2011  12  23     0  20.9   4.0   0.0     0     0
  2011  12  24     0  19.0   5.0   0.0     0     0
  2011  12  25     0  17.6   5.5   0.0     0     0
  2011  12  26     0  14.8   4.0   0.0     0     0
  2011  12  27     0  15.7   3.0   0.0     0     0
  2011  12  28     0  16.6   3.8   0.0     0     0
  2011  12  29     0  17.0   3.6   0.0     0     0
  2011  12  30     0  16.7   4.5   0.0     0     0
  2011  12  31     0  15.7   3.5   0.0     0     0
