# year,mean_tmin,mean_tmax,mean_pre,sum_pre,min_tmin,max_tmax
      1957       nan   22.5103    4.4683   1523.70       nan     34.30
      1959   14.3534   23.0425    4.8956   1782.00      3.10     34.00
      1962   14.4963   23.9065    5.4652   1759.80      4.30     32.60
      1963   13.1308   23.1975    4.8690   1772.30      2.40     32.50
      1964   13.5499   24.1030    3.9740   1450.50      2.20     35.20
      1965   13.3777   23.3262    3.5764   1301.80      2.10     35.20
      1966   13.7907   24.1607    3.7423   1362.20      3.70     36.40
      1967   14.6304   24.4568    4.5520   1242.70      3.50     35.20
      1968   13.4781   22.8310    5.0556   1845.30      1.80     34.70
      1969    6.2864   16.5169    4.3292    904.80      0.00     23.10
      1970    6.8496   19.7478    3.2679   2354.10     -7.20     35.50
      1971   15.0560   22.6176    6.7648   2462.40      5.40     28.70
      1972   10.7422   22.7098    3.1654   2310.80     -7.50     35.10
      1973   13.0307   25.1152    4.0647   7008.50    -10.00     39.20
      1974   11.2272   25.0687    2.7051   4596.30    -15.00     42.50
      1975   14.7169   26.6091    4.2532   7467.80     -9.20     44.40
      1976   15.5626   26.8358    3.4731   4878.60      0.10     40.40
      1977   13.8662   26.0439    3.5657   6231.80    -10.90     42.50
      1978   13.6228   24.2761    4.5775   9695.60    -13.00     43.60
      1979   13.7203   25.0762    3.5411   7489.80     -8.00     44.50
      1980   13.8250   25.0056    4.1255   8796.50     -8.00     42.70
      1981   13.3639   24.3746    4.6787  11678.00     -9.90     42.00
      1982   12.8525   24.4681    4.3417  10853.20    -10.00     41.50
      1983   13.0421   24.4445    4.9451  12125.00     -8.30     43.00
      1984   13.3340   24.9472    4.3371  10609.80    -12.00     42.40
      1985   13.9169   25.1996    4.8071  11760.00    -11.00     43.00
      1986   13.3628   24.6061    4.3007  10520.00    -11.80     42.00
      1987   14.0319   25.4872    3.4487   8485.10     -7.40     42.90
      1988   14.2129   25.3399    4.6149  11159.30     -9.00     42.50
      1989   13.2699   25.0973    3.8986   9380.80    -13.40     40.50
      1990   13.7291   25.0705    4.6725  11293.90     -8.50     40.00
      1991   13.4211   25.1787    3.6591   8959.80    -13.80     41.50
      1992   13.1990   25.3419    3.1638   7692.10     -9.40     43.50
      1993   13.1773   25.2152    4.1926  10145.20     -8.60     42.00
      1994   12.9482   25.9588    3.5196   8403.50    -10.60     43.00
      1995   13.2711   25.7967    4.2163  10268.70    -12.70     45.00
      1996   13.3420   25.9150    4.5331  11119.90     -8.50     43.80
      1997   12.7665   25.1567    4.2667  10264.20    -10.00     43.00
      1998   13.0682   26.3270    4.6031  10651.10     -8.20    515.80
      1999   13.6771   26.3897    4.4406   9676.10     -7.30     42.60
      2000   12.3116   24.9965    4.1686  10040.60    -14.00     40.00
      2001   13.1772   25.9845    3.9693   9496.90     -8.10     42.00
      2002   13.3160   25.9162    3.7679   9123.50    -10.00     42.00
      2003   13.3486   25.9124    4.4975  11030.70     -8.20     42.50
      2004   13.4840   26.3183    3.4195   8452.30     -7.50     42.90
      2005   13.4547   26.1979    3.8092   9271.10     -8.80     44.90
      2006   13.5798   26.4776    3.6743   8925.40     -8.00     42.00
      2007   13.6213   25.9960    4.7138  10919.70     -8.50     41.50
      2008   13.5507   26.3711    4.1243   9979.70     -8.00     41.50
      2009   13.7527   26.8738    4.1647  10240.00     -6.40     42.20
      2010   14.1632   27.2116    3.3322   7586.10     -9.00     42.50
      2011   13.2605   26.0862    4.2315   9458.80     -9.50     39.50
      2012   13.5024   26.4707    3.9601   8803.60    -11.00     43.60
      2013   13.4545   26.5635    4.1168   8973.00    -10.10     40.50
      2014   12.7300   28.5226    5.7029   1973.20      3.90     37.50
