      1    0.0
      2    0.0
      3    0.0
      4    0.0
      5    0.0
      6    0.0
      7    0.0
      8    0.0
      9    0.0
     10    0.0
     11    0.0
     12    0.0
     13    0.0
     14    0.0
     15    0.0
     16    0.0
     17    0.0
     18    0.0
     19    0.0
     20    0.0
     21    0.0
     22    0.0
     23    8.2
     24   12.0
     25    T  
     26    T  
     27    0.0
     28    0.0
     29    0.0
     30    0.0
     31    T  
     32    0.0
     33    0.0
     34    0.0
     35    0.0
     36    0.0
     37    0.0
     38    0.0
     39    0.0
     40    0.0
     41    0.0
     42    0.0
     43    0.0
     44    0.0
     45    0.0
     46    0.0
     47    0.0
     48    0.0
     49    0.0
     50    0.0
     51    0.0
     52    0.0
     53    T  
     54    T  
     55    0.0
     56    0.0
     57    0.0
     58    0.0
     59    0.0
     60    0.0
     61    0.0
     62    0.0
     63    0.0
     64    2.0
     65    0.0
     66    0.0
     67    0.0
     68    0.0
     69    0.0
     70    0.0
     71    0.0
     72    0.0
     73    0.0
     74    0.0
     75    0.0
     76    0.0
     77    T  
     78   10.3
     79    4.7
     80    0.0
     81    0.0
     82    0.0
     83    0.0
     84    0.0
     85    0.0
     86    0.0
     87    0.0
     88    0.0
     89    0.0
     90    0.0
     91    0.0
     92    0.0
     93    0.0
     94    0.0
     95    0.0
     96    0.0
     97    0.0
     98    0.0
     99    0.0
    100    0.0
    101    0.0
    102    0.0
    103    0.0
    104    0.0
    105    0.0
    106    0.0
    107    0.0
    108    0.0
    109    0.0
    110    0.0
    111    0.0
    112    0.0
    113    0.0
    114    4.2
    115    2.3
    116    0.0
    117    0.0
    118    T  
    119    0.0
    120   18.4
    121    2.3
    122    0.2
    123    0.0
    124    0.0
    125    8.3
    126   30.5
    127   13.2
    128    2.0
    129    4.2
    130    0.0
    131    0.0
    132    0.0
    133    T  
    134    0.0
    135   14.7
    136    0.0
    137    2.0
    138    0.0
    139    4.0
    140    0.0
    141    0.0
    142    0.0
    143    2.0
    144    8.1
    145    0.0
    146    0.0
    147    0.0
    148    0.0
    149    0.0
    150    0.0
    151    0.0
    152    0.0
    153    0.0
    154    0.0
    155    0.0
    156    2.0
    157    T  
    158    2.0
    159    0.0
    160    0.0
    161    0.0
    162    0.0
    163    0.0
    164   32.0
    165    0.0
    166    0.0
    167    0.0
    168    0.0
    169    0.0
    170   24.3
    171    0.0
    172   62.3
    173    6.3
    174   42.3
    175    4.0
    176   47.3
    177    0.0
    178    0.0
    179    0.0
    180   10.2
    181   42.2
    182    1.4
    183    0.0
    184    2.5
    185   16.4
    186   32.6
    187    0.0
    188    0.0
    189   24.8
    190    T  
    191   28.0
    192    2.0
    193    0.0
    194   24.0
    195   18.0
    196   42.2
    197   21.0
    198   40.4
    199    3.5
    200   25.6
    201    1.6
    202   54.2
    203    2.3
    204    2.0
    205   58.3
    206   38.2
    207   36.0
    208   20.0
    209   22.2
    210   22.3
    211   10.0
    212    0.0
    213   32.9
    214    2.0
    215    0.3
    216    T  
    217    3.6
    218    0.0
    219  149.0
    220   22.6
    221    T  
    222   10.0
    223    2.3
    224   20.0
    225    1.0
    226    T  
    227    T  
    228    0.0
    229    T  
    230    2.0
    231   16.3
    232   46.3
    233    2.0
    234   48.3
    235   30.3
    236    6.0
    237   46.3
    238    4.3
    239  106.0
    240    4.0
    241    2.0
    242    0.0
    243   42.2
    244    6.0
    245    T  
    246    T  
    247   12.0
    248    T  
    249    6.0
    250   30.3
    251    6.0
    252    4.2
    253    T  
    254    T  
    255   10.0
    256    T  
    257    T  
    258    T  
    259    T  
    260    0.0
    261    0.0
    262    0.0
    263    0.0
    264    0.0
    265   52.6
    266    T  
    267   22.3
    268   14.3
    269   32.3
    270    6.0
    271   12.0
    272    0.0
    273    0.0
    274    0.0
    275    0.0
    276   42.3
    277    3.0
    278    T  
    279   30.4
    280    0.0
    281    0.0
    282    0.0
    283    0.0
    284    T  
    285    0.0
    286    0.0
    287    0.0
    288    0.0
    289    0.0
    290    0.0
    291    0.0
    292    0.0
    293   13.2
    294   79.0
    295   12.3
    296    0.0
    297    0.0
    298    0.0
    299    0.0
    300    0.0
    301    0.0
    302    0.0
    303    0.0
    304    0.0
    305    0.0
    306    0.0
    307    0.0
    308    0.0
    309    0.0
    310    0.0
    311    0.0
    312    0.0
    313    0.0
    314    0.0
    315    0.0
    316    0.0
    317    0.0
    318    0.0
    319    0.0
    320    0.0
    321    0.0
    322    0.0
    323    0.0
    324    0.0
    325    0.0
    326    0.0
    327    0.0
    328    0.0
    329    0.0
    330    0.0
    331    0.0
    332    0.0
    333    0.0
    334    0.0
    335    0.0
    336    0.0
    337    0.0
    338    0.0
    339    0.0
    340    0.0
    341    0.0
    342    0.0
    343    0.0
    344    0.0
    345    0.0
    346    0.0
    347    0.0
    348    0.0
    349    0.0
    350    0.0
    351    0.0
    352    0.0
    353    0.0
    354    0.0
    355    0.0
    356    0.0
    357    0.0
    358    0.0
    359    0.0
    360    0.0
    361    0.0
    362    0.0
    363    0.0
    364    0.0
    365    0.0
