      1    0.0
      2    0.0
      3    0.0
      4    0.0
      5    0.0
      6    0.0
      7    0.0
      8    0.0
      9    0.0
     10    0.0
     11    0.0
     12    0.0
     13    0.0
     14    0.0
     15    0.0
     16    0.0
     17   31.1
     18    0.0
     19    0.0
     20    0.0
     21    0.0
     22    0.0
     23    0.0
     24    0.0
     25    0.0
     26    0.0
     27    0.0
     28    0.0
     29    0.0
     30    0.0
     31    0.0
     32    0.0
     33    0.0
     34    0.0
     35    0.0
     36    0.0
     37    0.0
     38    0.0
     39    0.0
     40    0.0
     41    0.0
     42    0.0
     43    0.0
     44    0.0
     45    0.0
     46    0.0
     47    0.0
     48    0.0
     49    0.0
     50    T  
     51    4.2
     52    0.0
     53    0.0
     54    0.0
     55    0.0
     56    0.0
     57    0.0
     58    0.0
     59    0.0
     60    0.0
     61    0.0
     62    0.0
     63    0.0
     64    0.0
     65    0.0
     66    0.0
     67    0.0
     68    0.0
     69    0.0
     70    0.0
     71    0.0
     72    0.0
     73    0.0
     74    0.0
     75    0.0
     76    0.0
     77    0.0
     78    0.0
     79    0.0
     80    0.0
     81    0.0
     82    0.0
     83    0.0
     84    0.0
     85    0.0
     86    0.0
     87    7.0
     88    0.0
     89    0.0
     90    0.0
     91    0.0
     92    8.1
     93    8.0
     94    0.0
     95    0.0
     96    0.0
     97    0.0
     98    0.0
     99    0.0
    100    T  
    101    0.0
    102    0.0
    103    0.0
    104    0.0
    105    0.0
    106    0.0
    107    0.0
    108    0.0
    109    9.5
    110    0.0
    111    0.0
    112    0.0
    113    T  
    114    0.0
    115    0.0
    116    T  
    117    0.0
    118    0.0
    119   26.1
    120    4.2
    121    6.1
    122    0.0
    123    0.0
    124    0.0
    125    0.0
    126    0.0
    127   20.2
    128   16.0
    129    0.0
    130    T  
    131   26.3
    132    5.0
    133    0.0
    134    0.0
    135    0.0
    136    0.0
    137    0.0
    138    0.0
    139    0.0
    140    0.0
    141    0.0
    142    0.0
    143    0.0
    144    0.0
    145    1.0
    146    0.0
    147   14.2
    148    T  
    149    5.2
    150    0.0
    151    0.0
    152    0.0
    153    0.0
    154    0.0
    155    1.0
    156    0.0
    157    7.3
    158    0.0
    159   34.0
    160    0.0
    161   13.1
    162    0.0
    163   15.3
    164    4.5
    165    2.2
    166    0.3
    167    7.0
    168   30.1
    169   30.0
    170   31.8
    171   20.5
    172   13.0
    173   13.1
    174   41.0
    175    0.0
    176   14.0
    177   41.1
    178    0.0
    179    0.0
    180   40.7
    181   19.1
    182   17.0
    183   21.3
    184   25.0
    185    2.0
    186    0.0
    187    0.0
    188    0.0
    189   19.2
    190   85.2
    191   10.2
    192   30.1
    193   24.4
    194    2.1
    195    3.5
    196   10.0
    197   11.1
    198    2.1
    199    5.2
    200    7.0
    201   10.2
    202   11.2
    203    0.0
    204   10.3
    205   20.2
    206   30.0
    207   20.4
    208   20.0
    209   60.2
    210   68.0
    211   19.7
    212   19.0
    213   10.1
    214   12.2
    215   32.1
    216    0.0
    217    0.0
    218    T  
    219    0.1
    220   18.2
    221   30.2
    222    5.0
    223   10.2
    224    8.3
    225    6.0
    226    4.1
    227   11.0
    228   12.1
    229    6.2
    230   13.5
    231    8.1
    232    2.0
    233    3.1
    234    4.2
    235    7.3
    236    5.2
    237    2.0
    238   30.0
    239   18.1
    240   13.2
    241   23.5
    242    7.1
    243    3.1
    244   15.4
    245   18.3
    246   10.8
    247    9.2
    248   83.3
    249   20.1
    250   28.2
    251   39.2
    252   47.1
    253   14.3
    254    5.3
    255    0.0
    256    1.2
    257    0.0
    258    2.1
    259   41.0
    260  138.0
    261   76.6
    262   64.5
    263    4.3
    264    4.2
    265    0.0
    266    0.0
    267    5.2
    268    0.0
    269    0.0
    270    0.0
    271    0.0
    272    0.0
    273    0.0
    274    0.0
    275    0.0
    276    0.0
    277    0.0
    278    0.0
    279    0.0
    280    0.0
    281    0.0
    282    0.0
    283    0.0
    284    0.0
    285    0.0
    286    0.0
    287    0.0
    288    0.0
    289   75.4
    290    0.0
    291    0.0
    292    0.0
    293    0.0
    294    0.0
    295   15.3
    296    0.0
    297    0.0
    298    0.0
    299    0.0
    300    0.0
    301    0.0
    302    0.0
    303    0.0
    304    0.0
    305    0.0
    306    0.0
    307    0.0
    308    0.0
    309    0.0
    310    0.0
    311    0.0
    312    0.0
    313    0.0
    314    0.0
    315    0.0
    316    0.0
    317    0.0
    318    0.0
    319    0.0
    320    0.0
    321    0.0
    322    0.0
    323    0.0
    324    0.0
    325    0.0
    326    0.0
    327    0.0
    328    0.0
    329    0.0
    330    0.0
    331    0.0
    332    0.0
    333    0.0
    334    0.0
    335    0.0
    336    0.0
    337    0.0
    338    0.0
    339    0.0
    340    0.0
    341    0.0
    342    0.0
    343    0.0
    344    0.0
    345    0.0
    346    0.0
    347    0.0
    348    0.0
    349    2.2
    350    0.0
    351    0.0
    352    0.0
    353    0.0
    354    0.0
    355    0.0
    356    0.0
    357    0.0
    358    0.0
    359    0.0
    360    0.0
    361    0.0
    362    0.0
    363    0.0
    364    0.0
    365    0.0
    366    1.0
