1977          Temperature for CHISAPANI (KARNALI)     
        Tmax  Tmin
     1  21.2   8.3 
     2  22.0   9.0 
     3  22.0   8.4 
     4  22.0   8.9 
     5  22.3  10.0 
     6  21.1  10.1 
     7  21.5   9.5 
     8  21.9   9.1 
     9  21.9   9.5 
    10  22.4   9.4 
    11  23.2   9.6 
    12  23.5   9.6 
    13  23.2   8.0 
    14  20.0   8.1 
    15  24.0   8.2 
    16  24.0   8.0 
    17  24.0   8.0 
    18  23.0   8.5 
    19  23.0   8.3 
    20  21.5   8.4 
    21  22.5   8.6 
    22  22.5   8.5 
    23  20.5   8.8 
    24  21.8   8.9 
    25  15.3   9.0 
    26  22.9   9.0 
    27  23.2   9.1 
    28  19.5   6.5 
    29  19.5   5.0 
    30  20.5   5.0 
    31  21.5   5.0 
    32  23.5   5.0 
    33  24.5   5.7 
    34  25.5   5.2 
    35  17.5   5.3 
    36  21.5   5.1 
    37  22.0   5.4 
    38  22.5   5.4 
    39  23.0   5.5 
    40  24.0   5.6 
    41  24.3  10.5 
    42  24.9  11.3 
    43  25.4  11.9 
    44  26.5  11.5 
    45  27.0  11.8 
    46  27.5  12.8 
    47  27.8  12.0 
    48  28.0  12.1 
    49  28.5  12.5 
    50  27.5  12.3 
    51  30.9  12.2 
    52  30.9  12.5 
    53  30.0  12.4 
    54  28.0  15.5 
    55  27.1  12.6 
    56  29.0  12.9 
    57  27.4  13.1 
    58  29.2  12.0 
    59  31.0  12.2 
    60  32.0  13.0 
    61  30.1  12.4 
    62  29.3   DNA 
    63  29.4  14.4 
    64  30.2  14.0 
    65  30.2  14.3 
    66  30.0  14.4 
    67  31.0  14.0 
    68  32.1  15.1 
    69  32.3  15.4 
    70  32.1  15.7 
    71  32.2  16.6 
    72  32.6  16.3 
    73  33.4  16.3 
    74  34.4  16.0 
    75  34.3  18.0 
    76  34.4  18.7 
    77  34.1  17.0 
    78  34.2  17.1 
    79  33.1  16.0 
    80  33.4  16.7 
    81  34.1  17.0 
    82  35.5  18.0 
    83  35.4  20.2 
    84  36.1  20.6 
    85  38.2  21.0 
    86  33.4  19.6 
    87  35.4  19.2 
    88  36.0  21.0 
    89  37.3  22.1 
    90  37.5  22.0 
    91  37.1  21.0 
    92  34.4  21.7 
    93  35.4  22.0 
    94  35.0  22.4 
    95  30.2  24.0 
    96  29.3  20.0 
    97  32.0  17.0 
    98  33.4  19.0 
    99  35.3  20.0 
   100  33.2  19.2 
   101  33.6  19.0 
   102  36.3  19.4 
   103  37.5  21.5 
   104  36.3  21.3 
   105  32.2  21.0 
   106  30.2  21.0 
   107  30.7  24.9 
   108  32.0  19.7 
   109  34.1  21.7 
   110  34.5  21.4 
   111  35.0  22.0 
   112  36.2  22.2 
   113  37.3  23.0 
   114  38.1  24.2 
   115  37.4  24.0 
   116  38.0  24.4 
   117  40.1  24.0 
   118  37.4  25.0 
   119  36.1  25.8 
   120  31.0  22.3 
   121  29.5  22.0 
   122  31.3  18.0 
   123  33.1  18.5 
   124  32.2  19.4 
   125  32.0  20.0 
   126  32.1  18.3 
   127  31.0  19.0 
   128  34.2  21.0 
   129  34.0  21.6 
   130  29.4  20.0 
   131  32.8  21.0 
   132  34.0  21.8 
   133  36.2  21.4 
   134  37.0  22.6 
   135  39.0  23.0 
   136  32.4  24.0 
   137  36.3  22.2 
   138  38.4  23.0 
   139  38.5  24.4 
   140  38.0  23.2 
   141  38.0  25.0 
   142  38.4  25.0 
   143  37.2  28.0 
   144  37.4  24.6 
   145  37.1  24.6 
   146  36.9  24.0 
   147  37.4  26.0 
   148  39.9  23.2 
   149  39.9  27.0 
   150  40.4  28.5 
   151  40.2  27.0 
   152  40.0  27.1 
   153  41.0  26.1 
   154  39.0  26.2 
   155  39.2  30.8 
   156  39.0  27.0 
   157  38.0  33.0 
   158  37.8  23.2 
   159  36.4  25.2 
   160  37.0  24.2 
   161  37.0  24.0 
   162  34.2  26.2 
   163  37.0  23.2 
   164  38.2  25.4 
   165  38.2  26.0 
   166  37.2  26.2 
   167  37.4  25.4 
   168  37.4  25.2 
   169  38.2  26.4 
   170  38.2  27.2 
   171  38.5  26.0 
   172  38.8  27.0 
   173  32.4  24.0 
   174  34.8  23.2 
   175  35.0  24.0 
   176  35.6  23.2 
   177  35.6  23.1 
   178  34.4  23.5 
   179  33.5  21.0 
   180  34.0  21.4 
   181  34.0  25.2 
   182  31.8  25.2 
   183  33.8  25.2 
   184  34.5  24.2 
   185  33.2  24.9 
   186  30.5  25.2 
   187  33.2  26.2 
   188  33.2  25.0 
   189  30.2  25.0 
   190  31.2  24.0 
   191  31.4  24.2 
   192  30.2  25.0 
   193  30.8  24.3 
   194  29.4  24.2 
   195  26.8  23.4 
   196  30.6  23.0 
   197  30.4  23.0 
   198  30.0  24.2 
   199  28.4  24.0 
   200  31.0  23.8 
   201  29.0  24.8 
   202  33.6  24.8 
   203  31.8  24.2 
   204  31.2  25.0 
   205  32.4  25.2 
   206  32.4  24.2 
   207  33.2  24.8 
   208  32.0  25.2 
   209  31.4  25.8 
   210  31.6  25.2 
   211  33.8  25.0 
   212  31.0  25.0 
   213  32.0  25.0 
   214  30.4  25.0 
   215  29.8  24.0 
   216  31.8  25.0 
   217  34.2  25.8 
   218  32.8  25.2 
   219  33.0  25.0 
   220  32.5  25.2 
   221  31.2  25.1 
   222  34.0  25.2 
   223  31.8  25.0 
   224  31.8  25.0 
   225  30.8  24.2 
   226  28.0  23.8 
   227  30.0  23.0 
   228  32.4  23.1 
   229  31.8  23.8 
   230  33.0  24.0 
   231  34.2  24.8 
   232  33.8  25.2 
   233  35.2  26.0 
   234  32.1  23.0 
   235  29.0  25.9 
   236  33.4  25.2 
   237  28.4  23.8 
   238  28.2  24.0 
   239  32.8  24.2 
   240  32.2  24.4 
   241  30.8  23.2 
   242  33.2  25.0 
   243  34.8  22.8 
   244  33.6  25.2 
   245  31.8  22.8 
   246  32.2  24.2 
   247  33.8  25.0 
   248  33.6  24.0 
   249  31.4  25.0 
   250  31.2  24.0 
   251  33.5  24.0 
   252  32.0  24.2 
   253  29.6  24.2 
   254  31.2  24.4 
   255  32.2  25.0 
   256  30.8  23.8 
   257  32.2  24.2 
   258  31.0  24.0 
   259  30.2  23.0 
   260  32.4  23.9 
   261  31.3  23.1 
   262  30.5  23.5 
   263  30.5  23.2 
   264  25.4  19.5 
   265  28.9  22.4 
   266  31.7  22.5 
   267  32.5  23.5 
   268  32.6  22.4 
   269  33.0  23.4 
   270  33.5  23.0 
   271  32.8  23.0 
   272  31.2  23.0 
   273  32.0  22.8 
   274  31.8  22.8 
   275  30.4  22.8 
   276  31.0  23.0 
   277  29.4  22.0 
   278  30.0  21.0 
   279  31.8  22.2 
   280  31.8  22.2 
   281  31.8  22.0 
   282  31.0  21.2 
   283  31.4  21.8 
   284  32.0  21.8 
   285  32.0  21.0 
   286  31.4  21.0 
   287  29.6  21.0 
   288  30.0  20.8 
   289  28.8  17.0 
   290  28.8  18.8 
   291  28.6  20.5 
   292  28.4  19.2 
   293  30.2  19.0 
   294  29.2  18.8 
   295  29.8  17.2 
   296  29.6  12.2 
   297  28.8  18.0 
   298  28.5  19.2 
   299  30.4  19.0 
   300  26.2  19.2 
   301  26.4  19.8 
   302  27.6  19.0 
   303  27.2  19.6 
   304  28.0  20.0 
   305  28.0  20.4 
   306  29.8  20.0 
   307  29.8  20.0 
   308  29.6  20.0 
   309  28.2  20.0 
   310  29.0  19.2 
   311  28.0  18.2 
   312  27.0  17.8 
   313  28.0  18.0 
   314  28.0  18.0 
   315  28.0  17.2 
   316  28.0  17.2 
   317  27.2  14.2 
   318  26.0  14.8 
   319  26.4  14.8 
   320  26.8  16.0 
   321  27.0  15.0 
   322  27.2  15.0 
   323  27.8  14.8 
   324  26.8  16.2 
   325  26.8  16.0 
   326  26.0  16.0 
   327  26.0  16.6 
   328  25.8  16.0 
   329  26.1  15.8 
   330  26.0  16.0 
   331  22.8  15.0 
   332  24.4  17.0 
   333  24.2  15.2 
   334  26.2  16.0 
   335  25.4  14.6 
   336  24.0  14.2 
   337  24.2  14.0 
   338  25.0  14.2 
   339  23.4  14.0 
   340  23.6  12.8 
   341  23.4  12.4 
   342  23.0  12.2 
   343  22.8  11.2 
   344  23.0  11.4 
   345  23.4  11.4 
   346  23.4  11.6 
   347  22.0  12.2 
   348  23.0  12.2 
   349  20.0  12.0 
   350  23.2  12.4 
   351  22.2  12.0 
   352  21.0  11.4 
   353  21.4  12.0 
   354  21.0  12.2 
   355  23.0  13.0 
   356  22.6  11.8 
   357  22.8  10.8 
   358  22.0  10.2 
   359  22.2  11.2 
   360  17.0  13.8 
   361  17.2  12.8 
   362  17.2  12.0 
   363  20.2  11.2 
   364  19.4  10.6 
   365  20.2  10.2 
