2008          Temperature for CHISAPANI (KARNALI)     
        Tmax  Tmin
     1  21.5   9.2 
     2  21.4   9.4 
     3  21.0   9.9 
     4  21.0   9.5 
     5  22.2   9.0 
     6  19.5   9.8 
     7  24.0  10.9 
     8  20.8  11.5 
     9  20.9  12.0 
    10  21.0  12.0 
    11  23.0  12.2 
    12  20.5  10.0 
    13  19.0  10.4 
    14  19.7  10.5 
    15  21.0  10.8 
    16  22.0  12.0 
    17  19.4  11.2 
    18  19.7  13.0 
    19  20.5  13.8 
    20  20.0  13.0 
    21  14.2   9.0 
    22  14.5   9.0 
    23  19.0   8.0 
    24  19.2  11.0 
    25  15.7  10.0 
    26  20.0   9.5 
    27  20.8   9.4 
    28  15.8   6.4 
    29  18.5   8.5 
    30  20.0   9.9 
    31  18.6  10.0 
    32  19.5   7.9 
    33  19.4   7.5 
    34  19.7  10.6 
    35  22.5   9.7 
    36  23.5  10.5 
    37  23.4  10.6 
    38  24.4  12.9 
    39  22.6  12.8 
    40  20.5  11.2 
    41  20.0   9.5 
    42  21.0   9.0 
    43  21.9   9.8 
    44  20.3  12.0 
    45  20.9   9.4 
    46  22.4  12.0 
    47  22.0  11.4 
    48  23.0  12.0 
    49  23.9  12.2 
    50  17.5  13.0 
    51  24.0  10.9 
    52  19.2  16.0 
    53  25.5  13.0 
    54  26.5  14.0 
    55  27.0  15.0 
    56  27.5  14.0 
    57  26.7  14.5 
    58  27.0  15.0 
    59  26.5  16.0 
    60  26.4  15.0 
    61  27.6  15.0 
    62  27.6  14.6 
    63  28.5  15.0 
    64  27.6  14.2 
    65  27.7  14.5 
    66  25.0  14.0 
    67  28.0  15.0 
    68  29.7  16.5 
    69  30.2  16.5 
    70  28.8  18.3 
    71  26.6  17.9 
    72  30.6  16.5 
    73  30.5  17.9 
    74  30.6  19.0 
    75  30.5  17.5 
    76  30.7  18.9 
    77  31.7  19.4 
    78  32.0  18.9 
    79  33.2  19.0 
    80  34.2  19.4 
    81  34.4  18.0 
    82  33.6  18.5 
    83  32.4  18.6 
    84  33.7  16.6 
    85  34.0  18.4 
    86  33.0  17.0 
    87  33.2  19.7 
    88  34.7  20.2 
    89  29.6  18.9 
    90  33.5  17.5 
    91  32.6  20.4 
    92  31.4  20.0 
    93  33.0  19.4 
    94  32.0  20.9 
    95  32.2  19.7 
    96  30.5  19.5 
    97  26.5  16.5 
    98  30.0  17.2 
    99  32.5  18.8 
   100  34.4  20.7 
   101  35.0  20.5 
   102  35.4  21.0 
   103  33.5  22.3 
   104  37.2  21.4 
   105  37.0  21.9 
   106  37.9  23.4 
   107  36.9  22.2 
   108  37.4  21.4 
   109  37.8  21.0 
   110  37.2  22.0 
   111  37.5  22.4 
   112  37.8  22.0 
   113  37.5  22.4 
   114  38.3  22.0 
   115  39.2  23.0 
   116  40.2  23.0 
   117  39.0  24.3 
   118  40.5  23.7 
   119  38.5  23.5 
   120  33.4  23.9 
   121  37.8  22.2 
   122  38.5  23.7 
   123  38.8  24.4 
   124  39.0  24.0 
   125  39.0  25.0 
   126  36.0  22.6 
   127  37.0  24.5 
   128  37.5  24.6 
   129  37.8  24.0 
   130  38.0  24.5 
   131  37.9  24.5 
   132  37.5  26.4 
   133  38.5  25.0 
   134  37.0  24.9 
   135  38.0  24.0 
   136  37.0  24.0 
   137  34.4  21.0 
   138  34.5  23.7 
   139  36.2  25.5 
   140  35.0  24.8 
   141  33.6  25.7 
   142  30.7  23.0 
   143  33.5  22.9 
   144  30.5  22.0 
   145  33.0  22.2 
   146  32.6  21.9 
   147  34.4  22.0 
   148  35.0  24.0 
   149  37.0  24.5 
   150  37.2  25.5 
   151  39.5  25.6 
   152  38.5  25.0 
   153  39.8  28.0 
   154  38.0  30.0 
   155  37.8  31.0 
   156  38.0  30.0 
   157  37.5  26.0 
   158  36.5  26.0 
   159  34.0  25.0 
   160  38.7  26.0 
   161  34.2  25.4 
   162  33.8  24.5 
   163  33.0  26.2 
   164  33.7  24.9 
   165  32.0  26.3 
   166  32.5  26.0 
   167  28.4  24.4 
   168  32.4  25.0 
   169  31.5  25.6 
   170  29.0  24.0 
   171  31.0  25.0 
   172  28.5  23.7 
   173  31.0  23.4 
   174  32.2  24.4 
   175  31.5  23.2 
   176  32.5  24.5 
   177  30.0  23.0 
   178  29.0  23.5 
   179  29.7  23.0 
   180  29.0  23.5 
   181  30.0  24.0 
   182  29.4  25.0 
   183  28.0  24.0 
   184  26.0  24.0 
   185  26.8  24.8 
   186  31.0  24.0 
   187  31.6  25.6 
   188  31.0  25.0 
   189  32.7  25.0 
   190  32.8  25.9 
   191  34.0  24.4 
   192  32.6  25.5 
   193  32.0  26.4 
   194  31.9  22.9 
   195  27.5  25.0 
   196  30.5  24.5 
   197  30.5  24.0 
   198  30.0  24.2 
   199  27.6  25.0 
   200  29.5  26.0 
   201  27.6  25.0 
   202  29.3  25.1 
   203  29.0  24.0 
   204  28.9  24.9 
   205  27.0  24.0 
   206  30.6  24.4 
   207  31.4  24.6 
   208  31.5  24.0 
   209  30.5  25.4 
   210  37.6  26.2 
   211  33.5  26.5 
   212  32.1  26.4 
   213  32.0  24.5 
   214  32.5  26.0 
   215  32.6  25.9 
   216  30.5  26.4 
   217  30.4  25.5 
   218  32.2  25.9 
   219  30.7  25.8 
   220  31.0  25.0 
   221  30.5  24.0 
   222  34.6  25.5 
   223  34.2  27.0 
   224  32.0  25.0 
   225  30.5  25.0 
   226  29.0  24.0 
   227  29.6  24.2 
   228  29.7  25.0 
   229  31.0  24.0 
   230  30.8  24.4 
   231  29.5  23.5 
   232  28.9  24.0 
   233  29.8  24.4 
   234  31.9  23.3 
   235  29.5  24.5 
   236  32.5  24.2 
   237  32.2  25.0 
   238  32.9  25.4 
   239  29.0  23.5 
   240  30.0  23.5 
   241  31.0  24.6 
   242  32.2  22.5 
   243  32.5  24.4 
   244  33.2  23.9 
   245  29.0  24.5 
   246  32.6  24.9 
   247  33.2  24.9 
   248  34.0  25.0 
   249  33.0  24.0 
   250  31.5  21.5 
   251  32.1  24.2 
   252  32.9  24.5 
   253  32.8  25.0 
   254  32.5  25.0 
   255  31.0  23.0 
   256  30.6  24.5 
   257  33.0  25.0 
   258  31.0  22.0 
   259  33.5  23.7 
   260  34.9  24.4 
   261  33.4  22.5 
   262  31.2  24.7 
   263   DNA   DNA 
   264   DNA   DNA 
   265   DNA   DNA 
   266   DNA   DNA 
   267   DNA   DNA 
   268   DNA   DNA 
   269   DNA   DNA 
   270   DNA   DNA 
   271   DNA   DNA 
   272   DNA   DNA 
   273   DNA   DNA 
   274   DNA   DNA 
   275   DNA   DNA 
   276   DNA   DNA 
   277   DNA   DNA 
   278   DNA   DNA 
   279   DNA   DNA 
   280   DNA   DNA 
   281   DNA   DNA 
   282   DNA   DNA 
   283   DNA   DNA 
   284   DNA   DNA 
   285   DNA   DNA 
   286   DNA   DNA 
   287   DNA   DNA 
   288   DNA   DNA 
   289   DNA   DNA 
   290   DNA   DNA 
   291   DNA   DNA 
   292   DNA   DNA 
   293   DNA   DNA 
   294   DNA   DNA 
   295   DNA   DNA 
   296   DNA   DNA 
   297   DNA   DNA 
   298   DNA   DNA 
   299   DNA   DNA 
   300   DNA   DNA 
   301   DNA   DNA 
   302   DNA   DNA 
   303   DNA   DNA 
   304   DNA   DNA 
   305   DNA   DNA 
   306   DNA   DNA 
   307   DNA   DNA 
   308   DNA   DNA 
   309   DNA   DNA 
   310   DNA   DNA 
   311   DNA   DNA 
   312   DNA   DNA 
   313   DNA   DNA 
   314   DNA   DNA 
   315   DNA   DNA 
   316   DNA   DNA 
   317   DNA   DNA 
   318   DNA   DNA 
   319   DNA   DNA 
   320   DNA   DNA 
   321   DNA   DNA 
   322   DNA   DNA 
   323   DNA   DNA 
   324   DNA   DNA 
   325   DNA   DNA 
   326   DNA   DNA 
   327   DNA   DNA 
   328   DNA   DNA 
   329   DNA   DNA 
   330   DNA   DNA 
   331   DNA   DNA 
   332   DNA   DNA 
   333   DNA   DNA 
   334   DNA   DNA 
   335   DNA   DNA 
   336   DNA   DNA 
   337   DNA   DNA 
   338   DNA   DNA 
   339   DNA   DNA 
   340   DNA   DNA 
   341   DNA   DNA 
   342   DNA   DNA 
   343   DNA   DNA 
   344   DNA   DNA 
   345   DNA   DNA 
   346   DNA   DNA 
   347   DNA   DNA 
   348   DNA   DNA 
   349   DNA   DNA 
   350   DNA   DNA 
   351   DNA   DNA 
   352   DNA   DNA 
   353   DNA   DNA 
   354   DNA   DNA 
   355   DNA   DNA 
   356   DNA   DNA 
   357   DNA   DNA 
   358   DNA   DNA 
   359   DNA   DNA 
   360   DNA   DNA 
   361   DNA   DNA 
   362   DNA   DNA 
   363   DNA   DNA 
   364   DNA   DNA 
   365   DNA   DNA 
   366   DNA   DNA 
