1966          Temperature for CHISAPANI (KARNALI)     
        Tmax  Tmin
     1  20.6   9.8 
     2  20.6  10.4 
     3  19.4  10.7 
     4  16.6  11.0 
     5  17.2  12.0 
     6  17.8  10.8 
     7  19.2  10.6 
     8  20.8   9.8 
     9  21.2   9.8 
    10  21.7   9.9 
    11  21.6  10.6 
    12  22.0  10.6 
    13  21.6  10.4 
    14  22.0  10.6 
    15  22.4   9.8 
    16  21.4   9.4 
    17  22.2   9.5 
    18  22.5   9.6 
    19  22.8   9.4 
    20  21.3  10.0 
    21  21.6   9.5 
    22  21.0  10.0 
    23  22.1  11.2 
    24  21.8  11.5 
    25  21.2  10.8 
    26  15.7  11.6 
    27  17.8  12.3 
    28  20.6  11.0 
    29  22.6  10.0 
    30  24.4  10.4 
    31  23.2  11.0 
    32  23.4  11.2 
    33  24.0  11.5 
    34  24.2  12.0 
    35  23.2  12.8 
    36  24.8  13.0 
    37  24.4  13.6 
    38  26.8  14.3 
    39  27.0  15.4 
    40  27.3  16.3 
    41  27.4  17.6 
    42  26.2  15.6 
    43  23.2  16.6 
    44  18.3  16.2 
    45  21.8  14.0 
    46  26.3  13.0 
    47  26.8  13.2 
    48  25.6  12.5 
    49  25.0  13.4 
    50  26.4  13.8 
    51  26.3  14.4 
    52  27.2  13.4 
    53  29.0  14.4 
    54  27.0  13.9 
    55  27.8  13.6 
    56  27.8  15.0 
    57  30.4  15.9 
    58  30.4  16.8 
    59  28.8  16.0 
    60  29.7  15.6 
    61  30.4  16.2 
    62  30.4  16.0 
    63  29.7  15.8 
    64  28.4  16.8 
    65  26.6  12.0 
    66  24.8  11.4 
    67  27.7  11.9 
    68  28.6  13.2 
    69  30.0  14.6 
    70  30.6  15.6 
    71  31.0  15.4 
    72  31.0  15.0 
    73  32.2  16.4 
    74  32.6  16.7 
    75  33.6  18.2 
    76  35.2  18.8 
    77  27.8  19.4 
    78  33.0  17.4 
    79  29.2  14.0 
    80  32.1  15.2 
    81  34.6  17.7 
    82  36.2  17.8 
    83  27.0  18.3 
    84  36.2  18.0 
    85  38.8  18.4 
    86  36.8  18.2 
    87  34.3  18.6 
    88  33.2  17.4 
    89  34.2  16.0 
    90  35.8  18.0 
    91  36.4  18.6 
    92  35.2  18.4 
    93  36.4  20.0 
    94  37.6  19.6 
    95  38.8  20.2 
    96  39.0  23.0 
    97  36.2  22.4 
    98  35.8  18.8 
    99  36.4  19.4 
   100  37.0  20.1 
   101  38.4  21.0 
   102  39.0  20.1 
   103  39.2  21.0 
   104  40.8  24.9 
   105  41.2  23.6 
   106  40.2  21.6 
   107  39.4  22.4 
   108  37.2  20.5 
   109  38.2  22.8 
   110  39.6  21.6 
   111  39.0  21.4 
   112  39.2  23.2 
   113  38.2  24.0 
   114  40.0  23.2 
   115  41.4  25.4 
   116  38.8  25.2 
   117  40.8  26.4 
   118  42.8  25.1 
   119  42.4  26.3 
   120  41.4  25.4 
   121  40.4  25.0 
   122  41.8  23.0 
   123  41.0  21.6 
   124  40.8  24.8 
   125  42.1  26.4 
   126  42.1  24.2 
   127  41.0  26.8 
   128  37.4  23.3 
   129  35.8  21.8 
   130  38.1  21.6 
   131  35.6  23.2 
   132  27.0  22.8 
   133  36.6  21.2 
   134  37.6  20.8 
   135  38.2  20.3 
   136  38.9  21.6 
   137  41.2  25.4 
   138  42.2  26.6 
   139  43.0  26.0 
   140  43.8  28.0 
   141  42.8  27.4 
   142  41.4  29.4 
   143  41.2  28.1 
   144  42.0  29.8 
   145  42.8  27.6 
   146  42.6  27.4 
   147  42.6  19.4 
   148  41.0  27.8 
   149  41.0  29.6 
   150  40.0  25.0 
   151  43.4  26.4 
   152  42.4  27.2 
   153  42.2  26.4 
   154  42.6  27.8 
   155  40.8  25.6 
   156  41.1  25.6 
   157  43.6  29.8 
   158  44.4  27.8 
   159  45.0  30.6 
   160  45.0  28.2 
   161  43.6  28.8 
   162  43.8  30.0 
   163  44.0  30.6 
   164  41.2  29.9 
   165  38.8  29.6 
   166  35.0  24.2 
   167  38.6  25.2 
   168  34.8  23.8 
   169  33.4  23.4 
   170  33.0  24.7 
   171  36.8  24.0 
   172  37.2  27.4 
   173  34.4  28.2 
   174  30.4  24.0 
   175  33.4  24.6 
   176  32.8  25.2 
   177  31.4  25.1 
   178  31.4  25.4 
   179  31.8  25.4 
   180  29.4  26.0 
   181  29.0  24.8 
   182  29.0  25.0 
   183  31.6  24.4 
   184  35.5  26.3 
   185  34.6  26.6 
   186  35.0  25.0 
   187  35.4  25.8 
   188  35.8  25.4 
   189  35.7  26.2 
   190  33.8  27.3 
   191  37.8  27.4 
   192  37.0  27.0 
   193  32.8  26.0 
   194  34.4  23.6 
   195  34.6  24.6 
   196  34.2  23.0 
   197  34.8  26.6 
   198  35.2  26.6 
   199  31.6  27.7 
   200  34.8  26.6 
   201  31.4  26.0 
   202  35.4  25.2 
   203  32.4  25.5 
   204  34.0  26.8 
   205  31.2  24.6 
   206  34.4  25.0 
   207  26.0  23.6 
   208  38.2  23.6 
   209  33.2  24.4 
   210  35.0  25.8 
   211  34.4  26.4 
   212  31.8  24.4 
   213  30.6  25.2 
   214  30.6  25.3 
   215  31.0  25.2 
   216  32.0  25.5 
   217  27.2  25.3 
   218  31.4  24.2 
   219  31.6  24.6 
   220  33.7  25.2 
   221  31.4  25.8 
   222  30.6  24.6 
   223  29.6  24.6 
   224  28.8  24.4 
   225  30.0  25.2 
   226  29.8  25.2 
   227  31.8  25.4 
   228  33.6  25.2 
   229  32.4  25.6 
   230  32.2  25.8 
   231  32.8  25.6 
   232  33.0  24.0 
   233  34.8  25.8 
   234  31.6  25.4 
   235  29.4  24.0 
   236  28.6  25.4 
   237  31.0  23.6 
   238  31.8  23.8 
   239  32.6  24.6 
   240  31.4  25.2 
   241  32.2  25.2 
   242  32.8  24.4 
   243  33.4  25.0 
   244  33.8  25.2 
   245  33.0  24.6 
   246  31.4  23.8 
   247  36.4  25.1 
   248  34.3  25.0 
   249  34.0  25.4 
   250  31.3  25.0 
   251  31.8  23.8 
   252  30.0  24.1 
   253  30.8  23.8 
   254  32.4  23.1 
   255  30.5  22.3 
   256  32.6  23.2 
   257  31.8  24.4 
   258  32.8  24.0 
   259  32.0  23.8 
   260  33.8  23.0 
   261  31.8  22.8 
   262  33.1  22.7 
   263  33.0  23.2 
   264  33.4  23.0 
   265  33.4  22.6 
   266  33.6  21.8 
   267  32.8  20.6 
   268  33.3  21.6 
   269  33.0  20.8 
   270  33.8  21.0 
   271  33.4  20.8 
   272  33.4  22.1 
   273  32.0  21.4 
   274  30.4  18.5 
   275  31.8  19.6 
   276  31.9  20.2 
   277  32.6  21.8 
   278  25.7  19.0 
   279  25.7  18.5 
   280  29.6  19.4 
   281  30.4  19.6 
   282  31.2  20.0 
   283  31.4  20.4 
   284  31.6  19.4 
   285  31.7  19.9 
   286  31.9  19.8 
   287  31.2  19.6 
   288  31.0  18.2 
   289  31.2  18.6 
   290  30.7  18.8 
   291  30.2  19.4 
   292  30.8  20.6 
   293  31.2  20.6 
   294  31.2  19.6 
   295  30.8  18.8 
   296  31.8  19.4 
   297  30.6  18.0 
   298  30.2  17.8 
   299  29.8  17.6 
   300  28.4  17.6 
   301  30.4  17.2 
   302  28.8  17.0 
   303  30.2  17.7 
   304  30.0  18.2 
   305  30.0  17.8 
   306  29.8  16.8 
   307  29.0  15.2 
   308  28.8  15.2 
   309  29.0  15.3 
   310  28.7  15.2 
   311  26.4  13.4 
   312  26.5  14.5 
   313  26.8  14.3 
   314  28.4  15.0 
   315  23.5  15.0 
   316  25.6  16.6 
   317  25.8  14.6 
   318  21.6  16.0 
   319  27.0  14.0 
   320  26.8  14.8 
   321  27.6  16.6 
   322  27.0  16.8 
   323  27.3  17.0 
   324  27.0  15.6 
   325  26.8  15.4 
   326  26.3  15.3 
   327  26.0  14.0 
   328  26.2  14.3 
   329  27.2  14.0 
   330  26.3  13.8 
   331  25.6  13.2 
   332  24.9  13.8 
   333  24.3  11.2 
   334  20.2  10.6 
   335  20.6  13.4 
   336  18.2  10.2 
   337  20.4  11.2 
   338  21.2  10.6 
   339  21.9  11.2 
   340  22.0  11.6 
   341  22.0  11.6 
   342  22.1  11.0 
   343  18.0  10.9 
   344  19.5   9.0 
   345  20.2   9.2 
   346  20.8   8.4 
   347  20.4   9.6 
   348  20.4   9.4 
   349  21.5  10.3 
   350  22.0   9.6 
   351  21.2  10.0 
   352  21.0   9.2 
   353  21.0   8.4 
   354  21.8   9.2 
   355  21.2   9.0 
   356  20.8   9.8 
   357  21.2   9.8 
   358  21.0  10.2 
   359  19.8  10.2 
   360  22.6  11.2 
   361  22.7  10.6 
   362  21.0  10.4 
   363  17.0  11.2 
   364  20.2  11.2 
   365  20.8  10.0 
