1994          Temperature for CHISAPANI (KARNALI)     
        Tmax  Tmin
     1  18.5  12.0 
     2  18.6  10.1 
     3  20.9  10.0 
     4  21.2  11.4 
     5  22.5  12.2 
     6  21.0  11.0 
     7  22.5  11.5 
     8  23.0  11.6 
     9  21.9  11.0 
    10  19.0  11.4 
    11  17.0  11.9 
    12  17.5  13.6 
    13  22.8  13.4 
    14  23.5  13.0 
    15  15.2  12.5 
    16  18.9   9.5 
    17  16.0   9.9 
    18  17.9   9.7 
    19  19.3  10.0 
    20  20.5   9.9 
    21  21.4   8.8 
    22  22.6   8.9 
    23  22.4   9.9 
    24  22.5  10.0 
    25  23.7  10.9 
    26  23.6  12.1 
    27  25.2  14.0 
    28  26.0  14.6 
    29  23.5  14.3 
    30  22.4  13.5 
    31  23.1  11.9 
    32  19.8  13.9 
    33  21.0   9.5 
    34  23.0  10.5 
    35  21.5  11.6 
    36  24.2  12.9 
    37  24.6  12.3 
    38  25.6  12.9 
    39  16.2  13.0 
    40  22.2  11.4 
    41  21.1  11.4 
    42  21.5  10.9 
    43  23.0  11.5 
    44  22.9  10.3 
    45  23.6  11.7 
    46  23.9  12.0 
    47  23.8  13.0 
    48  25.9  12.9 
    49  25.0  12.7 
    50  26.9  12.5 
    51  24.4  13.0 
    52  20.4  13.8 
    53  21.6  13.9 
    54  22.2  11.3 
    55  23.1  11.1 
    56  23.4  12.3 
    57  24.5  13.4 
    58  26.6  14.3 
    59  26.2  14.4 
    60  24.7  12.4 
    61  24.8  14.5 
    62  26.4  14.4 
    63  28.5  15.5 
    64  30.4  16.0 
    65  27.8  14.8 
    66  27.1  15.6 
    67  26.6  14.5 
    68  28.0  15.0 
    69  29.0  16.1 
    70  28.8  16.3 
    71  29.8  17.5 
    72  29.8  18.5 
    73  29.3  18.7 
    74  31.5  19.4 
    75  31.0  18.9 
    76  33.0  19.0 
    77  31.5  18.3 
    78  32.4  20.3 
    79  36.7  21.3 
    80  36.2  20.0 
    81  31.5  18.4 
    82  31.7  18.5 
    83  32.0  19.3 
    84  34.5  20.4 
    85  33.0  20.1 
    86  31.3  19.0 
    87  31.4  19.7 
    88  30.6  18.4 
    89  32.2  20.0 
    90  33.8  21.0 
    91  33.4  18.9 
    92  33.2  19.9 
    93  33.4  18.4 
    94  32.4  19.9 
    95  27.3  21.6 
    96  32.1  18.9 
    97  33.2  19.8 
    98  32.9  20.4 
    99  33.6  19.5 
   100  33.8  19.5 
   101  34.7  19.1 
   102  34.3  17.9 
   103  36.2  19.9 
   104  37.1  20.6 
   105  31.3  20.7 
   106  33.1  20.3 
   107  33.9  21.4 
   108  34.6  20.9 
   109  35.6  21.3 
   110  37.7  22.9 
   111  36.6  25.1 
   112  31.6  23.5 
   113  33.4  21.4 
   114  36.6  21.9 
   115  36.8  22.1 
   116  37.6  22.7 
   117  34.3  25.2 
   118  36.5  22.3 
   119  38.6  25.2 
   120  34.1  24.6 
   121  37.3  23.9 
   122  38.6  23.4 
   123  41.0  27.0 
   124  39.4  27.7 
   125  38.9  26.4 
   126  39.0  26.0 
   127  37.6  27.2 
   128  40.0  27.8 
   129  36.6  28.6 
   130  33.8  18.4 
   131  35.1  20.1 
   132  37.4  22.8 
   133  40.1  24.6 
   134  40.0  25.5 
   135  37.7  25.6 
   136  37.4  25.9 
   137  37.5  26.6 
   138  35.3  26.9 
   139  36.4  27.4 
   140  36.9  28.1 
   141  34.3  29.4 
   142  36.6  25.3 
   143  37.6  28.0 
   144  37.4  28.0 
   145  35.5  24.0 
   146  34.8  26.4 
   147  36.8  27.5 
   148  39.2  26.4 
   149  39.9  29.1 
   150  39.0  29.0 
   151  40.2  27.6 
   152  39.7  28.4 
   153  40.8  28.5 
   154  40.4  27.4 
   155  37.4  19.3 
   156  39.0  23.9 
   157  38.1  27.5 
   158  38.9  28.8 
   159  36.9  30.7 
   160  39.3  28.1 
   161  37.4  27.4 
   162  33.8  20.4 
   163  35.4  26.6 
   164  34.7  28.1 
   165  36.0  29.0 
   166  37.1  28.9 
   167  37.1  29.0 
   168  33.5  24.9 
   169  35.5  27.9 
   170  33.7  25.4 
   171  31.9  26.9 
   172  31.2  27.5 
   173  29.1  24.4 
   174  31.7  26.4 
   175  32.8  26.4 
   176  34.3  24.6 
   177  31.7  25.0 
   178  33.5  26.5 
   179  34.2  27.0 
   180  32.8  25.2 
   181  35.8  26.5 
   182  32.9  26.9 
   183  33.6  27.0 
   184  32.0  25.1 
   185  32.7  25.4 
   186  32.0  25.9 
   187  33.1  25.9 
   188  31.6  26.6 
   189  28.7  25.2 
   190  33.4  25.4 
   191  31.2  25.5 
   192  33.7  26.6 
   193  33.5  24.4 
   194  34.0  27.4 
   195  34.3  27.0 
   196  34.4  26.9 
   197  34.9  27.5 
   198  34.0  26.0 
   199  34.8  27.6 
   200  29.5  23.9 
   201  31.4  25.4 
   202  32.7  24.6 
   203  29.5  25.4 
   204  31.4  24.9 
   205  29.6  24.8 
   206  30.9  25.5 
   207  31.2  24.6 
   208  29.8  23.1 
   209  32.7  25.4 
   210  30.7  26.0 
   211  31.7  23.8 
   212  33.4  25.0 
   213  33.3  26.9 
   214  32.0  26.9 
   215  31.5  25.2 
   216  32.6  26.9 
   217  32.4  25.6 
   218  28.8  25.5 
   219  32.4  25.4 
   220  30.9  25.9 
   221  28.5  25.2 
   222  29.7  24.6 
   223  30.6  25.0 
   224  31.4  25.5 
   225  30.9  25.5 
   226  28.9  25.4 
   227  26.7  24.6 
   228  28.5  24.6 
   229  33.6  25.9 
   230  32.6  25.2 
   231  32.2  25.0 
   232  31.9  26.0 
   233  29.6  25.0 
   234  30.3  24.9 
   235  29.6  24.3 
   236  30.8  25.0 
   237  28.7  24.9 
   238  31.6  24.9 
   239  32.5  26.0 
   240  32.5  26.3 
   241  33.3  25.9 
   242  33.2  26.1 
   243  32.6  26.3 
   244  32.6  26.0 
   245  33.2  26.4 
   246  32.3  25.8 
   247  32.4  24.9 
   248  32.0  26.6 
   249  32.8  25.5 
   250  32.5  25.0 
   251  32.0  20.5 
   252  32.1  20.4 
   253   DNA  26.0 
   254  30.2  24.4 
   255  31.1  22.0 
   256  30.4  24.5 
   257  31.2  24.4 
   258  31.0  23.9 
   259  32.1  24.9 
   260  33.0  25.1 
   261  28.4  25.0 
   262  29.1  24.4 
   263  29.8  23.3 
   264  30.6  22.9 
   265  30.6  23.5 
   266  31.0  23.9 
   267  30.4  23.5 
   268  30.1  23.5 
   269  30.2  22.4 
   270  30.6  22.6 
   271  30.9  21.9 
   272  31.7  22.6 
   273  32.0  21.7 
   274  32.1  21.9 
   275  31.8  22.4 
   276  31.9  21.9 
   277  32.1  22.3 
   278  31.9  22.8 
   279  31.6  22.9 
   280  30.9  22.5 
   281  31.1  22.6 
   282  30.7  22.4 
   283  30.6  21.7 
   284  31.6  21.4 
   285  33.3  21.1 
   286  31.9  18.9 
   287  31.9  18.0 
   288  31.3  19.2 
   289  30.3  18.5 
   290  30.4  18.1 
   291  31.1  18.4 
   292  30.4  18.9 
   293  30.1  18.4 
   294  30.7  18.6 
   295  29.9  18.7 
   296  30.5  18.6 
   297  29.9  18.9 
   298  28.8  18.5 
   299  29.3  19.6 
   300  29.3  19.6 
   301  29.8  19.6 
   302  31.3  19.9 
   303  30.8  17.8 
   304  28.4  16.9 
   305  29.4  17.6 
   306  29.3  17.8 
   307  29.5  18.2 
   308  29.4  17.9 
   309  29.5  16.8 
   310  29.1  16.5 
   311  29.3  16.9 
   312  27.4  16.3 
   313  27.0  16.5 
   314  27.9  16.4 
   315  29.4  16.4 
   316  28.5  16.6 
   317  25.8  15.4 
   318  24.8  15.3 
   319  25.1  15.5 
   320  25.3  15.4 
   321  24.7  15.3 
   322  24.7  14.6 
   323  24.7  14.1 
   324  25.6  14.0 
   325  24.5  14.2 
   326  24.4  14.1 
   327  24.7  13.9 
   328  25.0  13.9 
   329  25.5  14.0 
   330  23.4  12.7 
   331  24.5  13.7 
   332  22.3  14.2 
   333  22.6  14.3 
   334  18.6  13.9 
   335  21.9  14.0 
   336  20.9  15.0 
   337  19.9  14.4 
   338  21.0  14.2 
   339  21.1  13.4 
   340  23.3  13.6 
   341  24.6  13.4 
   342  24.6  13.9 
   343  23.9  14.2 
   344  23.7  13.7 
   345  22.6  11.9 
   346  20.1  10.2 
   347  21.6  10.8 
   348  22.1  10.4 
   349  22.3  11.4 
   350  21.8  11.1 
   351  21.1  11.1 
   352  21.8  11.2 
   353  20.9  10.5 
   354  20.9  11.0 
   355  21.5  10.9 
   356  21.3  10.6 
   357  21.1  10.7 
   358  19.6  10.6 
   359  23.9  12.5 
   360  23.6  11.5 
   361  24.6  11.9 
   362  22.4  11.6 
   363  22.9  11.0 
   364  20.6  11.4 
   365  16.3   7.6 
