1975          Temperature for CHISAPANI (KARNALI)     
        Tmax  Tmin
     1  15.5   9.5 
     2  18.8  10.0 
     3  13.0   9.8 
     4  18.2   8.0 
     5  19.0   8.0 
     6  19.0   6.5 
     7  21.8   7.0 
     8  18.0   8.0 
     9  18.0   8.0 
    10  22.5  10.2 
    11  22.2  10.5 
    12  21.5   9.2 
    13  21.0   7.5 
    14  21.5   7.2 
    15  21.1   8.0 
    16  20.5   9.7 
    17  22.0   9.5 
    18  22.0   7.0 
    19  19.6   7.9 
    20  16.6   8.4 
    21  19.5   8.9 
    22  15.8  10.0 
    23  20.9  11.2 
    24  19.0  10.0 
    25  21.5   7.0 
    26  22.2   8.0 
    27  21.2   8.0 
    28   DNA   8.0 
    29  24.9   DNA 
    30  21.1   9.9 
    31  21.9  11.1 
    32  14.5  12.0 
    33  22.1  10.0 
    34  22.6   9.0 
    35  20.5   9.0 
    36  23.0   9.8 
    37  24.4  10.0 
    38  25.0   9.5 
    39  25.5  10.2 
    40  25.0  11.5 
    41  22.0  10.9 
    42  23.2  10.0 
    43  25.0   9.5 
    44  18.0  11.0 
    45  23.5  11.5 
    46  25.0  10.5 
    47  25.0  10.1 
    48  23.2   9.8 
    49  25.7   9.0 
    50  25.0   9.9 
    51  18.9  10.0 
    52  25.0  12.9 
    53  26.9  13.0 
    54  26.0  11.4 
    55  27.0  12.0 
    56  28.0  12.5 
    57  27.5  14.5 
    58  28.2  13.0 
    59  28.4  11.8 
    60  30.4  13.8 
    61  28.9  13.0 
    62  28.7  13.0 
    63  29.5  14.0 
    64  27.0  14.5 
    65  30.5  15.9 
    66  29.2  14.5 
    67  29.9  13.2 
    68  23.3  13.2 
    69  31.1  13.3 
    70  27.9  15.8 
    71  30.3  15.0 
    72  29.0  13.8 
    73  29.0  12.0 
    74  29.3  14.0 
    75  31.0  17.5 
    76  30.9  14.0 
    77  31.0  15.0 
    78  31.5  14.0 
    79  33.0  15.2 
    80  33.0  14.9 
    81  32.8  17.0 
    82  31.0  19.5 
    83  30.1  12.5 
    84  21.0  15.0 
    85  28.5  12.0 
    86  31.5  10.2 
    87  32.5  12.0 
    88  33.0  12.5 
    89  34.0  17.0 
    90  31.5  18.0 
    91  36.0  18.4 
    92  36.9  19.7 
    93  34.5  20.0 
    94  38.2  20.5 
    95  38.3  20.8 
    96  39.7  20.0 
    97  40.2  17.5 
    98  35.6  21.1 
    99  34.7  19.0 
   100  34.2  15.7 
   101  34.2  16.5 
   102  36.2  16.9 
   103  37.0  17.8 
   104  36.5  14.6 
   105  36.3  19.0 
   106  34.9  18.9 
   107  38.7  18.9 
   108  38.0  20.8 
   109  38.5  21.0 
   110  38.8  20.2 
   111  37.4  21.0 
   112  39.0  24.2 
   113  37.9  21.8 
   114  38.6  21.9 
   115  39.0  22.8 
   116  39.9  23.0 
   117  41.9  22.6 
   118  38.0  21.4 
   119  38.0  21.0 
   120  39.5  21.3 
   121  40.2  22.8 
   122  40.3  22.9 
   123  38.5  20.2 
   124  38.8  25.7 
   125  39.9  24.2 
   126  40.4  23.2 
   127  40.3  23.2 
   128  40.0  22.2 
   129  40.6  25.0 
   130  40.9  24.7 
   131  40.9  23.7 
   132  39.9  23.9 
   133  38.0  26.0 
   134  38.4  21.0 
   135  38.5  24.2 
   136  35.8  26.9 
   137  39.6  24.2 
   138  39.0  21.8 
   139  40.0  24.4 
   140  40.0  23.6 
   141  41.2  26.1 
   142  35.5  20.6 
   143  38.2  20.5 
   144  38.7  22.2 
   145  39.3  24.5 
   146  40.0  25.5 
   147  40.9  25.7 
   148  41.2  26.7 
   149  40.5  26.2 
   150  41.6  27.9 
   151  36.4  27.1 
   152  36.0  24.9 
   153  37.0  24.9 
   154  34.0  19.9 
   155  38.6  20.5 
   156  40.9  24.9 
   157  41.2  26.2 
   158  40.2  26.2 
   159  37.9  25.1 
   160  37.0  25.2 
   161  39.5  25.2 
   162  40.1  21.0 
   163  42.6  25.1 
   164  43.0  27.9 
   165  40.2  28.0 
   166  41.9  25.4 
   167  39.0  29.4 
   168  35.5  27.3 
   169  35.8  23.9 
   170  29.5  24.0 
   171  33.0  23.0 
   172  30.3  24.5 
   173  33.0  21.0 
   174  29.5  20.0 
   175  35.0  20.0 
   176  35.5  20.0 
   177  34.0  20.0 
   178  33.5  20.6 
   179  31.5  20.3 
   180  32.0  20.3 
   181  30.5  20.0 
   182  30.6  20.2 
   183  31.5  20.2 
   184  30.3  20.3 
   185  25.0  20.3 
   186  31.0  20.0 
   187  33.5  20.2 
   188  33.0  20.5 
   189  32.0  23.0 
   190  32.1  23.3 
   191  33.4  24.5 
   192  32.0  24.8 
   193  26.6  24.2 
   194  30.8  24.0 
   195  33.7  24.2 
   196  32.7  24.8 
   197  30.9  22.8 
   198  33.0  24.0 
   199  33.0  23.0 
   200  33.5  24.0 
   201  32.0  23.0 
   202  33.0  23.0 
   203  28.5  22.0 
   204  31.5  20.2 
   205  30.5  20.3 
   206  30.5  20.3 
   207  30.1  20.3 
   208  30.0  20.3 
   209  28.5  20.3 
   210  31.5  20.2 
   211  31.8  20.3 
   212  31.5  24.2 
   213  29.2  24.0 
   214  29.5  23.0 
   215  26.0  22.9 
   216  29.0  23.0 
   217  32.5  20.4 
   218  33.2  20.4 
   219  33.5  25.0 
   220  33.2  25.8 
   221  34.0  25.2 
   222  36.5  26.2 
   223  34.6  24.0 
   224  32.2  23.8 
   225  35.3  25.0 
   226  33.8  25.2 
   227  34.5  25.0 
   228  33.7  25.2 
   229  33.5  25.0 
   230  35.0  24.2 
   231  33.0  23.7 
   232  32.9  22.5 
   233  32.9  24.0 
   234  32.3  24.0 
   235  27.5  23.0 
   236  25.2  22.1 
   237  31.0  21.5 
   238  34.4  23.0 
   239  35.8  25.6 
   240  32.0  23.5 
   241  33.5  23.1 
   242  30.3  24.2 
   243  33.5  24.2 
   244  31.2  23.2 
   245  33.5  23.5 
   246  31.8  23.2 
   247  30.9  23.9 
   248  32.6  24.0 
   249  28.2  23.6 
   250  26.2  23.4 
   251  25.9  22.2 
   252  31.5  23.2 
   253  33.0  23.0 
   254  30.4  23.2 
   255  30.8  23.0 
   256  30.9  22.5 
   257  32.0  23.0 
   258  32.8  23.0 
   259  30.0  23.9 
   260  32.7  22.8 
   261  32.5  22.2 
   262  29.0  22.9 
   263  32.2  23.0 
   264  32.0  23.2 
   265  33.2  23.5 
   266  33.9  23.3 
   267  34.5  24.0 
   268  33.5  23.5 
   269  32.8  23.0 
   270  32.5  22.6 
   271  29.0  21.5 
   272  30.3  21.5 
   273  33.2  23.1 
   274  36.6  23.9 
   275  31.8  22.0 
   276  33.0  22.6 
   277  31.3  21.9 
   278  30.7  22.9 
   279  32.9  22.6 
   280  33.0  22.9 
   281  33.5  23.5 
   282  32.2  23.1 
   283  32.8  23.0 
   284  32.7  22.4 
   285  32.8  21.2 
   286  32.2  21.0 
   287  32.0  21.6 
   288  32.8  21.0 
   289  32.2  21.6 
   290  32.4  21.9 
   291  32.4  21.2 
   292  32.5  21.2 
   293  32.0  21.1 
   294  32.0  19.4 
   295  32.0  20.0 
   296  32.2  19.4 
   297  32.2  20.7 
   298  32.4  20.6 
   299  31.0  20.4 
   300  31.6  20.0 
   301  33.2  18.5 
   302  31.6  23.9 
   303  31.6  22.0 
   304  31.2  21.2 
   305  31.2  18.7 
   306  30.5  18.5 
   307  31.2  19.2 
   308  31.9  17.5 
   309  30.9  17.0 
   310  30.2  17.0 
   311  29.9  16.1 
   312  27.9  15.5 
   313  27.9  15.2 
   314  26.5  15.2 
   315  26.5  14.9 
   316  26.7  14.3 
   317  25.8  14.9 
   318  26.3  13.9 
   319  26.1  14.5 
   320  26.1  14.0 
   321  26.8  14.0 
   322  24.9  12.8 
   323  25.8  11.9 
   324  23.2  11.9 
   325  25.2  12.0 
   326  24.9  11.8 
   327  23.0  13.0 
   328  23.0  12.5 
   329  23.5  12.0 
   330  22.3  11.2 
   331  23.8  11.1 
   332  23.2  11.0 
   333  23.3  10.9 
   334  22.2  11.1 
   335  22.1  11.1 
   336  22.3  11.0 
   337  21.7  10.7 
   338  21.5  11.0 
   339  24.0  11.0 
   340  22.7  10.5 
   341  20.3   9.8 
   342  19.2   9.5 
   343  21.5   9.0 
   344  20.1   9.2 
   345  21.5   9.8 
   346  22.2  10.0 
   347  19.9  10.0 
   348  22.0   9.5 
   349  20.7   9.5 
   350  18.9   9.7 
   351  18.5  10.0 
   352  18.6  10.2 
   353  18.9  10.2 
   354  20.0  10.5 
   355  19.5  10.8 
   356  20.0  10.9 
   357  20.0  10.0 
   358  20.5  10.0 
   359  19.3  10.3 
   360  20.0  10.2 
   361  19.5  11.0 
   362  19.5  11.5 
   363  20.0  11.2 
   364  20.2  10.3 
   365   DNA  10.2 
