      1    0.0
      2    0.0
      3    0.0
      4    0.0
      5    0.0
      6    0.0
      7    0.0
      8    0.0
      9    0.0
     10    0.0
     11    0.0
     12    0.0
     13    0.0
     14    0.0
     15    0.0
     16    0.0
     17    0.0
     18    0.0
     19    0.0
     20    T  
     21    0.0
     22    0.0
     23    0.0
     24    0.0
     25    0.0
     26    0.0
     27    0.0
     28    0.0
     29    0.0
     30    0.0
     31    0.0
     32    0.0
     33    0.0
     34    0.0
     35    0.0
     36    0.0
     37    0.0
     38    0.0
     39    0.0
     40    0.0
     41    0.0
     42    0.0
     43    0.0
     44    0.0
     45    0.0
     46    0.0
     47    0.0
     48    0.0
     49    0.0
     50    0.0
     51    0.0
     52    0.0
     53    0.0
     54    0.0
     55    0.1
     56    0.0
     57    0.0
     58    0.0
     59    0.0
     60    0.0
     61    0.0
     62    0.0
     63    0.0
     64    0.0
     65    0.0
     66    0.0
     67    0.0
     68    0.0
     69    0.0
     70    0.0
     71    2.0
     72    0.0
     73    0.0
     74    0.0
     75    0.0
     76    0.0
     77    0.0
     78    0.0
     79    0.0
     80    0.0
     81    0.0
     82    0.0
     83    0.0
     84    0.0
     85    5.2
     86    2.8
     87    0.0
     88    0.0
     89   29.6
     90   58.8
     91    0.0
     92    0.0
     93    0.0
     94    0.4
     95    0.0
     96    0.0
     97    0.0
     98    0.0
     99    T  
    100    2.8
    101    0.0
    102    0.0
    103    0.0
    104    0.0
    105    5.2
    106    0.0
    107   16.1
    108    1.3
    109    2.5
    110    T  
    111    T  
    112    0.0
    113    0.0
    114    8.4
    115    0.0
    116    0.0
    117    0.0
    118   64.8
    119    0.0
    120    2.0
    121    0.0
    122    5.6
    123    0.0
    124    0.0
    125    1.2
    126   10.0
    127    0.0
    128    2.8
    129    0.0
    130    0.0
    131    0.0
    132    0.0
    133    3.6
    134    0.0
    135    0.0
    136    0.0
    137    0.0
    138    0.0
    139    0.0
    140   62.8
    141    1.4
    142    0.0
    143    0.0
    144   16.0
    145    0.0
    146    4.9
    147    0.0
    148   43.2
    149    7.5
    150    1.5
    151    0.0
    152    0.0
    153   30.5
    154   20.0
    155    0.0
    156   24.0
    157    0.0
    158    3.0
    159    0.0
    160    0.0
    161    0.0
    162    0.0
    163   20.5
    164    9.6
    165    5.0
    166   16.0
    167    T  
    168    1.5
    169    1.6
    170    1.9
    171   11.1
    172    0.0
    173   14.0
    174    2.5
    175    0.0
    176    2.5
    177    0.6
    178    0.0
    179    0.0
    180    3.1
    181    0.5
    182    2.5
    183    8.5
    184    0.5
    185   13.7
    186    0.0
    187    0.0
    188    0.0
    189   10.7
    190    7.7
    191    7.0
    192    0.0
    193    2.3
    194    3.3
    195   25.8
    196    1.0
    197    0.2
    198    0.0
    199    0.0
    200    0.0
    201    0.0
    202    0.0
    203    T  
    204    0.0
    205   34.0
    206    2.8
    207    0.0
    208    0.0
    209    2.2
    210    T  
    211    0.0
    212    0.0
    213    0.0
    214    0.0
    215   25.0
    216    2.3
    217    0.0
    218    0.0
    219    0.0
    220    T  
    221    1.3
    222   18.0
    223    0.1
    224    1.0
    225    5.4
    226    T  
    227    T  
    228    T  
    229    T  
    230    T  
    231    0.9
    232    0.0
    233    5.0
    234    2.4
    235    7.3
    236    3.8
    237   13.0
    238    0.0
    239    6.0
    240    4.4
    241   30.2
    242    0.0
    243    0.0
    244    0.0
    245    2.0
    246    0.0
    247    0.0
    248    0.0
    249   10.0
    250    0.0
    251    5.0
    252    0.1
    253    T  
    254    T  
    255    0.0
    256    0.0
    257    0.0
    258    T  
    259    0.0
    260    0.0
    261    0.0
    262    T  
    263    T  
    264    0.0
    265    0.0
    266    2.6
    267    0.0
    268    0.0
    269    0.0
    270    0.0
    271    0.0
    272    0.0
    273    0.0
    274    0.0
    275   10.0
    276    2.3
    277    0.5
    278   22.5
    279   24.5
    280    0.0
    281    0.0
    282    0.0
    283    0.0
    284    0.0
    285    0.0
    286    0.0
    287    0.0
    288   14.5
    289    0.1
    290    0.0
    291    0.0
    292    1.0
    293    0.0
    294    0.0
    295    0.0
    296    0.0
    297    0.0
    298    0.0
    299    1.0
    300    0.0
    301    0.0
    302    0.0
    303    0.0
    304    0.0
    305    0.0
    306    0.0
    307   32.0
    308    1.7
    309    0.0
    310    0.0
    311    0.0
    312    0.0
    313    0.0
    314    0.0
    315    0.0
    316    0.0
    317    0.0
    318    0.0
    319    0.0
    320    0.0
    321    0.0
    322    0.0
    323    0.0
    324    0.0
    325    0.0
    326    0.0
    327    0.0
    328    0.0
    329    0.0
    330    0.0
    331    0.0
    332    0.0
    333    0.0
    334    0.0
    335    0.0
    336    0.0
    337    0.0
    338    0.0
    339    0.0
    340    0.0
    341    0.0
    342    0.0
    343    0.0
    344    0.0
    345    0.0
    346    0.0
    347    0.0
    348    0.0
    349    0.0
    350    0.0
    351    0.0
    352    0.0
    353    0.0
    354    0.0
    355    0.0
    356    0.0
    357    0.0
    358    0.0
    359    0.0
    360    T  
    361    1.5
    362   19.5
    363    0.0
    364    0.0
    365    0.0
