      1   DNA   
      2   DNA   
      3   DNA   
      4   DNA   
      5   DNA   
      6   DNA   
      7   DNA   
      8   DNA   
      9   DNA   
     10   DNA   
     11   DNA   
     12   DNA   
     13   DNA   
     14    0.0
     15    0.0
     16    0.0
     17    0.0
     18    0.0
     19    0.0
     20    0.0
     21    0.0
     22    0.0
     23    0.0
     24    0.0
     25    0.0
     26    0.0
     27    0.0
     28    0.0
     29    0.0
     30    0.0
     31    0.0
     32    0.0
     33    0.0
     34    0.0
     35    0.0
     36    0.0
     37    0.0
     38    0.0
     39    0.0
     40    0.0
     41    3.7
     42   16.4
     43    0.0
     44    0.0
     45    0.0
     46    0.0
     47    0.0
     48    0.0
     49    0.0
     50    0.0
     51    0.0
     52    0.0
     53    0.0
     54    0.0
     55    0.0
     56    0.0
     57    0.0
     58    0.0
     59    0.0
     60    0.0
     61    0.0
     62    0.0
     63    0.0
     64    0.0
     65    0.0
     66    0.0
     67    0.0
     68    0.0
     69    0.0
     70    0.0
     71    0.0
     72    0.0
     73    0.0
     74    0.0
     75    0.0
     76    0.0
     77    0.0
     78    0.0
     79    0.0
     80    9.6
     81   11.0
     82   13.4
     83    8.3
     84    5.9
     85    0.0
     86    0.0
     87    0.0
     88    0.0
     89    0.0
     90    0.0
     91    0.0
     92    0.0
     93    0.0
     94    0.0
     95    0.0
     96    0.0
     97    0.0
     98   24.7
     99   38.2
    100    9.2
    101    0.0
    102    0.0
    103    0.0
    104    0.0
    105    0.0
    106    0.0
    107    0.0
    108    0.0
    109    0.0
    110    0.0
    111    0.0
    112    0.0
    113    0.0
    114    0.0
    115    0.0
    116    0.0
    117    0.0
    118    0.0
    119    0.0
    120    0.0
    121    0.0
    122    0.0
    123    0.0
    124    0.0
    125    0.0
    126    0.0
    127    0.0
    128    0.0
    129    0.0
    130    0.0
    131    0.0
    132    0.0
    133    0.0
    134    0.0
    135    0.0
    136    0.0
    137   13.0
    138    0.0
    139    0.0
    140    0.0
    141    0.0
    142    9.7
    143   11.2
    144   18.3
    145   21.6
    146    0.0
    147    0.0
    148    0.0
    149    0.0
    150    0.0
    151    0.0
    152    0.0
    153    0.0
    154    0.0
    155    0.0
    156    0.0
    157    0.0
    158    0.0
    159   11.9
    160    0.0
    161    0.0
    162    0.0
    163    0.0
    164    7.9
    165    0.0
    166    0.0
    167    0.0
    168    0.0
    169    0.0
    170    0.0
    171    0.0
    172    0.0
    173    0.0
    174    0.0
    175    0.0
    176    0.0
    177    0.0
    178    0.0
    179    0.0
    180    2.4
    181   36.0
    182   18.9
    183   15.6
    184   40.6
    185   36.7
    186   24.9
    187   63.2
    188   78.0
    189  109.6
    190   88.9
    191   92.3
    192   98.7
    193   55.0
    194   89.3
    195  107.4
    196  111.3
    197    7.2
    198    5.8
    199    4.3
    200    9.4
    201    8.1
    202   10.2
    203    9.4
    204    9.1
    205   10.5
    206   10.1
    207   10.5
    208    4.2
    209    7.5
    210    5.2
    211   14.5
    212  120.1
    213    9.2
    214   12.4
    215    T  
    216    2.6
    217   69.4
    218   32.8
    219   61.6
    220   41.6
    221    0.0
    222    T  
    223    0.0
    224   36.3
    225   11.2
    226   46.8
    227   24.6
    228   22.6
    229   18.2
    230   30.6
    231   31.4
    232   19.8
    233    0.0
    234   25.3
    235    0.0
    236    0.0
    237    T  
    238   46.6
    239   10.2
    240    7.2
    241   10.7
    242   21.2
    243    7.5
    244   11.2
    245   13.6
    246   28.4
    247    9.8
    248   40.2
    249   35.5
    250   38.7
    251   40.2
    252   21.5
    253   32.2
    254   31.7
    255   34.9
    256   44.2
    257   41.2
    258   45.3
    259    T  
    260   DNA   
    261   DNA   
    262   DNA   
    263   DNA   
    264   DNA   
    265   DNA   
    266   DNA   
    267   DNA   
    268   DNA   
    269   DNA   
    270   DNA   
    271   DNA   
    272   DNA   
    273   DNA   
    274   DNA   
    275   DNA   
    276   DNA   
    277   DNA   
    278   DNA   
    279   DNA   
    280   DNA   
    281   DNA   
    282   DNA   
    283   DNA   
    284   DNA   
    285   DNA   
    286   DNA   
    287   DNA   
    288   DNA   
    289   DNA   
    290   DNA   
    291   DNA   
    292   DNA   
    293   DNA   
    294   DNA   
    295   DNA   
    296   DNA   
    297   DNA   
    298   DNA   
    299   DNA   
    300   DNA   
    301   DNA   
    302   DNA   
    303   DNA   
    304   DNA   
    305   DNA   
    306   DNA   
    307   DNA   
    308   DNA   
    309    0.0
    310   DNA   
    311   DNA   
    312   DNA   
    313   DNA   
    314   DNA   
    315   DNA   
    316   DNA   
    317   DNA   
    318   DNA   
    319   DNA   
    320   DNA   
    321   DNA   
    322   DNA   
    323   DNA   
    324   DNA   
    325   DNA   
    326   DNA   
    327   DNA   
    328   DNA   
    329   DNA   
    330   DNA   
    331   DNA   
    332   DNA   
    333   DNA   
    334   DNA   
    335   DNA   
    336   DNA   
    337   DNA   
    338   DNA   
    339   DNA   
    340   DNA   
    341   DNA   
    342   DNA   
    343   DNA   
    344   DNA   
    345   DNA   
    346   DNA   
    347   DNA   
    348   DNA   
    349   DNA   
    350   DNA   
    351   DNA   
    352   DNA   
    353   DNA   
    354   DNA   
    355   DNA   
    356   DNA   
    357   DNA   
    358   DNA   
    359   DNA   
    360   DNA   
    361   DNA   
    362   DNA   
    363   DNA   
    364   DNA   
    365   DNA   
