      1    0.0
      2    0.0
      3    0.0
      4    0.0
      5    0.0
      6    0.0
      7    0.0
      8    0.0
      9    0.0
     10    0.0
     11    0.0
     12    0.0
     13    0.0
     14    0.0
     15    0.0
     16    0.0
     17    0.0
     18    0.0
     19    0.0
     20    0.0
     21    0.0
     22    0.0
     23    0.0
     24    0.0
     25    0.0
     26    0.0
     27    0.0
     28    0.0
     29    0.0
     30    0.0
     31    0.0
     32    0.0
     33    0.0
     34    0.0
     35    0.0
     36   10.2
     37    0.0
     38    0.0
     39    0.0
     40    0.0
     41    0.0
     42    0.0
     43    0.0
     44    0.0
     45    0.0
     46    0.0
     47    0.0
     48    0.0
     49    0.0
     50    0.0
     51    0.0
     52    0.0
     53    0.0
     54    0.0
     55    0.0
     56    0.0
     57    0.0
     58    0.0
     59    2.0
     60    0.0
     61    0.0
     62    0.0
     63    0.0
     64    0.0
     65    0.0
     66    0.0
     67    0.0
     68    4.0
     69    2.3
     70    T  
     71    0.0
     72    5.0
     73    0.0
     74    0.0
     75    T  
     76    2.0
     77    T  
     78    0.0
     79    0.0
     80   11.2
     81    0.0
     82    0.0
     83    0.0
     84    0.0
     85    0.0
     86    0.0
     87    0.0
     88    0.0
     89    0.0
     90    5.1
     91   10.5
     92    0.0
     93    0.0
     94    0.0
     95    0.0
     96    0.0
     97    0.0
     98    0.0
     99    0.0
    100    0.0
    101    0.0
    102    0.0
    103    0.0
    104    0.0
    105    0.0
    106    0.0
    107    0.0
    108    0.0
    109    0.0
    110    0.0
    111    0.0
    112    0.0
    113    0.0
    114    0.0
    115   25.7
    116    T  
    117   31.1
    118    0.0
    119    0.0
    120   14.2
    121    0.0
    122    0.0
    123    8.0
    124    T  
    125    0.0
    126    0.0
    127    0.0
    128    0.0
    129    0.0
    130    0.0
    131    0.0
    132    0.0
    133    0.0
    134    0.0
    135    0.0
    136    0.0
    137    0.0
    138    0.0
    139    0.0
    140    0.0
    141    0.0
    142    T  
    143   10.8
    144    T  
    145    0.0
    146    0.0
    147    0.0
    148    T  
    149    0.0
    150   10.2
    151    T  
    152    0.0
    153    2.3
    154    0.0
    155    0.0
    156    0.0
    157    0.0
    158    T  
    159   10.7
    160    T  
    161    0.0
    162    0.0
    163    0.0
    164    0.0
    165    0.0
    166    T  
    167   10.2
    168    T  
    169    T  
    170    T  
    171    0.0
    172    T  
    173   10.2
    174    2.8
    175   11.2
    176    0.0
    177    T  
    178   10.4
    179    2.2
    180    4.4
    181   38.0
    182   40.2
    183   45.1
    184    T  
    185    5.1
    186    0.0
    187    0.0
    188    T  
    189    T  
    190    7.0
    191    T  
    192    1.0
    193    T  
    194   10.0
    195    5.1
    196    1.0
    197    T  
    198    4.3
    199   12.2
    200   15.7
    201    0.0
    202    T  
    203    5.2
    204    2.4
    205    T  
    206    5.3
    207   15.4
    208    T  
    209   10.4
    210    2.0
    211    0.0
    212    0.0
    213    8.9
    214   10.5
    215   13.4
    216   14.9
    217    T  
    218    0.0
    219    0.0
    220    0.0
    221   12.0
    222   19.4
    223   35.2
    224   82.4
    225   40.2
    226    T  
    227    T  
    228    0.0
    229    4.2
    230   10.3
    231    0.0
    232    0.0
    233    0.0
    234    T  
    235    0.0
    236    T  
    237    T  
    238    T  
    239    0.0
    240    T  
    241    0.0
    242   11.2
    243    5.2
    244    T  
    245   15.2
    246   20.4
    247    T  
    248    2.1
    249    T  
    250    T  
    251    2.0
    252    T  
    253    0.0
    254    0.0
    255    0.0
    256    0.0
    257    0.0
    258    0.0
    259    T  
    260    2.3
    261    T  
    262    5.2
    263   11.7
    264    0.0
    265    0.0
    266    5.0
    267    T  
    268    0.0
    269    0.0
    270    0.0
    271    0.0
    272    0.0
    273    0.0
    274    0.0
    275    0.0
    276    0.0
    277    0.0
    278    3.2
    279    0.0
    280    0.0
    281    0.0
    282    0.0
    283    0.0
    284    0.0
    285    0.0
    286    0.0
    287    0.0
    288    0.0
    289    0.0
    290    0.0
    291    T  
    292   10.4
    293   41.2
    294    T  
    295    0.0
    296    0.0
    297    0.0
    298    0.0
    299    0.0
    300    0.0
    301    0.0
    302    0.0
    303    0.0
    304    0.0
    305    4.2
    306    0.0
    307    0.0
    308    0.0
    309    0.0
    310    0.0
    311    0.0
    312    0.0
    313    0.0
    314    0.0
    315    0.0
    316    0.0
    317    0.0
    318    0.0
    319    0.0
    320    0.0
    321    0.0
    322    0.0
    323    0.0
    324    0.0
    325    0.0
    326    0.0
    327    0.0
    328    0.0
    329    0.0
    330    0.0
    331    0.0
    332    0.0
    333    0.0
    334    0.0
    335    0.0
    336    0.0
    337    0.0
    338    0.0
    339    0.0
    340    0.0
    341    0.0
    342    0.0
    343    0.0
    344    0.0
    345    0.0
    346    0.0
    347    0.0
    348    0.0
    349    0.0
    350    0.0
    351    0.0
    352    0.0
    353    0.0
    354    0.0
    355    0.0
    356    0.0
    357    0.0
    358    0.0
    359    0.0
    360    0.0
    361    0.0
    362    0.0
    363    0.0
    364    0.0
    365    0.0
