      1   DNA   
      2   DNA   
      3   DNA   
      4   DNA   
      5   DNA   
      6   DNA   
      7   DNA   
      8   DNA   
      9   DNA   
     10   DNA   
     11   DNA   
     12   DNA   
     13   DNA   
     14    0.0
     15    0.0
     16    0.0
     17    0.0
     18    0.0
     19    0.0
     20    0.0
     21    0.0
     22    0.0
     23    0.0
     24    0.0
     25    0.0
     26    0.0
     27    0.0
     28    0.0
     29    0.0
     30    0.0
     31    0.0
     32    0.0
     33    0.0
     34    0.0
     35    0.0
     36    0.0
     37    0.0
     38    0.0
     39    0.0
     40    0.0
     41    0.0
     42    0.0
     43    0.0
     44    0.0
     45    0.0
     46    0.0
     47    0.0
     48    0.0
     49    0.0
     50    0.0
     51    0.0
     52    0.0
     53    0.0
     54    0.0
     55    0.0
     56    1.0
     57    0.0
     58    0.0
     59    0.0
     60    0.0
     61    0.0
     62    0.0
     63    0.0
     64    0.0
     65    0.0
     66    0.0
     67    0.0
     68    0.0
     69    0.0
     70    0.0
     71    0.0
     72    0.0
     73    0.0
     74    0.0
     75    0.0
     76    0.0
     77    0.0
     78    0.0
     79    0.0
     80    0.0
     81    0.0
     82    0.0
     83    0.0
     84    0.0
     85    0.0
     86    0.0
     87    0.0
     88    0.0
     89    1.0
     90    0.0
     91    0.0
     92    0.0
     93    0.0
     94    0.0
     95    0.0
     96    0.0
     97    0.0
     98    0.0
     99    0.0
    100    0.0
    101    0.0
    102    0.0
    103    0.0
    104    1.4
    105    7.3
    106    0.0
    107    0.0
    108    0.0
    109    0.0
    110    0.0
    111    0.0
    112    1.7
    113    0.0
    114    0.0
    115    0.0
    116    0.0
    117    0.0
    118    0.0
    119    0.0
    120    0.0
    121    0.0
    122    0.0
    123    3.2
    124    T  
    125    0.0
    126    0.0
    127   11.0
    128    0.0
    129    5.2
    130    0.0
    131    0.0
    132    0.0
    133    0.0
    134   30.0
    135    T  
    136    0.0
    137   11.0
    138    0.0
    139   22.2
    140    0.0
    141   13.0
    142    0.0
    143   13.0
    144    0.0
    145   30.0
    146    T  
    147   17.0
    148    0.0
    149   22.2
    150    3.1
    151   20.4
    152   50.2
    153   22.2
    154    T  
    155    T  
    156   40.1
    157   22.2
    158    3.1
    159    1.2
    160    0.0
    161    0.0
    162    7.2
    163    0.0
    164    T  
    165    4.2
    166    5.0
    167    0.0
    168    7.2
    169    T  
    170    2.0
    171    5.2
    172    2.2
    173   11.2
    174    0.0
    175    0.0
    176    0.0
    177    0.0
    178    0.0
    179    0.0
    180    0.0
    181    0.0
    182    0.0
    183    4.2
    184    0.0
    185    0.0
    186    0.0
    187    0.0
    188    0.0
    189    1.0
    190    0.0
    191    0.0
    192    0.0
    193    0.0
    194    0.0
    195    0.0
    196    8.0
    197    7.2
    198   22.1
    199    0.0
    200    0.0
    201    0.0
    202    0.0
    203    1.0
    204    0.0
    205    0.0
    206    T  
    207    3.2
    208    0.0
    209    0.0
    210   30.4
    211   40.2
    212   70.5
    213    0.0
    214    0.0
    215    T  
    216    1.2
    217    5.0
    218    0.0
    219    0.0
    220    0.0
    221   12.2
    222   11.1
    223    4.5
    224   40.2
    225    0.0
    226   12.1
    227    5.2
    228    0.0
    229   40.2
    230    T  
    231    3.1
    232    7.2
    233   12.1
    234   22.2
    235   11.1
    236    9.2
    237    0.0
    238    T  
    239   17.2
    240   30.2
    241   15.2
    242    7.1
    243    T  
    244    0.0
    245    8.2
    246   33.4
    247    0.0
    248    7.2
    249   75.2
    250    0.0
    251    0.0
    252    T  
    253    7.3
    254    0.0
    255   40.3
    256   32.1
    257   22.2
    258    0.0
    259    0.0
    260    0.0
    261    1.0
    262    0.0
    263    0.0
    264    T  
    265    0.0
    266    0.0
    267    0.0
    268   10.2
    269    0.0
    270    0.0
    271    0.0
    272    T  
    273    0.0
    274   50.2
    275   30.2
    276    4.1
    277   11.2
    278   27.1
    279    T  
    280    0.0
    281    0.0
    282   12.2
    283   30.1
    284    0.0
    285    0.0
    286    7.1
    287    0.0
    288    0.0
    289    0.0
    290    0.0
    291    0.0
    292    0.0
    293    0.0
    294    0.0
    295    0.0
    296    T  
    297    0.0
    298    0.0
    299    0.0
    300    0.0
    301    0.2
    302    0.0
    303    0.0
    304    0.0
    305    0.0
    306    1.2
    307    T  
    308    0.0
    309    0.0
    310    0.0
    311    0.0
    312    0.0
    313    0.0
    314    0.0
    315    0.0
    316    0.0
    317    0.0
    318    T  
    319    0.0
    320    0.0
    321    0.0
    322    0.0
    323    0.0
    324    0.0
    325    0.0
    326    0.0
    327    0.0
    328    0.0
    329    0.0
    330    0.0
    331    0.0
    332    0.0
    333    0.0
    334    0.0
    335    0.0
    336    0.0
    337    0.0
    338    0.0
    339    0.0
    340    0.0
    341    0.0
    342    0.0
    343    0.0
    344    0.0
    345    0.0
    346    0.0
    347    0.0
    348    0.0
    349    0.0
    350   DNA   
    351   DNA   
    352   DNA   
    353   DNA   
    354   DNA   
    355   DNA   
    356   DNA   
    357   DNA   
    358   DNA   
    359   DNA   
    360   DNA   
    361   DNA   
    362   DNA   
    363   DNA   
    364   DNA   
    365   DNA   
