      1    0.0
      2    0.0
      3    0.0
      4    0.0
      5    0.0
      6    0.0
      7    0.0
      8    0.0
      9    0.0
     10    0.0
     11    0.0
     12    0.0
     13    0.0
     14    0.0
     15    0.0
     16    0.0
     17    0.0
     18    0.0
     19    0.0
     20    0.0
     21    0.3
     22    0.5
     23    0.0
     24    0.0
     25    0.0
     26    0.0
     27    0.0
     28    0.0
     29    0.0
     30    0.0
     31    0.0
     32    0.0
     33    0.0
     34    0.0
     35    0.0
     36    0.0
     37    0.0
     38    0.0
     39    0.0
     40    0.0
     41    0.0
     42    0.0
     43    0.0
     44    0.0
     45    0.0
     46    0.0
     47    0.0
     48    0.0
     49    0.0
     50    6.2
     51   10.3
     52    0.0
     53    0.0
     54    0.2
     55    0.0
     56    0.0
     57    0.0
     58    0.0
     59    0.0
     60    0.0
     61    0.0
     62    0.0
     63    0.0
     64    0.0
     65    0.0
     66    0.0
     67    0.0
     68    0.0
     69    0.0
     70    4.4
     71    0.0
     72    0.0
     73    0.0
     74    0.0
     75    0.0
     76    0.0
     77    0.0
     78    0.0
     79    0.0
     80    0.0
     81    0.0
     82    0.0
     83    0.0
     84    0.0
     85    0.0
     86    0.0
     87    0.0
     88    0.0
     89    0.0
     90    0.0
     91    0.0
     92    0.0
     93    0.0
     94    0.0
     95    0.0
     96    0.0
     97    0.0
     98    0.0
     99    0.0
    100    0.0
    101    0.0
    102    0.0
    103    3.8
    104   24.5
    105    0.0
    106    0.0
    107    0.6
    108    0.0
    109    0.0
    110    0.0
    111    0.0
    112    0.0
    113    0.0
    114    0.0
    115    0.0
    116    0.0
    117    0.0
    118    1.2
    119    0.0
    120    0.0
    121    0.0
    122    0.0
    123    0.0
    124    0.2
    125    4.3
    126    0.0
    127    6.1
    128    0.0
    129    0.0
    130    6.4
    131    0.0
    132    0.0
    133    0.0
    134    0.0
    135    0.0
    136    0.0
    137    1.0
    138    8.6
    139    0.0
    140    0.0
    141    0.0
    142    0.0
    143    0.0
    144    0.8
    145   28.6
    146    0.0
    147    0.0
    148    0.0
    149    6.0
    150    4.8
    151    0.0
    152    0.0
    153   14.6
    154   32.7
    155   29.1
    156   13.0
    157    0.0
    158    0.0
    159    6.5
    160   35.8
    161   47.2
    162    0.8
    163    1.6
    164    0.0
    165    5.0
    166   34.4
    167    0.0
    168   50.8
    169    0.0
    170    4.2
    171   17.5
    172    0.0
    173    1.4
    174    3.2
    175    0.0
    176    2.4
    177    0.0
    178    4.3
    179  134.0
    180   24.8
    181    0.0
    182    0.0
    183    0.0
    184    4.2
    185    0.0
    186    5.2
    187   77.2
    188    0.0
    189   11.4
    190    0.0
    191    2.0
    192    0.4
    193   67.6
    194   24.3
    195   41.8
    196   72.6
    197   11.8
    198    6.8
    199   12.2
    200   73.6
    201   35.5
    202   84.4
    203   13.0
    204    1.1
    205    9.2
    206   79.5
    207    0.4
    208    0.0
    209    0.0
    210    0.0
    211    0.0
    212    0.0
    213    2.6
    214    2.2
    215   30.8
    216   13.3
    217    7.4
    218   14.4
    219   64.7
    220    0.0
    221   17.3
    222    0.0
    223    2.5
    224    8.6
    225    3.9
    226    0.8
    227    0.0
    228    0.0
    229    0.0
    230    3.2
    231    0.0
    232   74.2
    233   35.4
    234    0.0
    235    0.0
    236    5.7
    237    1.2
    238    0.0
    239    8.9
    240    0.0
    241    1.0
    242    1.5
    243    0.0
    244    0.0
    245    0.0
    246    0.0
    247    0.0
    248    0.0
    249    0.0
    250    0.0
    251    0.0
    252    0.0
    253    1.0
    254    1.4
    255    0.0
    256    0.0
    257   14.5
    258    1.2
    259    2.4
    260    0.0
    261    2.1
    262    0.0
    263   26.1
    264    0.0
    265    2.2
    266    0.0
    267    0.0
    268    0.0
    269   18.4
    270   31.1
    271    4.3
    272    9.4
    273    0.7
    274    1.5
    275    0.0
    276    0.3
    277    4.4
    278    0.0
    279    0.0
    280    3.5
    281    7.1
    282    0.0
    283    0.0
    284    0.0
    285    0.0
    286    0.0
    287    0.0
    288    0.0
    289    0.0
    290    0.0
    291    0.0
    292    0.0
    293    0.0
    294    0.0
    295    0.0
    296    0.0
    297    0.0
    298    0.0
    299    0.0
    300    0.0
    301    0.0
    302    0.0
    303    0.0
    304    0.0
    305    0.0
    306    0.0
    307    0.0
    308    0.0
    309    0.0
    310    0.0
    311    0.0
    312    0.0
    313    0.0
    314    0.0
    315    0.0
    316    0.0
    317    0.0
    318    0.0
    319    0.0
    320    0.0
    321    0.0
    322    0.0
    323    0.0
    324    0.0
    325    0.0
    326    0.0
    327    0.0
    328    0.0
    329    0.0
    330    0.0
    331    0.0
    332    0.0
    333    0.0
    334    0.0
    335    0.0
    336    0.0
    337    0.0
    338    0.0
    339    0.0
    340    0.0
    341    0.0
    342    0.0
    343    0.0
    344    0.0
    345    0.0
    346    0.0
    347    0.0
    348    0.0
    349    0.0
    350    0.0
    351    0.0
    352    0.0
    353    0.0
    354    0.0
    355    0.0
    356    0.0
    357    0.0
    358    0.0
    359    0.0
    360    0.0
    361    0.0
    362    0.0
    363    0.0
    364    0.0
    365    0.0
