      1    0.0
      2   18.6
      3    0.0
      4    0.0
      5    0.0
      6    0.0
      7    0.0
      8    0.0
      9    0.0
     10    0.0
     11    0.0
     12    0.0
     13    0.0
     14    0.0
     15    0.0
     16    0.0
     17    0.0
     18    0.0
     19    0.0
     20    0.0
     21    0.0
     22    0.0
     23    3.2
     24    0.0
     25    0.0
     26    0.0
     27    0.0
     28    0.0
     29    0.0
     30    0.0
     31    0.2
     32    0.0
     33    6.4
     34    0.0
     35    0.0
     36    0.0
     37    0.0
     38    0.0
     39    0.0
     40    0.0
     41    0.0
     42    0.0
     43    0.0
     44    0.0
     45    6.3
     46    0.0
     47    0.0
     48    0.0
     49    0.0
     50    0.0
     51    0.0
     52    0.0
     53    0.0
     54    0.0
     55    0.0
     56    0.0
     57    0.0
     58    0.0
     59    0.0
     60    0.0
     61    T  
     62    0.0
     63    0.0
     64    0.0
     65    0.0
     66    0.0
     67    0.0
     68    0.0
     69    0.0
     70    0.0
     71    0.0
     72    0.0
     73    0.0
     74    0.0
     75    0.0
     76    0.0
     77    0.0
     78    0.0
     79    0.0
     80    0.0
     81    0.0
     82    0.0
     83    0.0
     84    T  
     85    0.0
     86    0.0
     87    0.0
     88    0.0
     89    0.0
     90    0.0
     91    0.0
     92    0.0
     93    0.0
     94    0.0
     95    0.0
     96    0.0
     97    0.0
     98    0.0
     99    0.0
    100    0.0
    101    0.0
    102    0.0
    103    0.0
    104    0.0
    105    0.0
    106    0.0
    107    0.0
    108    0.0
    109    0.0
    110    0.0
    111    0.0
    112    4.8
    113   27.2
    114    0.0
    115    3.4
    116    0.1
    117    0.0
    118    0.0
    119    0.0
    120    0.0
    121    0.0
    122    0.0
    123    4.2
    124   20.4
    125    0.0
    126    0.0
    127    4.1
    128    0.0
    129    0.0
    130    5.4
    131    0.4
    132    0.0
    133   12.0
    134    3.1
    135    0.5
    136    0.0
    137    2.2
    138    1.8
    139    0.0
    140   23.2
    141   16.2
    142    0.0
    143    0.0
    144    6.2
    145   16.4
    146    0.0
    147    0.0
    148   33.2
    149    1.2
    150   12.5
    151    8.2
    152   81.4
    153    4.4
    154    7.0
    155    0.0
    156    0.0
    157    0.0
    158   18.2
    159   14.4
    160   15.5
    161    T  
    162    0.0
    163    0.0
    164   42.4
    165  164.0
    166   10.0
    167   24.6
    168   27.2
    169    0.0
    170    4.4
    171   10.0
    172   31.2
    173    4.3
    174    0.0
    175   46.3
    176  126.1
    177   31.4
    178    0.0
    179    0.0
    180   22.0
    181    0.8
    182   22.5
    183   16.2
    184   37.4
    185   22.6
    186   14.1
    187   10.6
    188    8.4
    189    0.0
    190    1.5
    191    0.0
    192    0.0
    193   11.8
    194   22.2
    195    4.3
    196    0.4
    197    0.0
    198    0.0
    199    0.5
    200   24.0
    201   22.2
    202   89.4
    203   46.2
    204    2.1
    205   17.4
    206    0.4
    207   17.3
    208   85.4
    209   44.8
    210   48.1
    211    2.6
    212    7.4
    213   32.6
    214    1.2
    215    0.5
    216    0.0
    217    1.4
    218   22.2
    219    0.0
    220    0.0
    221    0.0
    222    0.0
    223    T  
    224    0.4
    225    0.0
    226    0.0
    227    T  
    228    0.8
    229    0.4
    230    4.6
    231    0.0
    232    0.0
    233    0.0
    234    0.0
    235    2.0
    236   14.7
    237   12.8
    238    0.0
    239    0.0
    240    0.8
    241    0.0
    242    0.0
    243    0.0
    244   58.9
    245   16.6
    246   47.4
    247   26.5
    248    0.3
    249    0.0
    250   67.6
    251    3.4
    252    4.2
    253    0.0
    254    0.0
    255   10.9
    256   94.8
    257   32.6
    258    4.9
    259    1.4
    260   10.4
    261    3.2
    262   54.8
    263    2.1
    264    2.9
    265    0.0
    266    0.0
    267    0.0
    268    0.0
    269    8.2
    270   65.6
    271   47.5
    272    0.0
    273    4.1
    274    T  
    275    0.0
    276    0.6
    277    5.0
    278    0.0
    279    0.0
    280    0.0
    281    0.0
    282    0.0
    283    2.4
    284   30.9
    285    0.0
    286    0.0
    287    0.0
    288    0.0
    289    0.0
    290    0.0
    291   10.2
    292    0.0
    293    0.0
    294    0.0
    295    0.0
    296    0.0
    297    0.0
    298    0.0
    299    0.0
    300    0.0
    301    0.0
    302    0.0
    303    0.0
    304    0.0
    305    0.0
    306    0.0
    307    0.0
    308    0.0
    309    0.0
    310    0.0
    311    0.0
    312    0.0
    313    0.0
    314    0.0
    315    0.0
    316    0.0
    317    0.0
    318    0.0
    319    0.0
    320    0.0
    321    0.0
    322    0.0
    323    0.0
    324    0.0
    325    0.0
    326    0.0
    327    0.0
    328    0.0
    329    0.0
    330    0.0
    331    0.0
    332    0.0
    333    0.0
    334    0.0
    335    0.0
    336    0.0
    337    0.0
    338    0.0
    339    0.0
    340    0.0
    341    0.0
    342    0.0
    343    0.0
    344    0.0
    345    0.0
    346    0.0
    347    0.0
    348    0.0
    349    0.0
    350    0.0
    351    0.0
    352    0.0
    353    0.0
    354    0.0
    355    0.0
    356    0.0
    357    0.0
    358    0.0
    359    0.0
    360    0.0
    361    0.0
    362    0.0
    363    0.0
    364    0.0
    365    0.0
