      1    0.0
      2    0.0
      3    0.0
      4    0.0
      5    0.0
      6    4.0
      7   22.8
      8   14.0
      9    7.8
     10    0.0
     11    0.1
     12    0.0
     13    0.0
     14    0.0
     15    0.0
     16    0.0
     17    4.7
     18    0.0
     19    0.0
     20    0.0
     21    0.0
     22    0.0
     23    0.0
     24    0.0
     25    0.0
     26    0.0
     27    0.0
     28    0.0
     29    T  
     30    1.0
     31    6.2
     32    0.0
     33    0.0
     34    0.0
     35    0.0
     36    0.0
     37    0.0
     38    0.0
     39    0.0
     40    T  
     41    0.0
     42    0.0
     43    0.0
     44    0.0
     45    0.0
     46    0.0
     47    0.0
     48    9.0
     49    4.0
     50    9.5
     51    2.5
     52    0.0
     53    0.0
     54    0.0
     55    0.0
     56    5.0
     57   13.0
     58    5.4
     59    0.0
     60    1.0
     61   23.4
     62    0.0
     63    0.0
     64    0.0
     65    0.0
     66    T  
     67    0.0
     68    0.0
     69    0.0
     70    T  
     71    T  
     72    1.7
     73    2.2
     74   13.2
     75    0.0
     76    0.0
     77    0.0
     78    0.0
     79    0.0
     80    0.5
     81    0.0
     82    9.4
     83    8.0
     84   14.0
     85   52.0
     86    2.0
     87    0.0
     88    0.0
     89    0.0
     90    0.0
     91    T  
     92    0.0
     93    0.0
     94    0.0
     95    0.0
     96    0.0
     97    0.0
     98    0.2
     99    0.4
    100    0.0
    101    T  
    102    T  
    103    4.0
    104    T  
    105    T  
    106    0.0
    107    0.0
    108    0.0
    109    0.0
    110    0.0
    111    0.0
    112    0.0
    113    0.0
    114    0.0
    115    1.8
    116   13.2
    117    T  
    118    0.0
    119    0.0
    120    0.0
    121    0.0
    122    0.0
    123    T  
    124    0.0
    125    0.0
    126    0.0
    127    0.0
    128    0.0
    129    3.6
    130    1.0
    131    8.1
    132    0.2
    133    0.0
    134    0.0
    135    0.0
    136    0.0
    137    T  
    138   10.5
    139    T  
    140    0.0
    141   16.4
    142    0.0
    143    0.0
    144    T  
    145   63.0
    146    T  
    147    0.5
    148    3.0
    149    5.9
    150    3.5
    151    T  
    152   16.0
    153    2.0
    154    0.0
    155    0.0
    156    0.0
    157    0.0
    158    0.0
    159   20.5
    160   16.0
    161    7.2
    162    0.0
    163    0.0
    164   25.0
    165   52.0
    166    0.0
    167    1.5
    168    0.5
    169   10.5
    170    0.0
    171    0.0
    172    0.0
    173    4.0
    174    0.0
    175    9.5
    176   10.0
    177   75.0
    178   10.0
    179   14.5
    180    1.5
    181    0.0
    182    0.0
    183    1.2
    184    1.0
    185    0.5
    186    0.0
    187    0.0
    188    T  
    189    2.2
    190    7.2
    191   14.0
    192    4.2
    193   22.4
    194    1.0
    195    0.0
    196   24.0
    197    3.7
    198   14.7
    199   36.6
    200    0.0
    201    0.0
    202    0.0
    203   19.0
    204   43.5
    205    0.0
    206    0.0
    207   14.0
    208   10.6
    209    0.0
    210    0.0
    211    0.0
    212    0.0
    213    0.0
    214    0.0
    215    1.0
    216   26.0
    217   13.1
    218   29.0
    219   22.2
    220    0.0
    221    T  
    222    0.0
    223    4.0
    224    4.0
    225    1.0
    226    0.0
    227    3.4
    228    3.0
    229   36.0
    230    T  
    231    0.0
    232   44.0
    233    0.2
    234    0.0
    235    0.0
    236    9.8
    237    4.0
    238    3.8
    239    0.0
    240    0.0
    241    T  
    242   16.6
    243   48.0
    244   24.0
    245    7.8
    246   16.5
    247   36.0
    248   49.2
    249   27.5
    250    7.6
    251    8.5
    252    8.4
    253   18.0
    254   14.5
    255   82.5
    256   75.2
    257    2.0
    258    3.6
    259    2.4
    260    5.0
    261    1.0
    262    4.0
    263    0.0
    264    0.0
    265    6.4
    266    T  
    267    9.8
    268    0.0
    269    0.0
    270    9.0
    271    0.0
    272    0.0
    273    0.0
    274    0.0
    275    0.0
    276    0.0
    277    0.0
    278    0.0
    279    0.0
    280    0.0
    281    0.0
    282    0.0
    283    0.0
    284    0.0
    285    0.0
    286    0.0
    287    0.0
    288    0.0
    289    0.0
    290    0.0
    291    0.0
    292    0.0
    293    0.0
    294    0.0
    295    0.0
    296    0.0
    297    0.0
    298    0.0
    299    0.0
    300    0.0
    301    0.0
    302    0.0
    303    0.0
    304    0.0
    305    0.0
    306    0.0
    307    0.0
    308    0.0
    309    0.0
    310    0.0
    311    0.0
    312    0.0
    313    0.0
    314    0.0
    315    0.0
    316    0.0
    317    0.0
    318    0.0
    319    0.0
    320    0.0
    321    0.0
    322    0.0
    323    0.0
    324    0.0
    325    0.0
    326    0.0
    327    0.0
    328    0.0
    329    0.0
    330    0.0
    331    0.0
    332    0.0
    333    0.0
    334    0.0
    335    0.0
    336    0.0
    337    0.0
    338    0.0
    339    0.0
    340    0.0
    341    0.0
    342    0.0
    343    0.0
    344    0.0
    345    0.0
    346    0.0
    347    0.0
    348    0.0
    349    0.0
    350    0.0
    351    0.0
    352    0.0
    353    0.0
    354    0.0
    355    0.0
    356    0.0
    357    0.0
    358    0.0
    359    0.0
    360    0.0
    361    0.0
    362    0.0
    363    0.0
    364    0.0
    365    0.0
