      1    0.0
      2    0.0
      3    2.3
      4    2.4
      5    3.7
      6    0.0
      7    0.0
      8    0.0
      9    0.0
     10    0.0
     11    0.0
     12    0.0
     13    0.0
     14    0.0
     15    0.0
     16    0.0
     17    0.0
     18    0.0
     19    0.0
     20   18.7
     21   11.0
     22    0.0
     23    0.0
     24    0.0
     25    0.0
     26    0.0
     27    0.0
     28    0.0
     29    0.0
     30    0.0
     31    0.0
     32    0.0
     33    0.0
     34    0.0
     35    7.6
     36    8.3
     37   15.8
     38    0.0
     39    0.0
     40    0.0
     41    0.0
     42    0.0
     43    0.0
     44   45.0
     45   15.1
     46    0.0
     47    0.0
     48    0.0
     49    0.2
     50   28.3
     51   20.8
     52    0.4
     53    0.0
     54    0.0
     55    0.0
     56    0.0
     57    0.0
     58    0.0
     59    0.0
     60    0.0
     61    0.0
     62    0.0
     63    0.0
     64    0.0
     65    0.0
     66    0.0
     67    4.2
     68    0.0
     69    0.0
     70    0.0
     71    0.0
     72    0.2
     73    0.0
     74    0.0
     75    0.0
     76    0.0
     77    0.0
     78   11.7
     79   73.8
     80   20.8
     81    0.0
     82   10.6
     83    0.7
     84    0.0
     85    1.6
     86    0.0
     87    0.0
     88    0.0
     89    0.0
     90    1.8
     91    9.7
     92   20.5
     93   10.4
     94    0.0
     95    0.0
     96    0.0
     97    0.0
     98    0.0
     99    0.0
    100    0.0
    101    0.0
    102    0.0
    103    0.0
    104    0.9
    105    6.3
    106    0.0
    107    0.0
    108    0.0
    109    0.3
    110    1.7
    111    0.0
    112    0.0
    113    0.0
    114    0.0
    115    0.3
    116    0.0
    117    0.0
    118    0.0
    119    0.0
    120    0.0
    121    0.0
    122    0.0
    123    0.0
    124    0.0
    125    0.0
    126    0.0
    127    0.9
    128    0.0
    129    0.0
    130    0.0
    131    0.0
    132    0.0
    133    0.0
    134    0.0
    135    0.0
    136    0.0
    137    0.0
    138    0.0
    139    0.0
    140    0.0
    141    8.0
    142    6.9
    143    4.6
    144    0.0
    145    0.0
    146    0.0
    147    0.0
    148    0.0
    149    0.0
    150    0.0
    151    0.0
    152    0.0
    153    0.0
    154    0.0
    155    0.0
    156    5.3
    157    5.9
    158    0.0
    159    0.0
    160    0.0
    161    0.0
    162    0.0
    163    0.0
    164    0.0
    165    0.0
    166    0.0
    167    0.0
    168    0.0
    169    0.0
    170    0.0
    171    0.0
    172    0.0
    173   20.0
    174    4.5
    175    0.0
    176    0.6
    177    0.0
    178    0.0
    179    0.0
    180    3.0
    181    9.0
    182    7.6
    183    3.8
    184    6.6
    185   11.1
    186    4.0
    187    0.0
    188    0.0
    189    1.3
    190    4.8
    191    0.0
    192    0.0
    193    0.0
    194    0.0
    195    5.5
    196   43.0
    197    5.5
    198   12.7
    199   70.0
    200   23.0
    201    6.0
    202    0.7
    203    6.0
    204    1.9
    205    0.2
    206   22.1
    207   31.0
    208    4.2
    209    0.0
    210   23.1
    211    0.3
    212   18.7
    213    9.8
    214   41.0
    215   41.6
    216    0.0
    217    5.0
    218    0.0
    219    0.0
    220    0.0
    221    0.0
    222    0.0
    223    0.0
    224    0.0
    225    0.0
    226    0.0
    227    0.0
    228    0.0
    229    0.0
    230   10.1
    231   20.5
    232   22.6
    233   56.3
    234   42.5
    235    0.0
    236   13.6
    237    2.7
    238    5.1
    239    9.2
    240   39.7
    241   22.0
    242    1.0
    243    6.7
    244    0.0
    245    0.2
    246   39.9
    247    1.7
    248    0.0
    249    2.1
    250    2.3
    251    0.0
    252    0.3
    253   25.8
    254    0.0
    255    0.0
    256    0.2
    257    0.0
    258    0.0
    259    0.0
    260    0.0
    261    1.5
    262    0.0
    263    0.3
    264    1.9
    265    1.9
    266    0.1
    267    0.0
    268    0.0
    269    0.0
    270    0.3
    271    0.0
    272    0.0
    273    0.0
    274    0.0
    275    0.0
    276    0.0
    277    0.0
    278    0.0
    279    0.0
    280    4.2
    281    0.0
    282    0.0
    283    0.0
    284    0.0
    285    3.0
    286    0.0
    287    0.0
    288    0.0
    289    0.0
    290    0.3
    291    1.3
    292   23.3
    293    0.4
    294    0.4
    295    0.0
    296    0.0
    297    0.0
    298    0.0
    299    0.0
    300    0.0
    301    0.0
    302    0.0
    303    0.0
    304    0.0
    305    0.0
    306    0.0
    307    0.0
    308    0.0
    309    0.0
    310    4.2
    311    0.0
    312    0.0
    313    0.0
    314    0.0
    315    0.0
    316    0.0
    317    0.0
    318    0.0
    319    0.0
    320    0.0
    321    0.0
    322    0.0
    323    0.0
    324    0.0
    325    0.0
    326    0.0
    327    0.0
    328    0.0
    329    0.0
    330    0.0
    331    0.0
    332    0.0
    333    0.0
    334    0.0
    335    0.0
    336    0.0
    337    0.0
    338    0.0
    339    0.0
    340    0.0
    341    0.0
    342    0.0
    343    0.0
    344    0.0
    345    0.0
    346    0.0
    347    0.0
    348    0.0
    349    0.0
    350    0.0
    351    0.0
    352    0.0
    353    0.0
    354    0.0
    355    0.0
    356    0.0
    357    0.0
    358    0.0
    359    0.0
    360    0.0
    361    0.0
    362    0.0
    363    0.0
    364    0.0
    365    0.0
