1983          Temperature for PUSMA CAMP              
        Tmax  Tmin
     1  17.0   8.0 
     2  15.0   7.0 
     3  14.4   6.0 
     4  15.0   6.3 
     5  15.0   6.5 
     6  15.5   7.5 
     7  15.0   7.3 
     8  16.0   7.3 
     9  14.5   7.0 
    10  15.0   7.1 
    11  15.0   6.2 
    12  16.0   7.0 
    13  16.0   7.0 
    14  15.0   7.0 
    15  17.0   8.0 
    16  16.0   7.3 
    17  16.0   8.0 
    18  16.3   7.3 
    19  17.2   7.3 
    20  17.0   8.2 
    21  19.3  10.0 
    22  15.5  10.0 
    23  18.2  10.0 
    24  18.7   8.3 
    25  19.4  10.0 
    26  17.0  11.4 
    27  21.0  11.3 
    28  16.5  10.1 
    29  16.3   8.0 
    30  16.0   6.5 
    31  16.0   6.5 
    32  14.0   5.5 
    33  14.5   6.0 
    34  15.5   6.0 
    35  16.0   6.2 
    36  15.8   9.8 
    37  15.2  11.5 
    38  15.5  12.0 
    39  17.0   9.2 
    40  18.5   8.0 
    41  19.4   9.2 
    42  19.5  10.0 
    43  19.0   9.5 
    44  16.5  11.3 
    45  20.2  11.0 
    46  22.0  13.4 
    47  21.8  12.5 
    48  19.0  15.0 
    49  21.5  11.4 
    50  21.5  11.5 
    51  20.5  10.5 
    52  20.9  11.0 
    53  19.5   9.4 
    54  20.9  13.0 
    55  13.5  11.0 
    56  19.5   9.2 
    57  20.6  11.0 
    58  20.1  10.2 
    59  22.0  12.0 
    60  20.0  13.4 
    61  21.5  14.0 
    62  23.0  12.4 
    63  23.5  13.0 
    64  20.5  12.5 
    65  22.5  12.0 
    66  22.8  12.0 
    67  24.7  14.5 
    68  23.5  16.5 
    69  26.8  17.8 
    70  27.2  19.2 
    71  26.5  20.0 
    72  25.5  14.5 
    73  25.1  14.4 
    74  24.5  15.6 
    75  25.4  13.0 
    76  25.8  15.6 
    77  25.9  16.1 
    78  26.8  14.5 
    79  25.4  13.5 
    80  23.5  18.5 
    81  21.6  11.5 
    82  23.5  11.4 
    83  25.2  16.0 
    84  24.8  16.4 
    85  28.0  20.0 
    86  27.4  19.8 
    87  28.0  15.4 
    88  26.0  15.0 
    89  26.5  14.8 
    90  27.5  16.5 
    91  29.4  17.4 
    92  30.5  20.0 
    93  29.5  20.0 
    94  30.8  19.5 
    95  29.8  19.7 
    96  29.0  18.3 
    97  29.5  18.5 
    98  29.0  18.4 
    99  29.0  19.5 
   100  28.8  17.9 
   101  28.0  16.0 
   102  24.5  15.7 
   103  25.1  12.4 
   104  26.4  15.4 
   105  22.5  14.4 
   106  22.2  14.5 
   107  24.6  11.0 
   108  21.6  12.3 
   109  24.6  14.0 
   110  27.0  15.5 
   111  28.0  17.0 
   112  29.0  18.5 
   113  29.0  17.6 
   114  29.5  17.8 
   115  28.5  19.5 
   116  27.0  20.5 
   117  30.0  20.0 
   118  32.0  21.4 
   119  32.2  22.5 
   120  31.2  22.0 
   121  31.0  18.2 
   122  32.4  22.0 
   123  30.5  19.0 
   124  32.3  22.0 
   125  32.5  23.2 
   126  32.5  22.5 
   127  32.0  24.8 
   128  32.4  22.0 
   129  33.0  22.6 
   130  27.5  18.0 
   131  25.2  10.0 
   132  26.0  19.0 
   133  27.0  17.5 
   134  28.8  22.0 
   135  30.0  21.0 
   136  29.6  20.0 
   137  24.0  18.8 
   138  28.1  20.0 
   139  27.5  20.2 
   140  30.0  20.4 
   141  30.5  20.5 
   142  28.2  18.0 
   143  26.5  17.2 
   144  29.0  18.5 
   145  30.6  19.0 
   146  32.0  21.6 
   147  33.5  23.0 
   148  33.5  24.0 
   149  34.3  23.0 
   150  34.6  23.0 
   151  34.5  23.5 
   152  35.0  25.0 
   153  36.0  26.4 
   154  36.0  26.0 
   155  37.0  26.0 
   156  36.5  26.0 
   157  37.5  25.7 
   158  36.6  25.7 
   159  37.0  26.5 
   160  31.8  24.0 
   161  30.0  17.0 
   162  35.0  21.0 
   163  32.0  21.0 
   164  34.4  21.6 
   165  35.6  25.0 
   166  35.4  23.5 
   167  29.0  22.0 
   168  33.7  22.7 
   169  35.0  22.5 
   170  36.0  25.0 
   171  36.7  26.0 
   172  37.0  25.7 
   173  37.4  22.5 
   174  35.8  21.2 
   175  32.0  24.8 
   176  30.4  24.6 
   177  29.5  20.5 
   178  24.4  13.5 
   179  27.8  20.1 
   180  29.0  23.2 
   181  30.0  23.2 
   182  31.0  23.0 
   183  24.0  23.0 
   184  25.0  22.0 
   185  29.5  21.2 
   186  30.0  23.0 
   187  29.0  22.0 
   188  30.5  22.0 
   189  32.0  23.0 
   190  32.4  23.2 
   191  30.0  21.6 
   192  31.0  22.0 
   193  31.5  21.3 
   194  31.0  24.7 
   195  33.0  25.4 
   196  33.8  25.0 
   197  32.8  25.2 
   198  29.4  21.7 
   199  29.5  22.4 
   200  30.0  22.5 
   201  28.5  21.4 
   202  31.5  23.5 
   203  30.5  23.6 
   204  30.5  23.2 
   205  28.0  22.4 
   206  26.5  22.5 
   207  25.5  22.0 
   208  25.0  21.5 
   209  28.0  22.0 
   210  29.8  22.5 
   211  31.4  23.5 
   212   DNA   DNA 
   213  29.5  22.2 
   214  26.0  20.0 
   215  30.0  21.2 
   216  27.7  21.7 
   217  27.0  21.8 
   218  27.0  21.0 
   219  30.2  22.7 
   220  30.0  22.0 
   221  30.4  21.2 
   222  30.0  21.0 
   223  30.0  20.5 
   224  26.5  21.0 
   225  30.0  21.5 
   226  30.5  21.2 
   227  31.0  21.7 
   228  30.0  20.7 
   229  31.0  21.7 
   230  30.5  22.0 
   231  24.6  21.2 
   232  29.7  21.3 
   233  31.0  22.2 
   234  30.0  23.0 
   235  25.5  22.0 
   236  26.0  21.5 
   237  26.6  22.0 
   238  27.0  22.0 
   239  26.0  22.2 
   240  28.5  23.8 
   241  29.5  22.4 
   242  29.0  23.0 
   243  26.5  22.8 
   244  27.0  21.5 
   245  30.5  22.5 
   246  29.1  25.3 
   247  26.5  21.5 
   248  28.5  22.0 
   249  26.8  21.8 
   250  28.5  21.5 
   251  29.5  22.5 
   252  29.0  22.4 
   253  25.0  21.2 
   254  29.4  20.0 
   255  26.5  18.0 
   256  28.0  21.5 
   257  28.0  22.5 
   258  28.4  22.0 
   259  27.5  21.4 
   260  28.2  21.5 
   261  26.5  21.5 
   262  23.0  20.6 
   263  25.4  20.0 
   264  28.4  21.0 
   265  27.6  21.5 
   266  28.0  20.4 
   267  21.5  19.5 
   268  23.4  18.4 
   269  26.7  18.4 
   270  28.4  19.5 
   271  28.3  21.0 
   272  29.1  22.0 
   273  28.8  18.5 
   274  27.7  19.3 
   275  27.3  20.2 
   276  29.2  20.0 
   277  29.4  20.3 
   278  29.2  21.3 
   279  29.2  21.0 
   280  29.5  21.5 
   281  29.0  21.0 
   282  21.0  19.4 
   283  17.8  17.1 
   284  22.5  15.2 
   285  25.0  16.2 
   286  25.8  18.0 
   287  25.7  16.3 
   288  25.1  16.0 
   289  25.0  16.3 
   290  25.0  16.0 
   291  25.0  16.0 
   292  26.0  16.2 
   293  26.1  16.3 
   294  26.4  18.0 
   295  23.3  18.0 
   296  24.0  14.0 
   297  23.4  14.3 
   298  24.0  14.4 
   299  23.4  14.3 
   300  23.5  14.5 
   301  23.7  14.3 
   302  25.1  15.0 
   303  26.0  15.4 
   304  25.5  15.3 
   305  25.0  15.0 
   306  24.0  14.3 
   307  24.0  14.1 
   308  24.9  14.5 
   309  23.1  14.0 
   310  23.0  13.2 
   311  22.2  13.0 
   312  23.0  13.0 
   313  23.1  13.0 
   314  22.4  13.0 
   315  22.2  13.0 
   316  22.2  13.0 
   317  23.0  13.0 
   318  23.1  13.3 
   319  23.0  13.3 
   320  22.2  14.0 
   321  22.4  13.3 
   322  22.0  12.3 
   323  21.0  13.0 
   324  22.0  12.0 
   325  22.0  12.3 
   326  21.0  12.3 
   327  21.3  17.0 
   328  21.2  12.0 
   329  21.2  11.3 
   330  21.0  17.0 
   331  21.0  15.5 
   332  20.3  12.5 
   333  20.0  10.8 
   334  20.0  10.5 
   335  20.0  10.2 
   336  20.0  10.4 
   337  20.0  11.2 
   338  19.0   9.7 
   339  19.0   9.0 
   340  18.0   9.0 
   341  19.0   9.0 
   342  18.3   9.2 
   343  18.4   9.0 
   344  18.3   9.0 
   345  18.1   8.5 
   346  18.0   8.0 
   347  18.0   9.0 
   348  18.5   9.0 
   349  19.0   9.3 
   350  19.0   9.2 
   351  18.0  10.0 
   352  14.8  11.0 
   353  18.0  11.5 
   354  19.0  10.0 
   355  19.7  10.2 
   356  19.2  10.0 
   357  18.5   9.4 
   358  16.0   8.8 
   359  11.2   6.4 
   360  14.5   5.4 
   361  14.0   6.0 
   362  15.1   7.0 
   363  14.5   6.4 
   364  15.0   9.5 
   365  16.5   7.2 
