1981          Temperature for PUSMA CAMP              
        Tmax  Tmin
     1  19.0  10.0 
     2  18.0   9.5 
     3  18.0  10.5 
     4  18.1   9.5 
     5  14.2  10.0 
     6  15.2   8.5 
     7  15.0   0.5 
     8  15.0   0.6 
     9  15.0   6.5 
    10  16.0   0.7 
    11  16.5   0.8 
    12  13.5   0.8 
    13  15.0   0.6 
    14  16.0   0.7 
    15  17.0   0.8 
    16  18.0   0.9 
    17  19.0   9.7 
    18  14.0   DNA 
    19  17.0   9.9 
    20  17.0   0.9 
    21  16.2  10.0 
    22  19.0  10.0 
    23  14.2  10.1 
    24  10.5   4.5 
    25  12.0   0.9 
    26  17.0   8.2 
    27  18.0   9.9 
    28  17.2  10.0 
    29  19.0  10.2 
    30  13.3   9.7 
    31   DNA   DNA 
    32  10.5   5.0 
    33  16.2   6.5 
    34  17.2   9.0 
    35  16.0  10.9 
    36  22.2  11.5 
    37  20.0  12.3 
    38  19.0   9.3 
    39  19.0   9.5 
    40  16.0   9.0 
    41  19.0  10.0 
    42  17.2   9.0 
    43  18.0   9.5 
    44  18.0  10.5 
    45  19.5  11.5 
    46  22.0  13.0 
    47  23.0  13.0 
    48  23.0  14.3 
    49  23.0  13.8 
    50  22.2  12.7 
    51  23.5  13.0 
    52  23.5  14.0 
    53  23.5  13.5 
    54  22.5  14.0 
    55  25.0  14.0 
    56  22.5  14.5 
    57  23.0  15.8 
    58  20.0  14.7 
    59  15.0  10.0 
    60  22.0  10.0 
    61  22.0  13.0 
    62  23.1  13.0 
    63  23.0  13.0 
    64  24.0  15.0 
    65  23.0  15.0 
    66  25.0  13.0 
    67  24.0  15.0 
    68  24.0  15.0 
    69  23.0  14.0 
    70  24.0  14.5 
    71  22.0  14.0 
    72  24.5  14.0 
    73  24.0  15.0 
    74  22.0  15.8 
    75  20.0  10.9 
    76  23.0  13.5 
    77  25.0  15.0 
    78  22.0  15.8 
    79  24.0  18.0 
    80  24.0  14.5 
    81  25.0  15.0 
    82  25.0  15.7 
    83  25.0  14.0 
    84  25.2  15.2 
    85  24.2  10.8 
    86  25.0  15.0 
    87  25.0  15.2 
    88  26.0  17.5 
    89  21.5  15.4 
    90  25.5  15.8 
    91  24.0  15.6 
    92  26.0  15.2 
    93  28.0  17.8 
    94  26.0  19.0 
    95  27.0  17.0 
    96  27.0  17.0 
    97  28.0  18.0 
    98  28.0  19.5 
    99  29.0  20.0 
   100  30.0  20.0 
   101  30.0  22.0 
   102  29.0  25.0 
   103  28.0  20.0 
   104  28.0  20.0 
   105  30.0  20.6 
   106  30.0   DNA 
   107  28.0  16.5 
   108  26.0  17.0 
   109  27.0  17.5 
   110  26.0  20.0 
   111  29.0  18.3 
   112  30.0  17.0 
   113  30.0  16.5 
   114  31.0  20.7 
   115  31.0  20.0 
   116  32.0  22.0 
   117  31.0  21.0 
   118  31.0  23.0 
   119  33.5  23.0 
   120  33.0  22.0 
   121  33.0  21.5 
   122  33.0  23.5 
   123  31.0  25.0 
   124  30.2  20.0 
   125  32.0  23.0 
   126  23.0  15.4 
   127  28.5  18.3 
   128  29.0  20.2 
   129  29.0  19.0 
   130  30.0  20.6 
   131  30.0  19.0 
   132  30.0  19.0 
   133  32.0  22.0 
   134  33.5  24.2 
   135  34.5  23.0 
   136  33.0  20.5 
   137  32.0  22.0 
   138  32.0  24.0 
   139  31.0  20.0 
   140  30.0  23.5 
   141  32.0  21.5 
   142  33.0  22.0 
   143  31.0  20.9 
   144  32.0  20.5 
   145  30.0  20.5 
   146  29.0  20.0 
   147  25.5  19.5 
   148  30.0  18.7 
   149  31.7  20.1 
   150  31.0  22.0 
   151  29.0  18.5 
   152  31.0   DNA 
   153  29.7   DNA 
   154  32.0  19.0 
   155  33.0  21.5 
   156  32.5  22.0 
   157  34.0  22.2 
   158  34.0  24.3 
   159  33.5   DNA 
   160  34.0  23.0 
   161  32.0  24.0 
   162  35.0  24.7 
   163  37.7  25.0 
   164  35.5  25.1 
   165  37.0  26.0 
   166  37.0  26.5 
   167  36.0  25.5 
   168  34.5  26.0 
   169  32.0  21.0 
   170  33.0  23.0 
   171  35.0   DNA 
   172  30.8  20.7 
   173  26.5  20.2 
   174  28.5   DNA 
   175  30.0  24.0 
   176  30.0  23.2 
   177  29.2  20.3 
   178  29.0  22.5 
   179  26.0  20.8 
   180   DNA   DNA 
   181  25.5  22.0 
   182  27.0  20.5 
   183  25.7  20.5 
   184  29.0  20.1 
   185  30.0  20.6 
   186  28.0  20.7 
   187  28.2  20.0 
   188  31.0  23.2 
   189  30.8  23.0 
   190  30.7  25.0 
   191  29.0  20.5 
   192  30.8  23.7 
   193  29.0  20.7 
   194  26.0  20.0 
   195  29.8  22.7 
   196  30.2  22.5 
   197  27.0  20.5 
   198  27.9   DNA 
   199  27.0   DNA 
   200  28.0   DNA 
   201  28.7   DNA 
   202  28.0   DNA 
   203  28.5   DNA 
   204  30.0   DNA 
   205  28.8   DNA 
   206  30.0   DNA 
   207  29.2   DNA 
   208  24.0   DNA 
   209  26.7   DNA 
   210  26.0   DNA 
   211  26.2   DNA 
   212  23.0   DNA 
   213  27.0   DNA 
   214  27.0   DNA 
   215  29.0   DNA 
   216  28.7   DNA 
   217  29.0   DNA 
   218  29.0   DNA 
   219  30.7   DNA 
   220  29.8   DNA 
   221  31.0   DNA 
   222  29.8   DNA 
   223  27.8   DNA 
   224  26.5   DNA 
   225  25.0   DNA 
   226  28.0   DNA 
   227  30.0   DNA 
   228  30.0   DNA 
   229  29.7   DNA 
   230  28.0   DNA 
   231  27.5   DNA 
   232  25.5   DNA 
   233  25.0   DNA 
   234  24.0   DNA 
   235  23.0   DNA 
   236  27.5   DNA 
   237  29.0   DNA 
   238  29.5   DNA 
   239  26.0   DNA 
   240  28.5   DNA 
   241  29.0   DNA 
   242  30.1   DNA 
   243  29.3   DNA 
   244  30.0   DNA 
   245  30.0   DNA 
   246  28.5   DNA 
   247  29.0   DNA 
   248  29.0   DNA 
   249  29.2   DNA 
   250  22.7   DNA 
   251  24.0   DNA 
   252  22.7   DNA 
   253  24.0   DNA 
   254  28.0   DNA 
   255  29.0   DNA 
   256  28.3   DNA 
   257  28.1   DNA 
   258  28.0   DNA 
   259  28.0   DNA 
   260  27.7   DNA 
   261  27.0   DNA 
   262  27.0   DNA 
   263  27.3   DNA 
   264  28.5   DNA 
   265  29.0   DNA 
   266  28.0   DNA 
   267  29.7   DNA 
   268  30.6   DNA 
   269  30.5   DNA 
   270  30.5   DNA 
   271  29.7   DNA 
   272  22.5   DNA 
   273  22.0   DNA 
   274  27.1  18.5 
   275  27.0   DNA 
   276  27.0   DNA 
   277  27.0   DNA 
   278  26.5  19.0 
   279  26.2  18.0 
   280  27.0  18.2 
   281  26.5  17.5 
   282  26.5  17.5 
   283  26.5  17.5 
   284  26.2  17.8 
   285  26.0  17.5 
   286  25.3  17.0 
   287  26.0  17.0 
   288  25.5  17.0 
   289  25.5  17.0 
   290  25.5  17.5 
   291  26.2  17.8 
   292  26.3  17.8 
   293  26.2  18.0 
   294  26.0  17.7 
   295  21.0  18.0 
   296  25.0  16.0 
   297  25.0  16.0 
   298  24.5  15.2 
   299  24.3   DNA 
   300  25.0  15.8 
   301  24.5  15.6 
   302  24.5  15.2 
   303  24.5  15.6 
   304  21.0  15.0 
   305  21.3  15.0 
   306  24.7  15.3 
   307  20.0  14.3 
   308  22.0  15.0 
   309  24.0  14.5 
   310  22.0   DNA 
   311  22.2  14.3 
   312  23.0  14.5 
   313  23.1  15.0 
   314  23.0  14.7 
   315  22.2  13.0 
   316  21.5  14.0 
   317  20.0   DNA 
   318  21.0  14.0 
   319  21.0  11.7 
   320  21.1  12.0 
   321  21.5  12.3 
   322  21.5  12.1 
   323  21.0  11.7 
   324  21.1  12.0 
   325  21.0  11.1 
   326  20.0  10.2 
   327  20.0  10.1 
   328  20.0  10.5 
   329  20.0  10.7 
   330  20.0  10.8 
   331  20.0  11.0 
   332  20.0  11.0 
   333  19.0  10.0 
   334  18.0   DNA 
   335  19.0  10.0 
   336  20.0  10.5 
   337  20.3  10.8 
   338  20.0  11.0 
   339  19.5  10.0 
   340  19.3  10.0 
   341  12.2   9.7 
   342  18.5   8.2 
   343  19.0   9.0 
   344  19.0  10.0 
   345  18.2   9.5 
   346  17.8   9.5 
   347  17.5   8.5 
   348  15.2   8.5 
   349  17.0   8.0 
   350  16.2   7.5 
   351  16.0   7.2 
   352  16.2   7.2 
   353  16.7   7.2 
   354  17.0   7.8 
   355  17.3   8.3 
   356  17.5   8.3 
   357  17.3   9.3 
   358  17.7   8.2 
   359  17.0   8.2 
   360  17.5   8.0 
   361  18.0   9.0 
   362  15.8  10.0 
   363  17.5   8.3 
   364  18.0   8.3 
   365  17.7   9.0 
