      1    0.0
      2    0.0
      3    0.0
      4    0.0
      5    0.0
      6    0.0
      7    0.0
      8    0.0
      9    0.0
     10    0.0
     11    0.0
     12    0.0
     13    0.0
     14    0.0
     15    0.0
     16    0.0
     17    0.0
     18    0.0
     19    0.0
     20    0.0
     21    0.0
     22    0.0
     23    0.0
     24    0.0
     25    0.0
     26    0.0
     27    0.0
     28    0.0
     29    0.0
     30    0.0
     31    0.0
     32    0.0
     33    0.0
     34    0.0
     35    0.0
     36    0.0
     37    0.0
     38    0.0
     39    0.0
     40    0.0
     41    0.0
     42    0.0
     43    0.0
     44    0.0
     45    0.0
     46    0.0
     47    0.0
     48    0.0
     49    0.0
     50    0.0
     51    0.0
     52    0.1
     53    0.0
     54    0.0
     55    0.0
     56   23.2
     57    8.5
     58    0.0
     59    0.0
     60    0.0
     61    0.0
     62    0.0
     63    0.0
     64    0.0
     65    4.5
     66    4.2
     67    0.2
     68    0.0
     69    0.0
     70    0.0
     71    0.0
     72    0.0
     73    0.0
     74    0.0
     75    0.0
     76    0.0
     77    0.0
     78    0.0
     79    2.1
     80    2.2
     81    0.0
     82   26.0
     83    8.5
     84    4.7
     85    0.0
     86    0.0
     87   12.6
     88   15.0
     89   37.1
     90    6.5
     91    0.0
     92    0.0
     93    2.5
     94    6.2
     95    0.0
     96    6.2
     97    2.2
     98    2.0
     99    0.0
    100    3.2
    101    3.4
    102    0.0
    103    0.0
    104    0.0
    105    0.0
    106    0.0
    107    T  
    108    0.0
    109    T  
    110    2.0
    111    2.7
    112    0.0
    113    3.0
    114    3.0
    115    4.0
    116    4.5
    117    4.0
    118    0.0
    119    2.3
    120    2.4
    121    3.0
    122    3.1
    123    3.0
    124   10.1
    125    8.1
    126    9.0
    127    2.0
    128    2.2
    129    2.0
    130    1.0
    131    0.0
    132    0.0
    133    0.0
    134    0.0
    135   44.2
    136    0.0
    137    0.0
    138    0.0
    139   13.5
    140    0.0
    141    0.0
    142    1.5
    143    1.0
    144    0.0
    145    0.0
    146    9.5
    147   15.0
    148    0.0
    149    0.0
    150    0.0
    151    2.5
    152    0.0
    153    0.0
    154    0.0
    155    0.0
    156    0.0
    157    0.0
    158    0.0
    159    0.0
    160    0.0
    161    0.0
    162    0.0
    163    0.0
    164    0.0
    165   13.5
    166   12.5
    167   15.5
    168    7.0
    169   10.0
    170    1.3
    171   17.6
    172   28.7
    173   57.2
    174   13.5
    175   69.2
    176   28.8
    177   43.0
    178   52.5
    179   24.2
    180   70.0
    181   74.0
    182   80.0
    183   68.0
    184   51.0
    185    7.8
    186   11.3
    187   18.0
    188  100.0
    189   47.2
    190   47.5
    191   12.5
    192   21.0
    193   34.5
    194   10.5
    195   25.5
    196   83.2
    197   21.5
    198   68.1
    199   42.5
    200   74.5
    201   42.5
    202   16.2
    203   19.2
    204    5.2
    205   12.0
    206   13.5
    207    8.5
    208   25.2
    209   12.8
    210   11.5
    211   45.2
    212   15.2
    213   13.5
    214    9.5
    215   45.4
    216   22.6
    217   38.5
    218   39.8
    219   38.5
    220   24.9
    221   11.4
    222   87.0
    223  113.3
    224   23.4
    225   52.5
    226   42.4
    227   47.8
    228   17.2
    229   42.0
    230   37.5
    231   46.9
    232    7.5
    233   56.9
    234   25.6
    235   17.0
    236   19.5
    237    5.5
    238    5.1
    239   59.9
    240   52.9
    241    9.2
    242    5.1
    243   55.5
    244   42.1
    245   17.5
    246   15.2
    247    8.1
    248    5.2
    249   13.1
    250   11.2
    251    0.1
    252    2.1
    253    3.4
    254    1.4
    255    1.2
    256    0.2
    257    0.5
    258   12.7
    259    0.1
    260    0.0
    261   49.5
    262   17.0
    263    6.0
    264   24.4
    265   13.3
    266    1.2
    267    1.5
    268   11.0
    269    5.3
    270   15.0
    271   23.0
    272   28.3
    273    4.2
    274   16.5
    275   40.5
    276   40.3
    277    6.8
    278    6.0
    279    2.0
    280    0.0
    281    0.0
    282    0.0
    283    0.0
    284    0.0
    285    0.0
    286    0.0
    287    0.0
    288    0.0
    289    0.0
    290    0.0
    291    0.0
    292   13.0
    293    0.0
    294    0.0
    295    0.0
    296    3.7
    297    0.0
    298    0.0
    299    0.0
    300    0.0
    301    0.0
    302    0.0
    303    0.0
    304    0.0
    305    0.0
    306    0.0
    307    0.0
    308    0.0
    309    0.0
    310    0.0
    311    0.0
    312    0.0
    313    0.0
    314    0.0
    315    0.7
    316    0.0
    317    0.0
    318    0.0
    319    0.0
    320    0.0
    321    3.5
    322    2.0
    323    0.0
    324    0.0
    325    0.0
    326    0.0
    327    T  
    328    0.0
    329    0.0
    330    0.0
    331    0.0
    332    0.0
    333    0.0
    334    0.0
    335    0.0
    336    0.0
    337    0.0
    338    0.0
    339    0.0
    340    0.0
    341    0.0
    342    0.0
    343    0.0
    344    0.0
    345    0.0
    346    0.0
    347    0.0
    348    0.0
    349    0.0
    350    0.0
    351    0.0
    352    0.0
    353    0.0
    354    0.0
    355    0.0
    356    0.0
    357    0.0
    358    0.0
    359    0.0
    360    0.0
    361    0.0
    362    0.0
    363    0.0
    364    0.0
    365    0.0
