      1    3.4
      2    0.0
      3    0.0
      4    0.0
      5   10.2
      6    0.0
      7    T  
      8    0.0
      9    0.0
     10    0.0
     11    0.0
     12    0.0
     13    0.0
     14    0.0
     15    0.0
     16    T  
     17    0.0
     18    5.2
     19    0.0
     20    3.2
     21    0.0
     22    0.0
     23    0.0
     24    0.0
     25    0.0
     26    0.0
     27    5.6
     28    0.0
     29    0.0
     30    0.0
     31    0.0
     32    0.0
     33    0.0
     34    0.0
     35   10.1
     36    0.0
     37    0.0
     38    6.2
     39    0.0
     40    0.0
     41    0.0
     42    0.0
     43    0.0
     44    0.0
     45    0.0
     46    T  
     47    0.0
     48    0.0
     49    0.0
     50    0.0
     51    0.0
     52    0.0
     53    0.0
     54    T  
     55    2.6
     56    0.0
     57    0.0
     58    7.1
     59    0.0
     60    0.0
     61    0.0
     62    0.0
     63    0.0
     64    0.0
     65   12.6
     66    0.0
     67    0.0
     68   13.1
     69    0.0
     70    0.0
     71    0.0
     72    T  
     73    0.0
     74    0.0
     75    T  
     76    0.0
     77    0.0
     78    2.5
     79    0.0
     80    T  
     81    0.0
     82    0.0
     83    7.6
     84    0.0
     85    0.0
     86    0.0
     87    0.0
     88    T  
     89    0.0
     90    0.0
     91    5.2
     92    0.0
     93    0.0
     94    0.0
     95    0.0
     96    0.0
     97   10.2
     98    0.0
     99    0.0
    100    0.0
    101    0.0
    102    0.0
    103    0.0
    104    T  
    105    5.3
    106    0.0
    107   10.1
    108    0.0
    109    0.0
    110   20.5
    111    0.0
    112   17.5
    113    0.0
    114    0.0
    115    T  
    116    0.0
    117    0.0
    118    0.0
    119    2.3
    120    0.0
    121    T  
    122    0.0
    123    0.0
    124    0.0
    125   16.5
    126    0.0
    127    0.0
    128    0.0
    129    5.3
    130    T  
    131    3.4
    132   15.2
    133   12.3
    134    T  
    135    5.3
    136    4.2
    137    T  
    138    3.4
    139    0.0
    140    0.0
    141    2.5
    142   10.0
    143    0.0
    144    0.0
    145    T  
    146    9.6
    147    5.1
    148    4.2
    149    4.0
    150    1.0
    151    0.0
    152    0.0
    153    7.5
    154    3.0
    155   20.2
    156    4.3
    157   11.5
    158    T  
    159   26.2
    160    1.3
    161   12.0
    162    0.0
    163    0.0
    164    2.3
    165    4.1
    166    T  
    167    0.0
    168    2.1
    169    3.2
    170   12.4
    171   46.3
    172   28.0
    173   41.5
    174   88.5
    175   51.6
    176   22.0
    177   36.2
    178   32.0
    179   17.2
    180   10.2
    181   12.3
    182   32.2
    183   51.2
    184    3.3
    185   74.0
    186   15.3
    187   37.5
    188  100.2
    189   20.3
    190   12.0
    191   15.3
    192   56.3
    193   43.2
    194  107.4
    195   37.1
    196   41.6
    197   61.0
    198   75.6
    199    5.2
    200    7.3
    201   10.2
    202   39.0
    203   12.7
    204   31.6
    205   14.5
    206   62.1
    207   29.2
    208   40.0
    209   55.1
    210   22.6
    211    6.2
    212    0.0
    213   23.0
    214   43.1
    215    1.0
    216   63.2
    217   10.2
    218   24.6
    219   17.6
    220   15.4
    221   20.1
    222    T  
    223    0.0
    224   14.5
    225   21.0
    226   41.0
    227   40.0
    228    0.0
    229   50.2
    230   17.3
    231   15.3
    232   20.0
    233   25.4
    234   30.5
    235   41.1
    236    T  
    237    2.5
    238    4.1
    239   25.1
    240   13.4
    241    T  
    242    0.0
    243    0.0
    244    0.0
    245    0.0
    246    2.4
    247   40.1
    248   31.5
    249   23.2
    250   14.2
    251   15.3
    252   41.5
    253   15.7
    254   20.2
    255   23.4
    256    7.2
    257   40.5
    258   50.4
    259   25.1
    260   25.6
    261   14.3
    262   25.1
    263   12.2
    264   14.6
    265   17.5
    266   10.2
    267   40.1
    268   25.2
    269   15.3
    270    0.0
    271    3.4
    272    7.9
    273    0.0
    274    T  
    275   15.2
    276   12.0
    277    5.1
    278    0.0
    279    2.3
    280   16.1
    281   15.2
    282    0.0
    283    T  
    284   17.1
    285   14.2
    286    6.7
    287   12.3
    288    0.0
    289    T  
    290   30.2
    291   50.1
    292   20.1
    293   10.1
    294    0.0
    295    0.0
    296    0.0
    297    0.0
    298    5.1
    299    0.0
    300    T  
    301    T  
    302    0.0
    303    0.0
    304    0.0
    305    0.0
    306    T  
    307    T  
    308    0.0
    309    0.0
    310    0.0
    311    0.0
    312    0.0
    313    0.0
    314    0.0
    315    T  
    316    0.0
    317    0.0
    318    0.0
    319    0.0
    320    0.0
    321    0.0
    322    0.0
    323    0.0
    324    0.0
    325    0.0
    326    0.0
    327    0.0
    328    0.0
    329    0.0
    330    0.0
    331    0.0
    332    0.0
    333    0.0
    334    0.0
    335    0.0
    336    0.0
    337    0.0
    338    0.0
    339    0.0
    340    0.0
    341    0.0
    342    0.0
    343    0.0
    344    0.0
    345    0.0
    346    0.0
    347    0.0
    348    0.0
    349    0.0
    350    0.0
    351    0.0
    352    0.0
    353    0.0
    354    0.0
    355    0.0
    356    0.0
    357    0.0
    358    0.0
    359    0.0
    360    0.0
    361   34.2
    362   20.9
    363    0.0
    364    0.0
    365    0.0
