      1    0.0
      2    0.0
      3    0.0
      4    0.0
      5    0.0
      6    0.0
      7    0.0
      8    0.0
      9    0.0
     10    0.0
     11    0.0
     12    0.0
     13    0.0
     14    0.0
     15    0.0
     16    0.0
     17    0.0
     18    0.0
     19    T  
     20    2.5
     21    0.0
     22    0.8
     23    0.0
     24    0.0
     25    0.0
     26    0.0
     27    0.0
     28    0.0
     29    0.0
     30    0.0
     31    T  
     32    0.0
     33    0.0
     34    0.0
     35    0.0
     36    0.0
     37    0.0
     38    T  
     39    0.0
     40    0.0
     41    0.0
     42    0.0
     43    0.0
     44    0.0
     45    0.0
     46    0.0
     47    0.0
     48    T  
     49    1.5
     50    5.3
     51    2.4
     52    T  
     53    0.0
     54    0.0
     55    T  
     56    0.0
     57    0.1
     58    0.0
     59    T  
     60    T  
     61    T  
     62    T  
     63    0.9
     64    2.5
     65    0.3
     66    T  
     67    T  
     68    1.3
     69    T  
     70    0.0
     71    0.0
     72    0.0
     73    0.0
     74    T  
     75    1.0
     76    0.0
     77    0.0
     78    T  
     79   27.3
     80    0.0
     81    T  
     82    T  
     83    T  
     84    2.5
     85    0.0
     86    0.0
     87    0.0
     88    0.0
     89    0.0
     90    0.0
     91    T  
     92    3.5
     93   11.5
     94    0.0
     95    0.0
     96    4.5
     97    0.0
     98    T  
     99    3.5
    100    0.0
    101    0.0
    102    T  
    103   32.5
    104    1.5
    105    T  
    106    0.0
    107    T  
    108   15.0
    109    0.0
    110    0.0
    111    0.0
    112    0.0
    113    0.0
    114    0.0
    115    0.0
    116    0.0
    117    0.0
    118    8.5
    119    1.0
    120    T  
    121    6.0
    122   12.0
    123    7.0
    124    2.5
    125    5.0
    126    3.3
    127   11.3
    128    T  
    129    3.2
    130    1.0
    131    8.0
    132    1.9
    133    2.0
    134    1.0
    135    2.0
    136    T  
    137    3.4
    138    2.5
    139    3.5
    140    5.5
    141   64.0
    142    6.0
    143    T  
    144    1.3
    145    8.5
    146   19.5
    147   13.3
    148    2.3
    149    1.0
    150    2.5
    151    0.5
    152    2.0
    153    3.2
    154    T  
    155    1.5
    156    7.5
    157   13.0
    158    9.0
    159   11.2
    160   41.4
    161   37.5
    162    8.0
    163   12.8
    164   70.0
    165   36.2
    166   45.8
    167   56.2
    168   10.1
    169   20.3
    170    4.4
    171   40.8
    172   51.2
    173   62.8
    174   14.5
    175   25.0
    176   33.0
    177  131.0
    178    2.5
    179   60.5
    180    5.8
    181   41.0
    182   13.2
    183   40.0
    184   36.5
    185   61.0
    186    4.5
    187   23.0
    188   41.5
    189    8.5
    190    5.5
    191   23.0
    192   28.4
    193   65.4
    194   33.0
    195   74.5
    196   23.5
    197   92.5
    198   21.1
    199   37.6
    200   49.9
    201   30.4
    202   59.9
    203   27.5
    204   20.2
    205   36.7
    206   50.2
    207   59.3
    208   27.5
    209   83.5
    210   54.7
    211    6.5
    212    9.5
    213   28.0
    214   14.2
    215   11.8
    216   54.5
    217   28.5
    218   23.5
    219   34.5
    220   55.5
    221   93.6
    222   31.1
    223   40.7
    224   45.3
    225   68.2
    226   56.5
    227   63.8
    228   41.3
    229   41.5
    230    5.5
    231   18.0
    232   11.5
    233   67.7
    234   40.0
    235   57.3
    236   23.5
    237   47.8
    238   12.0
    239   25.5
    240   11.0
    241   25.2
    242   10.0
    243   46.5
    244   10.8
    245    T  
    246    1.0
    247    8.1
    248   19.1
    249    9.3
    250   23.1
    251    2.4
    252    8.5
    253    6.4
    254   12.5
    255   61.4
    256   24.5
    257   50.4
    258   22.5
    259   29.5
    260    4.3
    261   30.0
    262   20.8
    263   13.1
    264   30.5
    265    1.0
    266    6.5
    267   12.2
    268   20.0
    269   32.0
    270    5.1
    271    0.3
    272   30.5
    273   15.2
    274   12.3
    275    4.2
    276    2.3
    277   20.6
    278    5.1
    279    8.2
    280   16.8
    281    T  
    282    5.4
    283    T  
    284    T  
    285    T  
    286    T  
    287    T  
    288    0.5
    289    T  
    290    T  
    291    0.0
    292    0.0
    293    0.0
    294    0.0
    295    0.0
    296    0.0
    297    0.0
    298    0.0
    299    0.1
    300    0.0
    301    0.0
    302    0.0
    303    0.0
    304    0.0
    305    0.0
    306    0.0
    307    0.0
    308    0.0
    309    0.0
    310    0.0
    311    0.0
    312    0.0
    313    0.0
    314    0.0
    315    0.0
    316    0.0
    317    0.0
    318    0.0
    319    0.0
    320    0.0
    321    0.0
    322    0.0
    323    0.0
    324    0.0
    325    0.0
    326    0.0
    327    0.0
    328    0.0
    329    0.0
    330    0.0
    331    0.0
    332    0.0
    333    0.0
    334    0.0
    335    0.0
    336    0.0
    337    0.0
    338    0.0
    339    0.0
    340    0.0
    341    0.0
    342    0.0
    343    0.0
    344    0.0
    345    0.0
    346    0.0
    347    0.0
    348    0.0
    349    0.0
    350    0.0
    351    0.0
    352    0.0
    353    0.0
    354    0.0
    355    0.0
    356    0.0
    357    0.0
    358    0.0
    359    0.0
    360    0.0
    361    0.0
    362   18.2
    363    1.0
    364    0.0
    365    0.0
    366    0.0
