      1    0.0
      2    0.0
      3    0.0
      4    0.0
      5    0.0
      6    0.3
      7    2.0
      8    3.1
      9    0.0
     10    0.0
     11    0.0
     12    0.0
     13    0.0
     14    0.0
     15    0.0
     16    0.0
     17    0.0
     18    0.0
     19    0.0
     20    0.0
     21    0.0
     22    0.0
     23    0.0
     24    0.0
     25    0.0
     26    0.0
     27    0.0
     28    0.0
     29    0.0
     30    0.0
     31    3.0
     32    0.3
     33    0.0
     34    0.0
     35    0.0
     36    0.0
     37    0.0
     38    0.0
     39    0.0
     40    0.0
     41    0.0
     42    0.0
     43    0.0
     44    0.0
     45    0.0
     46    2.3
     47    3.0
     48    2.3
     49    1.5
     50    4.0
     51    0.0
     52    0.0
     53    0.0
     54    0.0
     55    3.7
     56    1.3
     57    0.0
     58    0.0
     59    5.3
     60    1.0
     61    0.0
     62    0.0
     63    0.0
     64    0.0
     65    0.0
     66    0.0
     67    0.0
     68    0.0
     69    0.0
     70    0.0
     71    0.0
     72    0.0
     73    0.0
     74   11.2
     75    0.0
     76    0.0
     77    0.0
     78    0.0
     79    0.0
     80    0.0
     81    0.0
     82    0.0
     83    3.2
     84    5.2
     85    2.3
     86   25.6
     87    0.1
     88    0.0
     89    0.0
     90    0.0
     91    0.0
     92    0.0
     93    0.0
     94    0.0
     95    0.0
     96    0.0
     97    0.0
     98    0.0
     99   25.5
    100    0.0
    101    0.0
    102    4.6
    103   23.2
    104   19.1
    105    0.7
    106    0.1
    107    8.9
    108    0.0
    109   46.8
    110    0.0
    111    1.1
    112    0.0
    113   32.5
    114    7.5
    115    0.0
    116    1.9
    117    0.0
    118   11.1
    119    0.0
    120    0.0
    121    3.4
    122    2.3
    123    0.3
    124    3.1
    125    0.0
    126    0.0
    127   23.4
    128    8.1
    129    5.0
    130    3.9
    131    8.1
    132    4.1
    133    0.0
    134    0.9
    135    0.0
    136    6.0
    137   15.2
    138   12.2
    139    1.9
    140    5.2
    141    0.0
    142    0.0
    143    0.0
    144    0.0
    145    8.9
    146    0.0
    147    3.9
    148   21.3
    149    4.2
    150   12.2
    151    6.1
    152    3.5
    153    5.3
    154    2.1
    155    0.5
    156   12.8
    157    0.1
    158   12.2
    159    5.2
    160   14.2
    161    0.5
    162    7.4
    163   10.8
    164   12.2
    165    0.0
    166    2.5
    167    2.6
    168    4.2
    169   59.4
    170   18.2
    171    4.2
    172    1.6
    173    3.2
    174   33.9
    175   23.5
    176   35.0
    177   19.5
    178   14.5
    179   31.8
    180    8.5
    181   14.5
    182   60.2
    183   37.2
    184   30.0
    185    9.1
    186   23.5
    187    4.2
    188   61.9
    189    2.3
    190   40.0
    191   21.5
    192   45.0
    193    8.7
    194    9.2
    195  122.7
    196   62.9
    197   74.5
    198   41.7
    199   12.3
    200   31.3
    201    8.6
    202   10.9
    203   32.5
    204   35.8
    205   23.8
    206   37.2
    207   55.2
    208   53.7
    209   48.5
    210   24.2
    211    8.7
    212   27.0
    213   70.6
    214   66.5
    215   99.6
    216   57.1
    217   90.7
    218   76.7
    219   75.3
    220   11.7
    221   64.0
    222  149.2
    223   17.8
    224    5.7
    225   61.3
    226   28.2
    227    6.5
    228   26.5
    229   14.5
    230   65.1
    231   35.8
    232    5.0
    233   48.5
    234    8.5
    235   43.7
    236   35.4
    237   50.6
    238   13.5
    239   59.1
    240   16.1
    241    6.8
    242   60.2
    243   24.7
    244   15.2
    245   14.5
    246   15.2
    247   16.2
    248   52.2
    249   87.2
    250    6.4
    251   11.4
    252   16.5
    253    6.4
    254   56.6
    255    0.1
    256    8.1
    257   59.4
    258   11.4
    259    0.0
    260    6.4
    261   11.4
    262    0.7
    263   10.3
    264    2.7
    265   22.5
    266   63.1
    267   76.6
    268   82.2
    269   23.5
    270    5.1
    271    8.3
    272    2.5
    273    3.3
    274    0.2
    275    0.1
    276   16.2
    277    5.2
    278    4.3
    279   13.0
    280    1.6
    281    2.0
    282    0.0
    283    0.0
    284    0.0
    285    0.0
    286    0.0
    287    0.0
    288    3.0
    289    1.6
    290    0.5
    291    0.0
    292    0.0
    293    0.0
    294    0.0
    295    0.0
    296    0.0
    297    0.0
    298    0.0
    299    0.0
    300    0.0
    301    0.0
    302    0.0
    303    0.0
    304    0.0
    305    0.0
    306    0.0
    307   12.8
    308    0.2
    309    0.0
    310    6.5
    311    3.6
    312    0.0
    313    0.8
    314    0.0
    315    0.0
    316    0.0
    317    1.7
    318    0.0
    319    0.0
    320    0.0
    321    1.8
    322    2.8
    323    0.0
    324    0.0
    325    0.0
    326    0.0
    327    0.0
    328    0.0
    329    0.0
    330    0.0
    331    0.0
    332    0.0
    333    0.0
    334    0.0
    335    0.0
    336    0.0
    337    0.0
    338    0.0
    339    0.0
    340    0.0
    341    0.0
    342    0.0
    343    0.0
    344    0.0
    345    0.0
    346    0.0
    347    0.0
    348    0.0
    349    0.0
    350    0.0
    351    0.0
    352    0.0
    353    0.0
    354    0.0
    355    0.0
    356    0.0
    357    0.0
    358    0.0
    359    0.0
    360    0.0
    361    0.0
    362    0.0
    363    0.0
    364    0.0
    365    0.0
