  1995   1   1     0  21.2   4.0   0.0     0     0
  1995   1   2     0  22.4   4.4   0.0     0     0
  1995   1   3     0  23.0   5.0   0.0     0     0
  1995   1   4     0  23.0   5.4   0.0     0     0
  1995   1   5     0  24.4  10.4   0.1     0     0
  1995   1   6     0  20.2   8.2   0.0     0     0
  1995   1   7     0  25.4   7.0   0.2     0     0
  1995   1   8     0  25.0  10.0   0.1     0     0
  1995   1   9     0  21.2  14.0   2.7     0     0
  1995   1  10     0  23.6  11.0   0.5     0     0
  1995   1  11     0  21.4  10.0   0.0     0     0
  1995   1  12     0  13.0  11.0   0.0     0     0
  1995   1  13     0  14.2  10.4   0.0     0     0
  1995   1  14     0  18.4  11.0   0.0     0     0
  1995   1  15     0  22.6   9.0   0.0     0     0
  1995   1  16     0  20.2   8.0   0.0     0     0
  1995   1  17     0  23.8  12.0   0.0     0     0
  1995   1  18     0  25.6   6.0   0.0     0     0
  1995   1  19     0  21.2   5.0   0.0     0     0
  1995   1  20     0  22.8   8.0   0.0     0     0
  1995   1  21     0  27.4   6.0   0.0     0     0
  1995   1  22     0  22.2   5.0   0.0     0     0
  1995   1  23     0  22.0   4.2   0.0     0     0
  1995   1  24     0  22.2   4.2   0.0     0     0
  1995   1  25     0  22.2   5.0   0.0     0     0
  1995   1  26     0  24.2   6.4   0.0     0     0
  1995   1  27     0  24.6   6.0   0.0     0     0
  1995   1  28     0  25.0   6.4   0.0     0     0
  1995   1  29     0  25.4   7.0   0.0     0     0
  1995   1  30     0  24.4   6.0   0.0     0     0
  1995   1  31     0  25.2   8.0   0.0     0     0
  1995   2   1     0  25.4   7.0   0.0     0     0
  1995   2   2     0  25.4   7.0   0.0     0     0
  1995   2   3     0  26.2   8.0   0.0     0     0
  1995   2   4     0  26.4   9.2   0.0     0     0
  1995   2   5     0  24.6  10.0   1.5     0     0
  1995   2   6     0  25.4  10.0   0.1     0     0
  1995   2   7     0  24.6   7.6   0.0     0     0
  1995   2   8     0  24.4   9.0   0.0     0     0
  1995   2   9     0  24.0  10.2   0.0     0     0
  1995   2  10     0  24.8  11.0   0.0     0     0
  1995   2  11     0  22.6  12.0   0.0     0     0
  1995   2  12     0  25.0  10.4   0.0     0     0
  1995   2  13     0  29.2  12.0   0.0     0     0
  1995   2  14     0  21.4  13.4   0.0     0     0
  1995   2  15     0  24.0  14.2   4.4     0     0
  1995   2  16     0  24.0  11.0  18.0     0     0
  1995   2  17     0  26.0   9.6   0.0     0     0
  1995   2  18     0  26.2   9.0   0.0     0     0
  1995   2  19     0  27.0   8.4   0.0     0     0
  1995   2  20     0  28.0   9.0   0.0     0     0
  1995   2  21     0  28.2   8.0   0.0     0     0
  1995   2  22     0  28.0  12.0   0.0     0     0
  1995   2  23     0  25.2  14.0  11.5     0     0
  1995   2  24     0  23.6   9.4   3.0     0     0
  1995   2  25     0  25.6   8.0   0.0     0     0
  1995   2  26     0  26.0   8.6   0.0     0     0
  1995   2  27     0  27.6  10.2   0.0     0     0
  1995   2  28     0  28.6  11.0   0.0     0     0
  1995   3   1     0  29.4   9.0   0.0     0     0
  1995   3   2     0  29.6   9.4   0.0     0     0
  1995   3   3     0  29.2   8.0   0.0     0     0
  1995   3   4     0  27.2   9.0   0.0     0     0
  1995   3   5     0  26.0  10.0   0.0     0     0
  1995   3   6     0  30.2  10.4   0.0     0     0
  1995   3   7     0  22.2  14.6   0.2     0     0
  1995   3   8     0  27.1  15.1   0.0     0     0
  1995   3   9     0  26.4  11.0   0.0     0     0
  1995   3  10     0  29.2  13.2   0.0     0     0
  1995   3  11     0  30.2   DNA   0.0     0     0
  1995   3  12     0  30.2  12.0   0.0     0     0
  1995   3  13     0  27.4   9.0   0.0     0     0
  1995   3  14     0  31.2   8.6   0.0     0     0
  1995   3  15     0  31.0   9.0   0.0     0     0
  1995   3  16     0  31.2  14.0   0.0     0     0
  1995   3  17     0  33.2  12.0   0.0     0     0
  1995   3  18     0  36.0  13.0   0.0     0     0
  1995   3  19     0  34.6  13.0   0.0     0     0
  1995   3  20     0  34.6  12.0   0.0     0     0
  1995   3  21     0  34.2  13.8   0.0     0     0
  1995   3  22     0  35.0  15.0   0.0     0     0
  1995   3  23     0  35.2  16.0   0.0     0     0
  1995   3  24     0  36.8  18.0   0.0     0     0
  1995   3  25     0  37.0  19.0   0.0     0     0
  1995   3  26     0  26.0  20.0   1.6     0     0
  1995   3  27     0  31.0  17.0   3.6     0     0
  1995   3  28     0  33.0  15.4   0.0     0     0
  1995   3  29     0  34.6  16.0   0.0     0     0
  1995   3  30     0  33.2  17.0   3.0     0     0
  1995   3  31     0  34.0  15.0   0.0     0     0
  1995   4   1     0  33.6  11.0   0.0     0     0
  1995   4   2     0  34.2  12.0   0.0     0     0
  1995   4   3     0  35.2  10.4   0.0     0     0
  1995   4   4     0  34.2  10.0   0.0     0     0
  1995   4   5     0  35.0  10.0   0.0     0     0
  1995   4   6     0  36.2  13.0   0.0     0     0
  1995   4   7     0  37.0  13.0   0.0     0     0
  1995   4   8     0  36.0  16.0   0.0     0     0
  1995   4   9     0  36.0  21.0   0.0     0     0
  1995   4  10     0  37.2  20.0   0.0     0     0
  1995   4  11     0  38.0  21.0   0.0     0     0
  1995   4  12     0  36.6  18.0   0.0     0     0
  1995   4  13     0  35.0  14.4   0.0     0     0
  1995   4  14     0  37.6  13.4   0.0     0     0
  1995   4  15     0  38.4  18.0   0.0     0     0
  1995   4  16     0  39.0  18.0   0.0     0     0
  1995   4  17     0  37.4  21.0   0.0     0     0
  1995   4  18     0  38.6  21.0   0.0     0     0
  1995   4  19     0  39.8  20.0   0.0     0     0
  1995   4  20     0  39.6  21.2   0.0     0     0
  1995   4  21     0  35.0  19.2   0.0     0     0
  1995   4  22     0  37.6  17.0   0.0     0     0
  1995   4  23     0  40.0  19.0   0.0     0     0
  1995   4  24     0  40.0  20.0   0.0     0     0
  1995   4  25     0  41.2  18.6   0.0     0     0
  1995   4  26     0  41.2  23.0   0.0     0     0
  1995   4  27     0  41.0  22.0   0.0     0     0
  1995   4  28     0  40.2  24.0   0.0     0     0
  1995   4  29     0  38.8  25.6   0.0     0     0
  1995   4  30     0  41.8  23.6   0.0     0     0
  1995   5   1     0  42.0  23.0   0.0     0     0
  1995   5   2     0  42.6  21.2   0.0     0     0
  1995   5   3     0  42.2  20.0   0.0     0     0
  1995   5   4     0  41.0  21.0   0.0     0     0
  1995   5   5     0  41.0  19.0   0.0     0     0
  1995   5   6     0  40.6  19.0   0.0     0     0
  1995   5   7     0  39.0  24.2   0.0     0     0
  1995   5   8     0  38.0  24.2   0.0     0     0
  1995   5   9     0  37.6  26.0   0.0     0     0
  1995   5  10     0  39.0  25.0   0.0     0     0
  1995   5  11     0  38.0  27.0   0.0     0     0
  1995   5  12     0  40.4  26.0   0.0     0     0
  1995   5  13     0  38.8  27.0     T     0     0
  1995   5  14     0  38.0  26.2   0.0     0     0
  1995   5  15     0  37.0  27.2   0.0     0     0
  1995   5  16     0  36.6  29.0   0.0     0     0
  1995   5  17     0  31.0  25.0   3.5     0     0
  1995   5  18     0  37.0  25.0   0.0     0     0
  1995   5  19     0  41.6  26.4   0.0     0     0
  1995   5  20     0  41.6  28.2   0.0     0     0
  1995   5  21     0  41.2  25.4   0.0     0     0
  1995   5  22     0  42.2  23.0   0.0     0     0
  1995   5  23     0  42.6  22.0   0.0     0     0
  1995   5  24     0  42.6  23.6   0.0     0     0
  1995   5  25     0  43.1  23.7   0.0     0     0
  1995   5  26     0  43.6  26.6   0.0     0     0
  1995   5  27     0  43.6  23.4   0.0     0     0
  1995   5  28     0  41.0  21.5   0.0     0     0
  1995   5  29     0  42.0  25.0   0.0     0     0
  1995   5  30     0  42.2  29.0   0.0     0     0
  1995   5  31     0  40.0  30.0   0.0     0     0
  1995   6   1     0  40.6  29.6   0.0     0     0
  1995   6   2     0  39.6  28.0   0.0     0     0
  1995   6   3     0  39.0  30.2   0.0     0     0
  1995   6   4     0  37.4  29.0   0.2     0     0
  1995   6   5     0  36.2  29.0   0.0     0     0
  1995   6   6     0  36.2  28.2   0.0     0     0
  1995   6   7     0  34.0  26.4  10.0     0     0
  1995   6   8     0  36.0  28.6   5.0     0     0
  1995   6   9     0  31.6  27.0  11.5     0     0
  1995   6  10     0  30.4  28.0   1.0     0     0
  1995   6  11     0  29.0  24.6  16.0     0     0
  1995   6  12     0  32.2  26.0  14.5     0     0
  1995   6  13     0  34.2  25.2   5.6     0     0
  1995   6  14     0  34.2  24.6   4.5     0     0
  1995   6  15     0  37.2  27.0   0.0     0     0
  1995   6  16     0  37.4  28.6   0.0     0     0
  1995   6  17     0  33.0  28.1   0.0     0     0
  1995   6  18     0  31.0  24.0  46.2     0     0
  1995   6  19     0  33.2  25.0   8.5     0     0
  1995   6  20     0  32.0  23.0  75.0     0     0
  1995   6  21     0  34.2  26.0   7.1     0     0
  1995   6  22     0  33.0  26.0   5.4     0     0
  1995   6  23     0  30.2  21.1  10.3     0     0
  1995   6  24     0  30.4  22.1  83.2     0     0
  1995   6  25     0  35.2  24.2  41.6     0     0
  1995   6  26     0  35.0  27.0   0.0     0     0
  1995   6  27     0  34.2  27.2   0.0     0     0
  1995   6  28     0  35.0  27.6   0.0     0     0
  1995   6  29     0  34.0  27.6   0.0     0     0
  1995   6  30     0  37.8  27.2   0.0     0     0
  1995   7   1     0  34.6  23.0   0.0     0     0
  1995   7   2     0  34.2  23.0  31.5     0     0
  1995   7   3     0  33.6  23.4   0.0     0     0
  1995   7   4     0  34.3  23.2  25.0     0     0
  1995   7   5     0  34.1  26.1   0.0     0     0
  1995   7   6     0  34.0  26.2   9.2     0     0
  1995   7   7     0  30.3  23.2  74.2     0     0
  1995   7   8     0  28.4  26.4   3.2     0     0
  1995   7   9     0  32.2  20.1  11.5     0     0
  1995   7  10     0  29.6  23.0  52.2     0     0
  1995   7  11     0  30.0  23.0  66.0     0     0
  1995   7  12     0  33.0  26.8  34.2     0     0
  1995   7  13     0  33.0  25.0  51.0     0     0
  1995   7  14     0  33.8  26.0   3.6     0     0
  1995   7  15     0  33.4  26.0   0.0     0     0
  1995   7  16     0  33.6  25.2  29.0     0     0
  1995   7  17     0  34.2  26.2   0.0     0     0
  1995   7  18     0  33.6  25.4   0.0     0     0
  1995   7  19     0  33.4  27.4   0.0     0     0
  1995   7  20     0  32.4  26.0   2.5     0     0
  1995   7  21     0  34.0  26.3   0.0     0     0
  1995   7  22     0  33.0  26.3   0.0     0     0
  1995   7  23     0  33.6  27.0   0.0     0     0
  1995   7  24     0  33.6  26.6   0.0     0     0
  1995   7  25     0  36.2  27.0   0.0     0     0
  1995   7  26     0  36.0  27.4   0.0     0     0
  1995   7  27     0  36.0  28.0   0.0     0     0
  1995   7  28     0  33.6  26.0  46.0     0     0
  1995   7  29     0  33.6  27.6   0.0     0     0
  1995   7  30     0  34.2  28.0   0.0     0     0
  1995   7  31     0  29.0  25.0  61.2     0     0
  1995   8   1     0  34.2  26.0   2.0     0     0
  1995   8   2     0  33.2  25.0   8.0     0     0
  1995   8   3     0  33.0  27.0   0.0     0     0
  1995   8   4     0  34.2  26.0   0.0     0     0
  1995   8   5     0  32.4  27.1     T     0     0
  1995   8   6     0  33.0  26.0  24.8     0     0
  1995   8   7     0  32.4  25.2  81.3     0     0
  1995   8   8     0  34.2  26.0   1.4     0     0
  1995   8   9     0  33.4  27.0   3.4     0     0
  1995   8  10     0  33.0  27.2   0.0     0     0
  1995   8  11     0  32.3  27.2     T     0     0
  1995   8  12     0  31.4  26.0  38.4     0     0
  1995   8  13     0  26.0  24.0  68.4     0     0
  1995   8  14     0  33.0  24.2  41.0     0     0
  1995   8  15     0  33.0  26.4   3.5     0     0
  1995   8  16     0  32.2  24.2 142.2     0     0
  1995   8  17     0  34.6  25.6   0.0     0     0
  1995   8  18     0  34.6  26.2   0.0     0     0
  1995   8  19     0  34.8  26.2   1.0     0     0
  1995   8  20     0  32.6  25.0  26.0     0     0
  1995   8  21     0  32.2  26.2  10.0     0     0
  1995   8  22     0  33.6  26.0   2.0     0     0
  1995   8  23     0  33.6  27.0   0.0     0     0
  1995   8  24     0  32.6  27.0   0.0     0     0
  1995   8  25     0  34.8  26.6   2.2     0     0
  1995   8  26     0  38.6  27.0   0.0     0     0
  1995   8  27     0  31.0  24.2  80.2     0     0
  1995   8  28     0  34.8  26.0   2.0     0     0
  1995   8  29     0  34.0  27.0   0.0     0     0
  1995   8  30     0  34.2  25.0  14.9     0     0
  1995   8  31     0  36.4  26.6   0.0     0     0
  1995   9   1     0  35.6  27.0   0.0     0     0
  1995   9   2     0  34.6  27.6   0.0     0     0
  1995   9   3     0  32.0  28.0   0.0     0     0
  1995   9   4     0  32.2  26.6   0.0     0     0
  1995   9   5     0  33.6  26.2   5.6     0     0
  1995   9   6     0  33.6  26.2  22.0     0     0
  1995   9   7     0  31.4  26.0   0.0     0     0
  1995   9   8     0  33.2  25.0   8.4     0     0
  1995   9   9     0  33.4  23.4   0.0     0     0
  1995   9  10     0  35.6  24.2   0.0     0     0
  1995   9  11     0  34.2  25.4   0.0     0     0
  1995   9  12     0  35.2  25.0   0.0     0     0
  1995   9  13     0  34.2  25.0   0.0     0     0
  1995   9  14     0  34.2  25.4   0.0     0     0
  1995   9  15     0  34.2  25.0   0.0     0     0
  1995   9  16     0  35.6  25.0   6.2     0     0
  1995   9  17     0  33.2  26.0   0.0     0     0
  1995   9  18     0  29.2  24.2   0.0     0     0
  1995   9  19     0  29.0  25.0   0.4     0     0
  1995   9  20     0  35.0  26.0   7.6     0     0
  1995   9  21     0  34.6  25.2   0.2     0     0
  1995   9  22     0  33.0  25.0   0.0     0     0
  1995   9  23     0  33.0  25.0   0.0     0     0
  1995   9  24     0  33.0  25.0   0.0     0     0
  1995   9  25     0  32.6  23.4   7.9     0     0
  1995   9  26     0  32.6  24.0   0.6     0     0
  1995   9  27     0  33.0  23.0   0.0     0     0
  1995   9  28     0  30.4  22.0  16.5     0     0
  1995   9  29     0  27.4  23.0   0.4     0     0
  1995   9  30     0  32.4  23.0   4.6     0     0
  1995  10   1     0  34.6  25.0   0.0     0     0
  1995  10   2     0  34.6  24.0   0.0     0     0
  1995  10   3     0  34.4  23.0   8.0     0     0
  1995  10   4     0  35.0  23.0  28.5     0     0
  1995  10   5     0  34.6  21.0  31.5     0     0
  1995  10   6     0  35.4  23.0   0.0     0     0
  1995  10   7     0  33.0  23.0   0.0     0     0
  1995  10   8     0  34.2  23.0   0.0     0     0
  1995  10   9     0  33.0  22.0   0.0     0     0
  1995  10  10     0  34.0  23.0   0.0     0     0
  1995  10  11     0  34.3  23.0   0.0     0     0
  1995  10  12     0  34.2  23.2   0.0     0     0
  1995  10  13     0  34.2  22.3   0.0     0     0
  1995  10  14     0  34.1  23.2   0.0     0     0
  1995  10  15     0  34.6  23.0   0.0     0     0
  1995  10  16     0  29.8  23.0   0.0     0     0
  1995  10  17     0  34.6  23.0   0.0     0     0
  1995  10  18     0  34.6  22.0   1.0     0     0
  1995  10  19     0  34.0  22.0   0.0     0     0
  1995  10  20     0  33.0  20.0   0.0     0     0
  1995  10  21     0  34.0  19.0   0.0     0     0
  1995  10  22     0  33.0  20.0   0.0     0     0
  1995  10  23     0  32.2  19.6   0.0     0     0
  1995  10  24     0  31.6  16.0   0.0     0     0
  1995  10  25     0  32.6  17.0   0.0     0     0
  1995  10  26     0  33.6  17.0   0.0     0     0
  1995  10  27     0  33.3  17.0   0.0     0     0
  1995  10  28     0  33.2  17.0   0.0     0     0
  1995  10  29     0  34.2  18.0   0.0     0     0
  1995  10  30     0  33.8  16.0   0.0     0     0
  1995  10  31     0  34.6  17.8   0.0     0     0
  1995  11   1     0  32.2  18.0   0.0     0     0
  1995  11   2     0  31.4  13.0   0.0     0     0
  1995  11   3     0  31.2  13.0   0.0     0     0
  1995  11   4     0  32.6  14.0   0.0     0     0
  1995  11   5     0  34.0  14.0   0.0     0     0
  1995  11   6     0  35.6  15.0   0.0     0     0
  1995  11   7     0  35.2  16.0   0.0     0     0
  1995  11   8     0  35.2  15.0   0.0     0     0
  1995  11   9     0  34.2  15.2   0.0     0     0
  1995  11  10     0  20.2  18.0  29.0     0     0
  1995  11  11     0  26.4  18.0  46.0     0     0
  1995  11  12     0  29.2  18.0   0.0     0     0
  1995  11  13     0  30.0  17.0   0.0     0     0
  1995  11  14     0  31.8  18.0   0.0     0     0
  1995  11  15     0  31.0  17.0   0.0     0     0
  1995  11  16     0  31.2   DNA   0.0     0     0
  1995  11  17     0  31.0  17.0   0.0     0     0
  1995  11  18     0  30.4  15.3   0.0     0     0
  1995  11  19     0  30.2  16.0   0.0     0     0
  1995  11  20     0  29.6  13.2   0.0     0     0
  1995  11  21     0  28.2  13.0   0.0     0     0
  1995  11  22     0  28.4  13.0   0.0     0     0
  1995  11  23     0  29.4  13.6   0.0     0     0
  1995  11  24     0  28.6  13.0   0.0     0     0
  1995  11  25     0  28.4  13.0   0.0     0     0
  1995  11  26     0  27.4  11.4   0.0     0     0
  1995  11  27     0  25.2  10.4   0.0     0     0
  1995  11  28     0  27.4  11.4   0.0     0     0
  1995  11  29     0  28.4  11.0   0.0     0     0
  1995  11  30     0  27.6  11.0   0.0     0     0
  1995  12   1     0  26.8  11.0   0.0     0     0
  1995  12   2     0  26.0   9.0   0.0     0     0
  1995  12   3     0  26.2   9.8   0.0     0     0
  1995  12   4     0  26.0  10.0   0.0     0     0
  1995  12   5     0  26.0  10.4   0.0     0     0
  1995  12   6     0  26.0  11.0   0.0     0     0
  1995  12   7     0  27.0  11.0   0.0     0     0
  1995  12   8     0  27.0  11.0   0.0     0     0
  1995  12   9     0  27.2  11.0   0.0     0     0
  1995  12  10     0  27.2  11.0   0.0     0     0
  1995  12  11     0  27.4  11.8   0.0     0     0
  1995  12  12     0  27.2  11.4   0.0     0     0
  1995  12  13     0  25.0   9.6   0.0     0     0
  1995  12  14     0  25.0  10.0   0.0     0     0
  1995  12  15     0  25.0  11.0   0.0     0     0
  1995  12  16     0  25.0  10.0   0.0     0     0
  1995  12  17     0  24.2   9.6   0.0     0     0
  1995  12  18     0  24.6  11.0   0.0     0     0
  1995  12  19     0  23.6   9.6   0.0     0     0
  1995  12  20     0  23.8  10.0   0.0     0     0
  1995  12  21     0  25.6  11.0   0.0     0     0
  1995  12  22     0  23.0  12.0   0.0     0     0
  1995  12  23     0  25.2  13.0   0.0     0     0
  1995  12  24     0  26.0   8.0   0.0     0     0
  1995  12  25     0  20.0  12.0   6.5     0     0
  1995  12  26     0  25.0  11.0   3.0     0     0
  1995  12  27     0  24.2   9.2   0.0     0     0
  1995  12  28     0  25.2  10.0   0.0     0     0
  1995  12  29     0  26.0   9.0   0.0     0     0
  1995  12  30     0  26.2   8.2   0.0     0     0
  1995  12  31     0  26.2  13.8   0.0     0     0
