  1971   1   1     0  22.7   7.0   0.0     0     0
  1971   1   2     0  23.0   6.5   0.0     0     0
  1971   1   3     0  22.7   6.0   0.0     0     0
  1971   1   4     0  22.5   6.7   0.0     0     0
  1971   1   5     0  23.0   7.0   0.0     0     0
  1971   1   6     0  24.0   7.2   0.0     0     0
  1971   1   7     0  23.1   6.7   0.0     0     0
  1971   1   8     0  23.5   7.0   0.0     0     0
  1971   1   9     0  24.0   6.5   0.0     0     0
  1971   1  10     0  23.6   7.1   0.0     0     0
  1971   1  11     0  24.1   6.8   0.0     0     0
  1971   1  12     0  23.1   7.5   0.0     0     0
  1971   1  13     0  23.3   7.1   0.0     0     0
  1971   1  14     0  26.0   6.2   0.0     0     0
  1971   1  15     0  25.0   6.5   0.0     0     0
  1971   1  16     0  24.5   6.0   0.0     0     0
  1971   1  17     0  24.5   6.0   0.0     0     0
  1971   1  18     0  24.0   5.5   0.0     0     0
  1971   1  19     0  23.0   4.7   0.0     0     0
  1971   1  20     0  23.7   4.9   0.0     0     0
  1971   1  21     0  22.9   5.0   0.0     0     0
  1971   1  22     0  21.7   8.0  23.7     0     0
  1971   1  23     0  21.0   7.0   0.0     0     0
  1971   1  24     0  20.5   7.1   0.0     0     0
  1971   1  25     0  21.7   6.1   0.0     0     0
  1971   1  26     0  21.7   5.7   0.0     0     0
  1971   1  27     0  22.2   8.9   0.0     0     0
  1971   1  28     0  22.7   7.2   0.0     0     0
  1971   1  29     0  21.0   4.4   0.0     0     0
  1971   1  30     0  21.7   3.0   0.0     0     0
  1971   1  31     0  21.0   3.2   0.0     0     0
  1971   2   1     0  21.0   3.2   0.0     0     0
  1971   2   2     0  20.9   4.5   0.0     0     0
  1971   2   3     0  21.5   4.1   0.0     0     0
  1971   2   4     0  22.1   4.5   0.0     0     0
  1971   2   5     0  22.0   6.5   0.0     0     0
  1971   2   6     0  21.9   7.2   0.0     0     0
  1971   2   7     0  22.8   5.7   0.0     0     0
  1971   2   8     0  24.7   9.0   0.0     0     0
  1971   2   9     0  24.1   6.0   0.0     0     0
  1971   2  10     0  24.0   6.2   0.0     0     0
  1971   2  11     0  24.8   7.0   0.0     0     0
  1971   2  12     0  25.1   6.7   0.0     0     0
  1971   2  13     0  24.0   5.7   0.0     0     0
  1971   2  14     0  24.1   6.7   0.0     0     0
  1971   2  15     0  24.0   7.0   0.0     0     0
  1971   2  16     0  28.5   8.5   0.0     0     0
  1971   2  17     0  28.7   8.2   0.0     0     0
  1971   2  18     0  28.0   9.9   0.0     0     0
  1971   2  19     0  28.1   9.5   0.0     0     0
  1971   2  20     0  28.0  10.5   0.0     0     0
  1971   2  21     0  28.2  10.0   0.0     0     0
  1971   2  22     0  29.5  10.9   0.0     0     0
  1971   2  23     0  29.2   9.5   0.0     0     0
  1971   2  24     0  29.5   8.7   0.0     0     0
  1971   2  25     0  27.5   8.0   0.0     0     0
  1971   2  26     0  25.5   9.0   0.0     0     0
  1971   2  27     0  27.1   8.5   0.0     0     0
  1971   2  28     0  27.7  11.0  24.2     0     0
  1971   3   1     0  24.0   9.7   0.0     0     0
  1971   3   2     0  24.0   9.2   0.0     0     0
  1971   3   3     0  27.0  11.5   0.0     0     0
  1971   3   4     0  27.1  11.9   0.0     0     0
  1971   3   5     0  26.5  14.2   0.1     0     0
  1971   3   6     0  25.9   6.7   0.0     0     0
  1971   3   7     0  25.5   6.5   0.0     0     0
  1971   3   8     0  25.5   8.2   0.0     0     0
  1971   3   9     0  27.9   9.5   0.0     0     0
  1971   3  10     0  29.5  10.0   0.0     0     0
  1971   3  11     0  30.6  10.5   0.0     0     0
  1971   3  12     0  30.5  10.5   0.0     0     0
  1971   3  13     0  30.1  10.2   0.0     0     0
  1971   3  14     0  31.0  10.5   0.0     0     0
  1971   3  15     0  32.2  12.7   0.0     0     0
  1971   3  16     0  32.5  12.0   0.0     0     0
  1971   3  17     0  32.2  11.9   0.0     0     0
  1971   3  18     0  32.1  11.9   0.0     0     0
  1971   3  19     0  32.9  13.8   0.0     0     0
  1971   3  20     0  31.7  12.5   0.0     0     0
  1971   3  21     0  32.5  13.5   0.0     0     0
  1971   3  22     0  34.0  14.7   0.0     0     0
  1971   3  23     0  34.1  14.5   0.0     0     0
  1971   3  24     0  36.0  14.0   0.0     0     0
  1971   3  25     0  35.5  14.1   0.0     0     0
  1971   3  26     0  37.2  14.3   0.0     0     0
  1971   3  27     0  37.0  14.0   0.0     0     0
  1971   3  28     0  37.5  14.2   0.0     0     0
  1971   3  29     0  37.7  14.3   0.0     0     0
  1971   3  30     0  37.8  14.5   0.0     0     0
  1971   3  31     0  37.9  14.5   0.0     0     0
  1971   4   1     0   DNA   DNA   DNA     0     0
  1971   4   2     0   DNA   DNA   DNA     0     0
  1971   4   3     0   DNA   DNA   DNA     0     0
  1971   4   4     0   DNA   DNA   DNA     0     0
  1971   4   5     0   DNA   DNA   DNA     0     0
  1971   4   6     0   DNA   DNA   DNA     0     0
  1971   4   7     0   DNA   DNA   DNA     0     0
  1971   4   8     0   DNA   DNA   DNA     0     0
  1971   4   9     0   DNA   DNA   DNA     0     0
  1971   4  10     0   DNA   DNA   DNA     0     0
  1971   4  11     0   DNA   DNA   DNA     0     0
  1971   4  12     0   DNA   DNA   DNA     0     0
  1971   4  13     0   DNA   DNA   DNA     0     0
  1971   4  14     0   DNA   DNA   DNA     0     0
  1971   4  15     0   DNA   DNA   DNA     0     0
  1971   4  16     0   DNA   DNA   DNA     0     0
  1971   4  17     0   DNA   DNA   DNA     0     0
  1971   4  18     0   DNA   DNA   DNA     0     0
  1971   4  19     0   DNA   DNA   DNA     0     0
  1971   4  20     0   DNA   DNA   DNA     0     0
  1971   4  21     0   DNA   DNA   DNA     0     0
  1971   4  22     0   DNA   DNA   DNA     0     0
  1971   4  23     0   DNA   DNA   DNA     0     0
  1971   4  24     0   DNA   DNA   DNA     0     0
  1971   4  25     0   DNA   DNA   DNA     0     0
  1971   4  26     0   DNA   DNA   DNA     0     0
  1971   4  27     0   DNA   DNA   DNA     0     0
  1971   4  28     0   DNA   DNA   DNA     0     0
  1971   4  29     0   DNA   DNA   DNA     0     0
  1971   4  30     0   DNA   DNA   DNA     0     0
  1971   5   1     0   DNA   DNA   DNA     0     0
  1971   5   2     0   DNA   DNA   DNA     0     0
  1971   5   3     0   DNA   DNA   DNA     0     0
  1971   5   4     0   DNA   DNA   DNA     0     0
  1971   5   5     0   DNA   DNA   DNA     0     0
  1971   5   6     0   DNA   DNA   DNA     0     0
  1971   5   7     0   DNA   DNA   DNA     0     0
  1971   5   8     0   DNA   DNA   0.0     0     0
  1971   5   9     0   DNA   DNA   DNA     0     0
  1971   5  10     0   DNA   DNA   DNA     0     0
  1971   5  11     0   DNA   DNA   DNA     0     0
  1971   5  12     0   DNA   DNA   DNA     0     0
  1971   5  13     0   DNA   DNA   DNA     0     0
  1971   5  14     0   DNA   DNA   DNA     0     0
  1971   5  15     0  30.1  20.0   0.1     0     0
  1971   5  16     0  31.0  19.0   0.2     0     0
  1971   5  17     0  31.5  24.0   0.3     0     0
  1971   5  18     0  39.5  23.5   0.0     0     0
  1971   5  19     0  35.0  20.0   0.0     0     0
  1971   5  20     0  34.5  22.0   0.0     0     0
  1971   5  21     0  35.0  22.0  14.0     0     0
  1971   5  22     0  28.5  20.0   0.0     0     0
  1971   5  23     0  35.5  23.0   0.0     0     0
  1971   5  24     0  34.0  23.0   3.0     0     0
  1971   5  25     0  36.0  23.0   1.0     0     0
  1971   5  26     0  35.0  21.0   0.0     0     0
  1971   5  27     0  35.0  24.0   0.0     0     0
  1971   5  28     0  34.0  22.0  14.0     0     0
  1971   5  29     0  34.0  22.0   0.0     0     0
  1971   5  30     0  36.0  25.0   0.0     0     0
  1971   5  31     0  36.0  22.0   0.1     0     0
  1971   6   1     0  35.0  20.0  10.0     0     0
  1971   6   2     0  32.0  22.0  10.0     0     0
  1971   6   3     0  33.0  23.0   0.0     0     0
  1971   6   4     0  33.0  22.0  39.0     0     0
  1971   6   5     0  35.0  25.0   0.0     0     0
  1971   6   6     0  33.0  25.0  12.0     0     0
  1971   6   7     0  34.0  26.0   0.0     0     0
  1971   6   8     0  34.0  25.0   9.0     0     0
  1971   6   9     0  32.0  25.0   2.0     0     0
  1971   6  10     0  32.0  24.0   0.0     0     0
  1971   6  11     0  33.0  26.0   0.0     0     0
  1971   6  12     0  33.0  26.0   0.0     0     0
  1971   6  13     0  32.0  24.0   0.0     0     0
  1971   6  14     0  32.0  22.0  73.0     0     0
  1971   6  15     0  30.0  23.0  29.0     0     0
  1971   6  16     0  30.0  23.0   9.0     0     0
  1971   6  17     0  30.0  22.0   0.0     0     0
  1971   6  18     0  35.0  25.0   0.0     0     0
  1971   6  19     0  35.0  23.0  37.0     0     0
  1971   6  20     0  35.0  24.0   0.0     0     0
  1971   6  21     0  35.0  25.0   1.0     0     0
  1971   6  22     0  35.0  25.0   0.0     0     0
  1971   6  23     0  34.0  26.0   0.0     0     0
  1971   6  24     0  32.0  25.0   2.0     0     0
  1971   6  25     0  32.0  24.0  44.0     0     0
  1971   6  26     0  35.0  25.0  29.0     0     0
  1971   6  27     0  32.0  24.0   2.0     0     0
  1971   6  28     0  35.0  23.0  14.0     0     0
  1971   6  29     0  33.0  23.0   7.7     0     0
  1971   6  30     0  33.0  24.0  10.0     0     0
  1971   7   1     0  34.0  23.0  36.0     0     0
  1971   7   2     0  33.0  23.0  38.0     0     0
  1971   7   3     0  30.0  24.0  14.0     0     0
  1971   7   4     0  33.0  25.0     T     0     0
  1971   7   5     0  32.0  25.0  18.2     0     0
  1971   7   6     0  33.0  24.0   7.0     0     0
  1971   7   7     0  32.0  25.0   0.0     0     0
  1971   7   8     0  33.0  24.0   1.0     0     0
  1971   7   9     0  33.0  26.0   6.5     0     0
  1971   7  10     0  32.0  26.0  27.0     0     0
  1971   7  11     0  29.0  18.2  15.7     0     0
  1971   7  12     0  33.0  24.0   0.0     0     0
  1971   7  13     0  32.0  25.0   1.5     0     0
  1971   7  14     0  35.8  25.0   0.0     0     0
  1971   7  15     0  36.0  26.0   0.0     0     0
  1971   7  16     0  36.0  23.5  11.0     0     0
  1971   7  17     0  36.0  24.0   9.0     0     0
  1971   7  18     0  33.0  25.0   0.0     0     0
  1971   7  19     0  33.0  25.0   0.0     0     0
  1971   7  20     0  33.0  25.0   0.0     0     0
  1971   7  21     0  33.5  25.0   0.0     0     0
  1971   7  22     0  33.0  25.0   0.0     0     0
  1971   7  23     0  32.0  24.0   0.0     0     0
  1971   7  24     0  32.0  25.0   0.0     0     0
  1971   7  25     0  35.0  26.0   0.0     0     0
  1971   7  26     0  34.0  23.0  11.0     0     0
  1971   7  27     0  32.0  24.0   2.0     0     0
  1971   7  28     0  31.0  23.0   0.0     0     0
  1971   7  29     0  34.0  25.0   0.0     0     0
  1971   7  30     0  33.0  24.0  24.0     0     0
  1971   7  31     0  31.0  23.0  34.0     0     0
  1971   8   1     0  28.0  23.0  51.0     0     0
  1971   8   2     0  33.0  24.0   0.0     0     0
  1971   8   3     0  33.0  25.0   1.0     0     0
  1971   8   4     0  31.0  23.0     T     0     0
  1971   8   5     0  31.0  24.0  25.0     0     0
  1971   8   6     0  32.5  24.0  37.0     0     0
  1971   8   7     0  31.0  22.5   0.0     0     0
  1971   8   8     0  31.7  23.7  46.5     0     0
  1971   8   9     0  30.7  24.5  24.2     0     0
  1971   8  10     0  32.0  24.0   0.0     0     0
  1971   8  11     0  31.0  25.0  17.0     0     0
  1971   8  12     0  31.0  23.5   8.0     0     0
  1971   8  13     0  30.0  24.0   4.0     0     0
  1971   8  14     0  32.0  23.0  14.3     0     0
  1971   8  15     0  31.0  25.0  11.0     0     0
  1971   8  16     0  31.0  25.0   0.0     0     0
  1971   8  17     0  30.0  24.0  14.0     0     0
  1971   8  18     0  33.5  23.0  12.7     0     0
  1971   8  19     0  33.5  22.7  48.5     0     0
  1971   8  20     0  33.5  23.0   5.0     0     0
  1971   8  21     0  35.0  23.0   0.0     0     0
  1971   8  22     0  33.0  24.0   0.0     0     0
  1971   8  23     0  33.0  25.0   1.5     0     0
  1971   8  24     0  34.0  25.0   0.0     0     0
  1971   8  25     0  34.0  22.0   7.0     0     0
  1971   8  26     0  33.0  22.5  11.0     0     0
  1971   8  27     0  33.2  22.5   0.0     0     0
  1971   8  28     0  32.0  24.0   0.0     0     0
  1971   8  29     0  32.0  22.0   0.0     0     0
  1971   8  30     0  31.0  24.0     T     0     0
  1971   8  31     0  28.0  22.0  26.7     0     0
  1971   9   1     0  31.0  23.5   8.0     0     0
  1971   9   2     0  31.0  22.5  20.0     0     0
  1971   9   3     0  33.0  24.5   0.0     0     0
  1971   9   4     0  30.1  22.0   0.0     0     0
  1971   9   5     0  32.0  23.0  15.5     0     0
  1971   9   6     0  33.0  24.0   0.0     0     0
  1971   9   7     0  33.0  24.0   6.0     0     0
  1971   9   8     0  31.0  24.0   1.5     0     0
  1971   9   9     0  31.0  28.0  23.0     0     0
  1971   9  10     0  28.0  24.0  44.5     0     0
  1971   9  11     0  30.1  28.1   0.0     0     0
  1971   9  12     0  36.3  23.0   0.0     0     0
  1971   9  13     0  32.0  22.5   0.0     0     0
  1971   9  14     0  33.0  24.0   0.0     0     0
  1971   9  15     0  34.0  25.0   0.0     0     0
  1971   9  16     0  34.0  24.5   0.0     0     0
  1971   9  17     0  31.0  28.0   0.0     0     0
  1971   9  18     0  32.0  24.0   0.0     0     0
  1971   9  19     0  35.0  23.0   0.0     0     0
  1971   9  20     0  32.0  23.0   0.0     0     0
  1971   9  21     0  35.5  22.0   0.0     0     0
  1971   9  22     0  32.0  23.0   0.0     0     0
  1971   9  23     0  32.0  22.5  24.7     0     0
  1971   9  24     0  34.0  23.0   0.0     0     0
  1971   9  25     0  33.0  25.0   0.0     0     0
  1971   9  26     0  31.0  23.0   0.0     0     0
  1971   9  27     0  30.0  28.0   0.0     0     0
  1971   9  28     0  32.0  23.0   0.0     0     0
  1971   9  29     0  31.0  22.0   0.0     0     0
  1971   9  30     0  31.0  24.0   0.0     0     0
  1971  10   1     0  32.0  25.0  39.0     0     0
  1971  10   2     0  28.0  23.0   0.0     0     0
  1971  10   3     0  31.0  29.0   0.0     0     0
  1971  10   4     0  31.0  29.1   0.0     0     0
  1971  10   5     0  30.1  24.0   0.0     0     0
  1971  10   6     0  30.1  25.0   0.0     0     0
  1971  10   7     0  33.0  23.0   0.0     0     0
  1971  10   8     0  33.0  23.0   0.0     0     0
  1971  10   9     0  34.0  23.0   0.0     0     0
  1971  10  10     0  32.0  26.0   0.0     0     0
  1971  10  11     0  35.0  24.0   0.0     0     0
  1971  10  12     0  31.0  29.0   0.0     0     0
  1971  10  13     0  31.0  29.0   0.0     0     0
  1971  10  14     0  32.0  25.0   0.0     0     0
  1971  10  15     0  31.0  29.1   0.0     0     0
  1971  10  16     0  33.0  27.7   0.0     0     0
  1971  10  17     0  34.0  22.0  40.2     0     0
  1971  10  18     0  30.0  18.0  39.0     0     0
  1971  10  19     0  30.1  28.0  21.2     0     0
  1971  10  20     0  30.0  15.0   0.0     0     0
  1971  10  21     0  31.0  28.0   0.0     0     0
  1971  10  22     0  32.0  24.0   0.0     0     0
  1971  10  23     0  32.0  28.0   0.0     0     0
  1971  10  24     0  31.0  27.0   0.0     0     0
  1971  10  25     0  32.0  29.1   0.0     0     0
  1971  10  26     0  32.0  28.2   0.0     0     0
  1971  10  27     0  30.0  26.2   0.0     0     0
  1971  10  28     0  31.0  28.0   0.0     0     0
  1971  10  29     0  33.0  30.0   0.0     0     0
  1971  10  30     0  33.0  30.1   0.0     0     0
  1971  10  31     0  33.1  29.1   0.0     0     0
  1971  11   1     0  30.0  24.0   0.0     0     0
  1971  11   2     0  29.0  26.1   0.0     0     0
  1971  11   3     0  30.2  28.1   0.0     0     0
  1971  11   4     0  30.2  28.1   0.0     0     0
  1971  11   5     0  31.0  28.2   0.0     0     0
  1971  11   6     0  32.1  30.1   0.0     0     0
  1971  11   7     0  32.0  30.0   0.0     0     0
  1971  11   8     0  31.0  28.1   0.0     0     0
  1971  11   9     0  32.1  30.1   0.0     0     0
  1971  11  10     0  29.0  23.0   0.0     0     0
  1971  11  11     0  30.1  28.0   0.0     0     0
  1971  11  12     0  29.0  28.1   0.0     0     0
  1971  11  13     0  29.1  28.1   0.0     0     0
  1971  11  14     0  33.0  25.0   0.0     0     0
  1971  11  15     0  28.1  23.0   0.0     0     0
  1971  11  16     0  29.0  26.3   0.0     0     0
  1971  11  17     0  28.1  26.1   0.0     0     0
  1971  11  18     0  27.0  25.0   0.0     0     0
  1971  11  19     0  28.1  26.0   0.0     0     0
  1971  11  20     0  28.0  27.1   0.0     0     0
  1971  11  21     0  28.1  25.0   0.0     0     0
  1971  11  22     0  27.0  26.0   0.0     0     0
  1971  11  23     0  29.1  27.0   0.0     0     0
  1971  11  24     0  28.0  24.3   0.0     0     0
  1971  11  25     0  33.0  24.0   0.0     0     0
  1971  11  26     0  26.1  24.3   0.0     0     0
  1971  11  27     0  28.1  27.0   0.0     0     0
  1971  11  28     0  28.1  26.1   0.0     0     0
  1971  11  29     0  28.0  26.3   0.0     0     0
  1971  11  30     0  29.0  28.0   0.0     0     0
  1971  12   1     0  25.1  10.3   0.0     0     0
  1971  12   2     0  24.0  12.3   0.0     0     0
  1971  12   3     0  24.1   8.0   0.0     0     0
  1971  12   4     0  23.2   6.0   0.0     0     0
  1971  12   5     0  21.1   5.2   0.0     0     0
  1971  12   6     0   DNA   DNA   0.0     0     0
  1971  12   7     0   DNA   DNA   0.0     0     0
  1971  12   8     0  23.0   6.1   0.0     0     0
  1971  12   9     0  24.1   7.1   0.0     0     0
  1971  12  10     0  25.6   5.0   0.0     0     0
  1971  12  11     0  24.1   5.1   0.0     0     0
  1971  12  12     0  24.1   8.0   0.0     0     0
  1971  12  13     0  28.2   5.5   0.0     0     0
  1971  12  14     0  25.0   5.0   0.0     0     0
  1971  12  15     0  26.1   7.0   0.0     0     0
  1971  12  16     0  22.0  13.1   0.0     0     0
  1971  12  17     0  23.1  12.1   0.0     0     0
  1971  12  18     0  23.0  11.2   0.0     0     0
  1971  12  19     0  30.0  10.0   0.0     0     0
  1971  12  20     0  25.0   6.0   0.0     0     0
  1971  12  21     0  25.0   5.5   0.0     0     0
  1971  12  22     0  25.1   5.7   0.0     0     0
  1971  12  23     0  26.1   7.0   0.0     0     0
  1971  12  24     0  28.2   5.5   0.0     0     0
  1971  12  25     0  28.0  13.2   0.0     0     0
  1971  12  26     0  25.0   5.0   0.0     0     0
  1971  12  27     0  23.0   6.0   0.0     0     0
  1971  12  28     0  26.1   7.0   0.0     0     0
  1971  12  29     0  24.0   6.0   0.0     0     0
  1971  12  30     0  24.0   5.0   0.0     0     0
  1971  12  31     0  24.1   5.0   0.0     0     0
