2009.0 1.0 1.0   0.0  21.0   9.0   0.0   0.0   0.0
2009.0 1.0 2.0   0.0  13.2   9.0   0.0   0.0   0.0
2009.0 1.0 3.0   0.0  17.6   9.0   0.1   0.0   0.0
2009.0 1.0 4.0   0.0  17.4   6.0   0.0   0.0   0.0
2009.0 1.0 5.0   0.0  19.6   7.0   0.0   0.0   0.0
2009.0 1.0 6.0   0.0  22.8   7.0   0.0   0.0   0.0
2009.0 1.0 7.0   0.0  23.2   8.0   0.0   0.0   0.0
2009.0 1.0 8.0   0.0  23.8  10.0   0.0   0.0   0.0
2009.0 1.0 9.0   0.0  25.2   9.0   0.0   0.0   0.0
2009.0 1.010.0   0.0  24.0  12.0   0.0   0.0   0.0
2009.0 1.011.0   0.0  22.2  10.0   0.0   0.0   0.0
2009.0 1.012.0   0.0  22.2  10.0   0.0   0.0   0.0
2009.0 1.013.0   0.0  22.6  11.0   0.0   0.0   0.0
2009.0 1.014.0   0.0  24.6  10.2   0.0   0.0   0.0
2009.0 1.015.0   0.0  24.8   9.0   0.0   0.0   0.0
2009.0 1.016.0   0.0  26.6  11.0   0.0   0.0   0.0
2009.0 1.017.0   0.0  26.6  11.0   0.0   0.0   0.0
2009.0 1.018.0   0.0  25.6  10.0   0.0   0.0   0.0
2009.0 1.019.0   0.0  24.2  10.0   0.0   0.0   0.0
2009.0 1.020.0   0.0  18.6  10.0   0.0   0.0   0.0
2009.0 1.021.0   0.0  22.2  12.0   0.0   0.0   0.0
2009.0 1.022.0   0.0  23.8  11.0   0.0   0.0   0.0
2009.0 1.023.0   0.0  18.4  12.0   0.0   0.0   0.0
2009.0 1.024.0   0.0  23.6  14.0   0.0   0.0   0.0
2009.0 1.025.0   0.0  21.0  14.0   0.0   0.0   0.0
2009.0 1.026.0   0.0  20.2  16.0   0.0   0.0   0.0
2009.0 1.027.0   0.0  19.6  15.0   0.0   0.0   0.0
2009.0 1.028.0   0.0  20.6  14.0   0.0   0.0   0.0
2009.0 1.029.0   0.0  22.4   9.0   0.0   0.0   0.0
2009.0 1.030.0   0.0  24.6   8.4   0.0   0.0   0.0
2009.0 1.031.0   0.0  24.4  10.0   0.0   0.0   0.0
2009.0 2.0 1.0   0.0  22.4   8.6   0.0   0.0   0.0
2009.0 2.0 2.0   0.0  22.6   9.2   0.0   0.0   0.0
2009.0 2.0 3.0   0.0  23.6   9.4   0.0   0.0   0.0
2009.0 2.0 4.0   0.0  25.8   9.6   0.0   0.0   0.0
2009.0 2.0 5.0   0.0  27.6  10.0   0.0   0.0   0.0
2009.0 2.0 6.0   0.0  21.2  10.0   0.0   0.0   0.0
2009.0 2.0 7.0   0.0  28.2   8.0   0.0   0.0   0.0
2009.0 2.0 8.0   0.0  27.2   9.0   0.0   0.0   0.0
2009.0 2.0 9.0   0.0  27.6  10.0   0.0   0.0   0.0
2009.0 2.010.0   0.0  28.6  11.0   0.0   0.0   0.0
2009.0 2.011.0   0.0  28.2  14.0   1.5   0.0   0.0
2009.0 2.012.0   0.0  26.8  12.0   0.0   0.0   0.0
2009.0 2.013.0   0.0  26.4  10.4   0.0   0.0   0.0
2009.0 2.014.0   0.0  26.2  11.0   0.0   0.0   0.0
2009.0 2.015.0   0.0  29.6   9.0   0.0   0.0   0.0
2009.0 2.016.0   0.0  29.6   9.0   0.0   0.0   0.0
2009.0 2.017.0   0.0  27.0   9.0   0.0   0.0   0.0
2009.0 2.018.0   0.0  27.8   9.0   0.0   0.0   0.0
2009.0 2.019.0   0.0  27.8   9.0   0.0   0.0   0.0
2009.0 2.020.0   0.0  28.6  11.0   0.0   0.0   0.0
2009.0 2.021.0   0.0  30.6  11.0   0.0   0.0   0.0
2009.0 2.022.0   0.0  30.4  11.0   0.0   0.0   0.0
2009.0 2.023.0   0.0  28.0  11.0   0.0   0.0   0.0
2009.0 2.024.0   0.0  30.8  11.0   0.0   0.0   0.0
2009.0 2.025.0   0.0  31.2  11.0   0.0   0.0   0.0
2009.0 2.026.0   0.0  29.8  10.0   0.0   0.0   0.0
2009.0 2.027.0   0.0  28.6  15.0   0.0   0.0   0.0
2009.0 2.028.0   0.0  27.8   9.0   0.0   0.0   0.0
2009.0 3.0 1.0   0.0  28.8   8.0   0.0   0.0   0.0
2009.0 3.0 2.0   0.0  26.4  11.0   0.0   0.0   0.0
2009.0 3.0 3.0   0.0  30.2  11.0   0.0   0.0   0.0
2009.0 3.0 4.0   0.0  30.6  17.8   0.0   0.0   0.0
2009.0 3.0 5.0   0.0  31.6  14.0   0.0   0.0   0.0
2009.0 3.0 6.0   0.0  30.2  13.0   0.0   0.0   0.0
2009.0 3.0 7.0   0.0  31.4  13.0   0.0   0.0   0.0
2009.0 3.0 8.0   0.0  33.8  12.0   0.0   0.0   0.0
2009.0 3.0 9.0   0.0  31.6  11.0   0.0   0.0   0.0
2009.0 3.010.0   0.0  33.6  13.0   0.0   0.0   0.0
2009.0 3.011.0   0.0  32.8   7.0   0.0   0.0   0.0
2009.0 3.012.0   0.0  30.0   8.6   0.0   0.0   0.0
2009.0 3.013.0   0.0  30.4   8.2   0.0   0.0   0.0
2009.0 3.014.0   0.0  32.8  14.0   0.0   0.0   0.0
2009.0 3.015.0   0.0  33.8  15.0   0.0   0.0   0.0
2009.0 3.016.0   0.0  35.8  14.0   0.0   0.0   0.0
2009.0 3.017.0   0.0  34.8  12.0   0.0   0.0   0.0
2009.0 3.018.0   0.0  35.8  13.0   0.0   0.0   0.0
2009.0 3.019.0   0.0  34.8  13.0   0.0   0.0   0.0
2009.0 3.020.0   0.0  33.8  16.0   0.0   0.0   0.0
2009.0 3.021.0   0.0  30.0  18.0   5.4   0.0   0.0
2009.0 3.022.0   0.0  34.2  13.0   1.2   0.0   0.0
2009.0 3.023.0   0.0  34.8  15.0   0.0   0.0   0.0
2009.0 3.024.0   0.0  35.2  15.0   0.0   0.0   0.0
2009.0 3.025.0   0.0  35.2  15.0   0.0   0.0   0.0
2009.0 3.026.0   0.0  33.6  16.0   0.0   0.0   0.0
2009.0 3.027.0   0.0  31.8  14.0   0.0   0.0   0.0
2009.0 3.028.0   0.0  33.8  19.0   0.0   0.0   0.0
2009.0 3.029.0   0.0  33.8  19.6   0.0   0.0   0.0
2009.0 3.030.0   0.0  34.8  18.0   0.0   0.0   0.0
2009.0 3.031.0   0.0  34.4  15.0   0.0   0.0   0.0
2009.0 4.0 1.0   0.0  34.6  15.0   0.0   0.0   0.0
2009.0 4.0 2.0   0.0  35.2  18.0   0.0   0.0   0.0
2009.0 4.0 3.0   0.0  39.0  21.6   0.0   0.0   0.0
2009.0 4.0 4.0   0.0  34.8  20.2   0.0   0.0   0.0
2009.0 4.0 5.0   0.0  35.4  22.0   0.0   0.0   0.0
2009.0 4.0 6.0   0.0  35.8  18.0   0.0   0.0   0.0
2009.0 4.0 7.0   0.0  37.4  17.0   0.0   0.0   0.0
2009.0 4.0 8.0   0.0  36.2  19.2   0.0   0.0   0.0
2009.0 4.0 9.0   0.0  36.2  19.0   0.0   0.0   0.0
2009.0 4.010.0   0.0  36.2  17.0   2.5   0.0   0.0
2009.0 4.011.0   0.0  36.8  15.0   0.0   0.0   0.0
2009.0 4.012.0   0.0  37.4  17.2   0.0   0.0   0.0
2009.0 4.013.0   0.0  36.2  19.0   0.0   0.0   0.0
2009.0 4.014.0   0.0  38.4  20.0   0.0   0.0   0.0
2009.0 4.015.0   0.0  38.2  25.0   0.0   0.0   0.0
2009.0 4.016.0   0.0  39.6  23.2   0.0   0.0   0.0
2009.0 4.017.0   0.0  40.2  21.6   0.0   0.0   0.0
2009.0 4.018.0   0.0  39.2  17.2   0.0   0.0   0.0
2009.0 4.019.0   0.0  35.2  19.0   0.0   0.0   0.0
2009.0 4.020.0   0.0  37.2  22.0   0.0   0.0   0.0
2009.0 4.021.0   0.0  37.6  26.0   0.0   0.0   0.0
2009.0 4.022.0   0.0  39.2  24.0   0.0   0.0   0.0
2009.0 4.023.0   0.0  40.0  19.0   0.0   0.0   0.0
2009.0 4.024.0   0.0  40.6  18.0   0.0   0.0   0.0
2009.0 4.025.0   0.0  40.6  19.0   0.0   0.0   0.0
2009.0 4.026.0   0.0  40.2  17.0   0.0   0.0   0.0
2009.0 4.027.0   0.0  40.2  16.2   0.0   0.0   0.0
2009.0 4.028.0   0.0  41.0  18.0   0.0   0.0   0.0
2009.0 4.029.0   0.0  38.2  24.0   0.0   0.0   0.0
2009.0 4.030.0   0.0  36.2  26.0   0.0   0.0   0.0
2009.0 5.0 1.0   0.0  39.0  25.0   0.0   0.0   0.0
2009.0 5.0 2.0   0.0  37.2  26.2   0.0   0.0   0.0
2009.0 5.0 3.0   0.0  36.0  18.4   6.6   0.0   0.0
2009.0 5.0 4.0   0.0  37.2  26.0   0.0   0.0   0.0
2009.0 5.0 5.0   0.0  38.2  24.2   0.0   0.0   0.0
2009.0 5.0 6.0   0.0  41.2  23.0   0.0   0.0   0.0
2009.0 5.0 7.0   0.0  40.6  20.0   0.0   0.0   0.0
2009.0 5.0 8.0   0.0  41.6  18.0   0.0   0.0   0.0
2009.0 5.0 9.0   0.0  41.4  19.0   0.0   0.0   0.0
2009.0 5.010.0   0.0  41.2  20.2   0.0   0.0   0.0
2009.0 5.011.0   0.0  41.2  22.0   4.6   0.0   0.0
2009.0 5.012.0   0.0  32.6  20.2  15.5   0.0   0.0
2009.0 5.013.0   0.0  35.0  21.4   0.4   0.0   0.0
2009.0 5.014.0   0.0  34.6  22.0   0.0   0.0   0.0
2009.0 5.015.0   0.0  36.2  21.8   0.0   0.0   0.0
2009.0 5.016.0   0.0  35.8  21.2   6.2   0.0   0.0
2009.0 5.017.0   0.0  35.8  25.0   0.0   0.0   0.0
2009.0 5.018.0   0.0  37.2  27.0   0.0   0.0   0.0
2009.0 5.019.0   0.0  38.2  28.0   0.0   0.0   0.0
2009.0 5.020.0   0.0  35.2  25.0   0.0   0.0   0.0
2009.0 5.021.0   0.0  37.8  26.0  12.0   0.0   0.0
2009.0 5.022.0   0.0  34.2  21.0  35.2   0.0   0.0
2009.0 5.023.0   0.0  34.8  21.2  21.4   0.0   0.0
2009.0 5.024.0   0.0  35.2  25.0   0.0   0.0   0.0
2009.0 5.025.0   0.0  33.2  26.0   0.0   0.0   0.0
2009.0 5.026.0   0.0  35.2  24.2   0.0   0.0   0.0
2009.0 5.027.0   0.0  35.2  21.2  11.2   0.0   0.0
2009.0 5.028.0   0.0  36.2  24.0   0.0   0.0   0.0
2009.0 5.029.0   0.0  34.6  20.0  16.7   0.0   0.0
2009.0 5.030.0   0.0  35.8  25.0   0.0   0.0   0.0
2009.0 5.031.0   0.0  31.4  21.2   5.0   0.0   0.0
2009.0 6.0 1.0   0.0  36.2  23.0   0.0   0.0   0.0
2009.0 6.0 2.0   0.0  37.0  24.4   0.0   0.0   0.0
2009.0 6.0 3.0   0.0  35.2  26.4   0.0   0.0   0.0
2009.0 6.0 4.0   0.0  34.8  25.8  18.1   0.0   0.0
2009.0 6.0 5.0   0.0  35.0  22.4   5.0   0.0   0.0
2009.0 6.0 6.0   0.0  33.0  23.2  22.0   0.0   0.0
2009.0 6.0 7.0   0.0  36.2  24.0   0.0   0.0   0.0
2009.0 6.0 8.0   0.0  39.2  25.0   0.0   0.0   0.0
2009.0 6.0 9.0   0.0  39.2  21.6   0.0   0.0   0.0
2009.0 6.010.0   0.0  40.2  24.2   0.0   0.0   0.0
2009.0 6.011.0   0.0  39.2  26.0   0.0   0.0   0.0
2009.0 6.012.0   0.0  36.8  26.0   0.0   0.0   0.0
2009.0 6.013.0   0.0  35.8  24.0   0.0   0.0   0.0
2009.0 6.014.0   0.0  37.4  24.0   0.0   0.0   0.0
2009.0 6.015.0   0.0  38.0  27.0   0.0   0.0   0.0
2009.0 6.016.0   0.0  40.2  26.8   0.0   0.0   0.0
2009.0 6.017.0   0.0  40.6  22.8   0.0   0.0   0.0
2009.0 6.018.0   0.0  40.0  23.0   0.0   0.0   0.0
2009.0 6.019.0   0.0  41.8  24.2   0.0   0.0   0.0
2009.0 6.020.0   0.0  40.6  26.2   0.0   0.0   0.0
2009.0 6.021.0   0.0  39.8  20.0   0.0   0.0   0.0
2009.0 6.022.0   0.0  39.8  28.0   0.0   0.0   0.0
2009.0 6.023.0   0.0  38.2  23.0   0.0   0.0   0.0
2009.0 6.024.0   0.0  34.2  29.0   0.0   0.0   0.0
2009.0 6.025.0   0.0  37.4  26.2   4.5   0.0   0.0
2009.0 6.026.0   0.0  40.4  28.0   0.0   0.0   0.0
2009.0 6.027.0   0.0  31.8  26.0   5.0   0.0   0.0
2009.0 6.028.0   0.0  29.2  24.2   4.0   0.0   0.0
2009.0 6.029.0   0.0  34.2  25.0  39.0   0.0   0.0
2009.0 6.030.0   0.0  31.2  25.8   1.0   0.0   0.0
2009.0 7.0 1.0   0.0  31.8  26.4  19.0   0.0   0.0
2009.0 7.0 2.0   0.0  34.0  24.0   4.0   0.0   0.0
2009.0 7.0 3.0   0.0  35.6  24.6   2.4   0.0   0.0
2009.0 7.0 4.0   0.0  34.6  24.0   8.8   0.0   0.0
2009.0 7.0 5.0   0.0  35.0  26.0   2.6   0.0   0.0
2009.0 7.0 6.0   0.0  34.4  26.0  28.0   0.0   0.0
2009.0 7.0 7.0   0.0  35.2  26.0  17.0   0.0   0.0
2009.0 7.0 8.0   0.0  35.2  26.0  16.0   0.0   0.0
2009.0 7.0 9.0   0.0  34.8  27.2   2.0   0.0   0.0
2009.0 7.010.0   0.0  34.4  28.0   0.0   0.0   0.0
2009.0 7.011.0   0.0  34.6  27.2   0.0   0.0   0.0
2009.0 7.012.0   0.0  33.8  26.2   2.0   0.0   0.0
2009.0 7.013.0   0.0  36.8  27.0   0.2   0.0   0.0
2009.0 7.014.0   0.0  38.2  27.2   0.0   0.0   0.0
2009.0 7.015.0   0.0  38.2  27.6   0.2   0.0   0.0
2009.0 7.016.0   0.0  35.2  29.0   0.0   0.0   0.0
2009.0 7.017.0   0.0  35.8  27.2   0.0   0.0   0.0
2009.0 7.018.0   0.0  36.8  27.2   0.0   0.0   0.0
2009.0 7.019.0   0.0  36.2  27.0   0.0   0.0   0.0
2009.0 7.020.0   0.0  37.2  27.0   0.0   0.0   0.0
2009.0 7.021.0   0.0  36.2  28.0   0.0   0.0   0.0
2009.0 7.022.0   0.0  36.8  25.0   0.0   0.0   0.0
2009.0 7.023.0   0.0  35.8  28.6   0.0   0.0   0.0
2009.0 7.024.0   0.0  37.2  20.0   0.5   0.0   0.0
2009.0 7.025.0   0.0  36.6  23.0   0.0   0.0   0.0
2009.0 7.026.0   0.0  38.0  27.8   0.0   0.0   0.0
2009.0 7.027.0   0.0  26.8  25.0  98.0   0.0   0.0
2009.0 7.028.0   0.0  28.2  24.0  76.0   0.0   0.0
2009.0 7.029.0   0.0  33.8  25.0  26.4   0.0   0.0
2009.0 7.030.0   0.0  34.2  26.0   4.5   0.0   0.0
2009.0 7.031.0   0.0  34.4  27.2   0.0   0.0   0.0
2009.0 8.0 1.0   0.0  33.8  26.0   0.0   0.0   0.0
2009.0 8.0 2.0   0.0  34.6  26.2  20.2   0.0   0.0
2009.0 8.0 3.0   0.0  35.2  26.0  33.0   0.0   0.0
2009.0 8.0 4.0   0.0  34.8  26.0  51.2   0.0   0.0
2009.0 8.0 5.0   0.0  34.2  27.0   0.0   0.0   0.0
2009.0 8.0 6.0   0.0  29.2  26.0  28.0   0.0   0.0
2009.0 8.0 7.0   0.0  28.4  25.0  81.2   0.0   0.0
2009.0 8.0 8.0   0.0  35.8  25.0   6.0   0.0   0.0
2009.0 8.0 9.0   0.0  36.4  27.2   5.0   0.0   0.0
2009.0 8.010.0   0.0  33.6  26.2  18.2   0.0   0.0
2009.0 8.011.0   0.0  35.2  25.0  64.2   0.0   0.0
2009.0 8.012.0   0.0  34.2  27.2   0.0   0.0   0.0
2009.0 8.013.0   0.0  34.8  24.0  60.0   0.0   0.0
2009.0 8.014.0   0.0  31.6  24.0  88.2   0.0   0.0
2009.0 8.015.0   0.0  32.8  25.2   2.0   0.0   0.0
2009.0 8.016.0   0.0  32.6  25.2  12.0   0.0   0.0
2009.0 8.017.0   0.0  28.6  25.0  21.2   0.0   0.0
2009.0 8.018.0   0.0  31.2  25.0 108.0   0.0   0.0
2009.0 8.019.0   0.0  35.2  25.0  13.0   0.0   0.0
2009.0 8.020.0   0.0  34.2  25.2   0.0   0.0   0.0
2009.0 8.021.0   0.0  33.7  25.0   0.0   0.0   0.0
2009.0 8.022.0   0.0  34.8  25.2   0.0   0.0   0.0
2009.0 8.023.0   0.0  33.2  26.0   0.0   0.0   0.0
2009.0 8.024.0   0.0  30.2  24.0 115.0   0.0   0.0
2009.0 8.025.0   0.0  31.0  24.0  16.4   0.0   0.0
2009.0 8.026.0   0.0  31.0  25.2   0.0   0.0   0.0
2009.0 8.027.0   0.0  34.6  26.0  38.0   0.0   0.0
2009.0 8.028.0   0.0  32.4  26.2   0.0   0.0   0.0
2009.0 8.029.0   0.0  33.6  26.6   0.0   0.0   0.0
2009.0 8.030.0   0.0  35.0  26.4   0.0   0.0   0.0
2009.0 8.031.0   0.0  30.8  23.4  50.5   0.0   0.0
2009.0 9.0 1.0   0.0  34.2  25.6   0.0   0.0   0.0
2009.0 9.0 2.0   0.0  33.2  23.6  18.5   0.0   0.0
2009.0 9.0 3.0   0.0  34.2  26.0   0.0   0.0   0.0
2009.0 9.0 4.0   0.0  35.6  25.8   0.0   0.0   0.0
2009.0 9.0 5.0   0.0  32.4  26.2   0.0   0.0   0.0
2009.0 9.0 6.0   0.0  34.2  23.6   2.5   0.0   0.0
2009.0 9.0 7.0   0.0  30.0  25.0   1.5   0.0   0.0
2009.0 9.0 8.0   0.0  34.2  27.0   0.0   0.0   0.0
2009.0 9.0 9.0   0.0  32.8  24.2   3.0   0.0   0.0
2009.0 9.010.0   0.0  32.0  24.0  24.0   0.0   0.0
2009.0 9.011.0   0.0  32.8  26.0   0.0   0.0   0.0
2009.0 9.012.0   0.0  35.2  24.0   5.0   0.0   0.0
2009.0 9.013.0   0.0  34.2  26.2   0.0   0.0   0.0
2009.0 9.014.0   0.0  34.8  25.0   0.0   0.0   0.0
2009.0 9.015.0   0.0  35.2  25.2   0.0   0.0   0.0
2009.0 9.016.0   0.0  35.8  25.0   0.0   0.0   0.0
2009.0 9.017.0   0.0  35.2  25.0   0.0   0.0   0.0
2009.0 9.018.0   0.0  35.8  26.0   0.0   0.0   0.0
2009.0 9.019.0   0.0  35.8  25.0   0.0   0.0   0.0
2009.0 9.020.0   0.0  34.8  20.2   5.5   0.0   0.0
2009.0 9.021.0   0.0  33.8  25.0   0.0   0.0   0.0
2009.0 9.022.0   0.0  34.2  24.2   0.0   0.0   0.0
2009.0 9.023.0   0.0  33.2  24.0   0.0   0.0   0.0
2009.0 9.024.0   0.0  33.2  24.0   0.0   0.0   0.0
2009.0 9.025.0   0.0  33.0  20.0 135.5   0.0   0.0
2009.0 9.026.0   0.0  35.8  23.0   0.0   0.0   0.0
2009.0 9.027.0   0.0  35.8  25.0   0.0   0.0   0.0
2009.0 9.028.0   0.0  36.8  25.0   0.0   0.0   0.0
2009.0 9.029.0   0.0  37.8  25.6   0.0   0.0   0.0
2009.0 9.030.0   0.0  35.6  26.0   0.0   0.0   0.0
2009.010.0 1.0   0.0  35.8  25.0   0.0   0.0   0.0
2009.010.0 2.0   0.0  34.8  24.0   0.0   0.0   0.0
2009.010.0 3.0   0.0  34.8  26.0   0.0   0.0   0.0
2009.010.0 4.0   0.0  34.6  25.0   0.0   0.0   0.0
2009.010.0 5.0   0.0  32.2  25.2   0.0   0.0   0.0
2009.010.0 6.0   0.0  32.2  26.0   3.0   0.0   0.0
2009.010.0 7.0   0.0  28.2  24.2  28.5   0.0   0.0
2009.010.0 8.0   0.0  30.2  23.0  31.2   0.0   0.0
2009.010.0 9.0   0.0  32.8  23.0   3.0   0.0   0.0
2009.010.010.0   0.0  33.6  23.0   0.0   0.0   0.0
2009.010.011.0   0.0  32.2  22.2   0.0   0.0   0.0
2009.010.012.0   0.0  32.8  20.0   0.0   0.0   0.0
2009.010.013.0   0.0  33.2  21.0   0.0   0.0   0.0
2009.010.014.0   0.0  32.6  19.0   0.0   0.0   0.0
2009.010.015.0   0.0  33.0  21.2   0.0   0.0   0.0
2009.010.016.0   0.0  34.2  23.2   0.0   0.0   0.0
2009.010.017.0   0.0  32.0  19.2   0.0   0.0   0.0
2009.010.018.0   0.0  33.6  18.2   0.0   0.0   0.0
2009.010.019.0   0.0  32.6  17.0   0.0   0.0   0.0
2009.010.020.0   0.0  31.8  17.0   0.0   0.0   0.0
2009.010.021.0   0.0  30.2  17.2   0.0   0.0   0.0
2009.010.022.0   0.0  32.0  18.0   0.0   0.0   0.0
2009.010.023.0   0.0  33.2  17.2   0.0   0.0   0.0
2009.010.024.0   0.0  32.0  18.0   0.0   0.0   0.0
2009.010.025.0   0.0  32.2  18.0   0.0   0.0   0.0
2009.010.026.0   0.0  32.6  17.0   0.0   0.0   0.0
2009.010.027.0   0.0  31.4  16.2   0.0   0.0   0.0
2009.010.028.0   0.0  32.0  17.4   0.0   0.0   0.0
2009.010.029.0   0.0  32.8  18.0   0.0   0.0   0.0
2009.010.030.0   0.0  32.2  18.0   0.0   0.0   0.0
2009.010.031.0   0.0  31.6  18.0   0.0   0.0   0.0
2009.011.0 1.0   0.0  32.8  16.6   0.0   0.0   0.0
2009.011.0 2.0   0.0  32.2  16.2   0.0   0.0   0.0
2009.011.0 3.0   0.0  33.6  16.6   0.0   0.0   0.0
2009.011.0 4.0   0.0  33.2  16.0   0.0   0.0   0.0
2009.011.0 5.0   0.0  32.8  16.0   0.0   0.0   0.0
2009.011.0 6.0   0.0  33.8  14.0   0.0   0.0   0.0
2009.011.0 7.0   0.0  32.0  14.0   0.0   0.0   0.0
2009.011.0 8.0   0.0  31.0  14.0   0.0   0.0   0.0
2009.011.0 9.0   0.0  29.4  13.8   0.0   0.0   0.0
2009.011.010.0   0.0  29.0  14.2   0.0   0.0   0.0
2009.011.011.0   0.0  25.0  16.0   0.0   0.0   0.0
2009.011.012.0   0.0  26.0  19.0   0.0   0.0   0.0
2009.011.013.0   0.0  30.0  17.0   0.0   0.0   0.0
2009.011.014.0   0.0  28.2  20.0   0.0   0.0   0.0
2009.011.015.0   0.0  28.2  21.0   0.0   0.0   0.0
2009.011.016.0   0.0  28.2  20.0   0.0   0.0   0.0
2009.011.017.0   0.0  28.0  19.6   0.0   0.0   0.0
2009.011.018.0   0.0  24.8  16.0   0.0   0.0   0.0
2009.011.019.0   0.0  26.8  12.4   0.0   0.0   0.0
2009.011.020.0   0.0  25.4  11.2   0.0   0.0   0.0
2009.011.021.0   0.0  26.0  11.4   0.0   0.0   0.0
2009.011.022.0   0.0  27.6  11.0   0.0   0.0   0.0
2009.011.023.0   0.0  23.6  10.8   0.0   0.0   0.0
2009.011.024.0   0.0  27.0  11.0   0.0   0.0   0.0
2009.011.025.0   0.0  24.8  11.4   0.0   0.0   0.0
2009.011.026.0   0.0  26.6  11.8   0.0   0.0   0.0
2009.011.027.0   0.0  26.8  12.0   0.0   0.0   0.0
2009.011.028.0   0.0  27.8  15.4   0.0   0.0   0.0
2009.011.029.0   0.0  26.6  12.4   0.0   0.0   0.0
2009.011.030.0   0.0  27.8  11.4   0.0   0.0   0.0
2009.012.0 1.0   0.0  27.4  12.0   0.0   0.0   0.0
2009.012.0 2.0   0.0  27.8  12.0   0.0   0.0   0.0
2009.012.0 3.0   0.0  27.4  11.8   0.0   0.0   0.0
2009.012.0 4.0   0.0  27.6  12.0   0.0   0.0   0.0
2009.012.0 5.0   0.0  27.0  12.2   0.0   0.0   0.0
2009.012.0 6.0   0.0  27.2  12.4   0.0   0.0   0.0
2009.012.0 7.0   0.0  26.8  11.6   0.0   0.0   0.0
2009.012.0 8.0   0.0  26.0  10.0   0.0   0.0   0.0
2009.012.0 9.0   0.0  25.2  11.0   0.0   0.0   0.0
2009.012.010.0   0.0  25.0  11.0   0.0   0.0   0.0
2009.012.011.0   0.0  27.2  11.0   0.0   0.0   0.0
2009.012.012.0   0.0  24.6  11.0   0.0   0.0   0.0
2009.012.013.0   0.0  24.4  12.8   0.0   0.0   0.0
2009.012.014.0   0.0  26.0  11.8   0.0   0.0   0.0
2009.012.015.0   0.0  25.6  11.0   0.0   0.0   0.0
2009.012.016.0   0.0  26.2  10.6   0.2   0.0   0.0
2009.012.017.0   0.0  26.0  11.8   0.0   0.0   0.0
2009.012.018.0   0.0  27.0  12.6   0.0   0.0   0.0
2009.012.019.0   0.0  26.6   9.0   0.0   0.0   0.0
2009.012.020.0   0.0  23.8   7.9   0.0   0.0   0.0
2009.012.021.0   0.0  24.0   9.0   0.0   0.0   0.0
2009.012.022.0   0.0  24.0   8.4   0.0   0.0   0.0
2009.012.023.0   0.0  22.8   9.0   0.0   0.0   0.0
2009.012.024.0   0.0  23.4   8.0   0.0   0.0   0.0
2009.012.025.0   0.0  21.8   6.8   0.0   0.0   0.0
2009.012.026.0   0.0  21.2   7.4   0.1   0.0   0.0
2009.012.027.0   0.0  21.6   7.0   0.1   0.0   0.0
2009.012.028.0   0.0  22.0   7.0   0.0   0.0   0.0
2009.012.029.0   0.0  22.4   6.6   0.0   0.0   0.0
2009.012.030.0   0.0  24.0   7.2   0.1   0.0   0.0
2009.012.031.0   0.0  19.2   9.0   0.6   0.0   0.0
