1988          Temperature for TARAHARA                
        Tmax  Tmin
     1  25.6   9.5 
     2  25.6   8.5 
     3  26.2   9.0 
     4  25.2  10.0 
     5  24.0  11.0 
     6  26.0   9.0 
     7  25.4   9.5 
     8  25.2  10.0 
     9  23.8  10.0 
    10  23.6  11.0 
    11  25.8  10.5 
    12  26.8   9.5 
    13  25.6  12.0 
    14  25.2  13.5 
    15  24.6  11.0 
    16  23.4  10.5 
    17  23.2   9.0 
    18  23.4   9.0 
    19  24.2   9.5 
    20  25.0   9.5 
    21  25.2   8.5 
    22  25.2   9.0 
    23  24.8  10.0 
    24  24.0   9.0 
    25  23.6   7.0 
    26  22.0   6.0 
    27  23.2   6.0 
    28  24.0   6.5 
    29  24.0   7.0 
    30  25.1   8.0 
    31  26.0   8.0 
    32  25.6   9.0 
    33  25.6   9.0 
    34  25.0   9.5 
    35  27.4   9.5 
    36  26.8  10.5 
    37  27.2  11.5 
    38  27.0  12.5 
    39  27.8  12.0 
    40  27.6  11.5 
    41  27.4  12.0 
    42  27.6  11.5 
    43  26.2  11.0 
    44  28.4  13.0 
    45  28.2  13.0 
    46  26.4  14.5 
    47  24.8  12.0 
    48  26.6  10.0 
    49  26.2   9.0 
    50  26.8  10.0 
    51  27.0  12.0 
    52  28.2  13.0 
    53  29.4  11.0 
    54  27.4  14.0 
    55  24.4  14.5 
    56  25.2  13.0 
    57  25.4  10.0 
    58  26.2  10.5 
    59  27.2  12.5 
    60  26.0  15.5 
    61  27.8  13.5 
    62  26.0  13.0 
    63  26.0  10.0 
    64  26.5  11.0 
    65  27.4  14.5 
    66  28.8  14.0 
    67  28.8  14.0 
    68  29.6  16.0 
    69  27.0  16.0 
    70  28.8  15.0 
    71  29.4  17.0 
    72  28.4  17.0 
    73  26.8  13.0 
    74  28.0  14.0 
    75  26.8  11.0 
    76  28.8  13.5 
    77  29.8  14.0 
    78  30.6  15.5 
    79  26.8  17.5 
    80  27.2  15.0 
    81  27.6  12.0 
    82  28.6  13.0 
    83  29.4  15.0 
    84  31.2  19.5 
    85  31.0  15.0 
    86  32.4  16.0 
    87  35.2  17.0 
    88  31.4  15.0 
    89  31.4  13.0 
    90  32.0  14.5 
    91  32.8  15.0 
    92  34.2  14.0 
    93  34.0  11.0 
    94  34.6  14.0 
    95  35.0  17.5 
    96  37.0  17.0 
    97  37.4  17.5 
    98  35.4  18.5 
    99  36.2  22.0 
   100  37.0  21.0 
   101  37.0  19.0 
   102  35.8  16.0 
   103  33.5  20.0 
   104  33.8  21.0 
   105  31.4  20.0 
   106  30.6  22.0 
   107  31.0  21.0 
   108  31.0  21.0 
   109  28.4  18.0 
   110  29.4  19.0 
   111  31.0  20.0 
   112  30.6  20.0 
   113  32.0  20.0 
   114  27.8  18.0 
   115  31.0  18.5 
   116  29.0  19.5 
   117  30.2  17.0 
   118  31.5  20.0 
   119  31.8  21.0 
   120  32.2  23.0 
   121  32.8  20.0 
   122  33.6  21.0 
   123  34.4  22.0 
   124  32.6  20.0 
   125  32.8  20.0 
   126  31.0  18.0 
   127  31.8  20.0 
   128  32.2  21.5 
   129  33.4  21.0 
   130  31.0  22.0 
   131  34.6  22.5 
   132  33.4  25.0 
   133  32.8  25.0 
   134  31.0  23.0 
   135  30.4  18.0 
   136  32.2  20.0 
   137  32.6  21.0 
   138  33.0  21.0 
   139  33.0  23.5 
   140  33.8  23.0 
   141  33.8  24.0 
   142  33.2  23.0 
   143  33.0  22.0 
   144  31.8  21.0 
   145  32.2  21.5 
   146  31.6  21.0 
   147  31.8  23.5 
   148  33.0  22.0 
   149  33.6  25.0 
   150  30.4  21.5 
   151  32.4  24.0 
   152  33.4  24.0 
   153  34.6  25.0 
   154  35.8  25.0 
   155  36.2  23.0 
   156  37.0  22.5 
   157  34.0  20.0 
   158  36.0  23.0 
   159  35.6  25.0 
   160  33.8  24.0 
   161  32.6  25.5 
   162  33.2  24.0 
   163  33.6  25.0 
   164  34.0  24.0 
   165  29.0  24.5 
   166  30.0  23.0 
   167  30.0  22.5 
   168  30.0  23.0 
   169  30.2  23.0 
   170  31.6  22.5 
   171  32.6  23.0 
   172  32.6  24.0 
   173  31.8  24.5 
   174  33.8  24.0 
   175  32.6  25.0 
   176  34.0  23.0 
   177  32.8  23.0 
   178  35.8  25.5 
   179  34.2  26.0 
   180  34.6  25.0 
   181  34.8  25.5 
   182  35.8  26.0 
   183  30.2  22.5 
   184  33.6  24.0 
   185  33.2  25.0 
   186  30.8  24.0 
   187  27.0  23.0 
   188  29.2  23.0 
   189  32.4  24.0 
   190  29.6  23.5 
   191  32.4  24.0 
   192  32.4  24.0 
   193  33.0  24.5 
   194  31.8  24.0 
   195  33.6  24.0 
   196  33.6  24.0 
   197  34.0  24.5 
   198  32.5  25.0 
   199  35.0  25.0 
   200  32.8  26.0 
   201  33.2  24.5 
   202  33.8  25.0 
   203  32.4  23.0 
   204  32.2  24.0 
   205  32.8  25.0 
   206  32.6  25.0 
   207  33.6  24.0 
   208  32.6  24.0 
   209  31.8  25.0 
   210  33.2  24.5 
   211  34.2  25.0 
   212  34.0  25.0 
   213  33.5  23.5 
   214  34.0  24.0 
   215  35.2  24.0 
   216  32.6  25.0 
   217  33.8  26.0 
   218  34.0  25.0 
   219  31.6  24.0 
   220  32.2  23.0 
   221  33.8  24.0 
   222  32.4  24.5 
   223  32.6  24.0 
   224  30.6  24.0 
   225  30.4  23.5 
   226  30.4  23.0 
   227  30.4  23.5 
   228  30.4  24.0 
   229  32.8  24.0 
   230  33.8  25.0 
   231  32.8  24.5 
   232  32.6  23.0 
   233  34.0  25.0 
   234  32.2  24.0 
   235  31.2  22.5 
   236  30.4  24.0 
   237  31.8  24.0 
   238  31.4  23.0 
   239  29.6  22.0 
   240  30.0  23.0 
   241  27.0  23.5 
   242  30.8  22.0 
   243  32.6  22.0 
   244  32.6  23.0 
   245  33.0  22.5 
   246  33.0  23.0 
   247  33.8  23.0 
   248  32.2  23.5 
   249  31.2  23.0 
   250  28.6  22.5 
   251  31.8  23.0 
   252  28.8  23.0 
   253  31.0  24.5 
   254  32.5  22.5 
   255  33.5  22.0 
   256  33.5  24.0 
   257  32.6  23.0 
   258  33.8  24.0 
   259  33.8  24.0 
   260  33.8  24.0 
   261  29.5  23.0 
   262  33.8  22.0 
   263  35.2  21.0 
   264  35.6  22.0 
   265  35.0  23.0 
   266  33.8  22.0 
   267  33.6  23.0 
   268  34.8  23.0 
   269  33.6  24.0 
   270  34.6  25.5 
   271  34.6  26.0 
   272  34.2  23.0 
   273  33.2  24.0 
   274  33.6  22.0 
   275  34.4  22.0 
   276  33.2  23.0 
   277  32.2  22.0 
   278  33.6  23.0 
   279  31.8  22.0 
   280  30.8  22.5 
   281  31.6  19.0 
   282  31.8  19.5 
   283  32.8  18.5 
   284  32.8  24.0 
   285  33.5  20.0 
   286  34.0  20.0 
   287  34.0  21.0 
   288  34.0  21.0 
   289  32.4  20.0 
   290  33.0  18.5 
   291  34.0  17.5 
   292  34.0  18.0 
   293  32.0  19.0 
   294  32.0  19.0 
   295  30.6  19.0 
   296  31.0  18.0 
   297  32.0  19.0 
   298  33.0  18.0 
   299  32.6  18.0 
   300  32.6  17.5 
   301  32.4  16.0 
   302  32.6  15.5 
   303  32.0  14.5 
   304  32.4  15.0 
   305  32.2  14.0 
   306  31.4  13.5 
   307  31.6  14.0 
   308  31.8  15.0 
   309  31.0  17.0 
   310  31.0  14.5 
   311  30.0  14.0 
   312  31.4  12.5 
   313  31.4  13.0 
   314  31.4  12.0 
   315  32.0  13.0 
   316  32.0  12.0 
   317  31.8  12.0 
   318  32.0  11.5 
   319  30.2  11.0 
   320  30.6  13.0 
   321  30.2  13.0 
   322  30.2  15.0 
   323  31.4  12.0 
   324  32.2  11.0 
   325  31.0  12.0 
   326  30.6  12.5 
   327  30.6  11.0 
   328  30.2   9.0 
   329  31.2  10.0 
   330  30.0  10.0 
   331  30.2  10.0 
   332  30.2  11.0 
   333  28.4  11.0 
   334  25.8  10.5 
   335  28.0  13.0 
   336  29.6  13.0 
   337  29.4  13.5 
   338  29.6  12.0 
   339  29.4  11.0 
   340  28.0  11.0 
   341  26.0  11.0 
   342  25.0  10.0 
   343  26.0  11.0 
   344  26.1  11.0 
   345  29.6  10.0 
   346  28.6  10.5 
   347  27.8   9.5 
   348  27.4   8.5 
   349  26.0  10.5 
   350  26.0   8.0 
   351  27.2   8.0 
   352  27.2   8.0 
   353  28.0  11.0 
   354  27.2   9.0 
   355  28.2   9.5 
   356  26.0   8.0 
   357  26.8   8.0 
   358  27.2   8.5 
   359  25.6   8.0 
   360  26.8   8.5 
   361  25.8  11.0 
   362  24.2   8.5 
   363  24.6   8.0 
   364  26.0   7.5 
   365  25.8   7.0 
   366  26.8   8.0 
