2003          Temperature for TARAHARA                
        Tmax  Tmin
     1  22.8   8.5 
     2  22.9   7.7 
     3  24.5   7.5 
     4  24.2   7.6 
     5  19.8   7.5 
     6  20.8  12.5 
     7  16.8   9.5 
     8  15.5   9.4 
     9  14.0   7.6 
    10  16.2   4.8 
    11  20.5   5.6 
    12  15.6   6.2 
    13  18.5   8.5 
    14  12.2   7.3 
    15  19.5   8.5 
    16  20.5   7.4 
    17  20.3   5.0 
    18  21.5   3.5 
    19  20.3   3.8 
    20  13.5   5.0 
    21  16.5   7.3 
    22  15.5   5.5 
    23  12.2   5.8 
    24  17.5   8.0 
    25  20.5   5.0 
    26  21.5   6.0 
    27  23.0   7.3 
    28  24.0   9.2 
    29  18.2  11.0 
    30  21.0  13.2 
    31  22.2  11.7 
    32  22.0  13.0 
    33  23.0  11.5 
    34  22.8   9.6 
    35  22.5  10.6 
    36  24.0  14.0 
    37  23.8  10.5 
    38  23.8  10.5 
    39  25.0  10.0 
    40  25.0  10.6 
    41  25.6  10.5 
    42  25.5  12.0 
    43  25.2  11.5 
    44  24.5   9.4 
    45  22.7   7.5 
    46  22.5   9.6 
    47  23.8  10.4 
    48  25.7  10.6 
    49  26.7  11.4 
    50  18.5  14.5 
    51  23.5  10.5 
    52  23.5  11.6 
    53  24.5   9.2 
    54  26.5  10.6 
    55  27.2  12.0 
    56  26.2  13.5 
    57  24.8  15.7 
    58  25.5  15.5 
    59  26.7  15.8 
    60  28.7  14.2 
    61  29.6  14.0 
    62  30.5  16.0 
    63  27.2  18.2 
    64  21.6   8.5 
    65  23.8   8.7 
    66  25.5   9.5 
    67  26.0   8.5 
    68  26.7   9.5 
    69  28.4  10.5 
    70  29.8  12.0 
    71  23.3  17.5 
    72  26.5  12.6 
    73  27.8  12.5 
    74  27.6  14.3 
    75  27.8  16.5 
    76  28.5  17.4 
    77  28.5  17.4 
    78  28.1  14.6 
    79  27.6  16.4 
    80  27.1  18.0 
    81  28.8  16.0 
    82  31.2  16.4 
    83  32.5  17.6 
    84  32.5  19.2 
    85  32.0  17.0 
    86  29.5  16.5 
    87  32.2  17.5 
    88  33.3  18.5 
    89  30.6  18.6 
    90  28.5  20.0 
    91  29.2  20.0 
    92  29.8  20.5 
    93  30.2  19.0 
    94  31.5  20.0 
    95  29.5  17.5 
    96  33.7  17.8 
    97  34.8  17.5 
    98  34.5  16.0 
    99  34.8  17.0 
   100  34.2  18.0 
   101  35.0  19.5 
   102  31.6  22.0 
   103  31.0  21.0 
   104  32.4  21.6 
   105  31.2  18.4 
   106  31.2  20.5 
   107  32.8  21.5 
   108  31.2  21.4 
   109  32.8  20.5 
   110  34.6  17.8 
   111  30.8  21.5 
   112  32.0  18.5 
   113  30.3  22.8 
   114  32.5  20.7 
   115  33.6  23.0 
   116  32.0  22.8 
   117  31.5  19.3 
   118  30.8  19.5 
   119  31.5  22.0 
   120  30.5  17.5 
   121  32.8  19.5 
   122  28.6  20.5 
   123  31.5  21.5 
   124  33.3  20.0 
   125  34.3  19.5 
   126  34.7  18.0 
   127  32.5  18.0 
   128  32.6  22.5 
   129  32.0  20.7 
   130  31.5  21.5 
   131  31.4  20.5 
   132  32.3  20.6 
   133  33.8  21.0 
   134  35.3  21.0 
   135  34.2  22.5 
   136  33.0  18.5 
   137  33.0  23.4 
   138  31.8  22.5 
   139  31.0  19.3 
   140  34.2  23.0 
   141  27.8  19.5 
   142  31.0  23.3 
   143  31.6  22.8 
   144  33.0  23.5 
   145  32.8  19.5 
   146  31.5  19.5 
   147  34.0  23.4 
   148  33.6  25.0 
   149  33.5  25.5 
   150  33.8  26.0 
   151  34.8  25.5 
   152  34.5  24.4 
   153  36.2  26.0 
   154  35.8  25.6 
   155  32.5  27.6 
   156  34.2  23.0 
   157  29.8  20.2 
   158  28.8  23.6 
   159  30.5  24.0 
   160  32.5  24.0 
   161  31.7  23.2 
   162  31.1  20.6 
   163  31.7  20.6 
   164  33.6  25.5 
   165  30.1  20.5 
   166  31.7  22.6 
   167  31.8  22.8 
   168  34.5  25.4 
   169  31.5  24.8 
   170  31.2  25.0 
   171  33.0  24.5 
   172  34.2  25.5 
   173  32.6  26.5 
   174  27.2  24.2 
   175  32.1  24.5 
   176  32.0  25.0 
   177  33.0  25.8 
   178  31.0  24.6 
   179  29.8  24.0 
   180  30.8  25.4 
   181  30.6  24.6 
   182  31.1  23.8 
   183  30.8  25.0 
   184  30.8  24.4 
   185  30.6  24.8 
   186  30.7  23.5 
   187  32.6  24.2 
   188  32.5  24.8 
   189  26.7  24.0 
   190  26.6  23.5 
   191  31.0  23.3 
   192  33.0  24.5 
   193  31.5  24.5 
   194  32.5  25.6 
   195  31.6  25.5 
   196  32.8  26.5 
   197  33.8  25.5 
   198  34.0  25.5 
   199  33.1  24.4 
   200  33.2  25.0 
   201  30.8  25.5 
   202  32.0  25.6 
   203  32.6  24.6 
   204  34.8  26.0 
   205  36.8  26.2 
   206  34.3  27.0 
   207  34.8  26.7 
   208  32.8  26.4 
   209  33.5  27.6 
   210  31.6  26.5 
   211  26.6  25.0 
   212  29.4  24.2 
   213  32.0  24.3 
   214  31.2  24.4 
   215  32.8  25.6 
   216  34.8  25.4 
   217  35.5  26.5 
   218  34.8  25.6 
   219  35.0  26.5 
   220  33.3  27.4 
   221  33.8  25.4 
   222  32.2  26.5 
   223  32.8  25.0 
   224  32.8  25.8 
   225  33.2  27.0 
   226  32.6  27.0 
   227  32.7  27.0 
   228  32.3  26.0 
   229  31.6  26.8 
   230  28.3  25.3 
   231  31.8  24.0 
   232  31.2  24.0 
   233  33.8  25.5 
   234  34.5  26.2 
   235  31.1  26.4 
   236  32.7  25.0 
   237  32.0  25.5 
   238  35.0  25.4 
   239  34.8  26.2 
   240  31.2  25.3 
   241  31.7  25.0 
   242  31.8  25.5 
   243  31.8  25.4 
   244  31.8  24.6 
   245  31.1  24.5 
   246  31.6  25.4 
   247  32.0  25.5 
   248  32.2  25.0 
   249  31.6  25.6 
   250  31.3  25.6 
   251  31.0  25.0 
   252  30.5  25.8 
   253  32.8  25.0 
   254  33.5  25.0 
   255  32.6  25.0 
   256  32.5  25.4 
   257  32.6  25.2 
   258  28.2  22.5 
   259  32.6  25.0 
   260  31.2  25.3 
   261  30.8  25.0 
   262  31.8  25.4 
   263  29.2  25.5 
   264  29.8  24.8 
   265  30.8  24.5 
   266  32.7  24.8 
   267  29.5  22.5 
   268  31.0  22.6 
   269  31.8  23.0 
   270  31.5  23.8 
   271  31.8  23.4 
   272  31.5  24.5 
   273  31.0  23.5 
   274  32.0  24.0 
   275  32.5  23.6 
   276  32.6  23.0 
   277  32.5  23.0 
   278  31.8  22.5 
   279  30.5  22.7 
   280  30.0  22.0 
   281  25.5  22.5 
   282  23.5  21.6 
   283  28.7  22.0 
   284  31.5  21.0 
   285  30.7  22.0 
   286  31.0  22.5 
   287  31.5  21.5 
   288  33.1  22.0 
   289  32.2  22.5 
   290  31.7  20.6 
   291  31.8  21.8 
   292  31.8  19.0 
   293  31.0  20.0 
   294  32.2  18.5 
   295  32.5  17.0 
   296  30.5  17.5 
   297  28.0  21.8 
   298  21.6  20.1 
   299  23.8  20.3 
   300  28.6  20.5 
   301  31.0  19.0 
   302  31.2  20.5 
   303  31.3  18.0 
   304  31.2  19.0 
   305  30.5  16.6 
   306  30.0  17.2 
   307  30.0  16.5 
   308  29.7  15.5 
   309  29.8  18.0 
   310  28.3  17.5 
   311  26.5  18.6 
   312  26.5  18.5 
   313  27.5  17.8 
   314  27.0  17.0 
   315  27.7  17.4 
   316  28.6  15.6 
   317  29.0  15.5 
   318  29.8  15.5 
   319  29.8  15.2 
   320  28.0  15.6 
   321  27.5  14.6 
   322  27.5  15.0 
   323  27.5  15.8 
   324  27.1  14.5 
   325  26.2  14.4 
   326  27.5  14.5 
   327  28.5  14.0 
   328  27.8  13.0 
   329  27.1  13.0 
   330  26.5  13.3 
   331  25.8  13.0 
   332  25.1  12.3 
   333  25.5  12.4 
   334  26.8  11.5 
   335  25.5  11.5 
   336  25.5  11.5 
   337  25.8  11.4 
   338  25.5  12.0 
   339  24.3  11.6 
   340  23.7  12.6 
   341  25.5  12.5 
   342  26.2  11.5 
   343  27.5  11.5 
   344  27.8  12.2 
   345  27.5  11.0 
   346  28.0  11.0 
   347  27.8  11.0 
   348  28.5  10.5 
   349  26.0  10.5 
   350  20.6  14.5 
   351  26.0  10.5 
   352  25.5  10.5 
   353  28.2  10.5 
   354  26.3  10.6 
   355  25.8  10.3 
   356  26.5   9.5 
   357  26.8   9.4 
   358  24.8   8.5 
   359  23.8   8.5 
   360  23.2   8.0 
   361  24.8   8.5 
   362  16.1  13.5 
   363  20.5   7.5 
   364  19.7   9.6 
   365  20.2   7.4 
