      1    0.0
      2    0.0
      3    0.0
      4    0.0
      5    0.0
      6    0.0
      7    0.0
      8    0.0
      9    0.0
     10    0.0
     11    0.0
     12    0.0
     13    0.0
     14    0.0
     15    0.0
     16    0.0
     17    0.0
     18    0.0
     19    0.0
     20    0.0
     21    0.0
     22    0.0
     23    0.0
     24    0.0
     25    0.0
     26    0.0
     27    0.0
     28    0.0
     29    0.0
     30    0.0
     31    0.0
     32    0.0
     33    0.0
     34    0.0
     35    0.0
     36    0.0
     37    0.0
     38    0.0
     39    0.0
     40    0.0
     41    3.6
     42    0.0
     43    0.0
     44    0.0
     45    0.0
     46    0.0
     47    0.0
     48    0.0
     49    0.0
     50    0.0
     51    0.0
     52    0.0
     53    0.0
     54    0.0
     55    0.0
     56    0.0
     57    0.0
     58    0.0
     59    0.0
     60    0.0
     61    2.5
     62    0.0
     63    0.0
     64    0.0
     65    0.0
     66    0.0
     67    0.0
     68    0.0
     69    0.0
     70    0.0
     71    0.0
     72    0.0
     73    0.0
     74    0.0
     75    0.0
     76    0.0
     77    0.0
     78    0.0
     79    0.0
     80    0.0
     81    0.0
     82    0.0
     83    0.0
     84    0.0
     85    0.0
     86    0.0
     87    0.0
     88    0.0
     89    0.0
     90    0.0
     91    0.0
     92    0.0
     93    0.0
     94    0.0
     95    0.0
     96    0.0
     97    0.0
     98    0.0
     99    0.0
    100    0.0
    101    0.0
    102    0.0
    103    0.0
    104    1.2
    105    0.0
    106    2.8
    107    0.0
    108    2.4
    109    0.0
    110    0.0
    111    0.0
    112    0.0
    113    0.0
    114    0.0
    115    0.0
    116    0.0
    117    0.0
    118    0.0
    119    0.0
    120    0.0
    121    2.0
    122   17.8
    123    0.0
    124    0.0
    125   24.7
    126    0.0
    127   32.3
    128    0.0
    129    0.0
    130    0.0
    131    0.0
    132    0.0
    133    0.0
    134    0.0
    135    0.0
    136    0.0
    137    0.0
    138    0.0
    139    0.0
    140    0.0
    141    2.0
    142    0.0
    143    0.0
    144   21.3
    145    0.0
    146    0.0
    147    0.0
    148    0.0
    149    0.0
    150    0.0
    151    0.0
    152    0.0
    153    0.0
    154    0.0
    155   22.5
    156    0.0
    157    0.0
    158    0.0
    159    0.0
    160    0.0
    161    0.0
    162    0.0
    163    0.0
    164    6.3
    165    1.0
    166    0.0
    167    0.0
    168    5.5
    169    5.5
    170    0.0
    171    0.0
    172    0.0
    173    0.0
    174    2.4
    175    0.0
    176    0.0
    177    0.0
    178   13.1
    179    4.2
    180   11.3
    181   35.2
    182    0.0
    183    0.0
    184    6.7
    185    3.4
    186    7.0
    187    9.4
    188    5.8
    189    0.0
    190    2.6
    191    2.3
    192    4.3
    193   16.6
    194   12.5
    195    0.0
    196    3.1
    197    0.0
    198    0.8
    199    T  
    200    2.1
    201    4.9
    202   16.8
    203   16.1
    204    3.2
    205    2.6
    206    0.0
    207    0.0
    208    3.8
    209    0.0
    210   31.3
    211   55.5
    212    8.6
    213    7.0
    214    4.9
    215    0.0
    216    0.0
    217    9.9
    218    0.7
    219    0.7
    220    0.0
    221    0.0
    222    0.0
    223    0.0
    224    0.0
    225    6.5
    226   22.3
    227    1.6
    228   12.2
    229    2.0
    230    4.9
    231    0.5
    232    0.3
    233    0.5
    234    0.3
    235   21.8
    236   57.6
    237   15.3
    238    1.3
    239    6.0
    240    2.3
    241    0.1
    242    0.0
    243    0.9
    244    0.0
    245    0.1
    246    2.8
    247    2.1
    248    0.0
    249    0.0
    250   25.3
    251    0.0
    252    0.0
    253    0.0
    254    0.0
    255   10.9
    256    0.0
    257    0.0
    258    6.1
    259    7.8
    260   17.5
    261    4.5
    262    4.3
    263    0.0
    264    0.0
    265    0.2
    266   34.4
    267    0.0
    268    0.0
    269    0.0
    270    0.0
    271    0.0
    272    0.0
    273    0.0
    274    0.0
    275    0.0
    276    0.0
    277    0.0
    278    0.0
    279    0.0
    280   10.0
    281    0.0
    282    0.0
    283    0.0
    284    0.0
    285    0.0
    286    0.0
    287    0.0
    288    0.0
    289    7.3
    290    1.7
    291    7.5
    292    0.0
    293    1.0
    294    0.7
    295    1.5
    296    0.0
    297    0.0
    298    0.0
    299    0.0
    300    0.0
    301    0.0
    302    0.0
    303    0.0
    304    0.0
    305    0.0
    306    0.0
    307    0.0
    308    0.0
    309    0.0
    310    0.0
    311    0.0
    312    0.0
    313    0.0
    314    0.0
    315    0.0
    316    0.0
    317    0.0
    318    0.0
    319    0.0
    320    0.0
    321   DNA   
    322   DNA   
    323   DNA   
    324   DNA   
    325   DNA   
    326   DNA   
    327   DNA   
    328   DNA   
    329   DNA   
    330   DNA   
    331   DNA   
    332   DNA   
    333   DNA   
    334   DNA   
    335   DNA   
    336   DNA   
    337   DNA   
    338   DNA   
    339   DNA   
    340   DNA   
    341   DNA   
    342   DNA   
    343   DNA   
    344   DNA   
    345   DNA   
    346   DNA   
    347   DNA   
    348   DNA   
    349   DNA   
    350   DNA   
    351   DNA   
    352   DNA   
    353   DNA   
    354   DNA   
    355   DNA   
    356   DNA   
    357   DNA   
    358   DNA   
    359   DNA   
    360   DNA   
    361   DNA   
    362   DNA   
    363   DNA   
    364   DNA   
    365   DNA   
