      1    0.0
      2    0.0
      3    0.0
      4    1.2
      5   10.0
      6    0.0
      7    0.0
      8    0.0
      9    0.0
     10    0.0
     11    0.0
     12    0.0
     13    0.0
     14    0.0
     15    0.0
     16    4.1
     17    0.0
     18    T  
     19    0.0
     20    0.0
     21    0.0
     22    0.0
     23    0.0
     24    0.0
     25    0.0
     26    0.0
     27    0.0
     28    0.0
     29    0.0
     30    0.0
     31    0.0
     32    0.0
     33    0.0
     34    0.0
     35    0.0
     36    0.0
     37    0.0
     38    0.0
     39    0.0
     40    0.0
     41    1.0
     42    0.0
     43    0.0
     44    0.0
     45    0.0
     46    0.0
     47    6.2
     48    0.0
     49    0.0
     50    0.0
     51    0.0
     52    0.0
     53    0.0
     54    0.0
     55    0.0
     56    0.0
     57    0.0
     58    0.2
     59    0.0
     60    0.0
     61    0.0
     62    0.0
     63    0.0
     64    0.0
     65    2.8
     66    0.0
     67    0.0
     68    0.0
     69    0.0
     70   14.0
     71    1.4
     72    1.2
     73    0.0
     74    5.4
     75   19.0
     76    0.0
     77    0.0
     78    0.0
     79    0.0
     80    1.6
     81    0.0
     82    0.0
     83    0.0
     84    0.0
     85    T  
     86    T  
     87    0.0
     88    0.0
     89    0.0
     90    0.0
     91    0.0
     92    0.0
     93    0.0
     94    0.0
     95    0.0
     96    0.0
     97    0.0
     98    0.0
     99    0.0
    100   47.8
    101    6.1
    102    0.0
    103    0.0
    104    0.0
    105    0.0
    106    0.0
    107    0.2
    108   28.4
    109   30.6
    110    2.0
    111    T  
    112    0.0
    113    0.0
    114    9.6
    115    T  
    116    4.4
    117    0.0
    118    0.4
    119    0.3
    120    0.0
    121    3.2
    122    0.0
    123    0.0
    124    1.3
    125    0.0
    126    0.0
    127    1.5
    128   16.0
    129    3.1
    130    0.0
    131   35.0
    132    1.0
    133   13.2
    134    0.0
    135   11.1
    136    0.0
    137    2.6
    138    0.0
    139   26.8
    140    6.6
    141    5.0
    142    2.1
    143    0.0
    144    2.4
    145    0.0
    146   18.0
    147    0.2
    148    0.0
    149    0.0
    150    0.0
    151    0.0
    152    0.0
    153    0.0
    154   26.0
    155   15.7
    156    7.4
    157    T  
    158    0.0
    159    0.0
    160    0.0
    161    0.0
    162    0.0
    163    0.0
    164    0.0
    165    0.0
    166    0.0
    167    1.5
    168    0.0
    169    0.0
    170    0.0
    171    0.0
    172    T  
    173    0.2
    174    0.2
    175    0.0
    176    T  
    177   12.5
    178    2.1
    179    2.3
    180    1.2
    181    T  
    182    0.1
    183    6.4
    184    6.9
    185    1.2
    186   27.8
    187   24.4
    188    3.2
    189    T  
    190   24.4
    191    3.2
    192    0.0
    193   29.6
    194    8.4
    195   16.4
    196   15.4
    197   34.0
    198    7.6
    199   14.0
    200    0.0
    201    0.1
    202   13.0
    203    1.3
    204    8.4
    205    3.2
    206   25.0
    207   15.8
    208   27.0
    209    0.2
    210   31.2
    211   14.0
    212   17.2
    213    6.8
    214   15.0
    215   34.0
    216    8.0
    217   15.6
    218   28.6
    219   42.4
    220    2.0
    221    0.0
    222   21.1
    223   58.0
    224   24.6
    225    0.0
    226    1.6
    227   16.8
    228    1.8
    229    0.0
    230    0.0
    231   31.0
    232    0.0
    233    0.0
    234   40.0
    235    0.2
    236   26.0
    237    0.0
    238   67.0
    239   27.4
    240    0.4
    241    0.0
    242   33.8
    243   12.2
    244    0.1
    245    T  
    246    4.3
    247    0.0
    248    4.0
    249    0.0
    250    0.0
    251    0.0
    252    1.6
    253    0.4
    254    0.2
    255    0.0
    256    0.0
    257   11.8
    258    0.0
    259    0.0
    260    0.0
    261    0.2
    262    0.0
    263    0.0
    264    5.2
    265    0.2
    266    0.0
    267    0.0
    268    0.0
    269    0.0
    270    0.0
    271    0.0
    272    0.0
    273    0.0
    274    0.0
    275    0.0
    276    0.0
    277    0.0
    278    0.0
    279    0.0
    280    0.0
    281    0.0
    282    0.0
    283    0.0
    284    0.0
    285    0.0
    286    0.0
    287    1.6
    288    0.0
    289    0.0
    290    0.0
    291    0.0
    292    5.0
    293    0.8
    294    0.0
    295    9.2
    296    0.0
    297    0.0
    298    0.0
    299    0.0
    300    0.0
    301    0.0
    302    0.0
    303    0.0
    304    0.0
    305    0.0
    306    0.0
    307    0.0
    308    4.4
    309    0.0
    310    0.0
    311    0.0
    312    0.0
    313    0.0
    314    0.0
    315    0.0
    316    0.0
    317    0.0
    318    0.0
    319    0.0
    320    0.0
    321    0.0
    322    0.0
    323    0.0
    324    0.0
    325    0.0
    326    0.0
    327    2.1
    328    0.0
    329    0.0
    330    0.0
    331    0.0
    332    0.0
    333    0.0
    334    0.0
    335    0.0
    336    0.0
    337    0.0
    338    0.0
    339    0.0
    340    2.0
    341    0.0
    342    0.0
    343    0.0
    344    0.0
    345   13.2
    346    4.4
    347    0.0
    348    0.0
    349    0.0
    350    0.0
    351    0.0
    352    0.0
    353    0.0
    354    0.0
    355    0.0
    356    0.0
    357    0.0
    358    T  
    359    0.0
    360    0.0
    361    0.0
    362    0.0
    363    0.0
    364    0.0
    365    0.0
