      1    0.0
      2    0.0
      3    0.0
      4    0.0
      5    0.0
      6    0.0
      7    0.0
      8    0.0
      9    0.0
     10    0.0
     11    0.0
     12    0.0
     13    0.0
     14    0.0
     15    0.0
     16    0.0
     17    0.0
     18    0.0
     19    0.0
     20    0.0
     21    0.0
     22    0.0
     23    0.0
     24    0.0
     25    4.0
     26    0.0
     27    0.0
     28    0.0
     29    0.0
     30    0.0
     31    0.0
     32    0.0
     33    0.0
     34    0.0
     35   15.0
     36    0.0
     37    0.0
     38    0.0
     39    0.0
     40    0.0
     41    0.0
     42    0.0
     43    0.0
     44    0.0
     45    0.0
     46    0.0
     47    0.0
     48    0.0
     49    0.0
     50    0.0
     51    0.0
     52    0.0
     53    0.0
     54    0.0
     55    0.0
     56    0.0
     57    0.0
     58    0.0
     59    3.0
     60    0.0
     61    0.0
     62    0.0
     63    0.0
     64    0.0
     65    0.0
     66    0.0
     67    0.0
     68    8.0
     69    4.5
     70   11.5
     71    1.0
     72    9.5
     73    0.0
     74    1.0
     75    0.0
     76    0.0
     77    3.0
     78    0.0
     79    0.0
     80    9.5
     81    0.0
     82    0.0
     83    0.0
     84    0.0
     85    0.0
     86    7.5
     87    0.0
     88    0.0
     89    0.0
     90    0.0
     91    0.0
     92    0.0
     93    0.0
     94    0.0
     95    0.0
     96    0.0
     97    0.0
     98    0.0
     99    0.0
    100    0.0
    101    0.0
    102    0.0
    103    0.0
    104    0.0
    105    0.0
    106    0.0
    107    0.0
    108    0.0
    109   26.0
    110    0.0
    111    0.0
    112    0.0
    113   34.0
    114    0.0
    115    5.5
    116    0.0
    117   17.0
    118    0.0
    119    0.0
    120    0.0
    121    9.0
    122    0.0
    123    5.0
    124   24.0
    125    0.0
    126    0.0
    127    0.0
    128    0.0
    129    8.5
    130    0.0
    131    0.0
    132    0.0
    133    0.0
    134    0.0
    135    0.0
    136    0.0
    137    0.0
    138    0.0
    139    0.0
    140    0.0
    141    0.0
    142    4.0
    143   28.5
    144    0.0
    145    0.0
    146    0.0
    147    0.0
    148    0.0
    149    0.0
    150    0.0
    151   32.0
    152    0.0
    153    0.0
    154    0.0
    155    0.0
    156   10.5
    157    3.0
    158    5.0
    159    0.0
    160    0.0
    161   15.0
    162    0.0
    163    0.0
    164    0.0
    165    0.0
    166    0.0
    167   14.0
    168   33.0
    169    0.0
    170    0.0
    171   27.0
    172    0.0
    173   11.0
    174   78.0
    175   22.0
    176    9.5
    177    0.0
    178    0.0
    179    0.0
    180    0.0
    181   32.0
    182   52.0
    183   34.0
    184   50.5
    185    5.0
    186   38.5
    187    8.5
    188    0.0
    189    7.5
    190   28.0
    191   10.0
    192   16.5
    193    0.0
    194    4.0
    195    3.0
    196    0.0
    197    0.0
    198   14.5
    199    5.5
    200    3.0
    201    5.5
    202   49.0
    203   10.0
    204   11.5
    205   50.5
    206   66.0
    207   32.0
    208    2.5
    209   15.5
    210   10.0
    211   14.5
    212    6.0
    213   65.0
    214   23.0
    215   18.0
    216    3.0
    217   12.0
    218    3.0
    219    5.0
    220    2.0
    221   13.0
    222  134.0
    223  172.0
    224   24.5
    225   56.0
    226    4.5
    227    2.0
    228    0.0
    229    0.0
    230    0.0
    231    0.0
    232   27.5
    233    1.0
    234    0.0
    235    0.0
    236    0.0
    237    2.0
    238   67.0
    239   24.5
    240    0.0
    241    0.0
    242    0.0
    243    3.0
    244   77.0
    245   58.0
    246    2.0
    247   47.5
    248    7.0
    249   12.0
    250    4.0
    251   28.0
    252    0.0
    253    7.0
    254    0.0
    255   28.0
    256    3.0
    257   11.0
    258   12.0
    259    0.0
    260   23.0
    261    0.0
    262   28.5
    263    2.0
    264   10.0
    265    0.0
    266    3.0
    267    7.0
    268   29.0
    269    3.0
    270    1.0
    271   31.0
    272    3.0
    273    0.0
    274    6.0
    275    2.0
    276    0.0
    277    0.0
    278    0.0
    279    4.0
    280    0.0
    281    0.0
    282    0.0
    283    0.0
    284    0.0
    285    0.0
    286    5.0
    287    0.0
    288    0.0
    289   31.0
    290    0.0
    291    0.0
    292  110.0
    293  225.0
    294    3.0
    295    0.0
    296    0.0
    297    0.0
    298    0.0
    299    0.0
    300    0.0
    301    0.0
    302    0.0
    303    0.0
    304    0.0
    305   17.5
    306    7.0
    307    0.0
    308    0.0
    309    0.0
    310    0.0
    311    0.0
    312    0.0
    313    0.0
    314    0.0
    315    0.0
    316    0.0
    317    0.0
    318    0.0
    319    0.0
    320    0.0
    321    0.0
    322    0.0
    323    0.0
    324    0.0
    325    0.0
    326    0.0
    327    0.0
    328    0.0
    329    0.0
    330    0.0
    331    0.0
    332    0.0
    333    0.0
    334    0.0
    335    0.0
    336    0.0
    337    0.0
    338    0.0
    339    0.0
    340    0.0
    341    0.0
    342    0.0
    343    0.0
    344    0.0
    345    0.0
    346    0.0
    347    9.5
    348    0.0
    349    0.0
    350    0.0
    351    0.0
    352    0.0
    353    0.0
    354    0.0
    355    0.0
    356    0.0
    357    0.0
    358    0.0
    359    0.0
    360    0.0
    361    0.0
    362    0.0
    363    0.0
    364    0.0
    365    0.0
