      1    0.0
      2    0.0
      3    0.0
      4    0.0
      5   11.4
      6    0.0
      7    0.0
      8    0.0
      9    0.0
     10    0.0
     11    2.0
     12    0.0
     13    0.0
     14    0.0
     15    0.0
     16    0.0
     17    0.0
     18    0.0
     19    0.0
     20    0.0
     21    0.0
     22    0.0
     23    0.0
     24    0.0
     25    0.0
     26   21.5
     27   21.0
     28    3.5
     29    0.0
     30    0.0
     31    0.0
     32   12.0
     33    0.0
     34    0.0
     35    7.0
     36    7.0
     37    0.0
     38    0.0
     39    0.0
     40    0.0
     41    0.0
     42    1.0
     43    0.5
     44    0.0
     45    0.0
     46    0.0
     47    7.0
     48    4.0
     49    0.0
     50    0.0
     51    0.0
     52    0.0
     53    0.0
     54    0.0
     55    0.0
     56    0.0
     57    0.0
     58    0.0
     59    1.0
     60   13.0
     61    0.5
     62   15.8
     63    0.0
     64    0.5
     65   10.4
     66   31.5
     67    0.0
     68    0.0
     69    0.0
     70    0.0
     71    0.0
     72    0.0
     73    0.0
     74    0.0
     75    0.0
     76    3.5
     77    2.5
     78    0.0
     79    0.0
     80    0.0
     81    0.0
     82    0.0
     83   30.0
     84    1.5
     85    0.0
     86    1.0
     87    0.0
     88    0.0
     89    0.0
     90    0.0
     91    0.0
     92    0.0
     93    0.0
     94    0.0
     95    0.0
     96    0.0
     97    3.8
     98    1.0
     99    0.0
    100    0.0
    101    0.0
    102    0.0
    103    0.0
    104    2.0
    105    0.0
    106    0.0
    107    0.0
    108    0.0
    109    4.2
    110    0.0
    111    0.0
    112    0.0
    113    0.0
    114    0.0
    115    0.0
    116   10.5
    117    3.6
    118    0.0
    119    0.0
    120    0.0
    121    0.0
    122    0.0
    123    0.0
    124    0.0
    125    0.0
    126    0.0
    127    0.0
    128    0.0
    129    8.5
    130    9.4
    131    0.0
    132   13.0
    133   39.8
    134    0.0
    135    0.0
    136    0.0
    137    0.0
    138    0.0
    139    0.0
    140    0.0
    141    0.0
    142    1.0
    143    0.0
    144    0.0
    145    0.0
    146    0.0
    147    0.0
    148    0.0
    149    0.0
    150    0.0
    151    0.0
    152    0.0
    153    0.0
    154    0.0
    155    0.0
    156    6.0
    157    1.0
    158    0.4
    159    0.0
    160   12.2
    161    8.7
    162    0.0
    163    0.0
    164    0.0
    165   48.0
    166   11.0
    167   32.0
    168    0.2
    169    T  
    170    0.0
    171    0.0
    172    0.0
    173    0.0
    174    0.0
    175    0.0
    176    0.0
    177    0.0
    178    8.0
    179    0.0
    180    2.5
    181    0.0
    182    7.2
    183    5.0
    184   14.0
    185    0.2
    186    0.0
    187    0.0
    188    0.0
    189    0.0
    190    0.0
    191    0.0
    192    0.5
    193   20.0
    194    4.2
    195   25.9
    196    0.0
    197    0.0
    198    1.0
    199    0.0
    200    0.5
    201    9.2
    202    2.1
    203   52.7
    204   13.0
    205    0.0
    206    0.5
    207    0.0
    208   13.0
    209   22.4
    210   23.0
    211    0.0
    212   19.0
    213    0.1
    214   16.0
    215   15.5
    216   26.0
    217    1.4
    218    1.5
    219    1.2
    220    4.2
    221    T  
    222   34.0
    223    0.3
    224    1.5
    225    3.3
    226    2.0
    227   18.0
    228    1.9
    229   55.4
    230   10.0
    231   41.2
    232    9.5
    233    0.0
    234   16.0
    235    0.0
    236   55.0
    237    3.0
    238   17.4
    239   27.0
    240   31.0
    241    T  
    242   15.8
    243    8.5
    244   15.0
    245    9.0
    246    4.0
    247    T  
    248   10.0
    249    0.0
    250    0.0
    251    0.0
    252    T  
    253   10.0
    254    8.9
    255   56.5
    256   49.5
    257    5.5
    258    0.1
    259    0.0
    260    0.5
    261    T  
    262    0.0
    263    0.0
    264    0.0
    265    0.0
    266    0.0
    267   11.0
    268    4.2
    269    0.2
    270    0.0
    271    0.1
    272    T  
    273    0.0
    274    0.0
    275    0.0
    276    0.0
    277    0.0
    278    0.0
    279    0.0
    280    0.0
    281    0.0
    282    0.0
    283    0.5
    284    T  
    285    0.0
    286    0.1
    287    0.0
    288    0.0
    289    0.0
    290    T  
    291    0.0
    292    0.0
    293    0.0
    294    0.0
    295    0.0
    296   13.6
    297    0.1
    298    0.0
    299    0.0
    300    0.0
    301    0.0
    302    0.0
    303    0.0
    304    0.0
    305    0.0
    306    0.0
    307    0.0
    308    0.0
    309    0.0
    310    0.0
    311    0.0
    312    0.0
    313    2.5
    314   16.5
    315    0.0
    316    0.0
    317    0.0
    318    0.0
    319    0.0
    320    0.3
    321    0.4
    322    0.0
    323    0.0
    324    0.0
    325    0.0
    326    T  
    327    0.0
    328    0.1
    329    0.1
    330    0.0
    331    0.0
    332    0.0
    333    0.0
    334    0.2
    335    0.2
    336    0.0
    337    0.0
    338    0.0
    339    0.0
    340    0.0
    341    0.0
    342    0.0
    343    0.0
    344    0.0
    345    0.0
    346    0.4
    347    0.1
    348    0.1
    349    0.0
    350    0.1
    351    0.1
    352    0.0
    353    0.0
    354    0.1
    355    0.1
    356    0.0
    357    0.0
    358    0.0
    359    0.0
    360    0.1
    361    0.1
    362    0.0
    363   28.0
    364    1.0
    365    0.5
