      1    0.0
      2    0.0
      3    0.0
      4    0.0
      5    0.0
      6    0.0
      7    4.0
      8    T  
      9    0.2
     10    0.1
     11    0.0
     12    0.0
     13    T  
     14    0.0
     15    0.0
     16    0.0
     17    0.0
     18    0.0
     19    0.0
     20    0.0
     21    0.0
     22    0.0
     23    2.5
     24   16.0
     25   10.0
     26    7.5
     27    0.0
     28    0.0
     29    0.0
     30    0.0
     31    4.0
     32    0.0
     33    5.0
     34    0.0
     35    0.0
     36    0.0
     37    0.0
     38    0.0
     39    0.0
     40    0.0
     41    0.0
     42    0.0
     43    0.0
     44    0.0
     45    0.0
     46    0.0
     47    0.0
     48    0.0
     49    0.0
     50    0.0
     51    0.0
     52    0.0
     53    0.0
     54    0.0
     55    0.0
     56    0.0
     57    0.0
     58    0.0
     59    0.0
     60    4.2
     61    4.2
     62    0.0
     63    0.0
     64    0.0
     65    0.0
     66    9.7
     67    0.0
     68    0.0
     69    0.0
     70    0.0
     71    0.0
     72    0.0
     73    0.0
     74    0.0
     75    1.0
     76    1.2
     77    0.0
     78    0.0
     79    0.0
     80    0.0
     81   20.0
     82    0.0
     83    0.0
     84    1.0
     85    0.5
     86    4.0
     87    0.0
     88    0.0
     89    1.5
     90    2.4
     91    4.5
     92    0.0
     93    0.0
     94    0.0
     95    0.0
     96    0.0
     97    0.0
     98    0.0
     99    0.0
    100    0.0
    101    0.0
    102    0.0
    103    0.0
    104    0.0
    105    0.0
    106    0.0
    107    3.6
    108    2.5
    109    2.4
    110    0.0
    111    0.0
    112    0.0
    113    1.0
    114    0.0
    115    0.0
    116    0.5
    117    1.0
    118    0.0
    119    0.7
    120    0.0
    121    1.0
    122    0.0
    123    0.0
    124    5.4
    125    0.0
    126    4.9
    127   14.0
    128    3.2
    129    0.0
    130    0.0
    131    0.0
    132    1.9
    133    0.0
    134    0.0
    135    0.0
    136    0.0
    137    0.0
    138    0.0
    139   18.4
    140    3.0
    141    8.0
    142    0.0
    143    0.0
    144    2.7
    145    0.0
    146    0.0
    147    3.8
    148    0.0
    149    5.2
    150    0.0
    151    2.0
    152    0.0
    153    5.5
    154    0.0
    155    2.5
    156    0.0
    157    0.0
    158    0.0
    159    0.0
    160    0.0
    161    0.0
    162    0.0
    163    0.0
    164    0.0
    165    0.0
    166    0.0
    167    0.0
    168    0.0
    169    0.8
    170    T  
    171    0.0
    172   45.0
    173    0.5
    174   11.0
    175    3.2
    176    9.9
    177   25.2
    178    3.0
    179    3.5
    180   26.2
    181   26.5
    182   21.0
    183    6.0
    184    5.5
    185    0.2
    186    3.0
    187    8.7
    188    2.4
    189   24.5
    190   26.7
    191    0.9
    192    0.3
    193    5.4
    194   41.2
    195    3.0
    196    1.5
    197    5.0
    198    4.5
    199    2.9
    200    2.5
    201   23.0
    202   16.4
    203   35.7
    204   10.2
    205    8.2
    206    8.5
    207    0.0
    208   20.5
    209    6.0
    210   28.4
    211    0.4
    212   12.6
    213   20.0
    214    3.5
    215   11.1
    216    7.4
    217   20.6
    218    9.5
    219   15.0
    220   15.0
    221   16.4
    222    0.0
    223    0.0
    224    T  
    225    0.0
    226    7.5
    227   26.5
    228    8.2
    229    0.0
    230    1.0
    231    0.0
    232   18.5
    233    4.5
    234    5.0
    235   13.0
    236   13.4
    237   31.0
    238    0.0
    239    2.5
    240    0.0
    241    4.2
    242    0.0
    243    0.0
    244    0.0
    245    0.0
    246    0.0
    247    0.0
    248    0.0
    249    0.0
    250    2.0
    251    5.2
    252   20.0
    253   56.5
    254   18.0
    255    0.0
    256    0.0
    257    0.0
    258    0.0
    259   26.0
    260    0.1
    261    0.0
    262    0.0
    263    0.0
    264    0.0
    265    0.0
    266    2.0
    267    0.0
    268    4.0
    269    0.0
    270    0.2
    271    6.0
    272   56.5
    273    0.4
    274    0.0
    275    0.0
    276    0.0
    277    0.0
    278    0.0
    279    0.0
    280    0.0
    281    0.0
    282    0.0
    283    0.0
    284    0.0
    285    0.0
    286    0.0
    287    0.0
    288    0.0
    289    0.0
    290    0.0
    291    0.0
    292    0.0
    293    0.0
    294    0.0
    295    0.0
    296    0.0
    297    0.0
    298    0.0
    299    0.0
    300    0.0
    301    0.0
    302    0.0
    303    0.0
    304    0.0
    305    0.0
    306    0.0
    307    0.0
    308   46.0
    309    0.0
    310    0.0
    311    0.0
    312    0.0
    313    0.0
    314    0.0
    315    0.0
    316    0.0
    317    0.0
    318    0.0
    319    0.0
    320    1.0
    321    0.0
    322    0.0
    323    0.0
    324    0.0
    325    0.0
    326    0.0
    327    0.0
    328    0.0
    329    0.0
    330    0.0
    331    0.0
    332    0.0
    333    0.0
    334    0.0
    335    0.0
    336    0.0
    337    0.0
    338    0.0
    339    0.0
    340    0.0
    341   14.0
    342    3.2
    343    0.0
    344    0.0
    345    0.0
    346    0.0
    347    0.0
    348    0.0
    349    0.0
    350    0.0
    351    0.0
    352    0.0
    353    0.0
    354    0.0
    355    0.0
    356    0.0
    357    0.0
    358    0.0
    359    0.0
    360    0.0
    361    0.0
    362    0.0
    363    0.0
    364    0.0
    365    0.0
