      1    0.0
      2    0.0
      3    0.0
      4    0.0
      5    0.0
      6    0.0
      7    0.0
      8    0.0
      9    0.0
     10    0.0
     11    0.0
     12    0.0
     13    0.0
     14    0.0
     15    0.0
     16    0.0
     17    0.0
     18    0.0
     19    0.0
     20    0.0
     21    2.8
     22    2.3
     23    0.0
     24    0.0
     25    0.0
     26    0.0
     27    0.0
     28    0.0
     29   20.3
     30   16.5
     31   19.8
     32    0.0
     33    0.0
     34    0.0
     35    1.3
     36    0.0
     37    0.0
     38    0.0
     39    0.0
     40    T  
     41    0.0
     42    1.8
     43    0.0
     44    1.8
     45    0.0
     46    1.5
     47    6.3
     48    0.0
     49    0.0
     50    4.3
     51    3.8
     52    0.0
     53    0.0
     54    0.0
     55    0.0
     56   13.2
     57   11.9
     58    0.3
     59    0.0
     60    0.0
     61    0.0
     62   10.7
     63    T  
     64    0.0
     65   10.9
     66    0.0
     67    0.0
     68    0.0
     69    0.0
     70    0.0
     71    0.0
     72    6.1
     73    0.0
     74    T  
     75    0.0
     76    0.8
     77    T  
     78    0.0
     79    0.0
     80    0.0
     81    0.0
     82    0.0
     83    4.3
     84   25.7
     85    T  
     86   27.2
     87    0.0
     88   12.7
     89   49.0
     90    5.6
     91    7.1
     92    T  
     93    0.0
     94    0.0
     95    0.0
     96    4.1
     97    0.0
     98    0.0
     99    0.0
    100    0.0
    101    0.3
    102    0.0
    103    0.0
    104    0.0
    105    0.0
    106    0.0
    107    0.0
    108    3.1
    109    4.1
    110    T  
    111    0.0
    112    0.8
    113    2.0
    114    0.0
    115    0.0
    116    0.0
    117    0.0
    118    0.0
    119   45.0
    120   43.2
    121   28.2
    122    0.0
    123    0.0
    124   11.2
    125   69.6
    126    1.3
    127    0.0
    128    1.5
    129    1.3
    130    0.3
    131  106.7
    132    0.3
    133    0.3
    134   54.9
    135   17.0
    136    0.0
    137    0.0
    138    0.0
    139    0.0
    140    0.0
    141    0.0
    142   47.5
    143    5.3
    144   26.4
    145    0.5
    146   29.0
    147   20.8
    148    5.1
    149    0.0
    150    2.8
    151   20.3
    152   13.2
    153   34.5
    154    T  
    155   17.0
    156   18.5
    157    2.8
    158    4.1
    159   35.1
    160    6.1
    161   25.7
    162    5.1
    163    3.6
    164   43.7
    165   48.5
    166   16.8
    167    T  
    168    2.5
    169    6.3
    170    0.5
    171    0.0
    172    0.0
    173   25.9
    174   26.9
    175   22.9
    176    3.8
    177    2.3
    178    6.6
    179    2.5
    180    3.3
    181    2.3
    182   52.8
    183    3.1
    184    6.1
    185   20.1
    186   16.5
    187    7.9
    188    7.1
    189   20.6
    190    2.3
    191   38.9
    192    8.9
    193   30.7
    194   15.0
    195    0.0
    196    0.0
    197  112.0
    198    0.5
    199   41.1
    200   49.8
    201   16.0
    202   66.3
    203   35.1
    204   37.6
    205    T  
    206   37.6
    207   23.6
    208    2.0
    209   20.1
    210   17.5
    211    7.6
    212    0.3
    213    1.3
    214    3.1
    215    6.3
    216    1.5
    217    3.1
    218    5.3
    219  126.2
    220   17.8
    221   93.5
    222    T  
    223   25.9
    224   23.9
    225   58.7
    226   17.8
    227   10.7
    228   19.1
    229   59.4
    230   34.0
    231    1.8
    232   12.5
    233   74.7
    234    T  
    235    0.0
    236   17.5
    237    T  
    238    0.0
    239   31.2
    240   18.3
    241    1.3
    242   16.5
    243    8.9
    244   18.0
    245   15.2
    246   71.1
    247   23.1
    248   49.5
    249   46.0
    250    3.8
    251   31.7
    252    T  
    253    9.1
    254   31.2
    255    T  
    256    1.5
    257   21.1
    258   18.5
    259    T  
    260    8.9
    261   83.6
    262    7.6
    263   22.9
    264    2.5
    265    T  
    266    4.3
    267    0.0
    268    2.5
    269    T  
    270   45.7
    271    2.3
    272    0.0
    273    0.0
    274   10.7
    275   11.9
    276   14.7
    277    8.4
    278   21.6
    279   30.2
    280    7.6
    281   14.5
    282   30.5
    283   76.5
    284    4.3
    285    3.6
    286    0.0
    287    0.0
    288    3.3
    289   17.0
    290    1.3
    291    5.1
    292    0.0
    293    0.0
    294    1.5
    295   15.5
    296    1.0
    297    0.0
    298    0.0
    299    3.6
    300    5.8
    301    0.0
    302    0.0
    303    0.5
    304    0.0
    305    0.0
    306    0.0
    307    0.0
    308    0.0
    309    0.0
    310    0.0
    311    0.0
    312    0.0
    313    0.0
    314    0.0
    315    0.0
    316    0.0
    317    0.0
    318    0.0
    319    0.0
    320    0.0
    321    0.0
    322    0.0
    323    0.0
    324    0.0
    325    0.0
    326    0.0
    327    0.0
    328    0.0
    329    0.0
    330    0.0
    331    0.0
    332    0.0
    333    0.0
    334    0.0
    335    0.0
    336    0.0
    337    0.0
    338    0.0
    339    0.0
    340    0.0
    341    0.0
    342    0.0
    343    0.0
    344    0.0
    345    0.0
    346    0.0
    347    0.0
    348    0.0
    349    0.0
    350    0.0
    351    0.0
    352    0.0
    353    0.0
    354    0.0
    355    0.0
    356    0.0
    357    0.0
    358    0.0
    359    0.0
    360    0.0
    361    0.0
    362    0.0
    363    0.0
    364    0.0
    365    0.0
