      1    0.0
      2    0.0
      3    1.4
      4    0.0
      5    T  
      6    0.0
      7    0.0
      8    0.8
      9    0.0
     10    0.0
     11    0.0
     12    0.0
     13    0.0
     14    0.0
     15    0.0
     16    0.0
     17    0.0
     18    0.0
     19    0.0
     20    0.0
     21    0.0
     22   10.8
     23    0.0
     24    0.0
     25    0.0
     26    0.0
     27    0.0
     28    0.0
     29    0.0
     30    0.0
     31    T  
     32    0.0
     33    0.0
     34    0.0
     35    0.0
     36    0.0
     37    0.0
     38    0.0
     39   10.9
     40    0.0
     41    0.0
     42    0.0
     43    0.0
     44    0.0
     45    3.5
     46    0.0
     47    0.0
     48    T  
     49    2.4
     50   14.5
     51    7.5
     52    0.0
     53    0.0
     54    0.0
     55    T  
     56    0.0
     57    0.0
     58    0.0
     59    0.0
     60    0.0
     61    0.0
     62    0.0
     63    T  
     64    0.0
     65    0.0
     66    0.0
     67    0.0
     68    0.0
     69    0.0
     70    0.0
     71   38.9
     72   46.5
     73    0.0
     74    0.0
     75    0.0
     76    0.0
     77   15.5
     78    3.0
     79    0.0
     80    0.0
     81    0.0
     82    0.0
     83    0.0
     84    0.0
     85    T  
     86    0.0
     87    0.0
     88   12.5
     89    8.2
     90    4.0
     91    0.4
     92    0.0
     93    0.0
     94    0.0
     95    T  
     96    0.0
     97    0.0
     98    0.0
     99    0.0
    100    0.0
    101    0.0
    102    0.0
    103    1.4
    104    0.0
    105    0.0
    106   10.3
    107    0.0
    108    3.6
    109    3.7
    110   26.5
    111    T  
    112    0.0
    113    0.0
    114    1.4
    115    0.0
    116    0.0
    117    0.0
    118   10.2
    119    1.2
    120    0.0
    121    1.8
    122    0.0
    123    0.0
    124    0.0
    125    0.0
    126   27.0
    127    1.0
    128    0.8
    129    2.5
    130    0.0
    131    2.0
    132    1.5
    133   13.0
    134    1.0
    135   11.0
    136   10.0
    137    0.0
    138    3.8
    139    5.0
    140    0.4
    141    1.0
    142    5.8
    143    0.0
    144    0.3
    145    0.5
    146    4.0
    147    1.5
    148   12.7
    149    5.0
    150    2.5
    151    0.7
    152    5.5
    153    T  
    154    0.0
    155    0.0
    156    0.0
    157   38.0
    158   17.6
    159    2.0
    160   30.0
    161   62.8
    162   31.0
    163   41.0
    164    0.0
    165   13.0
    166    0.0
    167    0.0
    168    0.0
    169    T  
    170   36.0
    171    0.0
    172   46.7
    173   67.0
    174   10.5
    175    8.2
    176   19.6
    177    7.5
    178   30.7
    179   13.5
    180   56.5
    181   31.5
    182   24.0
    183   14.0
    184   16.5
    185    1.5
    186   10.0
    187   31.0
    188   17.0
    189   85.0
    190   40.5
    191    0.0
    192   37.0
    193   46.5
    194    1.4
    195    4.0
    196    3.1
    197   39.5
    198    5.0
    199   14.0
    200   16.2
    201   32.0
    202    3.6
    203   29.5
    204   17.4
    205   71.0
    206   12.4
    207    0.0
    208   18.8
    209   35.0
    210   41.4
    211    9.1
    212   22.8
    213   84.5
    214   53.0
    215    5.8
    216   16.2
    217   18.0
    218   18.3
    219    2.4
    220   15.5
    221   44.4
    222   23.2
    223   95.0
    224   25.4
    225   24.0
    226    0.0
    227   36.5
    228   21.0
    229   54.0
    230   46.5
    231   23.0
    232    0.6
    233   32.5
    234    2.0
    235   20.0
    236    1.5
    237   13.0
    238   17.4
    239    0.0
    240   13.5
    241    0.0
    242    0.0
    243    8.5
    244    0.0
    245    0.0
    246    6.0
    247   14.2
    248   24.0
    249    4.1
    250   15.0
    251   13.2
    252   35.4
    253   10.6
    254    6.0
    255   31.2
    256   26.6
    257   22.0
    258    9.5
    259   15.0
    260   40.0
    261    0.2
    262   27.2
    263    0.0
    264    7.3
    265    0.0
    266    4.5
    267    1.0
    268    T  
    269    8.8
    270   68.5
    271   13.2
    272    0.4
    273   12.4
    274   10.6
    275    0.0
    276    0.0
    277    0.0
    278    2.5
    279    5.5
    280    1.2
    281    0.0
    282    0.0
    283    4.2
    284    1.5
    285    0.0
    286    0.0
    287    6.0
    288    0.0
    289    0.0
    290    0.0
    291    0.0
    292   12.5
    293    T  
    294    0.0
    295    1.0
    296    0.0
    297    0.0
    298    1.3
    299    0.0
    300    0.0
    301    0.0
    302    2.0
    303    0.0
    304    0.0
    305    0.0
    306    0.0
    307    T  
    308    0.0
    309    0.0
    310    0.0
    311    0.0
    312    T  
    313    0.0
    314    0.0
    315    0.0
    316    0.5
    317    0.5
    318    0.0
    319    0.0
    320    0.0
    321    0.0
    322    0.3
    323    0.6
    324    3.5
    325    0.0
    326    0.0
    327    2.4
    328    1.0
    329    0.0
    330    0.0
    331    0.0
    332    0.0
    333    0.0
    334    0.0
    335    0.0
    336   12.0
    337    9.0
    338    T  
    339    0.0
    340    0.0
    341    0.0
    342    0.0
    343    0.0
    344    0.0
    345    0.0
    346    0.0
    347    0.0
    348    0.0
    349    0.0
    350    0.0
    351    0.0
    352    0.0
    353    0.0
    354    0.0
    355    0.0
    356    0.0
    357    0.0
    358    0.0
    359    0.0
    360    0.0
    361    0.0
    362    0.0
    363    0.0
    364    0.0
    365    0.0
