      1    0.0
      2    0.0
      3    0.0
      4    0.0
      5    0.0
      6    0.0
      7    0.0
      8    0.0
      9    1.3
     10    0.5
     11    0.0
     12    0.0
     13    0.0
     14    0.0
     15    0.0
     16    1.3
     17    0.0
     18    0.0
     19    0.0
     20    0.0
     21    0.0
     22    0.0
     23    0.0
     24    0.0
     25    0.0
     26    0.0
     27    5.6
     28    0.0
     29   21.3
     30    0.0
     31    0.0
     32    0.0
     33    0.0
     34    0.0
     35    0.0
     36    0.0
     37    0.0
     38    0.0
     39    0.0
     40    0.0
     41    0.0
     42    0.0
     43    0.0
     44    0.0
     45    0.0
     46    0.0
     47    0.0
     48    0.0
     49    T  
     50    0.0
     51    0.3
     52    0.5
     53    1.0
     54    0.0
     55    0.0
     56    0.0
     57    0.0
     58    0.0
     59    4.3
     60    0.0
     61    0.0
     62    3.6
     63    6.1
     64    0.0
     65    0.0
     66    0.0
     67    0.0
     68    0.0
     69    2.5
     70    0.0
     71    0.0
     72    0.0
     73    0.0
     74    0.0
     75    0.0
     76    0.0
     77    0.0
     78    1.0
     79    0.5
     80    0.0
     81    0.0
     82    0.0
     83    0.0
     84    0.0
     85    0.0
     86    0.0
     87    5.3
     88    2.5
     89    2.0
     90    0.0
     91    0.0
     92    0.0
     93    0.0
     94    0.0
     95    0.0
     96    0.0
     97    0.0
     98    0.3
     99    0.0
    100    0.0
    101    0.0
    102    0.0
    103    0.0
    104    0.0
    105    T  
    106    T  
    107    0.0
    108    5.8
    109    3.1
    110    0.0
    111    3.6
    112    1.3
    113    0.0
    114    0.0
    115    0.3
    116    2.5
    117   11.9
    118   23.4
    119    5.1
    120    1.3
    121    3.3
    122    9.4
    123   11.9
    124    2.8
    125    0.8
    126    2.0
    127    5.1
    128    3.8
    129    7.9
    130    0.3
    131   25.4
    132    T  
    133    T  
    134    0.0
    135    0.0
    136    0.3
    137    0.0
    138    0.0
    139    4.6
    140    0.3
    141    0.0
    142    T  
    143    T  
    144    0.0
    145    0.0
    146    0.0
    147    0.0
    148    0.0
    149    0.0
    150    0.0
    151    0.0
    152    0.0
    153    0.0
    154    0.0
    155    0.0
    156    0.0
    157   10.2
    158    T  
    159    T  
    160    1.0
    161    T  
    162    0.0
    163    0.0
    164   11.7
    165    0.0
    166    0.0
    167    8.4
    168   38.3
    169    1.8
    170   41.4
    171  151.4
    172    4.3
    173    6.6
    174   11.4
    175    0.3
    176    4.3
    177   14.0
    178   61.0
    179   34.8
    180    2.8
    181    1.0
    182   23.4
    183  126.2
    184   17.3
    185    8.1
    186    0.5
    187    5.3
    188   21.1
    189    5.1
    190    0.0
    191   14.7
    192    9.9
    193    7.1
    194    5.1
    195   29.5
    196   23.1
    197   88.9
    198    0.0
    199   10.9
    200   82.0
    201   27.7
    202   61.7
    203    3.6
    204   22.1
    205   30.5
    206   25.1
    207   27.4
    208    8.9
    209    T  
    210   51.3
    211    5.3
    212  104.1
    213    2.5
    214   77.2
    215   19.1
    216   16.0
    217   11.2
    218   11.7
    219   32.8
    220   69.6
    221   63.5
    222   44.5
    223   19.3
    224   35.6
    225   23.4
    226   19.3
    227   97.8
    228   41.9
    229   37.6
    230   54.4
    231   30.7
    232   55.1
    233   28.2
    234   40.4
    235   90.2
    236  107.9
    237   48.8
    238   17.5
    239   38.1
    240    T  
    241   33.0
    242    2.3
    243  117.9
    244    0.0
    245   19.6
    246   56.6
    247    3.1
    248   15.2
    249   14.0
    250   37.6
    251   43.4
    252    0.5
    253    5.1
    254    0.0
    255   18.8
    256   52.6
    257   38.6
    258    1.3
    259   18.5
    260    7.9
    261    0.8
    262    2.5
    263    0.5
    264    0.0
    265   36.8
    266    0.0
    267    1.5
    268   22.1
    269    2.0
    270    0.0
    271   12.9
    272    5.3
    273   10.9
    274   13.2
    275    0.0
    276   43.4
    277   35.8
    278    4.8
    279    2.0
    280    0.0
    281    0.0
    282    0.0
    283   27.2
    284   20.6
    285    0.0
    286    0.0
    287    0.0
    288    0.0
    289    0.0
    290    0.0
    291    3.6
    292    0.0
    293    0.0
    294    0.0
    295    0.0
    296    0.0
    297    0.8
    298    0.0
    299    0.0
    300    0.0
    301    0.0
    302    0.0
    303    0.0
    304    0.0
    305    0.0
    306    0.0
    307    0.0
    308    0.0
    309    1.5
    310    0.0
    311    0.0
    312    0.0
    313    0.0
    314    0.0
    315    0.0
    316    0.0
    317    0.0
    318    0.0
    319    0.0
    320    0.0
    321    0.0
    322    0.0
    323    0.0
    324    0.0
    325    0.0
    326    0.0
    327    0.0
    328    0.0
    329    0.0
    330    0.0
    331    0.0
    332    0.0
    333    0.0
    334    0.0
    335    0.0
    336    0.0
    337    0.0
    338    0.0
    339    0.0
    340    0.0
    341    0.0
    342    0.0
    343    0.0
    344    0.0
    345    0.0
    346    0.0
    347    0.0
    348    0.0
    349    0.0
    350    0.0
    351    0.0
    352    0.0
    353    0.0
    354    0.0
    355    0.0
    356    0.0
    357    5.3
    358    0.0
    359    0.0
    360    0.0
    361    0.0
    362    4.6
    363    0.0
    364    0.0
    365    0.0
