      1    0.0
      2    0.0
      3    0.0
      4    0.0
      5    0.0
      6    0.0
      7    0.0
      8    0.0
      9    0.0
     10    0.0
     11    0.0
     12    0.0
     13    0.0
     14    0.0
     15    0.0
     16    0.0
     17   12.0
     18    0.0
     19    0.0
     20    0.0
     21    0.0
     22    0.0
     23    0.0
     24    0.0
     25    0.0
     26    0.0
     27    0.0
     28    0.0
     29    0.0
     30    0.0
     31    0.0
     32    0.0
     33    0.0
     34    0.0
     35    0.0
     36    0.0
     37    0.0
     38    0.0
     39    0.0
     40    0.0
     41    0.0
     42    0.0
     43    0.0
     44    0.0
     45    0.0
     46    0.0
     47    0.0
     48    0.0
     49    0.0
     50    0.0
     51    4.0
     52    0.0
     53    0.0
     54    0.0
     55    0.0
     56    0.0
     57    0.0
     58    0.0
     59    0.0
     60    0.0
     61    0.0
     62    0.0
     63    0.0
     64    0.0
     65    0.0
     66    0.0
     67    0.0
     68    0.0
     69    0.0
     70    6.0
     71    3.0
     72   18.6
     73    0.0
     74    0.0
     75    0.0
     76    0.0
     77    0.0
     78    0.0
     79    0.0
     80    0.0
     81    0.0
     82    0.0
     83    0.0
     84    0.0
     85    0.0
     86    5.0
     87   12.5
     88    0.0
     89    0.0
     90    0.0
     91    2.5
     92    0.2
     93    2.2
     94    0.0
     95    0.0
     96    0.0
     97    0.0
     98    0.0
     99    0.0
    100    0.0
    101    0.0
    102    2.0
    103    0.0
    104    0.0
    105    0.0
    106    0.0
    107    0.0
    108   19.0
    109    2.0
    110    T  
    111    0.0
    112    0.0
    113    0.0
    114    0.0
    115    7.0
    116   30.0
    117    0.0
    118    2.6
    119    0.0
    120    9.0
    121   21.5
    122    1.5
    123    2.8
    124    0.0
    125   12.0
    126    0.0
    127    7.4
    128    9.4
    129    3.2
    130   89.0
    131    6.0
    132    0.0
    133    0.0
    134   15.0
    135    6.4
    136    0.0
    137   77.0
    138   11.5
    139   43.0
    140    0.0
    141    0.0
    142   17.0
    143    0.0
    144   14.2
    145    0.0
    146    0.6
    147   24.0
    148    7.0
    149  101.8
    150    5.4
    151    6.2
    152    5.0
    153    0.0
    154   15.0
    155   41.0
    156   43.0
    157   71.5
    158   23.4
    159    2.4
    160    8.2
    161    1.7
    162   15.8
    163    0.0
    164   59.0
    165   13.0
    166    0.0
    167    1.0
    168   32.0
    169   36.0
    170   15.0
    171    1.5
    172  103.0
    173   12.0
    174   18.0
    175    0.0
    176   34.5
    177    5.2
    178    3.4
    179    0.0
    180   45.0
    181    0.0
    182  137.0
    183    9.0
    184   11.0
    185   16.0
    186   46.0
    187   58.0
    188   60.0
    189   38.0
    190   45.3
    191   19.0
    192    1.2
    193   31.0
    194   41.0
    195   24.0
    196    2.4
    197   30.0
    198   29.4
    199   53.0
    200   19.9
    201    7.6
    202   57.5
    203   49.5
    204   32.5
    205  102.0
    206   17.9
    207    2.3
    208  122.0
    209   48.5
    210   15.0
    211   19.8
    212   28.0
    213   20.0
    214   22.4
    215    0.0
    216   10.0
    217    5.0
    218    0.0
    219    2.8
    220    0.0
    221   72.0
    222    0.0
    223   16.2
    224    4.8
    225   37.0
    226   20.8
    227    0.0
    228   26.0
    229    7.8
    230   36.0
    231   17.0
    232   14.2
    233   42.0
    234    9.8
    235    2.2
    236   26.5
    237  169.0
    238   68.6
    239   74.0
    240   68.6
    241   33.8
    242   39.0
    243   22.2
    244   23.8
    245   28.8
    246   10.8
    247    6.2
    248    3.8
    249   25.5
    250   42.3
    251   48.0
    252   11.5
    253    T  
    254   22.0
    255   39.0
    256   19.2
    257    2.8
    258    6.2
    259    0.0
    260    0.0
    261    4.8
    262    4.6
    263   73.0
    264   65.6
    265    0.0
    266    0.0
    267    0.0
    268    0.0
    269    0.0
    270    0.0
    271    0.0
    272    0.0
    273    0.0
    274    0.0
    275    0.0
    276    0.0
    277    0.0
    278    0.0
    279    0.0
    280    0.0
    281    0.0
    282    0.0
    283    0.0
    284    0.0
    285    0.0
    286    0.0
    287    0.0
    288    0.0
    289   18.0
    290    0.0
    291    0.0
    292   13.0
    293    0.0
    294    0.0
    295    0.0
    296    0.0
    297    0.0
    298    0.0
    299    0.0
    300    0.0
    301    0.0
    302    0.0
    303    0.0
    304    0.0
    305    0.0
    306    0.0
    307    0.0
    308    0.0
    309    0.0
    310    0.0
    311    0.0
    312    0.0
    313    0.0
    314    0.0
    315    0.0
    316    0.0
    317    0.0
    318    0.0
    319    0.0
    320    0.0
    321    0.0
    322    0.0
    323    0.0
    324    0.0
    325    0.0
    326    0.0
    327    0.0
    328    0.0
    329    0.0
    330    0.0
    331    0.0
    332    0.0
    333    0.0
    334    0.0
    335    0.0
    336    0.0
    337    0.0
    338    0.0
    339    0.0
    340    0.0
    341    0.0
    342    0.0
    343    0.0
    344    0.0
    345    0.0
    346    0.0
    347    0.0
    348    0.0
    349    0.5
    350    0.0
    351    0.0
    352    0.0
    353    0.0
    354    0.0
    355    0.0
    356    0.0
    357    0.0
    358    0.0
    359    0.0
    360    0.0
    361    0.0
    362    0.0
    363    0.0
    364    0.0
    365    0.0
    366    0.0
