      1    0.0
      2    0.0
      3    0.0
      4    0.0
      5    0.0
      6    0.0
      7    0.0
      8    0.0
      9    0.0
     10   18.0
     11    0.0
     12    0.0
     13    0.0
     14    0.0
     15    0.0
     16    0.0
     17    0.0
     18    0.0
     19    0.0
     20    0.0
     21    0.0
     22    0.0
     23    0.0
     24    0.0
     25    0.0
     26    0.0
     27    0.0
     28    0.0
     29    0.0
     30    0.0
     31    0.0
     32    0.0
     33    0.0
     34    0.0
     35    0.0
     36    0.0
     37    0.0
     38    0.0
     39    0.0
     40    0.0
     41    0.0
     42    0.0
     43    0.0
     44    0.0
     45    0.0
     46    0.0
     47    0.0
     48    0.0
     49    0.0
     50    0.0
     51    0.0
     52    0.0
     53    0.0
     54    0.0
     55    0.0
     56    0.0
     57    0.0
     58    0.0
     59    0.0
     60    0.0
     61    0.0
     62    0.0
     63    0.0
     64    0.0
     65    0.0
     66    0.0
     67    0.0
     68    0.0
     69    0.0
     70    0.0
     71    0.0
     72    0.0
     73    0.0
     74    0.0
     75    0.0
     76    0.0
     77    0.0
     78    0.0
     79    0.0
     80    0.0
     81    0.0
     82    0.0
     83    0.0
     84    0.0
     85    0.0
     86    0.0
     87    0.0
     88    0.0
     89    0.0
     90    0.0
     91    2.0
     92    0.0
     93    2.0
     94    0.0
     95    0.0
     96    0.0
     97    0.0
     98   10.0
     99    0.0
    100    0.0
    101    0.0
    102    0.0
    103    4.0
    104    0.0
    105    0.0
    106    0.0
    107    0.0
    108    0.0
    109    0.0
    110    0.0
    111    0.0
    112    4.0
    113   33.0
    114    0.0
    115    0.0
    116    1.0
    117    0.0
    118    4.0
    119    0.0
    120    0.0
    121    0.0
    122    4.0
    123    0.0
    124    1.0
    125    0.0
    126   11.0
    127    1.0
    128    0.0
    129    0.0
    130   15.0
    131   19.0
    132   20.0
    133    0.0
    134   15.0
    135    0.0
    136    0.0
    137    0.0
    138   34.0
    139    4.0
    140    0.0
    141   11.0
    142   10.0
    143   50.0
    144   57.0
    145   52.0
    146   61.0
    147   36.0
    148    7.5
    149   24.0
    150    0.0
    151    8.0
    152    0.0
    153    2.0
    154    0.0
    155    0.0
    156    0.0
    157    0.0
    158    0.0
    159    0.0
    160    7.0
    161    0.0
    162    7.0
    163  173.0
    164    9.0
    165    7.0
    166   30.0
    167   34.0
    168   29.0
    169   20.0
    170    2.0
    171   32.0
    172    0.0
    173    7.0
    174   40.0
    175   51.0
    176    0.0
    177   49.0
    178   13.0
    179    2.0
    180   14.0
    181   28.0
    182   38.0
    183   17.4
    184   10.0
    185    0.0
    186   11.0
    187   48.0
    188   29.0
    189   12.5
    190    7.1
    191  112.0
    192    7.0
    193   68.0
    194    0.0
    195   41.0
    196   16.0
    197    0.0
    198   55.0
    199   22.0
    200   54.0
    201   33.0
    202   60.0
    203   23.0
    204   54.0
    205   36.0
    206    9.0
    207   37.0
    208   25.1
    209    0.0
    210   16.0
    211   24.0
    212   15.0
    213    1.5
    214   50.0
    215    5.0
    216   12.0
    217   71.0
    218   10.1
    219    0.0
    220   17.0
    221   36.0
    222   27.0
    223    7.2
    224   12.0
    225   25.0
    226   20.6
    227   17.0
    228    3.0
    229   32.0
    230   54.7
    231   19.0
    232    3.0
    233    6.5
    234   13.0
    235   51.0
    236    3.0
    237   22.0
    238   50.0
    239    6.0
    240   61.0
    241   11.0
    242   42.0
    243   61.0
    244   47.0
    245    0.0
    246   26.0
    247   25.0
    248    0.0
    249   81.0
    250    3.0
    251   23.0
    252   42.0
    253   23.0
    254    0.0
    255   11.0
    256   23.0
    257   24.2
    258   36.0
    259   29.0
    260   10.0
    261    0.0
    262    3.0
    263    0.0
    264   69.0
    265    0.0
    266   20.0
    267   44.0
    268    6.0
    269    5.0
    270    9.0
    271   55.0
    272   15.0
    273    2.0
    274   12.0
    275   16.0
    276   36.0
    277    0.0
    278    0.0
    279   25.0
    280    2.0
    281    3.0
    282    0.0
    283    0.0
    284    0.0
    285    0.0
    286    0.0
    287    0.0
    288    0.0
    289    0.0
    290    0.0
    291    0.0
    292    0.0
    293    2.6
    294    4.0
    295    0.0
    296    0.0
    297    0.0
    298    0.0
    299    0.0
    300    0.0
    301    0.0
    302    0.0
    303    0.0
    304    0.0
    305    0.0
    306    0.0
    307    0.0
    308    0.0
    309    0.0
    310    0.0
    311    0.0
    312    0.0
    313    0.0
    314    0.0
    315    0.0
    316    0.0
    317    0.0
    318    0.0
    319    0.0
    320    0.0
    321    0.0
    322    0.0
    323    0.0
    324    0.0
    325    0.0
    326    0.0
    327    0.0
    328    0.0
    329    0.0
    330    0.0
    331    0.0
    332    0.0
    333    0.0
    334    0.0
    335    0.0
    336    0.0
    337    0.0
    338    0.0
    339    0.0
    340    0.0
    341    0.0
    342    0.0
    343    0.0
    344    0.0
    345    0.0
    346    0.0
    347    0.0
    348    0.0
    349    0.0
    350    0.0
    351    0.0
    352    0.0
    353    0.0
    354    0.0
    355    0.0
    356    0.0
    357    0.0
    358    0.0
    359    0.0
    360    0.0
    361    0.0
    362    0.0
    363    0.0
    364    0.0
    365    0.0
