      1    0.0
      2    0.0
      3    0.0
      4    0.0
      5    0.0
      6    0.0
      7    0.0
      8    0.0
      9    0.0
     10    0.0
     11    0.0
     12    0.0
     13    0.0
     14    0.0
     15    0.0
     16    0.0
     17    0.0
     18    0.0
     19    2.3
     20    0.0
     21    0.0
     22    0.0
     23    0.0
     24    0.0
     25    0.0
     26    0.0
     27    0.0
     28    0.0
     29    0.0
     30    0.0
     31    0.0
     32    0.0
     33    0.0
     34    0.0
     35    0.0
     36    0.0
     37    0.0
     38    0.0
     39    0.0
     40    0.0
     41    0.0
     42    0.0
     43    0.0
     44    0.0
     45    0.0
     46    0.0
     47    0.0
     48    0.0
     49    0.0
     50    0.0
     51    0.0
     52    0.0
     53    0.0
     54    0.0
     55    0.0
     56    0.0
     57    0.0
     58    0.0
     59    0.0
     60    0.0
     61    0.0
     62    0.0
     63    0.0
     64    0.0
     65    0.0
     66    0.0
     67    0.0
     68    0.0
     69    0.0
     70    0.0
     71    0.0
     72    0.0
     73    0.0
     74    0.0
     75    0.0
     76    0.0
     77    0.0
     78    0.0
     79    0.0
     80    0.0
     81    0.0
     82    0.0
     83    0.0
     84    0.0
     85    0.0
     86    0.0
     87    0.0
     88    0.0
     89    0.0
     90    0.0
     91    0.0
     92    0.0
     93    0.0
     94    0.0
     95    0.0
     96    0.0
     97    0.0
     98    0.0
     99    0.0
    100    0.0
    101    0.0
    102    0.0
    103    0.0
    104    0.0
    105    0.0
    106    0.0
    107    0.0
    108    0.0
    109    0.0
    110    0.0
    111    0.0
    112    2.2
    113    0.0
    114    0.0
    115    0.0
    116    0.0
    117    1.6
    118    0.9
    119    0.0
    120    0.0
    121    3.5
    122    0.0
    123    0.0
    124    3.0
    125   16.0
    126    0.0
    127    0.0
    128   11.0
    129   19.0
    130    0.0
    131    0.0
    132    0.0
    133   24.2
    134    0.0
    135    0.0
    136    0.0
    137    0.0
    138    0.2
    139   22.0
    140    0.0
    141   12.3
    142    0.0
    143    0.0
    144    0.0
    145    0.0
    146    0.0
    147    0.0
    148    5.0
    149    6.4
    150    8.2
    151    1.3
    152    0.0
    153   30.2
    154   90.3
    155    0.0
    156    0.0
    157   10.3
    158   25.0
    159   12.2
    160    4.2
    161    2.3
    162    3.2
    163   14.0
    164   28.0
    165    0.0
    166    4.2
    167    0.0
    168    0.0
    169    0.0
    170   84.0
    171    0.0
    172    0.0
    173    0.0
    174    0.0
    175   25.0
    176   25.4
    177    0.0
    178    0.0
    179    0.0
    180   10.2
    181   32.0
    182    9.0
    183   37.0
    184   11.0
    185   11.2
    186    6.0
    187    7.0
    188    1.0
    189   34.2
    190    4.2
    191   40.0
    192   34.0
    193    6.0
    194    5.2
    195    0.0
    196    6.0
    197   34.0
    198   14.2
    199   16.0
    200   16.4
    201    2.0
    202    4.0
    203    1.5
    204    0.0
    205    0.0
    206    0.0
    207    2.0
    208    0.0
    209   15.2
    210    0.0
    211   21.0
    212    2.4
    213    7.2
    214    0.0
    215    0.0
    216    0.0
    217    8.2
    218    2.0
    219    0.0
    220   14.0
    221    2.0
    222    0.0
    223    0.0
    224   34.0
    225   91.0
    226    5.0
    227    3.7
    228    1.2
    229    1.2
    230    3.2
    231    1.0
    232    0.4
    233    1.8
    234   50.2
    235   31.2
    236   27.8
    237    6.4
    238    1.2
    239    1.0
    240    0.0
    241    0.0
    242   13.2
    243    0.0
    244    6.5
    245   24.8
    246    5.0
    247    2.0
    248    7.0
    249    0.0
    250   12.2
    251    5.0
    252    3.2
    253    0.0
    254    0.0
    255    0.0
    256    3.8
    257    0.0
    258    5.0
    259    0.0
    260    0.0
    261   18.0
    262    0.0
    263    0.0
    264    0.0
    265    0.0
    266    0.0
    267    0.0
    268   12.0
    269    5.2
    270    0.0
    271   13.0
    272    5.4
    273   21.0
    274    0.0
    275    2.4
    276    2.6
    277    5.0
    278    2.2
    279    3.2
    280   34.0
    281    3.0
    282   25.0
    283    6.0
    284    0.0
    285    0.0
    286    0.0
    287    0.0
    288    0.0
    289    0.0
    290    0.0
    291    0.0
    292    0.0
    293    0.0
    294    0.0
    295    0.0
    296    0.0
    297    0.0
    298    0.0
    299    0.0
    300    0.0
    301    0.0
    302    0.0
    303    0.0
    304    0.0
    305    0.0
    306    0.0
    307    0.0
    308    0.0
    309    0.0
    310    0.0
    311    0.0
    312    0.0
    313    0.0
    314    0.0
    315    0.0
    316    0.0
    317    0.0
    318    0.0
    319    0.0
    320    0.0
    321    0.0
    322    0.0
    323    0.0
    324    0.0
    325    0.0
    326    0.0
    327    0.0
    328    0.0
    329    0.0
    330    0.0
    331    0.0
    332    0.0
    333    0.0
    334    0.0
    335    0.0
    336    0.0
    337    0.0
    338    0.0
    339    0.0
    340    0.0
    341    0.0
    342    0.0
    343    0.0
    344    0.0
    345    0.0
    346    0.0
    347    0.0
    348    0.0
    349    0.0
    350    0.0
    351    0.0
    352    0.0
    353    0.0
    354    0.0
    355    0.0
    356    0.0
    357    0.0
    358    0.0
    359    0.0
    360    0.0
    361    0.0
    362    0.0
    363    0.0
    364    0.0
    365    0.0
    366    0.0
