      1    0.0
      2    0.0
      3    0.0
      4    0.0
      5    0.0
      6    0.0
      7    0.0
      8    0.0
      9    0.0
     10    0.0
     11    0.0
     12    0.0
     13    T  
     14    3.9
     15    0.0
     16    0.0
     17    0.0
     18    0.0
     19    0.0
     20    0.0
     21    0.0
     22    0.0
     23    0.0
     24    0.0
     25    0.0
     26    0.0
     27    0.0
     28    0.0
     29    0.0
     30    0.0
     31    0.0
     32    0.0
     33    0.0
     34    0.0
     35    0.0
     36    0.0
     37    0.0
     38    0.0
     39    0.0
     40   54.4
     41   26.4
     42    0.0
     43    0.0
     44    0.0
     45    0.0
     46    0.0
     47    0.0
     48    0.0
     49    0.0
     50    0.0
     51    0.0
     52    0.0
     53    0.0
     54    T  
     55    4.3
     56    0.0
     57    0.0
     58    0.0
     59    0.0
     60    0.0
     61    0.0
     62    0.0
     63    0.0
     64    0.0
     65    0.0
     66    0.0
     67    0.0
     68    0.0
     69    0.0
     70    0.0
     71    0.0
     72    0.0
     73    0.0
     74    5.3
     75    0.0
     76    0.0
     77    0.0
     78    0.0
     79    0.0
     80    0.0
     81    0.0
     82    0.0
     83    0.0
     84    0.0
     85    0.0
     86    0.0
     87    0.0
     88    0.0
     89    0.0
     90    1.6
     91    0.0
     92    0.0
     93    0.0
     94    0.0
     95    0.0
     96    0.0
     97    0.0
     98    0.0
     99    0.0
    100    0.0
    101    0.0
    102    0.0
    103    0.0
    104    T  
    105    0.0
    106    0.0
    107    0.0
    108    0.0
    109    T  
    110    5.1
    111    0.0
    112    0.0
    113    0.0
    114    0.0
    115    0.0
    116    0.0
    117    0.0
    118    0.0
    119    5.9
    120    0.0
    121    0.0
    122   14.3
    123    0.0
    124    0.0
    125    5.6
    126    0.0
    127   18.3
    128    1.0
    129    0.0
    130    0.0
    131    0.0
    132    0.0
    133    0.0
    134    0.0
    135    1.0
    136    0.0
    137    0.0
    138    7.9
    139    0.0
    140    T  
    141    0.0
    142    0.0
    143    4.6
    144    8.1
    145    0.2
    146    0.0
    147    0.0
    148   11.4
    149    0.9
    150    0.0
    151    5.4
    152    0.0
    153    0.0
    154    0.0
    155    0.0
    156    1.3
    157    0.0
    158    0.0
    159    0.9
    160    0.0
    161    0.0
    162    0.0
    163    0.0
    164    0.0
    165    1.0
    166    0.0
    167    0.0
    168    0.5
    169    0.0
    170    0.0
    171   42.8
    172    0.0
    173   14.4
    174   13.3
    175   45.6
    176    0.0
    177    0.0
    178    0.0
    179   19.3
    180    0.0
    181    0.0
    182   14.2
    183   46.4
    184   19.3
    185   12.9
    186   49.2
    187    0.0
    188   23.4
    189    0.0
    190    2.0
    191    0.0
    192    2.4
    193    3.6
    194    1.9
    195    1.1
    196    3.6
    197   11.8
    198   10.2
    199    2.4
    200   68.2
    201   94.8
    202   10.3
    203   10.2
    204    0.8
    205    0.6
    206    6.9
    207    0.0
    208   25.9
    209    5.6
    210    0.0
    211   32.8
    212   11.2
    213    4.3
    214   27.4
    215    7.9
    216    1.6
    217   59.1
    218    0.6
    219   63.7
    220    0.3
    221    5.6
    222    1.3
    223    0.0
    224    0.0
    225    2.3
    226    0.0
    227    0.0
    228   16.4
    229   13.6
    230   41.2
    231   11.4
    232   13.6
    233    9.7
    234   59.6
    235   18.4
    236    7.8
    237   13.9
    238   27.4
    239    0.0
    240    0.9
    241   31.6
    242    1.0
    243    8.2
    244   41.4
    245    6.0
    246   13.9
    247   41.7
    248    6.2
    249    0.0
    250    0.0
    251   28.4
    252    T  
    253    8.0
    254    0.0
    255    1.3
    256   12.0
    257    2.3
    258   13.6
    259   36.2
    260    9.5
    261    8.3
    262   21.4
    263    3.5
    264    1.2
    265    6.0
    266    3.0
    267    0.0
    268    0.0
    269    0.0
    270    0.0
    271    0.0
    272    0.0
    273    0.0
    274    0.0
    275    0.0
    276    0.0
    277    0.0
    278    0.0
    279    0.0
    280    0.0
    281   15.2
    282    0.0
    283    0.0
    284    0.0
    285    0.0
    286    0.0
    287    0.0
    288    0.0
    289    0.0
    290    6.7
    291    0.0
    292    0.0
    293    0.0
    294    0.0
    295    0.0
    296    0.0
    297    0.0
    298    0.0
    299    0.0
    300    0.0
    301    0.0
    302    0.0
    303    0.0
    304    0.0
    305    0.0
    306    0.0
    307    0.0
    308    0.0
    309    0.0
    310    0.0
    311    0.0
    312    0.0
    313    0.0
    314    0.0
    315    0.0
    316    0.0
    317    0.0
    318    0.0
    319    0.0
    320    0.0
    321    0.0
    322    0.0
    323    0.0
    324    0.0
    325    0.0
    326    0.0
    327    0.0
    328    0.0
    329    T  
    330    0.0
    331    0.0
    332    0.0
    333    0.0
    334    0.0
    335    0.0
    336    0.0
    337    0.0
    338    0.0
    339    0.0
    340    0.0
    341    0.0
    342    0.0
    343    0.0
    344    0.0
    345    0.0
    346    0.0
    347    0.0
    348    0.0
    349    0.0
    350    0.0
    351    0.0
    352    0.0
    353    0.0
    354    0.0
    355    0.0
    356    0.0
    357    0.0
    358    0.0
    359    0.0
    360    0.0
    361    0.0
    362    0.0
    363    0.0
    364    0.0
    365    3.2
