      1    0.0
      2    T  
      3    T  
      4    5.6
      5    0.0
      6    0.0
      7    0.0
      8    0.0
      9    0.0
     10    0.0
     11    0.0
     12    0.0
     13    0.0
     14    0.0
     15    0.0
     16    0.0
     17    1.1
     18   74.9
     19    0.0
     20    0.0
     21    0.0
     22    4.9
     23   17.6
     24   17.4
     25    0.0
     26    0.0
     27    0.0
     28    0.0
     29    0.0
     30    0.0
     31    T  
     32   47.1
     33    0.0
     34    0.0
     35    0.0
     36    0.0
     37    0.0
     38    0.6
     39   19.3
     40    0.0
     41    0.0
     42    0.0
     43    0.0
     44    0.0
     45    0.0
     46    T  
     47    7.7
     48    5.4
     49    0.0
     50    0.0
     51    4.3
     52    0.0
     53    3.9
     54   17.8
     55    0.0
     56    0.0
     57    0.0
     58    0.0
     59    0.0
     60    0.0
     61    0.0
     62    0.0
     63    0.0
     64    0.0
     65    0.0
     66    0.0
     67    0.0
     68    0.0
     69   20.7
     70    0.0
     71   10.8
     72    0.0
     73    0.0
     74    0.0
     75    T  
     76    3.4
     77    T  
     78    2.4
     79    0.0
     80   23.6
     81    0.0
     82    0.0
     83    0.0
     84    0.0
     85    0.0
     86    0.0
     87    0.0
     88    T  
     89    0.0
     90    0.0
     91    0.0
     92    0.0
     93    0.0
     94    0.0
     95    0.0
     96    0.0
     97    0.0
     98    T  
     99   13.1
    100    0.0
    101    0.0
    102    0.0
    103    0.0
    104    0.0
    105    0.0
    106    0.0
    107    0.0
    108    0.0
    109    0.0
    110    0.0
    111    0.0
    112    T  
    113    3.7
    114    0.0
    115    3.1
    116    3.7
    117    0.0
    118    0.0
    119    0.0
    120    T  
    121   12.4
    122    T  
    123    6.7
    124    0.0
    125    0.0
    126    0.0
    127    0.0
    128    0.0
    129    0.0
    130    1.2
    131    0.0
    132    T  
    133    0.0
    134    0.0
    135    0.0
    136    0.0
    137    0.0
    138    0.0
    139    0.4
    140    0.0
    141    0.0
    142    0.0
    143    0.0
    144    0.0
    145    0.0
    146    0.0
    147    0.0
    148    0.0
    149    0.0
    150    0.0
    151    0.0
    152    0.0
    153    0.0
    154    0.0
    155    T  
    156    T  
    157   16.8
    158    0.0
    159    0.0
    160    0.0
    161    0.0
    162    0.0
    163    0.0
    164    0.0
    165    0.0
    166    0.0
    167    0.0
    168    0.0
    169    0.0
    170    0.0
    171    0.0
    172    0.0
    173   11.7
    174   19.4
    175    0.0
    176    0.0
    177    2.3
    178    8.4
    179    0.0
    180    0.0
    181    6.3
    182    9.3
    183    0.4
    184   20.7
    185    6.3
    186   25.1
    187    7.8
    188    8.2
    189   18.4
    190    7.9
    191   31.2
    192    0.0
    193    0.0
    194    T  
    195    T  
    196   33.6
    197   14.7
    198   23.4
    199    8.1
    200    3.6
    201    2.4
    202   36.4
    203    2.9
    204   57.7
    205   24.0
    206    8.6
    207    9.2
    208    0.0
    209   32.3
    210   13.9
    211    0.0
    212    0.0
    213    6.8
    214    0.0
    215    0.0
    216    0.0
    217    9.2
    218   14.6
    219    3.4
    220    0.0
    221    0.0
    222    0.0
    223    0.0
    224   53.0
    225    T  
    226    T  
    227   64.3
    228    0.0
    229    5.2
    230    0.0
    231    2.8
    232   36.6
    233    T  
    234    0.0
    235    0.0
    236    0.0
    237    8.9
    238    0.0
    239    0.0
    240    0.0
    241    0.0
    242    0.0
    243    0.0
    244    0.0
    245    0.0
    246    0.0
    247    0.0
    248   10.3
    249    8.9
    250    0.0
    251    0.0
    252    2.9
    253    0.0
    254    T  
    255   32.8
    256    0.0
    257    2.4
    258    2.7
    259    T  
    260   13.1
    261    0.0
    262    0.0
    263    0.0
    264    0.0
    265   11.3
    266    5.4
    267    T  
    268   82.3
    269  123.4
    270    0.6
    271    0.0
    272    0.0
    273    0.0
    274    0.0
    275    0.0
    276    0.0
    277    0.0
    278    0.0
    279    0.0
    280    T  
    281    0.0
    282    0.0
    283    0.0
    284    0.0
    285    0.0
    286    0.0
    287    0.0
    288    0.0
    289    0.0
    290    0.0
    291    0.0
    292    T  
    293    7.2
    294    0.0
    295    0.0
    296    0.0
    297    0.0
    298    0.0
    299    0.0
    300    0.0
    301    0.0
    302    0.0
    303    0.0
    304    0.0
    305    0.0
    306    0.0
    307    0.0
    308    0.0
    309    0.0
    310    0.0
    311    0.0
    312    0.0
    313    0.0
    314    0.0
    315    0.0
    316    0.0
    317    0.0
    318    0.0
    319    0.0
    320    0.0
    321    0.0
    322    0.0
    323    0.0
    324    0.0
    325    0.0
    326    0.0
    327    0.0
    328    0.0
    329    0.0
    330    0.0
    331    0.0
    332    0.0
    333    0.0
    334    0.0
    335    0.0
    336    0.0
    337    0.0
    338    0.0
    339    0.0
    340    0.0
    341    0.0
    342    0.0
    343    0.0
    344    0.0
    345    0.0
    346    0.0
    347    0.0
    348    0.0
    349    0.0
    350    0.0
    351    0.0
    352    0.0
    353    0.0
    354    0.0
    355    0.0
    356    0.0
    357    T  
    358   24.4
    359    0.0
    360    0.0
    361    0.0
    362    0.0
    363    0.0
    364    0.0
    365    0.0
