  1991   1   1     0  14.0   9.0   1.2     0     0
  1991   1   2     0  15.8   6.0   3.5     0     0
  1991   1   3     0  17.8   6.0   0.0     0     0
  1991   1   4     0   DNA   4.2   0.0     0     0
  1991   1   5     0   DNA   5.2   0.0     0     0
  1991   1   6     0   DNA   4.0   0.0     0     0
  1991   1   7     0  20.0   4.0   0.0     0     0
  1991   1   8     0  19.2   5.4   0.0     0     0
  1991   1   9     0  21.4   5.0   0.0     0     0
  1991   1  10     0  20.6   4.0   0.0     0     0
  1991   1  11     0  21.8   5.0   0.0     0     0
  1991   1  12     0  20.6   6.2   0.0     0     0
  1991   1  13     0  19.2   7.0   0.0     0     0
  1991   1  14     0  19.0   4.0   0.0     0     0
  1991   1  15     0  18.8   3.2   0.0     0     0
  1991   1  16     0  19.0   3.2   0.0     0     0
  1991   1  17     0  21.6   5.2   0.0     0     0
  1991   1  18     0  21.2   4.0   0.0     0     0
  1991   1  19     0  21.2   3.0   0.0     0     0
  1991   1  20     0  19.2   5.0   0.0     0     0
  1991   1  21     0  16.4   7.2   0.0     0     0
  1991   1  22     0  17.4   6.2   0.0     0     0
  1991   1  23     0   DNA   5.0   0.0     0     0
  1991   1  24     0  15.6   5.0   0.0     0     0
  1991   1  25     0  17.6   6.0   0.0     0     0
  1991   1  26     0  22.2   5.2   0.0     0     0
  1991   1  27     0  25.0   5.2   0.0     0     0
  1991   1  28     0  24.8   5.0   0.0     0     0
  1991   1  29     0  23.2   6.0   0.0     0     0
  1991   1  30     0  22.6   5.2   0.0     0     0
  1991   1  31     0  22.4   7.0   0.0     0     0
  1991   2   1     0  22.0   7.0   0.0     0     0
  1991   2   2     0  21.4   5.2   0.0     0     0
  1991   2   3     0  21.2   4.4   0.0     0     0
  1991   2   4     0  21.4   4.0   3.5     0     0
  1991   2   5     0  23.4   5.0   0.0     0     0
  1991   2   6     0  23.2   4.2   0.0     0     0
  1991   2   7     0  25.4   6.6   0.0     0     0
  1991   2   8     0  24.4   7.2   0.0     0     0
  1991   2   9     0  23.6   8.2   0.0     0     0
  1991   2  10     0  23.4  10.0   0.0     0     0
  1991   2  11     0  26.6  10.0   0.0     0     0
  1991   2  12     0  27.0   9.2   0.0     0     0
  1991   2  13     0  26.8   8.8   0.0     0     0
  1991   2  14     0  25.6   8.0   0.0     0     0
  1991   2  15     0  26.2   9.6   0.0     0     0
  1991   2  16     0  27.8   5.2   0.0     0     0
  1991   2  17     0  28.0   8.0   0.0     0     0
  1991   2  18     0  27.6   7.8   0.0     0     0
  1991   2  19     0  24.6   6.0   0.0     0     0
  1991   2  20     0  23.2   8.0   0.0     0     0
  1991   2  21     0  27.6   9.0   0.0     0     0
  1991   2  22     0  28.6   8.0   0.0     0     0
  1991   2  23     0  24.6  12.0   0.0     0     0
  1991   2  24     0  26.2   9.4   0.0     0     0
  1991   2  25     0  26.6  10.0   0.0     0     0
  1991   2  26     0  19.4  11.4   0.0     0     0
  1991   2  27     0  22.6  10.2  22.6     0     0
  1991   2  28     0  24.6  10.0   0.0     0     0
  1991   3   1     0  27.6   7.4   0.0     0     0
  1991   3   2     0  26.0   9.0   0.0     0     0
  1991   3   3     0  25.0  10.0   0.0     0     0
  1991   3   4     0  25.8  12.2   0.0     0     0
  1991   3   5     0  18.6  11.2   9.5     0     0
  1991   3   6     0  23.6   8.0   2.5     0     0
  1991   3   7     0  24.8   9.2   0.0     0     0
  1991   3   8     0  25.2  12.2   0.0     0     0
  1991   3   9     0  26.8  12.0   0.0     0     0
  1991   3  10     0  28.6  11.0   0.0     0     0
  1991   3  11     0  29.0  11.0   0.0     0     0
  1991   3  12     0  29.4  10.2   0.0     0     0
  1991   3  13     0  29.4  10.0   0.0     0     0
  1991   3  14     0  23.2  12.2   2.5     0     0
  1991   3  15     0  28.6  12.2   0.0     0     0
  1991   3  16     0   DNA  10.0   0.0     0     0
  1991   3  17     0  31.0  10.4   0.0     0     0
  1991   3  18     0  31.2  12.0   0.0     0     0
  1991   3  19     0  32.2  13.0   0.0     0     0
  1991   3  20     0  32.6  13.0   0.0     0     0
  1991   3  21     0  32.4  11.0   0.0     0     0
  1991   3  22     0  29.4  15.0   0.0     0     0
  1991   3  23     0  28.8  11.2   0.0     0     0
  1991   3  24     0  23.2  11.0   0.0     0     0
  1991   3  25     0  24.4   7.2  21.0     0     0
  1991   3  26     0  27.4  10.0   0.0     0     0
  1991   3  27     0  27.4  13.0   0.0     0     0
  1991   3  28     0  28.2  16.0   0.0     0     0
  1991   3  29     0  29.6  13.2   0.0     0     0
  1991   3  30     0  30.4  12.2   0.0     0     0
  1991   3  31     0  23.2  18.2   0.0     0     0
  1991   4   1     0  28.4  14.2   0.0     0     0
  1991   4   2     0  30.0  15.2   0.0     0     0
  1991   4   3     0  30.2  17.2   0.0     0     0
  1991   4   4     0  32.0  15.0   0.0     0     0
  1991   4   5     0  32.0  13.4   0.0     0     0
  1991   4   6     0  31.0  15.4   0.0     0     0
  1991   4   7     0  31.8  13.0   0.0     0     0
  1991   4   8     0  28.8  13.0   6.0     0     0
  1991   4   9     0  19.4  13.2   0.0     0     0
  1991   4  10     0  25.8  11.2   9.0     0     0
  1991   4  11     0   DNA  11.2   0.0     0     0
  1991   4  12     0  29.8  10.2   0.0     0     0
  1991   4  13     0  29.6  14.0   0.0     0     0
  1991   4  14     0  27.8  13.0   0.0     0     0
  1991   4  15     0  32.6  13.2   0.0     0     0
  1991   4  16     0   DNA  12.0   0.0     0     0
  1991   4  17     0  32.8  11.4   0.0     0     0
  1991   4  18     0  31.0  12.0   0.0     0     0
  1991   4  19     0  30.4  13.0   0.0     0     0
  1991   4  20     0  31.0  12.0   0.0     0     0
  1991   4  21     0  31.8  13.0   0.0     0     0
  1991   4  22     0  32.0  13.4   0.0     0     0
  1991   4  23     0  35.0  15.0   0.0     0     0
  1991   4  24     0  33.4  14.4   0.0     0     0
  1991   4  25     0  32.0  13.0   0.0     0     0
  1991   4  26     0  33.4  15.4   0.0     0     0
  1991   4  27     0  32.2  16.0   0.0     0     0
  1991   4  28     0  30.4  15.2   3.5     0     0
  1991   4  29     0  32.6  20.0   0.0     0     0
  1991   4  30     0  26.2  16.2  27.5     0     0
  1991   5   1     0  30.4  19.0   0.0     0     0
  1991   5   2     0  27.4  16.0  24.5     0     0
  1991   5   3     0  28.2  15.0   0.0     0     0
  1991   5   4     0  30.6  14.4   0.0     0     0
  1991   5   5     0  31.8  18.0   0.0     0     0
  1991   5   6     0  32.0  20.2   0.0     0     0
  1991   5   7     0  30.8  17.6   0.0     0     0
  1991   5   8     0  32.0  19.0   0.0     0     0
  1991   5   9     0  32.8  18.0   0.0     0     0
  1991   5  10     0  32.8  16.0   0.0     0     0
  1991   5  11     0  34.8  19.4   0.0     0     0
  1991   5  12     0  34.8  17.4   0.0     0     0
  1991   5  13     0   DNA  18.4   0.0     0     0
  1991   5  14     0   DNA  16.0   0.0     0     0
  1991   5  15     0   DNA  16.6  10.0     0     0
  1991   5  16     0  29.0  18.4  32.5     0     0
  1991   5  17     0  29.4  21.0   0.0     0     0
  1991   5  18     0  30.4  19.6   6.4     0     0
  1991   5  19     0  28.8  18.2   2.6     0     0
  1991   5  20     0  29.8  18.4   0.0     0     0
  1991   5  21     0  30.6  20.0   2.8     0     0
  1991   5  22     0  30.6  15.2  48.0     0     0
  1991   5  23     0  30.0  17.0   0.0     0     0
  1991   5  24     0  31.2  17.2   0.0     0     0
  1991   5  25     0  30.0  15.0   0.0     0     0
  1991   5  26     0  31.4  20.0   0.0     0     0
  1991   5  27     0  29.6  20.0  61.5     0     0
  1991   5  28     0  31.4  20.2   5.5     0     0
  1991   5  29     0  31.4  20.0   0.0     0     0
  1991   5  30     0  30.0  21.4  15.5     0     0
  1991   5  31     0  29.6  15.4  10.0     0     0
  1991   6   1     0  29.8  19.0  23.0     0     0
  1991   6   2     0  31.0  21.4   0.0     0     0
  1991   6   3     0  30.4  20.0   0.0     0     0
  1991   6   4     0  32.4  22.2  18.5     0     0
  1991   6   5     0  32.6  22.0   0.0     0     0
  1991   6   6     0  32.4  20.0   0.0     0     0
  1991   6   7     0  31.4  20.0  72.5     0     0
  1991   6   8     0  31.2  21.0   0.0     0     0
  1991   6   9     0  33.2  19.6  66.0     0     0
  1991   6  10     0  31.8  18.4   0.0     0     0
  1991   6  11     0  31.8  19.6   0.0     0     0
  1991   6  12     0  32.0  21.4   0.0     0     0
  1991   6  13     0  31.8  18.6  28.5     0     0
  1991   6  14     0  33.6  20.0  62.5     0     0
  1991   6  15     0  32.0  21.0   0.0     0     0
  1991   6  16     0   DNA  20.0   0.0     0     0
  1991   6  17     0   DNA  21.0  41.6     0     0
  1991   6  18     0  32.5  20.0   0.0     0     0
  1991   6  19     0  29.8  21.0  20.0     0     0
  1991   6  20     0  31.2  22.0   0.0     0     0
  1991   6  21     0  33.2  20.6   0.0     0     0
  1991   6  22     0  32.0  23.2  26.8     0     0
  1991   6  23     0  30.8  23.0  26.0     0     0
  1991   6  24     0  30.0  22.2   0.0     0     0
  1991   6  25     0  28.8  22.0   0.0     0     0
  1991   6  26     0  28.6  21.4  41.0     0     0
  1991   6  27     0  33.0  22.0  10.0     0     0
  1991   6  28     0  33.6  23.0  10.0     0     0
  1991   6  29     0  33.0  22.2  10.0     0     0
  1991   6  30     0  28.0  22.0  42.0     0     0
  1991   7   1     0  32.0  22.4   7.5     0     0
  1991   7   2     0  32.4  22.2   0.0     0     0
  1991   7   3     0  29.6  22.0 127.5     0     0
  1991   7   4     0  33.4  22.2 120.5     0     0
  1991   7   5     0  30.0  22.2   0.0     0     0
  1991   7   6     0  28.4  22.0  36.5     0     0
  1991   7   7     0  27.8  22.0  87.5     0     0
  1991   7   8     0  31.6  22.0  47.5     0     0
  1991   7   9     0  30.4  21.2  29.0     0     0
  1991   7  10     0  32.2  20.0   0.0     0     0
  1991   7  11     0  30.2  22.0   0.0     0     0
  1991   7  12     0  31.2  21.0   0.0     0     0
  1991   7  13     0  31.6  22.2   0.0     0     0
  1991   7  14     0  32.2  22.6   0.0     0     0
  1991   7  15     0  30.0  22.0  79.0     0     0
  1991   7  16     0  31.8  20.0   0.0     0     0
  1991   7  17     0  32.4  21.2   0.0     0     0
  1991   7  18     0  32.8  22.2   0.0     0     0
  1991   7  19     0  33.8  22.2   0.0     0     0
  1991   7  20     0  32.4  23.0   0.0     0     0
  1991   7  21     0  32.0  23.2   0.0     0     0
  1991   7  22     0  33.6  23.2   0.0     0     0
  1991   7  23     0  32.8  24.4   0.0     0     0
  1991   7  24     0  32.8  23.0  45.0     0     0
  1991   7  25     0  32.0  23.2   0.0     0     0
  1991   7  26     0  33.4  23.0   0.0     0     0
  1991   7  27     0  33.2  22.0   4.0     0     0
  1991   7  28     0  32.0  23.0   0.0     0     0
  1991   7  29     0  34.4  22.2  25.0     0     0
  1991   7  30     0  29.6  23.0  19.0     0     0
  1991   7  31     0  31.0  22.2   0.0     0     0
  1991   8   1     0  32.4  23.0   0.0     0     0
  1991   8   2     0  30.0  20.0   0.0     0     0
  1991   8   3     0  29.0  20.2   0.0     0     0
  1991   8   4     0   DNA  21.0  68.0     0     0
  1991   8   5     0  28.4  21.4  41.0     0     0
  1991   8   6     0  31.4  23.0   0.0     0     0
  1991   8   7     0  30.0  22.0  15.5     0     0
  1991   8   8     0  29.4  22.0  23.5     0     0
  1991   8   9     0   DNA  21.2   0.0     0     0
  1991   8  10     0  32.6  20.2   0.0     0     0
  1991   8  11     0  30.4  22.0  70.0     0     0
  1991   8  12     0   DNA  21.0   0.0     0     0
  1991   8  13     0   DNA  20.0   0.0     0     0
  1991   8  14     0   DNA  20.2  53.5     0     0
  1991   8  15     0   DNA  20.1  28.5     0     0
  1991   8  16     0  24.6  22.0  12.0     0     0
  1991   8  17     0  30.8  21.2  52.0     0     0
  1991   8  18     0   DNA  21.0  19.5     0     0
  1991   8  19     0  32.4  22.2   0.0     0     0
  1991   8  20     0  33.2  21.2  24.6     0     0
  1991   8  21     0  32.8  22.2   0.0     0     0
  1991   8  22     0  32.2  21.2   0.0     0     0
  1991   8  23     0  34.4  21.0   0.0     0     0
  1991   8  24     0  32.0  22.2   0.0     0     0
  1991   8  25     0  31.8  21.2   0.0     0     0
  1991   8  26     0  31.2  21.8   0.0     0     0
  1991   8  27     0  30.0  19.4  51.0     0     0
  1991   8  28     0  32.4  22.0  41.0     0     0
  1991   8  29     0  32.8  21.0  14.0     0     0
  1991   8  30     0  32.2  21.0  24.0     0     0
  1991   8  31     0  32.8  20.0   0.0     0     0
  1991   9   1     0  28.6  21.2  14.5     0     0
  1991   9   2     0   DNA  21.2  32.5     0     0
  1991   9   3     0  29.4  21.2  56.5     0     0
  1991   9   4     0  31.4  22.0   8.5     0     0
  1991   9   5     0  31.6  21.0  16.5     0     0
  1991   9   6     0  31.6  20.0   0.0     0     0
  1991   9   7     0  32.2  22.0   0.0     0     0
  1991   9   8     0  32.0  21.0  43.0     0     0
  1991   9   9     0  31.4  20.0   0.0     0     0
  1991   9  10     0  32.6  21.2   0.0     0     0
  1991   9  11     0  32.4  21.0  43.0     0     0
  1991   9  12     0  32.0  22.0  36.5     0     0
  1991   9  13     0  32.8  21.2   0.0     0     0
  1991   9  14     0  31.0  21.2  37.5     0     0
  1991   9  15     0  30.0  21.0  22.0     0     0
  1991   9  16     0  29.2  20.0  60.2     0     0
  1991   9  17     0  28.8  20.2  60.5     0     0
  1991   9  18     0  28.6  21.2   0.0     0     0
  1991   9  19     0  31.4  20.2   0.0     0     0
  1991   9  20     0  31.2  20.0   0.0     0     0
  1991   9  21     0  32.0  21.0   0.0     0     0
  1991   9  22     0  31.8  21.2   6.0     0     0
  1991   9  23     0  32.0  21.0   0.0     0     0
  1991   9  24     0  31.4  18.2   0.0     0     0
  1991   9  25     0  31.2  21.0   0.0     0     0
  1991   9  26     0  32.4  20.0   0.0     0     0
  1991   9  27     0  30.4  21.2   0.0     0     0
  1991   9  28     0  31.2  21.0   0.0     0     0
  1991   9  29     0  31.8  21.2   0.0     0     0
  1991   9  30     0  32.2  20.2   0.0     0     0
  1991  10   1     0  32.8  21.0   0.0     0     0
  1991  10   2     0  32.2  20.2   0.0     0     0
  1991  10   3     0  31.6  19.2   0.0     0     0
  1991  10   4     0  31.2  19.2   0.0     0     0
  1991  10   5     0  30.0  18.0   0.0     0     0
  1991  10   6     0  29.6  20.2  43.3     0     0
  1991  10   7     0  29.6  19.0   0.0     0     0
  1991  10   8     0  29.6  19.0   0.0     0     0
  1991  10   9     0  30.0  18.4   0.0     0     0
  1991  10  10     0  30.0  20.0   0.0     0     0
  1991  10  11     0  29.6  20.2   0.0     0     0
  1991  10  12     0  29.4  17.0   0.0     0     0
  1991  10  13     0  30.2  14.2   0.0     0     0
  1991  10  14     0  30.0  15.2   0.0     0     0
  1991  10  15     0  30.6  16.2   0.0     0     0
  1991  10  16     0  30.8  17.4   0.0     0     0
  1991  10  17     0  28.8  16.4   0.0     0     0
  1991  10  18     0  28.6  17.2   0.0     0     0
  1991  10  19     0  28.4  16.0   0.0     0     0
  1991  10  20     0  27.0  15.2   0.0     0     0
  1991  10  21     0  27.0  15.4   0.0     0     0
  1991  10  22     0  25.2  15.4   0.0     0     0
  1991  10  23     0  27.8  16.4   0.0     0     0
  1991  10  24     0  27.6  14.2   0.0     0     0
  1991  10  25     0  27.6  13.2   0.0     0     0
  1991  10  26     0  27.6  13.2   0.0     0     0
  1991  10  27     0  26.0  14.2   0.0     0     0
  1991  10  28     0  26.6  14.0   0.0     0     0
  1991  10  29     0  25.4  11.2   0.0     0     0
  1991  10  30     0  27.0  11.0   0.0     0     0
  1991  10  31     0  28.2  11.0   0.0     0     0
  1991  11   1     0  26.4  10.0   0.0     0     0
  1991  11   2     0  25.4  11.0   0.0     0     0
  1991  11   3     0  24.8  12.2   0.0     0     0
  1991  11   4     0  25.0  11.0   0.0     0     0
  1991  11   5     0  24.4  10.0   0.0     0     0
  1991  11   6     0  25.0  10.2   0.0     0     0
  1991  11   7     0  24.4  10.2   0.0     0     0
  1991  11   8     0  25.6  11.0   0.0     0     0
  1991  11   9     0  24.4   8.2   0.0     0     0
  1991  11  10     0  26.4   8.2   0.0     0     0
  1991  11  11     0  25.6   8.2   0.0     0     0
  1991  11  12     0  26.6   8.0   0.0     0     0
  1991  11  13     0  25.6   7.2   0.0     0     0
  1991  11  14     0  24.4   9.0   0.0     0     0
  1991  11  15     0  25.4   9.0   0.0     0     0
  1991  11  16     0  24.4   8.0   0.0     0     0
  1991  11  17     0  25.0   7.2   0.0     0     0
  1991  11  18     0  26.8   8.0   0.0     0     0
  1991  11  19     0  24.2   8.0   0.0     0     0
  1991  11  20     0  25.0   9.0   0.0     0     0
  1991  11  21     0  24.4   8.2   0.0     0     0
  1991  11  22     0  25.0   7.4   0.0     0     0
  1991  11  23     0  27.4   8.0   0.0     0     0
  1991  11  24     0  25.6   8.2   0.0     0     0
  1991  11  25     0  26.2   8.2   0.0     0     0
  1991  11  26     0  25.2   7.0   0.0     0     0
  1991  11  27     0  24.8   8.2   0.0     0     0
  1991  11  28     0  22.6   6.0   0.0     0     0
  1991  11  29     0  21.4  10.0   0.0     0     0
  1991  11  30     0  22.2  10.2   0.0     0     0
  1991  12   1     0  22.0   8.0   0.0     0     0
  1991  12   2     0  20.2   5.2   0.0     0     0
  1991  12   3     0  21.0   5.0   0.0     0     0
  1991  12   4     0  23.4   5.0   0.0     0     0
  1991  12   5     0  24.4   5.0   0.0     0     0
  1991  12   6     0  23.6   5.4   0.0     0     0
  1991  12   7     0  22.2   6.4   0.0     0     0
  1991  12   8     0  22.8   6.0   0.0     0     0
  1991  12   9     0  22.6   5.0   0.0     0     0
  1991  12  10     0  20.0   5.2   0.0     0     0
  1991  12  11     0  20.2   6.2   0.0     0     0
  1991  12  12     0  23.0   6.2   0.0     0     0
  1991  12  13     0  24.4   7.2   0.0     0     0
  1991  12  14     0  23.8   6.0   0.0     0     0
  1991  12  15     0  24.8   5.2   0.0     0     0
  1991  12  16     0  24.4   5.0   0.0     0     0
  1991  12  17     0  25.0   6.0   0.0     0     0
  1991  12  18     0  24.2   6.0   0.0     0     0
  1991  12  19     0  23.2   7.2   0.0     0     0
  1991  12  20     0  23.2   7.0   0.0     0     0
  1991  12  21     0  24.0   8.4   0.0     0     0
  1991  12  22     0  24.4   5.6   0.0     0     0
  1991  12  23     0  25.2   6.2   0.0     0     0
  1991  12  24     0  25.0   6.0   0.0     0     0
  1991  12  25     0  24.0   8.2  24.5     0     0
  1991  12  26     0  24.2   7.0  12.5     0     0
  1991  12  27     0  25.4   6.0   0.0     0     0
  1991  12  28     0  24.4   8.2   0.0     0     0
  1991  12  29     0  18.4   5.0   8.5     0     0
  1991  12  30     0  17.8   5.0   0.0     0     0
  1991  12  31     0  16.8   4.2   0.0     0     0
