2004.0 1.0 1.0   0.0  19.5   5.4   0.0   0.0   0.0
2004.0 1.0 2.0   0.0  19.5   5.5   0.0   0.0   0.0
2004.0 1.0 3.0   0.0  19.5   6.0   0.0   0.0   0.0
2004.0 1.0 4.0   0.0  19.5   7.4   0.0   0.0   0.0
2004.0 1.0 5.0   0.0  19.5   5.0   0.0   0.0   0.0
2004.0 1.0 6.0   0.0  22.0   7.2   0.0   0.0   0.0
2004.0 1.0 7.0   0.0  22.0   4.4   0.0   0.0   0.0
2004.0 1.0 8.0   0.0  21.5   4.0   0.0   0.0   0.0
2004.0 1.0 9.0   0.0  21.5   5.0   0.0   0.0   0.0
2004.0 1.010.0   0.0  21.5   4.2   0.0   0.0   0.0
2004.0 1.011.0   0.0  21.0   4.0   0.0   0.0   0.0
2004.0 1.012.0   0.0  21.6   5.0   0.0   0.0   0.0
2004.0 1.013.0   0.0  20.5   4.8   0.0   0.0   0.0
2004.0 1.014.0   0.0  20.5   6.6   0.0   0.0   0.0
2004.0 1.015.0   0.0  20.0   5.8   0.0   0.0   0.0
2004.0 1.016.0   0.0  20.5   7.0   0.0   0.0   0.0
2004.0 1.017.0   0.0  21.0   6.4   0.0   0.0   0.0
2004.0 1.018.0   0.0  19.8   5.2   0.0   0.0   0.0
2004.0 1.019.0   0.0  21.5   6.5   0.0   0.0   0.0
2004.0 1.020.0   0.0  19.4   8.0   0.0   0.0   0.0
2004.0 1.021.0   0.0  17.4   9.0   0.0   0.0   0.0
2004.0 1.022.0   0.0  21.2  10.2   6.2   0.0   0.0
2004.0 1.023.0   0.0  21.2  10.6   0.0   0.0   0.0
2004.0 1.024.0   0.0  16.0  10.2   4.0   0.0   0.0
2004.0 1.025.0   0.0  17.0   5.5  22.2   0.0   0.0
2004.0 1.026.0   0.0  17.0   5.2   0.0   0.0   0.0
2004.0 1.027.0   0.0  19.2   4.8   0.0   0.0   0.0
2004.0 1.028.0   0.0  19.0   6.5   0.0   0.0   0.0
2004.0 1.029.0   0.0  18.4   6.8   0.0   0.0   0.0
2004.0 1.030.0   0.0  20.5   5.0   0.0   0.0   0.0
2004.0 1.031.0   0.0  19.8  10.0   0.0   0.0   0.0
2004.0 2.0 1.0   0.0  22.0   5.0   0.0   0.0   0.0
2004.0 2.0 2.0   0.0  21.2   6.0   0.0   0.0   0.0
2004.0 2.0 3.0   0.0  18.6   4.5   0.0   0.0   0.0
2004.0 2.0 4.0   0.0  13.0   7.8   0.0   0.0   0.0
2004.0 2.0 5.0   0.0  17.5   5.8   0.0   0.0   0.0
2004.0 2.0 6.0   0.0  16.6   4.5   0.0   0.0   0.0
2004.0 2.0 7.0   0.0  17.0   8.0   1.0   0.0   0.0
2004.0 2.0 8.0   0.0  20.4   5.5   0.0   0.0   0.0
2004.0 2.0 9.0   0.0  23.2   4.6   0.0   0.0   0.0
2004.0 2.010.0   0.0  23.6   5.5   0.0   0.0   0.0
2004.0 2.011.0   0.0  24.5   6.8   0.0   0.0   0.0
2004.0 2.012.0   0.0  24.2   6.8   0.0   0.0   0.0
2004.0 2.013.0   0.0  25.2   5.6   0.0   0.0   0.0
2004.0 2.014.0   0.0  23.6   6.4   0.0   0.0   0.0
2004.0 2.015.0   0.0  22.5   6.8   0.0   0.0   0.0
2004.0 2.016.0   0.0  24.5   8.5   0.0   0.0   0.0
2004.0 2.017.0   0.0  24.4   8.0   0.0   0.0   0.0
2004.0 2.018.0   0.0  24.3   9.4   0.0   0.0   0.0
2004.0 2.019.0   0.0  24.6   7.5   0.0   0.0   0.0
2004.0 2.020.0   0.0  23.0   8.2   5.5   0.0   0.0
2004.0 2.021.0   0.0  21.0   8.8   0.0   0.0   0.0
2004.0 2.022.0   0.0  22.8  11.4   0.0   0.0   0.0
2004.0 2.023.0   0.0  25.0  12.2   0.0   0.0   0.0
2004.0 2.024.0   0.0  23.0  12.8   0.0   0.0   0.0
2004.0 2.025.0   0.0  24.8  13.4   0.0   0.0   0.0
2004.0 2.026.0   0.0  24.8  12.4   0.0   0.0   0.0
2004.0 2.027.0   0.0  26.5  12.4   0.0   0.0   0.0
2004.0 2.028.0   0.0  27.8  13.5   0.0   0.0   0.0
2004.0 2.029.0   0.0  28.2  10.4   0.0   0.0   0.0
2004.0 3.0 1.0   0.0  28.6  11.0   0.0   0.0   0.0
2004.0 3.0 2.0   0.0  28.2  10.2   0.0   0.0   0.0
2004.0 3.0 3.0   0.0  26.2  11.2   0.0   0.0   0.0
2004.0 3.0 4.0   0.0  27.0  11.6   0.0   0.0   0.0
2004.0 3.0 5.0   0.0  27.8  11.8   0.0   0.0   0.0
2004.0 3.0 6.0   0.0  27.4  12.5   0.0   0.0   0.0
2004.0 3.0 7.0   0.0  25.6  11.2   0.0   0.0   0.0
2004.0 3.0 8.0   0.0  26.0  11.5   0.0   0.0   0.0
2004.0 3.0 9.0   0.0  29.6  10.4   0.0   0.0   0.0
2004.0 3.010.0   0.0  29.6  10.2   0.0   0.0   0.0
2004.0 3.011.0   0.0  25.6  12.5   0.0   0.0   0.0
2004.0 3.012.0   0.0  24.6  14.4   0.0   0.0   0.0
2004.0 3.013.0   0.0  27.5  14.0   0.0   0.0   0.0
2004.0 3.014.0   0.0  26.4  13.6  30.2   0.0   0.0
2004.0 3.015.0   0.0  25.5  17.8   0.0   0.0   0.0
2004.0 3.016.0   0.0  27.0  14.4   8.1   0.0   0.0
2004.0 3.017.0   0.0  28.4  16.0   0.0   0.0   0.0
2004.0 3.018.0   0.0  29.5  18.0   0.0   0.0   0.0
2004.0 3.019.0   0.0  30.5  17.8   0.0   0.0   0.0
2004.0 3.020.0   0.0  28.0  18.4   7.8   0.0   0.0
2004.0 3.021.0   0.0  27.5  20.0   0.0   0.0   0.0
2004.0 3.022.0   0.0  29.8  18.6   0.0   0.0   0.0
2004.0 3.023.0   0.0  31.4  17.2   0.0   0.0   0.0
2004.0 3.024.0   0.0  34.0  17.6   0.0   0.0   0.0
2004.0 3.025.0   0.0  33.6  14.4   0.0   0.0   0.0
2004.0 3.026.0   0.0  33.0  12.0   0.0   0.0   0.0
2004.0 3.027.0   0.0  31.0  14.8   0.0   0.0   0.0
2004.0 3.028.0   0.0  32.0  16.0   0.0   0.0   0.0
2004.0 3.029.0   0.0  29.6  13.6   0.0   0.0   0.0
2004.0 3.030.0   0.0  28.6  15.2   0.0   0.0   0.0
2004.0 3.031.0   0.0  26.2  16.0   0.0   0.0   0.0
2004.0 4.0 1.0   0.0  32.0  15.0   0.0   0.0   0.0
2004.0 4.0 2.0   0.0  33.5  14.0   0.0   0.0   0.0
2004.0 4.0 3.0   0.0  26.5  14.5  24.8   0.0   0.0
2004.0 4.0 4.0   0.0  27.4  15.0   8.2   0.0   0.0
2004.0 4.0 5.0   0.0  27.4  14.5  41.8   0.0   0.0
2004.0 4.0 6.0   0.0  27.0  12.0  13.0   0.0   0.0
2004.0 4.0 7.0   0.0  28.0  11.0  21.6   0.0   0.0
2004.0 4.0 8.0   0.0  28.6  12.2  21.0   0.0   0.0
2004.0 4.0 9.0   0.0  29.8  14.0   3.0   0.0   0.0
2004.0 4.010.0   0.0  28.8  11.0   0.0   0.0   0.0
2004.0 4.011.0   0.0  28.8  15.2   0.0   0.0   0.0
2004.0 4.012.0   0.0  30.0  18.0   0.0   0.0   0.0
2004.0 4.013.0   0.0  28.8  15.6   0.0   0.0   0.0
2004.0 4.014.0   0.0  30.5  16.8   0.0   0.0   0.0
2004.0 4.015.0   0.0  30.0  15.8   0.0   0.0   0.0
2004.0 4.016.0   0.0  31.0  16.5   0.0   0.0   0.0
2004.0 4.017.0   0.0  29.8  18.6   0.0   0.0   0.0
2004.0 4.018.0   0.0  31.0  16.8   0.0   0.0   0.0
2004.0 4.019.0   0.0  29.8  16.0   6.7   0.0   0.0
2004.0 4.020.0   0.0  27.2  20.0   0.0   0.0   0.0
2004.0 4.021.0   0.0  28.2  18.2   0.0   0.0   0.0
2004.0 4.022.0   0.0  28.8  14.5  25.6   0.0   0.0
2004.0 4.023.0   0.0  24.6  15.8  13.8   0.0   0.0
2004.0 4.024.0   0.0  26.0  14.6   0.0   0.0   0.0
2004.0 4.025.0   0.0  26.6  12.5   0.0   0.0   0.0
2004.0 4.026.0   0.0  28.6  15.6   0.0   0.0   0.0
2004.0 4.027.0   0.0  33.0  16.5   0.0   0.0   0.0
2004.0 4.028.0   0.0  21.0  15.8   2.5   0.0   0.0
2004.0 4.029.0   0.0  28.2  14.5   6.8   0.0   0.0
2004.0 4.030.0   0.0  26.6  18.2   0.0   0.0   0.0
2004.0 5.0 1.0   0.0  26.5  15.5   7.8   0.0   0.0
2004.0 5.0 2.0   0.0  30.4  14.0   0.0   0.0   0.0
2004.0 5.0 3.0   0.0  30.6  20.4   0.0   0.0   0.0
2004.0 5.0 4.0   0.0  30.0  15.4   0.0   0.0   0.0
2004.0 5.0 5.0   0.0  28.8  14.2  16.5   0.0   0.0
2004.0 5.0 6.0   0.0  29.8  14.0  14.8   0.0   0.0
2004.0 5.0 7.0   0.0  31.8  17.0   0.0   0.0   0.0
2004.0 5.0 8.0   0.0  31.8  19.0   0.0   0.0   0.0
2004.0 5.0 9.0   0.0  32.5  18.6   0.0   0.0   0.0
2004.0 5.010.0   0.0  32.6  20.6   0.0   0.0   0.0
2004.0 5.011.0   0.0  32.6  19.0   0.0   0.0   0.0
2004.0 5.012.0   0.0  33.5  20.2   0.0   0.0   0.0
2004.0 5.013.0   0.0  32.8  19.8   0.0   0.0   0.0
2004.0 5.014.0   0.0  32.6  19.5   0.0   0.0   0.0
2004.0 5.015.0   0.0  34.6  21.0   0.0   0.0   0.0
2004.0 5.016.0   0.0  33.6  21.0   0.0   0.0   0.0
2004.0 5.017.0   0.0  31.0  22.8   3.8   0.0   0.0
2004.0 5.018.0   0.0  30.4  22.5  23.0   0.0   0.0
2004.0 5.019.0   0.0  30.8  20.5   7.8   0.0   0.0
2004.0 5.020.0   0.0  23.0  20.8   8.0   0.0   0.0
2004.0 5.021.0   0.0  29.0  18.3  48.5   0.0   0.0
2004.0 5.022.0   0.0  28.4  19.2   1.2   0.0   0.0
2004.0 5.023.0   0.0  29.2  20.0   0.0   0.0   0.0
2004.0 5.024.0   0.0  27.6  19.0   0.0   0.0   0.0
2004.0 5.025.0   0.0  28.8  18.4   2.5   0.0   0.0
2004.0 5.026.0   0.0  29.2  17.6  13.8   0.0   0.0
2004.0 5.027.0   0.0  29.0  18.6   0.0   0.0   0.0
2004.0 5.028.0   0.0  28.2  18.4  25.5   0.0   0.0
2004.0 5.029.0   0.0  30.0  17.2  20.7   0.0   0.0
2004.0 5.030.0   0.0  29.8  19.0  21.0   0.0   0.0
2004.0 5.031.0   0.0  30.5  19.2   0.0   0.0   0.0
2004.0 6.0 1.0   0.0  30.5  20.2  10.8   0.0   0.0
2004.0 6.0 2.0   0.0  30.0  20.6   0.0   0.0   0.0
2004.0 6.0 3.0   0.0  28.8  19.0  31.7   0.0   0.0
2004.0 6.0 4.0   0.0  30.8  18.6  55.8   0.0   0.0
2004.0 6.0 5.0   0.0  29.8  19.0   8.2   0.0   0.0
2004.0 6.0 6.0   0.0  30.0  19.8  22.6   0.0   0.0
2004.0 6.0 7.0   0.0  30.5  19.4  41.8   0.0   0.0
2004.0 6.0 8.0   0.0  31.4  19.0   0.0   0.0   0.0
2004.0 6.0 9.0   0.0  30.5  17.6  24.4   0.0   0.0
2004.0 6.010.0   0.0  29.2  21.5   0.0   0.0   0.0
2004.0 6.011.0   0.0  31.6  20.2   0.0   0.0   0.0
2004.0 6.012.0   0.0  31.8  20.2   0.0   0.0   0.0
2004.0 6.013.0   0.0  31.8  21.5   0.0   0.0   0.0
2004.0 6.014.0   0.0  32.5  21.2   0.0   0.0   0.0
2004.0 6.015.0   0.0  32.5  22.0   0.0   0.0   0.0
2004.0 6.016.0   0.0  29.8  21.6  37.2   0.0   0.0
2004.0 6.017.0   0.0  28.2  22.2   2.0   0.0   0.0
2004.0 6.018.0   0.0  27.8  21.0  60.4   0.0   0.0
2004.0 6.019.0   0.0  30.6  22.0  16.0   0.0   0.0
2004.0 6.020.0   0.0  30.6  17.6   0.0   0.0   0.0
2004.0 6.021.0   0.0  31.0  22.0  34.8   0.0   0.0
2004.0 6.022.0   0.0  31.5  21.6  70.2   0.0   0.0
2004.0 6.023.0   0.0  31.4  21.8   7.0   0.0   0.0
2004.0 6.024.0   0.0  31.8  21.4  50.8   0.0   0.0
2004.0 6.025.0   0.0  31.8  21.0   7.5   0.0   0.0
2004.0 6.026.0   0.0  32.8  20.0  83.4   0.0   0.0
2004.0 6.027.0   0.0  32.6  20.5   0.0   0.0   0.0
2004.0 6.028.0   0.0  33.2  20.2  22.2   0.0   0.0
2004.0 6.029.0   0.0  32.0  22.8   0.0   0.0   0.0
2004.0 6.030.0   0.0  32.8  23.2   3.0   0.0   0.0
2004.0 7.0 1.0   0.0  30.5  22.0  35.0   0.0   0.0
2004.0 7.0 2.0   0.0  32.6  21.8   0.0   0.0   0.0
2004.0 7.0 3.0   0.0  30.2  22.0  15.2   0.0   0.0
2004.0 7.0 4.0   0.0  32.0  22.6   0.0   0.0   0.0
2004.0 7.0 5.0   0.0  33.4  23.0   0.0   0.0   0.0
2004.0 7.0 6.0   0.0  32.0  21.6  25.0   0.0   0.0
2004.0 7.0 7.0   0.0  29.4  21.2  12.5   0.0   0.0
2004.0 7.0 8.0   0.0  27.6  21.2  84.8   0.0   0.0
2004.0 7.0 9.0   0.0  28.2  21.6  11.0   0.0   0.0
2004.0 7.010.0   0.0  26.5  22.0   9.7   0.0   0.0
2004.0 7.011.0   0.0  27.4  22.0  15.7   0.0   0.0
2004.0 7.012.0   0.0  29.6  21.2  68.2   0.0   0.0
2004.0 7.013.0   0.0  27.2  21.0  37.0   0.0   0.0
2004.0 7.014.0   0.0  29.8  21.0  17.5   0.0   0.0
2004.0 7.015.0   0.0  31.8  21.2   6.3   0.0   0.0
2004.0 7.016.0   0.0  32.2  22.2   0.0   0.0   0.0
2004.0 7.017.0   0.0  31.2  21.8  25.0   0.0   0.0
2004.0 7.018.0   0.0  28.5  22.2   6.0   0.0   0.0
2004.0 7.019.0   0.0  28.5  22.4  25.4   0.0   0.0
2004.0 7.020.0   0.0  30.4  22.0   9.0   0.0   0.0
2004.0 7.021.0   0.0  28.2  22.6   5.0   0.0   0.0
2004.0 7.022.0   0.0  27.6  21.4  10.0   0.0   0.0
2004.0 7.023.0   0.0  31.8  21.4   0.0   0.0   0.0
2004.0 7.024.0   0.0  29.2  22.5   1.8   0.0   0.0
2004.0 7.025.0   0.0  26.6  21.2  38.2   0.0   0.0
2004.0 7.026.0   0.0  30.6  21.2   7.8   0.0   0.0
2004.0 7.027.0   0.0  30.6  21.4  39.0   0.0   0.0
2004.0 7.028.0   0.0  26.2  21.2   4.2   0.0   0.0
2004.0 7.029.0   0.0  30.2  21.0  77.8   0.0   0.0
2004.0 7.030.0   0.0  31.0  21.4  25.4   0.0   0.0
2004.0 7.031.0   0.0  30.4  22.2   2.0   0.0   0.0
2004.0 8.0 1.0   0.0  32.0  22.2   0.0   0.0   0.0
2004.0 8.0 2.0   0.0  31.6  22.0  34.2   0.0   0.0
2004.0 8.0 3.0   0.0  31.8  22.8  20.8   0.0   0.0
2004.0 8.0 4.0   0.0  31.4  22.8   0.0   0.0   0.0
2004.0 8.0 5.0   0.0  30.6  22.4  37.2   0.0   0.0
2004.0 8.0 6.0   0.0  31.8  23.4   0.0   0.0   0.0
2004.0 8.0 7.0   0.0  27.6  23.0   0.0   0.0   0.0
2004.0 8.0 8.0   0.0  29.8  21.5  20.4   0.0   0.0
2004.0 8.0 9.0   0.0  31.2  22.2   7.0   0.0   0.0
2004.0 8.010.0   0.0  30.0  21.8  24.0   0.0   0.0
2004.0 8.011.0   0.0  31.2  22.4   0.0   0.0   0.0
2004.0 8.012.0   0.0  32.6  22.2   2.4   0.0   0.0
2004.0 8.013.0   0.0  33.6  22.5   0.0   0.0   0.0
2004.0 8.014.0   0.0  33.0  22.0  11.2   0.0   0.0
2004.0 8.015.0   0.0  32.0  23.0   3.6   0.0   0.0
2004.0 8.016.0   0.0  31.0  22.0  15.6   0.0   0.0
2004.0 8.017.0   0.0  31.0  22.0  22.8   0.0   0.0
2004.0 8.018.0   0.0  31.0  22.4  30.2   0.0   0.0
2004.0 8.019.0   0.0  29.0  21.8  97.8   0.0   0.0
2004.0 8.020.0   0.0  28.6  22.0  87.8   0.0   0.0
2004.0 8.021.0   0.0  31.2  22.0  11.0   0.0   0.0
2004.0 8.022.0   0.0  31.4  21.8   2.0   0.0   0.0
2004.0 8.023.0   0.0  32.0  22.5   0.0   0.0   0.0
2004.0 8.024.0   0.0  32.5  23.0   0.0   0.0   0.0
2004.0 8.025.0   0.0  32.2  22.8   0.0   0.0   0.0
2004.0 8.026.0   0.0  32.8  22.5   3.0   0.0   0.0
2004.0 8.027.0   0.0  32.0  23.0   0.0   0.0   0.0
2004.0 8.028.0   0.0  29.5  23.0   0.0   0.0   0.0
2004.0 8.029.0   0.0  30.0  22.8  82.8   0.0   0.0
2004.0 8.030.0   0.0  30.4  23.2   1.0   0.0   0.0
2004.0 8.031.0   0.0  30.5  22.2  57.8   0.0   0.0
2004.0 9.0 1.0   0.0  31.0  22.2  71.8   0.0   0.0
2004.0 9.0 2.0   0.0  30.6  23.0  70.8   0.0   0.0
2004.0 9.0 3.0   0.0  30.0  21.4  52.6   0.0   0.0
2004.0 9.0 4.0   0.0  30.2  21.4  61.2   0.0   0.0
2004.0 9.0 5.0   0.0  31.6  21.8   0.0   0.0   0.0
2004.0 9.0 6.0   0.0  31.6  22.2   0.0   0.0   0.0
2004.0 9.0 7.0   0.0  29.5  23.2   0.0   0.0   0.0
2004.0 9.0 8.0   0.0  30.5  23.2  58.8   0.0   0.0
2004.0 9.0 9.0   0.0  25.4  22.5 140.8   0.0   0.0
2004.0 9.010.0   0.0  26.6  21.0  96.0   0.0   0.0
2004.0 9.011.0   0.0  30.6  21.5   1.0   0.0   0.0
2004.0 9.012.0   0.0  30.0  22.0   0.0   0.0   0.0
2004.0 9.013.0   0.0  27.4  22.0   0.0   0.0   0.0
2004.0 9.014.0   0.0  29.4  21.6  23.2   0.0   0.0
2004.0 9.015.0   0.0  30.4  20.2   0.0   0.0   0.0
2004.0 9.016.0   0.0  30.5  20.0   4.2   0.0   0.0
2004.0 9.017.0   0.0  28.0  19.5  25.4   0.0   0.0
2004.0 9.018.0   0.0  30.6  20.5   0.0   0.0   0.0
2004.0 9.019.0   0.0  30.4  20.0   0.0   0.0   0.0
2004.0 9.020.0   0.0  29.2  21.2   0.0   0.0   0.0
2004.0 9.021.0   0.0  29.4  21.0  20.5   0.0   0.0
2004.0 9.022.0   0.0  29.4  21.0   0.5   0.0   0.0
2004.0 9.023.0   0.0  30.6  20.4   0.0   0.0   0.0
2004.0 9.024.0   0.0  30.0  21.2   0.0   0.0   0.0
2004.0 9.025.0   0.0  31.2  20.8   0.0   0.0   0.0
2004.0 9.026.0   0.0  30.5  21.2   0.0   0.0   0.0
2004.0 9.027.0   0.0  25.6  20.8  10.0   0.0   0.0
2004.0 9.028.0   0.0  27.2  20.2   2.8   0.0   0.0
2004.0 9.029.0   0.0  27.8  18.0  11.5   0.0   0.0
2004.0 9.030.0   0.0  25.5  19.8  15.0   0.0   0.0
2004.010.0 1.0   0.0  26.2  20.2  26.5   0.0   0.0
2004.010.0 2.0   0.0  28.6  19.5  48.2   0.0   0.0
2004.010.0 3.0   0.0  28.2  18.5  27.5   0.0   0.0
2004.010.0 4.0   0.0  29.2  19.0   0.0   0.0   0.0
2004.010.0 5.0   0.0  29.6  19.2  41.6   0.0   0.0
2004.010.0 6.0   0.0  29.6  19.6   0.0   0.0   0.0
2004.010.0 7.0   0.0  28.2  20.2   0.0   0.0   0.0
2004.010.0 8.0   0.0  28.2  19.8   0.0   0.0   0.0
2004.010.0 9.0   0.0  27.2  19.2  38.5   0.0   0.0
2004.010.010.0   0.0  27.2  21.0   0.0   0.0   0.0
2004.010.011.0   0.0  28.0  20.2   0.0   0.0   0.0
2004.010.012.0   0.0  27.8  18.0   0.0   0.0   0.0
2004.010.013.0   0.0  27.8  13.8   0.0   0.0   0.0
2004.010.014.0   0.0  27.8  15.0   0.0   0.0   0.0
2004.010.015.0   0.0  27.8  13.0   0.0   0.0   0.0
2004.010.016.0   0.0  27.8  12.5   0.0   0.0   0.0
2004.010.017.0   0.0  27.3  15.5   0.0   0.0   0.0
2004.010.018.0   0.0  27.3  16.0   0.0   0.0   0.0
2004.010.019.0   0.0  28.6  14.0   0.0   0.0   0.0
2004.010.020.0   0.0  28.2  14.0   0.0   0.0   0.0
2004.010.021.0   0.0  27.5  13.5   0.0   0.0   0.0
2004.010.022.0   0.0  27.0  13.2   0.0   0.0   0.0
2004.010.023.0   0.0  26.4  13.5   0.0   0.0   0.0
2004.010.024.0   0.0  28.0  13.5   0.0   0.0   0.0
2004.010.025.0   0.0  27.0  13.4   0.0   0.0   0.0
2004.010.026.0   0.0  26.8  11.8   0.0   0.0   0.0
2004.010.027.0   0.0  26.2  12.0   0.0   0.0   0.0
2004.010.028.0   0.0  25.0  10.0   0.0   0.0   0.0
2004.010.029.0   0.0  23.2  12.4   0.0   0.0   0.0
2004.010.030.0   0.0  25.5  11.6   0.0   0.0   0.0
2004.010.031.0   0.0  25.3  10.8   0.0   0.0   0.0
2004.011.0 1.0   0.0  24.6  11.2   0.0   0.0   0.0
2004.011.0 2.0   0.0  25.2  11.2   0.0   0.0   0.0
2004.011.0 3.0   0.0  25.2  10.2   0.0   0.0   0.0
2004.011.0 4.0   0.0  27.6   8.5   0.0   0.0   0.0
2004.011.0 5.0   0.0  26.0   8.8   0.0   0.0   0.0
2004.011.0 6.0   0.0  25.0   9.0   0.0   0.0   0.0
2004.011.0 7.0   0.0  26.2  10.6   0.0   0.0   0.0
2004.011.0 8.0   0.0  24.6  11.2   0.0   0.0   0.0
2004.011.0 9.0   0.0  24.4  10.2   0.0   0.0   0.0
2004.011.010.0   0.0  24.4  10.0   0.0   0.0   0.0
2004.011.011.0   0.0  23.6  11.8   0.0   0.0   0.0
2004.011.012.0   0.0  24.2  12.0   0.0   0.0   0.0
2004.011.013.0   0.0  23.0  12.2   0.0   0.0   0.0
2004.011.014.0   0.0  22.8  12.0   0.0   0.0   0.0
2004.011.015.0   0.0  20.0  12.0   0.0   0.0   0.0
2004.011.016.0   0.0  21.5  11.4   0.0   0.0   0.0
2004.011.017.0   0.0  21.6  10.8   0.0   0.0   0.0
2004.011.018.0   0.0  21.0  10.0   0.0   0.0   0.0
2004.011.019.0   0.0  22.0  10.0   0.0   0.0   0.0
2004.011.020.0   0.0  20.0  10.8   0.0   0.0   0.0
2004.011.021.0   0.0  22.8  10.0   0.0   0.0   0.0
2004.011.022.0   0.0  23.6  11.0   0.0   0.0   0.0
2004.011.023.0   0.0  21.2  12.4   0.0   0.0   0.0
2004.011.024.0   0.0  21.2  10.5   0.0   0.0   0.0
2004.011.025.0   0.0  22.2   9.0   0.0   0.0   0.0
2004.011.026.0   0.0  22.5  11.4   0.0   0.0   0.0
2004.011.027.0   0.0  24.8  10.0   0.0   0.0   0.0
2004.011.028.0   0.0  23.0   6.8   0.0   0.0   0.0
2004.011.029.0   0.0  24.0   7.4   0.0   0.0   0.0
2004.011.030.0   0.0  22.4   7.6   0.0   0.0   0.0
2004.012.0 1.0   0.0  23.0   5.5   0.0   0.0   0.0
2004.012.0 2.0   0.0  23.0   7.0   0.0   0.0   0.0
2004.012.0 3.0   0.0  22.0   7.0   0.0   0.0   0.0
2004.012.0 4.0   0.0  22.4   7.0   0.0   0.0   0.0
2004.012.0 5.0   0.0  23.2   6.8   0.0   0.0   0.0
2004.012.0 6.0   0.0  22.8   8.6   0.0   0.0   0.0
2004.012.0 7.0   0.0  23.5   7.4   0.0   0.0   0.0
2004.012.0 8.0   0.0  23.4   8.2   0.0   0.0   0.0
2004.012.0 9.0   0.0  23.5   8.5   0.0   0.0   0.0
2004.012.010.0   0.0  23.5   8.8   0.0   0.0   0.0
2004.012.011.0   0.0  24.8   8.5   0.0   0.0   0.0
2004.012.012.0   0.0  23.2   8.5   0.0   0.0   0.0
2004.012.013.0   0.0  23.5   9.6   0.0   0.0   0.0
2004.012.014.0   0.0  22.8  10.8   0.0   0.0   0.0
2004.012.015.0   0.0  22.2   8.0   0.0   0.0   0.0
2004.012.016.0   0.0  22.6   7.5   0.0   0.0   0.0
2004.012.017.0   0.0  23.2   8.8   0.0   0.0   0.0
2004.012.018.0   0.0  22.6   8.0   0.0   0.0   0.0
2004.012.019.0   0.0  22.8   8.0   0.0   0.0   0.0
2004.012.020.0   0.0  20.5   9.6   0.0   0.0   0.0
2004.012.021.0   0.0  19.4   7.5   0.0   0.0   0.0
2004.012.022.0   0.0  20.2   7.5   0.0   0.0   0.0
2004.012.023.0   0.0  20.4   7.5   0.0   0.0   0.0
2004.012.024.0   0.0  19.4   7.2   0.0   0.0   0.0
2004.012.025.0   0.0  20.0   6.5   0.0   0.0   0.0
2004.012.026.0   0.0  17.8   7.0   0.0   0.0   0.0
2004.012.027.0   0.0  12.6   7.0   0.0   0.0   0.0
2004.012.028.0   0.0  11.5   1.0   0.0   0.0   0.0
2004.012.029.0   0.0  19.6   1.5   0.0   0.0   0.0
2004.012.030.0   0.0  19.8   3.2   0.0   0.0   0.0
2004.012.031.0   0.0  18.2   4.8   0.0   0.0   0.0
