      1    0.0
      2    0.0
      3    0.0
      4    0.0
      5    0.0
      6    0.0
      7    0.0
      8    0.0
      9    0.0
     10    0.0
     11    0.0
     12    0.0
     13    0.0
     14    0.0
     15    0.0
     16    0.0
     17    0.0
     18    0.0
     19   12.0
     20    0.0
     21    0.0
     22    0.0
     23    0.0
     24    0.0
     25    0.0
     26    0.0
     27    0.0
     28    0.0
     29    0.0
     30    0.0
     31    0.0
     32    0.0
     33    0.0
     34    0.0
     35    5.6
     36    0.0
     37    0.0
     38    0.0
     39    0.0
     40    0.0
     41    0.0
     42    0.0
     43    0.0
     44    0.0
     45    0.0
     46    0.0
     47    T  
     48   31.3
     49    0.1
     50    T  
     51    0.0
     52    0.0
     53    0.0
     54    0.0
     55    0.0
     56    0.0
     57    0.0
     58    0.0
     59    0.0
     60    0.0
     61    0.0
     62    0.0
     63    0.0
     64    0.0
     65    0.0
     66    0.0
     67    0.0
     68    0.0
     69    0.0
     70    0.0
     71    6.5
     72    0.0
     73    0.0
     74    0.0
     75    0.0
     76    0.0
     77    0.0
     78    0.0
     79    0.0
     80    0.0
     81   17.5
     82    0.0
     83    0.0
     84    0.0
     85    0.0
     86    0.0
     87    0.0
     88    0.0
     89    0.0
     90    0.0
     91    0.0
     92    0.0
     93    0.0
     94    0.0
     95    0.0
     96    0.0
     97    0.0
     98    0.0
     99    0.0
    100    0.0
    101   12.6
    102    0.0
    103    0.0
    104    0.0
    105    0.0
    106   62.3
    107    5.3
    108    0.0
    109   21.4
    110   32.5
    111   28.0
    112   15.4
    113    8.1
    114   14.1
    115    1.3
    116    3.2
    117    2.2
    118    0.0
    119    0.0
    120    0.5
    121    T  
    122    0.0
    123    0.0
    124    0.0
    125    0.0
    126    0.0
    127    0.0
    128    0.0
    129    T  
    130    0.0
    131    0.0
    132    T  
    133    7.8
    134    0.3
    135    8.5
    136    5.0
    137    3.5
    138    0.0
    139   19.0
    140    T  
    141   17.2
    142   11.0
    143    8.0
    144   64.5
    145    0.0
    146    0.0
    147   50.2
    148    2.5
    149   40.0
    150   79.5
    151  107.5
    152   40.0
    153    3.5
    154    T  
    155    2.5
    156    2.5
    157   14.0
    158    8.0
    159    4.0
    160   30.5
    161    3.0
    162    1.5
    163    0.0
    164    0.0
    165    0.0
    166    0.0
    167   70.5
    168    3.0
    169    5.0
    170   35.0
    171    2.0
    172    0.5
    173    0.0
    174    T  
    175   40.0
    176    2.5
    177   38.5
    178    4.5
    179    5.0
    180   44.2
    181    2.6
    182   34.2
    183   31.0
    184   37.5
    185    0.0
    186    2.5
    187    2.5
    188   10.0
    189   42.5
    190   50.7
    191   36.0
    192   42.5
    193   42.5
    194    0.0
    195    0.0
    196    2.0
    197   12.0
    198    8.0
    199    2.0
    200    5.0
    201    5.5
    202   14.0
    203   19.4
    204    0.0
    205    0.0
    206    0.0
    207   16.5
    208   47.5
    209   14.5
    210    4.5
    211    4.5
    212    0.0
    213    0.0
    214   17.2
    215    0.0
    216    2.5
    217   42.5
    218   24.5
    219    2.5
    220    0.0
    221    2.5
    222   23.0
    223    0.0
    224    2.2
    225    1.5
    226    4.5
    227   17.2
    228    8.1
    229   57.5
    230    7.2
    231    6.0
    232   24.5
    233   15.2
    234   10.6
    235    0.0
    236    0.0
    237    0.0
    238   30.1
    239   50.2
    240   30.2
    241   27.5
    242    4.5
    243    2.0
    244    2.0
    245   22.7
    246   22.0
    247    6.0
    248   13.0
    249    0.0
    250    0.0
    251   10.1
    252   22.3
    253   13.0
    254   16.0
    255    T  
    256    7.2
    257    0.0
    258   28.5
    259    5.6
    260    0.0
    261    0.0
    262   17.2
    263    0.0
    264    0.0
    265    0.0
    266    0.0
    267    0.0
    268    0.0
    269   21.3
    270    6.5
    271    0.0
    272    3.5
    273    2.5
    274    0.0
    275    0.0
    276    3.2
    277    0.0
    278    5.2
    279    8.6
    280    0.0
    281    0.0
    282    0.0
    283    0.0
    284    0.0
    285    0.0
    286    0.0
    287   42.5
    288   64.0
    289    0.0
    290    0.0
    291    0.0
    292    0.0
    293    9.5
    294    0.0
    295    0.0
    296    0.2
    297    0.0
    298    0.0
    299    0.0
    300    0.0
    301    T  
    302    3.0
    303    0.0
    304    0.0
    305    0.0
    306    0.0
    307    0.0
    308    0.0
    309    0.0
    310    0.0
    311    0.0
    312    0.0
    313    0.0
    314    0.0
    315    0.0
    316    0.0
    317    0.0
    318    0.0
    319    0.0
    320    0.0
    321    0.0
    322    0.0
    323    0.0
    324    0.0
    325    0.0
    326    0.0
    327    0.0
    328    0.0
    329    0.0
    330    0.0
    331    0.0
    332    0.0
    333    0.0
    334    0.0
    335    0.0
    336    0.0
    337    0.0
    338    0.0
    339    0.0
    340    0.0
    341    0.0
    342    0.0
    343    0.0
    344    0.0
    345    0.0
    346    0.0
    347    0.0
    348    0.0
    349    0.0
    350    0.0
    351    0.0
    352    0.0
    353    0.0
    354    0.0
    355    0.0
    356    0.0
    357    0.0
    358    0.0
    359    0.0
    360    0.0
    361    0.0
    362    0.0
    363    0.0
    364    0.0
    365    0.0
