      1    0.0
      2    0.0
      3    0.0
      4    0.0
      5    0.0
      6    0.0
      7    0.0
      8    0.0
      9    0.0
     10    0.0
     11    0.0
     12    0.0
     13    0.0
     14    0.0
     15    0.0
     16    0.0
     17    0.0
     18    0.0
     19    0.0
     20    0.0
     21    0.0
     22    0.0
     23    0.0
     24    0.0
     25    0.0
     26    0.0
     27    0.0
     28    0.0
     29    0.0
     30    0.0
     31    0.0
     32    0.0
     33    0.0
     34    0.0
     35    0.0
     36    0.0
     37    0.0
     38    0.0
     39    0.0
     40    0.0
     41    0.0
     42    0.0
     43    0.0
     44    0.0
     45    0.0
     46    0.0
     47    2.0
     48    0.0
     49    0.0
     50    0.0
     51    0.0
     52    0.0
     53    0.0
     54    0.0
     55    0.0
     56    0.0
     57    0.0
     58    0.0
     59    0.0
     60    0.0
     61    0.0
     62    T  
     63    0.0
     64    0.0
     65    T  
     66    0.0
     67    T  
     68    0.0
     69    0.0
     70    0.0
     71    0.0
     72    0.0
     73    0.0
     74    0.0
     75    5.0
     76    0.0
     77    0.0
     78    0.0
     79    0.0
     80    0.0
     81    0.0
     82    0.0
     83    0.0
     84    0.0
     85    0.0
     86    0.0
     87    0.0
     88    0.0
     89    0.0
     90    T  
     91    0.0
     92    0.0
     93    0.0
     94    0.0
     95    0.0
     96    T  
     97    0.0
     98    T  
     99    T  
    100    T  
    101   12.7
    102   13.5
    103    0.0
    104    0.0
    105    0.0
    106    0.0
    107    0.0
    108    0.0
    109    0.0
    110    T  
    111    0.6
    112    0.0
    113    0.0
    114   58.5
    115   35.0
    116    5.5
    117   12.5
    118    0.5
    119    6.6
    120    6.0
    121    0.0
    122    4.1
    123    0.5
    124    0.0
    125    5.0
    126   22.7
    127    0.0
    128    0.0
    129    0.0
    130    0.0
    131    0.0
    132    0.0
    133   11.5
    134    0.0
    135   26.5
    136    7.1
    137    0.0
    138   22.0
    139    0.0
    140    0.0
    141    5.0
    142    0.0
    143    0.0
    144    0.0
    145    0.0
    146    0.0
    147   12.6
    148   14.6
    149    0.0
    150    0.0
    151    0.0
    152    0.0
    153    0.0
    154    0.0
    155    7.8
    156   20.0
    157    5.0
    158    0.0
    159    0.0
    160   16.8
    161    4.0
    162    2.0
    163    1.5
    164   13.5
    165   10.0
    166    2.5
    167    2.0
    168    5.2
    169    7.7
    170    1.5
    171   15.5
    172   64.7
    173   12.0
    174    2.4
    175    0.0
    176   12.0
    177   17.0
    178   35.0
    179   29.6
    180   77.0
    181   26.3
    182   68.8
    183    T  
    184    0.0
    185    0.0
    186   32.0
    187    2.0
    188   26.0
    189   81.4
    190    0.0
    191    0.0
    192   55.7
    193   10.3
    194   24.4
    195    5.2
    196    3.5
    197    0.0
    198   55.0
    199    0.0
    200    8.0
    201    T  
    202    0.0
    203   43.1
    204   14.0
    205    0.0
    206   36.5
    207    0.0
    208    0.0
    209   17.4
    210    9.0
    211    1.6
    212  128.2
    213    7.0
    214   58.0
    215    0.0
    216    0.0
    217    0.0
    218    0.0
    219    0.0
    220    0.0
    221    0.0
    222    0.0
    223    0.0
    224    T  
    225    3.6
    226    0.0
    227   11.0
    228    1.8
    229    0.0
    230    0.0
    231    7.0
    232    6.1
    233   19.1
    234    6.9
    235   39.0
    236    0.0
    237    3.8
    238   52.2
    239    T  
    240    0.0
    241    2.0
    242   41.0
    243    0.0
    244    1.9
    245   11.0
    246    1.0
    247  150.0
    248    0.3
    249    0.0
    250    0.0
    251    0.0
    252   20.0
    253   16.0
    254  152.1
    255   37.5
    256    9.5
    257   10.0
    258    8.0
    259    7.5
    260    0.0
    261    0.0
    262    5.0
    263    0.0
    264    0.0
    265    0.0
    266    5.0
    267    0.0
    268    0.0
    269   36.0
    270   13.8
    271   12.9
    272    0.0
    273    0.0
    274   11.3
    275    2.4
    276    0.0
    277    0.0
    278    0.0
    279    2.4
    280   37.6
    281   14.9
    282    0.0
    283    0.0
    284    0.0
    285    0.0
    286    0.0
    287    0.0
    288    0.0
    289    8.9
    290    5.7
    291    0.0
    292    3.0
    293    0.0
    294    0.0
    295    0.0
    296    0.0
    297    0.0
    298    0.0
    299    0.0
    300    0.0
    301    0.0
    302    0.0
    303    0.0
    304    0.0
    305    0.0
    306    0.0
    307    0.0
    308    0.0
    309    0.0
    310    0.0
    311    0.0
    312    0.0
    313    0.0
    314    0.0
    315    0.0
    316    4.5
    317    0.0
    318    0.0
    319    0.0
    320    0.0
    321    0.0
    322   10.8
    323    0.0
    324    0.0
    325    0.0
    326    0.0
    327    0.0
    328    0.0
    329    0.0
    330    0.0
    331    0.0
    332    0.0
    333    0.0
    334    0.0
    335    0.0
    336    0.0
    337    0.0
    338    0.0
    339    0.0
    340    0.0
    341    0.0
    342    0.0
    343    0.0
    344    0.0
    345    0.0
    346    0.0
    347    0.0
    348    0.0
    349    2.8
    350   26.7
    351    0.0
    352    0.0
    353   12.4
    354    0.0
    355    0.0
    356    0.0
    357    0.0
    358    0.0
    359    0.0
    360    0.0
    361    0.0
    362    0.0
    363    0.0
    364    0.0
    365    0.0
