      1    0.0
      2    0.0
      3    0.0
      4    0.0
      5    0.0
      6    0.0
      7    0.0
      8    0.0
      9    0.0
     10    0.0
     11    0.0
     12    0.0
     13    0.0
     14    0.0
     15    0.0
     16    0.0
     17    0.0
     18    0.0
     19    0.0
     20    0.0
     21    0.0
     22    T  
     23    0.0
     24    0.0
     25    0.0
     26    0.0
     27    0.0
     28    0.0
     29    0.0
     30    0.0
     31    0.0
     32    0.0
     33    0.0
     34    0.0
     35    0.0
     36    0.0
     37    0.0
     38    0.0
     39    0.0
     40    0.0
     41    0.0
     42    0.0
     43    0.0
     44    0.0
     45    0.0
     46    0.0
     47    0.0
     48    0.0
     49    0.0
     50    0.0
     51    0.0
     52    0.0
     53    1.0
     54    0.0
     55   12.0
     56    T  
     57    0.0
     58    0.0
     59    0.0
     60    0.0
     61    0.0
     62    0.0
     63    0.0
     64    0.0
     65    0.0
     66    0.0
     67    4.0
     68    0.0
     69    0.0
     70    0.0
     71    0.0
     72    0.0
     73    0.0
     74    0.0
     75    0.0
     76    0.0
     77    0.0
     78    0.0
     79    0.0
     80    1.0
     81    0.0
     82    0.0
     83    0.0
     84    0.0
     85    0.0
     86    0.0
     87    0.0
     88    0.0
     89    0.0
     90    1.5
     91    4.5
     92    0.0
     93    0.0
     94    0.0
     95    0.0
     96    T  
     97    0.0
     98    0.0
     99    0.0
    100    1.0
    101    T  
    102    T  
    103    2.0
    104   41.4
    105    0.0
    106    3.8
    107    0.0
    108    0.0
    109    0.0
    110    T  
    111    0.0
    112    0.0
    113    0.0
    114    0.0
    115    0.0
    116    0.0
    117    0.0
    118    0.0
    119    0.0
    120    9.5
    121    0.0
    122    0.0
    123    7.5
    124    2.0
    125    3.0
    126   10.0
    127    1.7
    128    0.0
    129    6.5
    130   17.0
    131    8.5
    132    6.5
    133    0.0
    134    0.0
    135  105.3
    136    0.0
    137    0.0
    138   10.5
    139   10.5
    140   39.5
    141    0.0
    142    0.0
    143   11.5
    144    T  
    145   10.5
    146    6.0
    147    0.0
    148   16.5
    149   10.5
    150    6.5
    151    0.0
    152    0.0
    153    0.0
    154   87.0
    155    7.0
    156    3.5
    157    7.1
    158   27.8
    159    0.0
    160    0.0
    161    8.0
    162    2.0
    163    0.0
    164    0.0
    165   21.0
    166   31.5
    167   15.6
    168    0.0
    169    5.0
    170   45.0
    171   41.4
    172    0.0
    173    4.7
    174    2.5
    175    0.0
    176    0.0
    177    2.5
    178    3.5
    179   21.1
    180    0.0
    181   22.0
    182    2.3
    183   23.5
    184   17.2
    185    0.0
    186    0.0
    187    7.5
    188    0.0
    189    0.0
    190   61.0
    191   13.1
    192   17.0
    193    7.2
    194    2.3
    195   39.5
    196    8.1
    197    2.0
    198    3.0
    199    4.0
    200   20.0
    201    5.5
    202   10.1
    203    6.4
    204    8.2
    205    2.0
    206    2.7
    207    7.0
    208   21.5
    209    3.5
    210   65.5
    211    0.0
    212   39.9
    213   53.5
    214   41.6
    215    0.0
    216    0.0
    217    T  
    218    0.0
    219    5.0
    220    0.0
    221    9.1
    222    0.0
    223   27.0
    224    2.5
    225    3.7
    226    3.3
    227    0.0
    228   40.2
    229    6.5
    230    7.9
    231   10.5
    232   24.5
    233    4.5
    234   23.1
    235   15.2
    236   25.1
    237    8.3
    238   11.2
    239    2.5
    240   19.3
    241    1.9
    242    1.0
    243    0.0
    244   49.4
    245    0.0
    246   41.4
    247    6.0
    248    5.0
    249   20.1
    250   16.0
    251    7.5
    252    3.2
    253    3.4
    254   40.0
    255   20.0
    256   57.9
    257    9.3
    258    4.9
    259    0.0
    260   11.0
    261   41.2
    262    0.0
    263    0.0
    264    0.0
    265    0.0
    266    0.0
    267    0.0
    268    9.3
    269    0.0
    270   15.9
    271    6.7
    272    0.0
    273    0.0
    274   60.7
    275   11.5
    276    6.5
    277   20.0
    278  124.2
    279   76.1
    280    0.0
    281    0.0
    282    0.0
    283   45.5
    284    6.5
    285    0.0
    286    0.0
    287    2.5
    288    0.0
    289    0.0
    290    0.0
    291    T  
    292   12.6
    293    0.0
    294    0.0
    295    0.0
    296    0.0
    297    0.0
    298    0.0
    299    0.0
    300    0.0
    301    0.0
    302    0.0
    303    0.0
    304    0.0
    305    0.0
    306    0.0
    307    0.0
    308    0.0
    309    0.0
    310    0.0
    311    0.0
    312    0.0
    313    0.0
    314    0.0
    315    0.0
    316    0.0
    317    0.0
    318    0.0
    319    0.0
    320    0.0
    321    0.0
    322    0.0
    323    0.0
    324    0.0
    325    0.0
    326    0.0
    327    0.0
    328    0.0
    329    0.0
    330    0.0
    331    0.0
    332    0.0
    333    0.0
    334    0.0
    335    0.0
    336    0.0
    337    0.0
    338    0.0
    339    0.0
    340    0.0
    341    0.0
    342    0.0
    343    0.0
    344    0.0
    345    0.0
    346    0.0
    347    0.0
    348    0.0
    349    0.0
    350    0.0
    351    0.0
    352    0.0
    353    0.0
    354    0.0
    355    0.0
    356    0.0
    357    0.0
    358    0.0
    359    0.0
    360    0.0
    361    0.0
    362    0.0
    363    0.0
    364    0.0
    365    0.0
