      1    0.0
      2    0.0
      3    0.0
      4    0.0
      5    0.0
      6    0.0
      7    0.0
      8    0.0
      9    0.0
     10    0.0
     11    0.0
     12    0.0
     13    0.0
     14    0.0
     15    0.0
     16    0.0
     17    0.0
     18    0.0
     19    0.0
     20    0.0
     21    0.0
     22    0.0
     23    0.0
     24    0.0
     25    0.0
     26   10.0
     27    4.8
     28    T  
     29    0.0
     30    0.0
     31    0.0
     32    0.0
     33    0.0
     34    0.0
     35    0.0
     36    0.0
     37    0.0
     38    0.0
     39    0.0
     40    0.0
     41    0.0
     42    0.0
     43    0.0
     44    0.0
     45    0.0
     46    0.0
     47    0.0
     48    0.0
     49    0.1
     50    0.0
     51    0.0
     52    0.0
     53    0.0
     54    0.0
     55    0.0
     56    0.0
     57    0.0
     58    0.0
     59    0.0
     60    0.0
     61    0.0
     62    0.0
     63    0.0
     64   10.3
     65   42.5
     66    0.0
     67    0.0
     68    0.0
     69    0.0
     70    0.0
     71    0.0
     72    0.0
     73    T  
     74    2.0
     75    0.0
     76    0.0
     77    5.0
     78    0.0
     79    0.0
     80    0.0
     81    0.0
     82    0.0
     83    0.0
     84    0.0
     85    0.0
     86    0.0
     87    0.0
     88    0.0
     89    0.0
     90    0.0
     91    0.0
     92    0.0
     93    0.0
     94    0.0
     95    0.0
     96    0.0
     97    0.0
     98    0.0
     99    5.0
    100    0.0
    101    0.0
    102    0.0
    103    0.0
    104    0.0
    105   14.0
    106    0.0
    107    T  
    108    0.0
    109    0.0
    110    0.0
    111    0.0
    112    0.0
    113    0.0
    114    0.0
    115    0.0
    116    0.0
    117    0.0
    118    0.0
    119    0.0
    120    0.0
    121    0.0
    122    0.0
    123    0.0
    124    0.0
    125    0.0
    126    0.0
    127   16.5
    128   12.1
    129    0.0
    130    4.1
    131   23.5
    132   16.8
    133   67.8
    134    2.0
    135   12.5
    136    3.0
    137    2.0
    138    0.0
    139    0.0
    140   40.5
    141   22.2
    142    0.0
    143   13.0
    144    0.0
    145   20.5
    146   10.0
    147   11.0
    148   17.0
    149    T  
    150    T  
    151    6.0
    152    0.0
    153    T  
    154    T  
    155    6.0
    156   10.0
    157    5.0
    158   15.2
    159    5.3
    160    0.0
    161   32.3
    162   13.2
    163    9.0
    164    0.3
    165    1.4
    166   57.5
    167   33.5
    168    0.0
    169   10.8
    170   30.0
    171   40.5
    172   48.5
    173    9.0
    174   20.0
    175    T  
    176    8.0
    177    2.0
    178    6.0
    179   30.0
    180   42.5
    181   12.3
    182   12.0
    183    4.3
    184   20.0
    185   40.0
    186   27.3
    187   42.5
    188    6.0
    189    2.5
    190    0.0
    191    0.0
    192    T  
    193   40.0
    194   25.3
    195    3.5
    196    6.0
    197   10.5
    198   13.0
    199    0.5
    200    2.0
    201    9.0
    202   42.2
    203   10.5
    204    7.0
    205   42.5
    206   34.8
    207    0.0
    208    T  
    209    0.0
    210    3.0
    211   20.0
    212    0.0
    213    0.0
    214    T  
    215    5.5
    216   14.0
    217   58.3
    218    2.8
    219    5.0
    220   20.0
    221    0.0
    222    0.0
    223   19.0
    224   15.0
    225   26.0
    226  104.5
    227   21.5
    228   21.8
    229   25.0
    230   15.5
    231   41.0
    232   96.2
    233    7.5
    234    T  
    235   14.5
    236   20.5
    237   13.5
    238   12.0
    239   12.5
    240   10.5
    241   25.0
    242   66.5
    243   11.7
    244    T  
    245    1.5
    246    T  
    247    1.0
    248    0.0
    249    2.5
    250   23.4
    251    0.8
    252    2.5
    253    T  
    254    2.5
    255    2.0
    256    5.7
    257    0.0
    258    0.0
    259    0.0
    260    0.0
    261    T  
    262    2.5
    263    5.5
    264    6.5
    265    2.8
    266    5.5
    267    1.0
    268   17.0
    269    0.0
    270    4.5
    271    2.5
    272   12.0
    273   14.5
    274    0.0
    275    0.0
    276    0.0
    277    0.0
    278    T  
    279   18.5
    280   17.3
    281    2.0
    282   27.0
    283   25.5
    284    0.0
    285    0.0
    286    0.0
    287    0.0
    288    0.0
    289    0.0
    290    0.0
    291    0.0
    292    0.0
    293    0.0
    294    0.0
    295    0.0
    296    0.0
    297    0.0
    298    0.0
    299    0.0
    300    0.0
    301    0.0
    302    0.0
    303    0.0
    304    0.0
    305    0.0
    306    0.0
    307    0.0
    308    0.0
    309    7.0
    310    T  
    311    0.0
    312    0.0
    313    0.0
    314    0.0
    315    0.0
    316    0.0
    317    0.0
    318    0.0
    319    0.0
    320    0.0
    321    0.0
    322    0.0
    323    0.0
    324    0.0
    325    0.0
    326    0.0
    327    0.0
    328    0.0
    329    0.0
    330    0.0
    331    0.0
    332    0.0
    333    0.0
    334    0.0
    335    0.0
    336    0.0
    337    0.0
    338    0.0
    339    0.0
    340    0.0
    341    0.0
    342    0.0
    343    0.0
    344    0.0
    345    0.0
    346    0.0
    347    0.0
    348    0.0
    349    0.0
    350    0.0
    351    0.0
    352    0.0
    353    0.0
    354    0.0
    355    0.0
    356    0.0
    357    0.0
    358    0.0
    359    0.0
    360    0.0
    361    0.0
    362    0.0
    363    0.0
    364    0.0
    365    0.0
    366    0.0
