1986          Temperature for BHAIRHAWA AIRPORT       
        Tmax  Tmin
     1  18.3  10.0 
     2  12.2  10.0 
     3  14.3  11.0 
     4  14.4   8.0 
     5  12.5  10.2 
     6  18.3  10.2 
     7  22.5   8.3 
     8  24.9   9.0 
     9  25.0   9.2 
    10  25.1  10.2 
    11  24.7   9.2 
    12  25.8  10.2 
    13  25.2   9.2 
    14  24.7   8.0 
    15  23.8   8.7 
    16  23.3   9.2 
    17  22.6   7.2 
    18  23.6   9.0 
    19  24.3   6.4 
    20  25.1   8.0 
    21  25.6   9.2 
    22  25.8   7.2 
    23  25.6   6.4 
    24  21.1   8.6 
    25  24.2  10.0 
    26  23.8  10.8 
    27  25.1  10.0 
    28  23.1   9.8 
    29  23.6  13.4 
    30  25.3  10.5 
    31  25.5  10.6 
    32  23.8  10.0 
    33  23.6   8.6 
    34  23.5   9.6 
    35  25.6  11.2 
    36  25.4  11.0 
    37  26.1   8.5 
    38  25.2   8.6 
    39  25.7  10.0 
    40  26.2   8.7 
    41  18.7  14.6 
    42  24.1  12.1 
    43  26.1  11.0 
    44  26.4  12.3 
    45  22.3  16.0 
    46  25.8  13.2 
    47  23.6  10.6 
    48  24.4   9.2 
    49  24.8   9.6 
    50  26.4  10.2 
    51  27.0  10.5 
    52  28.3  13.0 
    53  29.4  14.0 
    54  27.1  13.2 
    55  27.0  10.0 
    56  26.7   9.8 
    57  26.2   9.6 
    58  26.0   9.0 
    59  26.7   8.8 
    60  27.1  10.2 
    61  28.8  12.0 
    62  29.2  11.0 
    63  28.9  12.7 
    64  28.8  12.0 
    65  29.0  12.2 
    66  27.9  14.0 
    67  29.3  14.8 
    68  30.4  15.1 
    69  31.1  15.8 
    70  32.1  17.6 
    71  34.1  18.4 
    72  35.0  17.6 
    73  35.9  14.6 
    74  33.6  17.6 
    75  31.7  14.8 
    76  30.6  10.8 
    77  29.8  13.8 
    78  31.3  14.8 
    79  31.2  13.2 
    80  32.0  11.3 
    81  34.6  14.4 
    82  34.3  19.2 
    83  34.1  15.0 
    84  32.8  12.3 
    85  32.6  10.8 
    86  33.3  13.4 
    87  34.8  16.6 
    88  39.5  16.7 
    89  40.2  16.0 
    90  37.8  18.8 
    91  36.6  18.0 
    92  36.6  16.0 
    93  33.1  21.5 
    94  31.7  19.4 
    95  30.8  13.5 
    96  33.0  14.2 
    97  34.4  15.5 
    98  34.8  17.5 
    99  33.7  19.0 
   100  33.6  22.5 
   101  34.6  23.2 
   102  37.4  23.2 
   103  36.6  21.8 
   104  36.0  22.1 
   105  40.3  20.3 
   106  38.5  22.0 
   107  39.4  20.0 
   108  39.7  17.2 
   109  40.0  18.3 
   110  38.0  17.8 
   111  36.4  24.8 
   112  36.8  20.8 
   113  35.6  24.8 
   114  34.5  22.0 
   115  31.2  19.5 
   116  31.8  17.5 
   117  31.7  19.0 
   118  32.6  21.6 
   119  33.6  22.2 
   120  34.8  21.4 
   121  34.2  23.8 
   122  34.4  24.4 
   123  35.9  25.3 
   124  34.1  19.6 
   125  34.7  20.0 
   126  34.4  24.2 
   127  34.1  22.7 
   128  34.2  22.4 
   129  36.2  25.0 
   130  37.2  24.0 
   131  37.6  21.5 
   132  36.7  22.8 
   133  30.6  22.0 
   134  33.1  23.6 
   135  31.1  22.6 
   136  29.4  18.2 
   137  31.2  22.2 
   138  31.1  20.0 
   139  31.9  23.6 
   140  33.8  24.0 
   141  34.6  21.7 
   142  37.3  23.3 
   143  37.7  18.8 
   144  37.6  17.4 
   145  37.3  18.8 
   146  37.3  21.3 
   147  36.4  24.6 
   148  33.6  18.8 
   149  36.9  23.6 
   150  36.8  24.0 
   151  39.7  24.4 
   152  35.6  27.0 
   153  40.0  22.8 
   154  40.9  21.2 
   155  41.4  22.0 
   156  40.8  22.6 
   157  40.7  23.0 
   158  40.6  27.1 
   159  41.2  29.0 
   160  41.7  26.8 
   161  40.5  29.8 
   162  39.6  31.0 
   163  33.6  29.2 
   164  35.1  28.4 
   165  37.1  25.8 
   166  37.3  27.9 
   167  36.2  28.0 
   168  37.6  28.1 
   169  35.1  26.1 
   170  36.8  26.5 
   171  35.1  24.0 
   172  36.5  29.0 
   173  34.1  27.2 
   174  36.1  27.5 
   175  35.6  27.6 
   176  35.1  26.9 
   177  34.1  25.8 
   178  30.6  25.4 
   179  30.1  24.6 
   180  27.1  25.1 
   181  32.6  26.0 
   182  30.1  24.8 
   183  33.3  25.2 
   184  33.4  26.7 
   185  35.9  27.6 
   186  30.6  28.0 
   187  34.3  25.8 
   188  33.9  27.3 
   189  30.6  25.8 
   190  33.0  26.4 
   191  29.0  24.8 
   192  34.2  25.8 
   193  34.8  27.6 
   194  34.7  28.2 
   195  33.0  28.4 
   196  33.7  27.5 
   197  31.8  26.1 
   198  29.7  24.8 
   199  31.2  26.6 
   200  34.0  27.0 
   201  32.6  25.0 
   202  34.6  26.5 
   203  34.6  26.6 
   204  32.3  27.4 
   205  31.8  26.5 
   206  27.8  24.6 
   207  30.6  25.1 
   208  32.8  25.1 
   209  32.0  26.5 
   210  34.0  25.6 
   211  33.6  26.6 
   212  28.2  25.0 
   213  33.3  25.2 
   214  31.2  24.3 
   215  29.8  24.5 
   216  34.4  25.6 
   217  35.1  27.0 
   218  35.0  27.4 
   219  34.1  27.6 
   220  34.1  28.0 
   221  35.9  27.4 
   222  36.4  29.0 
   223  36.6  28.6 
   224  34.8  25.8 
   225  33.2  27.8 
   226  33.2  27.6 
   227  33.8  26.8 
   228  33.9  26.2 
   229  30.8  25.2 
   230  34.3  25.8 
   231  35.4  26.1 
   232  34.3  26.4 
   233  33.6  26.0 
   234  31.0  25.8 
   235  33.1  25.5 
   236  25.8  24.6 
   237  31.5  24.8 
   238  33.3  25.8 
   239  32.7  26.4 
   240  35.0  26.5 
   241  35.6  26.4 
   242  35.2  27.1 
   243  34.9  26.6 
   244  34.6  26.8 
   245  35.2  25.8 
   246  35.3  26.8 
   247  35.0  25.4 
   248  35.6  26.4 
   249  34.9  25.5 
   250  33.2  25.6 
   251  36.1  26.4 
   252  31.1  26.4 
   253  33.1  25.8 
   254  30.6  24.5 
   255  26.3  24.0 
   256  28.8  23.7 
   257  27.0  21.2 
   258  31.4  23.0 
   259  32.7  24.4 
   260  34.0  25.4 
   261  33.6  24.2 
   262  34.5  25.2 
   263  34.7  26.0 
   264  33.1  25.0 
   265  33.7  24.0 
   266  31.2  22.0 
   267  31.7  24.0 
   268  33.0  23.8 
   269  31.7  23.0 
   270  29.5  23.4 
   271  27.8  20.6 
   272  31.2  22.6 
   273  25.6  21.7 
   274  31.3  21.6 
   275  33.0  22.4 
   276  33.7  22.6 
   277  33.7  22.0 
   278  33.1  22.0 
   279  31.3  22.2 
   280  28.9  22.6 
   281  30.1  23.0 
   282  31.2  22.2 
   283  32.6  21.7 
   284  30.2  20.0 
   285  31.6  21.2 
   286  29.6  22.4 
   287  30.4  21.6 
   288  26.2  19.8 
   289  29.3  19.0 
   290  31.2  20.4 
   291  30.4  20.6 
   292  31.1  20.2 
   293  31.2  19.6 
   294  31.2  15.7 
   295  31.5  17.6 
   296  31.5  17.7 
   297  31.7  16.6 
   298  32.1  16.4 
   299  31.7  16.0 
   300  30.9  16.6 
   301  31.1  17.6 
   302  31.1  17.2 
   303  31.4  18.0 
   304  30.9  18.0 
   305  31.0  18.0 
   306  31.4  17.6 
   307  31.6  17.8 
   308  28.1  20.3 
   309  31.0  17.0 
   310  30.6  16.0 
   311  30.6  15.4 
   312  31.2  14.8 
   313  30.5  14.6 
   314  29.9  14.5 
   315  28.7  15.8 
   316  27.1  16.6 
   317  28.4  16.4 
   318  29.6  16.2 
   319  29.3  16.6 
   320  29.1  16.2 
   321  29.0  16.6 
   322  28.6  16.0 
   323  28.9  15.0 
   324  29.1  14.0 
   325  29.6  14.8 
   326  28.5  13.2 
   327  28.6  14.3 
   328  28.4  14.5 
   329  27.7  14.7 
   330  27.3  14.0 
   331  28.2  14.0 
   332  28.6  13.8 
   333  28.3  13.8 
   334  25.1  13.7 
   335  25.5  11.8 
   336  26.5  11.4 
   337  27.1  11.6 
   338  27.5  11.8 
   339  27.6  11.4 
   340  27.6  11.8 
   341  27.3  12.5 
   342  27.6  12.8 
   343  26.0  13.8 
   344  26.1  13.8 
   345  27.1  12.0 
   346  26.9  11.6 
   347  24.0  13.6 
   348  24.1  15.2 
   349  23.5  12.2 
   350  22.5  11.2 
   351  24.1  10.4 
   352  15.1  13.3 
   353  24.1   9.6 
   354  22.8   9.6 
   355  21.1   9.2 
   356  22.7   9.0 
   357  23.6   9.6 
   358  22.8   9.6 
   359  22.6   9.1 
   360  25.1   9.6 
   361  28.2   9.9 
   362  25.6  11.6 
   363  23.3  10.4 
   364  22.5  10.4 
   365  22.2   9.1 
