2008          Temperature for BHAIRHAWA AIRPORT       
        Tmax  Tmin
     1  23.5   8.2 
     2  25.6   9.2 
     3  25.6  10.2 
     4  25.5   8.4 
     5  23.8   7.6 
     6  23.3   7.6 
     7  23.2   7.8 
     8  25.2   9.6 
     9  25.2  10.6 
    10  24.0  11.0 
    11  26.6   9.2 
    12  22.6  10.4 
    13  20.5   7.6 
    14  20.0   9.0 
    15  20.7   7.2 
    16  22.4   7.6 
    17  19.8  10.4 
    18  24.0  12.0 
    19  25.6  14.0 
    20  23.7  11.2 
    21  22.0   7.4 
    22  17.7   7.0 
    23  17.4  11.6 
    24  19.4  10.0 
    25  19.7  10.4 
    26  21.8  10.0 
    27  21.8   6.6 
    28  16.3   5.4 
    29  19.2   7.6 
    30  19.5   9.2 
    31  16.6   8.0 
    32  17.7   7.0 
    33  19.8   4.0 
    34  20.3   9.0 
    35  24.3   6.0 
    36  25.2   9.0 
    37  25.6   9.6 
    38  25.5  13.4 
    39  24.8  13.8 
    40  24.7  11.2 
    41  21.6   7.4 
    42  22.5   6.4 
    43  23.4   6.4 
    44  20.7   4.4 
    45  22.9   6.2 
    46  22.9   7.4 
    47  23.4   8.8 
    48  24.8   9.6 
    49  25.7   9.4 
    50  24.5  11.4 
    51  24.6   9.6 
    52  25.2  10.4 
    53  26.4  10.2 
    54  27.6  11.2 
    55  28.4  13.0 
    56  28.7  10.4 
    57  25.0   9.2 
    58  26.4  11.4 
    59  26.8  12.2 
    60  27.3  12.0 
    61  27.4  12.8 
    62  29.3  13.4 
    63  29.4  14.8 
    64  26.9  13.0 
    65  27.3  15.2 
    66  26.7  16.8 
    67  29.6  14.8 
    68  29.8  15.4 
    69  30.2  16.4 
    70  30.8  16.4 
    71  27.8  15.5 
    72  29.6  15.6 
    73  31.7  15.8 
    74  33.2  16.5 
    75  31.1  12.8 
    76  32.6  14.9 
    77  31.7  16.7 
    78  31.6  17.7 
    79  32.0  19.7 
    80  32.9  19.2 
    81  35.4  16.0 
    82  33.3  13.7 
    83  32.4  16.9 
    84  33.2  19.2 
    85  35.1  15.2 
    86  35.5  13.9 
    87  34.2  15.4 
    88  37.5  16.2 
    89  35.7  15.3 
    90  35.7  15.7 
    91  33.2  15.6 
    92  33.5  16.0 
    93  33.2  17.2 
    94  32.5  18.4 
    95  32.8  15.2 
    96  32.3  18.1 
    97  28.7  16.7 
    98  31.5  16.0 
    99  34.2  16.2 
   100  35.8  18.0 
   101  37.0  19.6 
   102  37.0  19.8 
   103  37.0  22.5 
   104  36.8  18.9 
   105  37.2  22.8 
   106  37.3  21.3 
   107  37.2  25.6 
   108  38.2  21.4 
   109  38.6  20.4 
   110  39.0  18.1 
   111  39.7  17.9 
   112  38.6  18.0 
   113  37.5  23.2 
   114  39.0  23.7 
   115  39.9  23.5 
   116  40.6  20.8 
   117  40.1  24.7 
   118  40.5  21.8 
   119  40.5  24.5 
   120  38.2  24.4 
   121  37.2  26.4 
   122  39.1  26.5 
   123  38.2  22.7 
   124  36.6  23.4 
   125  35.4  26.0 
   126  36.7  24.0 
   127  37.4  23.7 
   128  38.4  24.5 
   129  39.1  21.5 
   130  38.3  24.0 
   131  38.8  23.5 
   132  38.3  24.5 
   133  37.6  23.0 
   134  37.5  21.0 
   135  37.8  25.3 
   136  36.0  23.0 
   137  37.2  25.7 
   138  34.8  23.6 
   139  34.5  20.4 
   140  35.3  24.0 
   141  33.2  22.7 
   142  32.0  21.3 
   143  31.6  23.0 
   144  31.7  24.3 
   145  29.2  23.6 
   146  32.4  23.5 
   147  35.8  23.5 
   148  37.2  24.0 
   149  39.2  24.8 
   150  40.7  24.9 
   151  40.1  23.7 
   152  38.4  24.0 
   153  38.8  26.8 
   154  39.2  24.8 
   155  37.3  26.4 
   156  30.8  24.0 
   157  34.0  24.6 
   158  31.4  24.3 
   159  32.4  25.0 
   160  33.9  25.0 
   161  34.5  24.6 
   162  34.7  26.9 
   163  35.0  27.8 
   164  35.8  28.4 
   165  31.0  25.6 
   166  33.4  26.2 
   167  31.1  24.6 
   168  35.1  26.5 
   169  33.2  27.7 
   170  31.7  24.4 
   171  30.8  24.8 
   172  31.3  24.2 
   173  31.8  25.3 
   174  34.5  26.0 
   175  35.1  25.7 
   176  35.0  26.0 
   177  35.0  25.5 
   178  34.5  27.0 
   179  28.0  26.4 
   180  29.4  24.8 
   181  27.5  24.5 
   182  32.9  25.0 
   183  33.1  26.2 
   184  33.0  26.4 
   185  31.2  26.0 
   186  31.2  26.2 
   187  33.0  25.5 
   188  33.5  25.6 
   189  35.8  26.5 
   190  37.0  27.5 
   191  36.2  26.8 
   192  34.9  28.4 
   193  33.4  27.5 
   194  33.8  26.8 
   195  32.7  25.7 
   196  32.2  25.8 
   197  34.2  26.0 
   198  31.7  25.8 
   199  34.4  26.8 
   200  31.2  27.0 
   201  33.4  25.4 
   202  31.2  25.8 
   203  29.8  24.8 
   204  31.4  25.0 
   205  27.7  25.1 
   206  31.4  25.4 
   207  33.8  26.3 
   208  33.9  27.0 
   209  34.7  24.9 
   210  36.0  27.2 
   211  34.8  27.5 
   212  34.9  27.2 
   213  35.0  27.2 
   214  35.0  27.6 
   215  35.7  27.4 
   216  33.1  26.9 
   217  34.1  26.7 
   218  34.8  26.8 
   219  35.2  26.6 
   220  29.3  25.0 
   221  34.8  25.5 
   222  36.7  27.0 
   223  35.8  27.0 
   224  35.1  27.2 
   225  33.8  25.5 
   226  32.2  26.0 
   227  34.4  24.7 
   228  31.2  25.2 
   229  33.4  25.9 
   230  33.4  26.0 
   231  31.7  25.8 
   232  29.1  25.4 
   233  33.5  25.7 
   234  34.7  25.5 
   235  34.8  26.5 
   236  35.8  26.4 
   237  35.2  26.6 
   238  35.0  26.5 
   239  28.5  24.0 
   240  34.3  25.8 
   241  31.3  24.8 
   242  32.7  25.2 
   243  34.5  25.4 
   244  34.7  25.2 
   245  34.5  24.8 
   246  35.2  25.8 
   247  35.2  26.6 
   248  35.4  24.6 
   249  32.5  24.2 
   250  33.7  25.0 
   251  35.3  24.9 
   252  35.8  24.7 
   253  36.5  25.4 
   254  36.2  24.5 
   255  36.6  25.8 
   256  35.8  26.4 
   257  36.4  25.4 
   258  35.8  25.8 
   259  36.6  24.2 
   260  37.8  25.6 
   261  36.0  25.0 
   262  34.3  26.7 
   263  30.5  26.6 
   264  34.2  25.3 
   265  34.3  24.2 
   266  32.4  25.8 
   267  33.7  24.2 
   268  34.3  25.2 
   269  34.3  22.8 
   270  34.4  23.3 
   271  33.8  24.5 
   272  34.7  24.0 
   273  29.2  24.2 
   274  32.3  22.8 
   275  33.8  22.5 
   276  34.3  22.8 
   277  34.5  23.4 
   278  34.5  24.2 
   279  33.5  24.9 
   280  29.5  22.4 
   281  32.2  22.0 
   282  32.3  22.0 
   283  32.2  21.3 
   284  32.5  21.1 
   285  33.0  21.7 
   286  33.2  22.2 
   287  33.7  21.2 
   288  33.5  20.4 
   289  33.7  21.4 
   290  33.5  20.4 
   291  33.3  19.4 
   292  33.5  18.2 
   293  33.4  18.5 
   294  33.5  17.7 
   295  33.6  18.2 
   296  33.0  17.0 
   297  32.7  16.0 
   298  32.6  15.5 
   299  33.5  16.5 
   300  32.3  16.5 
   301  29.8  18.1 
   302  30.5  18.2 
   303  31.5  18.5 
   304  31.0  19.4 
   305  31.7  18.8 
   306  32.0  18.4 
   307  32.9  17.2 
   308  32.7  17.8 
   309  31.9  18.4 
   310  29.9  18.6 
   311  31.1  17.8 
   312  31.6  16.6 
   313  32.0  15.4 
   314  31.8  14.6 
   315  31.6  14.7 
   316  30.8  15.5 
   317  30.2  15.6 
   318  30.0  15.2 
   319  30.0  14.7 
   320  29.7  15.3 
   321  28.7  15.3 
   322  28.4  13.7 
   323  28.0  12.8 
   324  28.2  15.5 
   325  29.8  15.0 
   326  29.6  14.8 
   327  26.0  11.3 
   328  26.7  11.2 
   329  26.7  12.3 
   330  28.3  12.7 
   331  29.3  13.0 
   332  29.3  12.0 
   333  29.0  11.2 
   334  28.0  11.6 
   335  28.8  11.8 
   336  28.8  11.8 
   337  28.3  12.7 
   338  28.8  13.0 
   339  27.5  11.6 
   340  27.5  12.2 
   341  28.2  12.1 
   342  28.5  12.7 
   343  28.0  13.5 
   344  28.0  12.2 
   345  25.8  13.5 
   346  26.8  13.5 
   347  24.5  14.2 
   348  22.0  15.0 
   349  23.3  13.7 
   350  19.1  11.8 
   351  18.4  12.5 
   352  18.8  12.2 
   353  15.9  13.9 
   354  21.6  14.4 
   355  19.8  14.2 
   356  17.4  14.5 
   357  19.5  12.7 
   358  21.7  12.4 
   359  23.0  12.3 
   360  24.0  11.2 
   361  24.0  11.0 
   362  24.7  10.7 
   363  23.7  10.0 
   364  21.2   8.7 
   365  23.0  10.9 
   366  22.8   8.1 
