1979          Temperature for BHAIRHAWA AIRPORT       
        Tmax  Tmin
     1  23.1   8.5 
     2  23.8   7.9 
     3  23.8   8.2 
     4  23.9   9.5 
     5  23.3   8.4 
     6  23.6   9.7 
     7  22.5   9.0 
     8  24.2   8.9 
     9  23.1  10.0 
    10  23.3  10.5 
    11  23.1  11.2 
    12  23.4  10.9 
    13  23.7  10.2 
    14  23.4   9.2 
    15  20.4  10.8 
    16  20.6  12.4 
    17  25.2  12.7 
    18  25.6  11.0 
    19  20.2   9.5 
    20  23.2  10.6 
    21  24.0   9.0 
    22  22.9  10.8 
    23  23.3   9.2 
    24  23.8   7.7 
    25  24.7  10.0 
    26  25.3   8.4 
    27  24.5   9.0 
    28  26.0   9.3 
    29  21.7  15.0 
    30  22.4  10.0 
    31  19.6  10.0 
    32  19.2  11.8 
    33  23.0   8.7 
    34  21.7   7.0 
    35  21.5   7.8 
    36  23.3   9.0 
    37  24.0   8.7 
    38  25.6  13.4 
    39  21.2  10.6 
    40  20.2  10.7 
    41  21.4  12.2 
    42  23.0  11.0 
    43  24.0  10.5 
    44  24.9  10.4 
    45  26.2  12.0 
    46  26.3  14.0 
    47  27.0  16.2 
    48  29.8  12.0 
    49  29.8  12.2 
    50  22.2  15.0 
    51  26.6  13.6 
    52  25.4  12.1 
    53  22.4   9.2 
    54  25.6  10.6 
    55  26.4   8.2 
    56  25.3   8.0 
    57  27.3   9.7 
    58  27.7   9.4 
    59  28.7  11.6 
    60  27.4   8.0 
    61  27.8   9.2 
    62  29.5  12.2 
    63  32.0  12.5 
    64  34.5  12.5 
    65  34.3  13.5 
    66  31.5  15.9 
    67  28.0  17.0 
    68  24.8  14.6 
    69  25.4   7.0 
    70  25.2   9.2 
    71  27.2   9.9 
    72  28.9  10.2 
    73  30.8  11.2 
    74  30.7  11.9 
    75  30.6  11.6 
    76  23.4  16.6 
    77  32.3  15.2 
    78  32.0  14.3 
    79  33.3  11.0 
    80  32.0  12.2 
    81  33.3  14.6 
    82  34.7  12.6 
    83  34.4  12.2 
    84  35.9  14.7 
    85  35.6  17.0 
    86  35.2  14.6 
    87  34.3  15.3 
    88  35.0  16.8 
    89  36.4  18.7 
    90  39.3  18.0 
    91  37.0  18.3 
    92  38.6  18.6 
    93  40.2  17.8 
    94  40.1  24.4 
    95  36.0  22.3 
    96  33.1  17.0 
    97  36.3  17.2 
    98  36.8  18.8 
    99  37.7  21.7 
   100  37.2   DNA 
   101  38.3  21.5 
   102  37.1  21.6 
   103  35.0  21.2 
   104  36.0  21.0 
   105  37.0  21.2 
   106  33.2  20.4 
   107  33.7  19.4 
   108  33.8  19.9 
   109  35.2  22.8 
   110  38.2  23.0 
   111  38.5  22.6 
   112  37.5  19.4 
   113  37.5  20.6 
   114  37.7  23.3 
   115  39.4  25.4 
   116  40.5  25.2 
   117  39.0  26.3 
   118  39.6  26.9 
   119  41.0  29.8 
   120  36.5  24.2 
   121  37.4  25.6 
   122  38.2  27.6 
   123  38.7  24.0 
   124  41.7  20.6 
   125  40.8  20.4 
   126  40.9  18.4 
   127  41.5  21.2 
   128  38.9  22.0 
   129  39.4  28.2 
   130  38.4  25.6 
   131  37.8  26.2 
   132  38.7  27.8 
   133  39.4  28.7 
   134  40.5  30.4 
   135  40.6  30.7 
   136  36.5  27.0 
   137  39.2  25.2 
   138  40.2  22.2 
   139  40.0  22.4 
   140  40.7  25.4 
   141  39.4  25.0 
   142  37.3  22.0 
   143  38.4  23.8 
   144  38.7  22.3 
   145  40.9  22.0 
   146  41.7  23.3 
   147  39.3  24.7 
   148  40.5  24.8 
   149  40.7  24.0 
   150  41.1  23.2 
   151  41.1  20.5 
   152  42.3  22.2 
   153  44.1  25.0 
   154  42.4  25.5 
   155  42.8  24.5 
   156  42.7  24.2 
   157  24.8  26.2 
   158  41.5  28.8 
   159  36.6  27.2 
   160  32.6  20.5 
   161  35.9  25.6 
   162  36.7  28.1 
   163  28.7  21.7 
   164  32.7  24.9 
   165  35.8  26.4 
   166  35.2  23.8 
   167  36.7  26.7 
   168  39.3  28.0 
   169  37.8  29.5 
   170  32.3  24.0 
   171  34.9  26.4 
   172  31.4  24.2 
   173  35.6  25.2 
   174  34.3  28.4 
   175  36.2  28.0 
   176  35.3  29.8 
   177  35.9  27.8 
   178  37.3  28.8 
   179  33.2  26.5 
   180  30.3  26.2 
   181  31.7  27.3 
   182  32.1  26.8 
   183  35.3  25.8 
   184  35.9  28.6 
   185  36.2  27.8 
   186  36.3  27.4 
   187  37.6  27.8 
   188  38.9  29.0 
   189  37.6  31.0 
   190  34.9  29.5 
   191  37.4  29.8 
   192  30.6  23.0 
   193  31.6  26.8 
   194  32.2  24.8 
   195  31.0  26.0 
   196  29.4  24.8 
   197  33.3  25.6 
   198  34.9  27.0 
   199  30.9  25.2 
   200  31.2  24.6 
   201  31.2  25.3 
   202  29.0  25.5 
   203  30.4  24.7 
   204  31.3  26.6 
   205  27.8  23.7 
   206  28.0  24.8 
   207  33.4  25.5 
   208  33.0  27.0 
   209  28.3  25.1 
   210  30.0  24.8 
   211  32.6  26.7 
   212  33.4  27.6 
   213  32.7  27.8 
   214  33.9  28.3 
   215  33.0  26.4 
   216  34.6  28.0 
   217  36.1  27.7 
   218  35.9  28.6 
   219  37.6  29.4 
   220  34.5  27.2 
   221  32.9  27.8 
   222  32.4  24.6 
   223  34.5  26.6 
   224  32.8  25.3 
   225  30.3  25.2 
   226  26.1  25.6 
   227  28.5  24.4 
   228  32.6  25.8 
   229  32.3  26.2 
   230  32.8  26.5 
   231  31.6  27.5 
   232  33.2  26.8 
   233  31.8  24.7 
   234  31.3  25.4 
   235  33.6  26.7 
   236  34.4  27.6 
   237  33.8  26.2 
   238  33.5  27.0 
   239  29.6  26.2 
   240  34.1  26.2 
   241  31.9  24.4 
   242  33.7  27.0 
   243  31.2  25.6 
   244  32.2  26.5 
   245  30.6  25.6 
   246  31.4  25.1 
   247  32.6  23.5 
   248  34.4  26.3 
   249  34.7  25.4 
   250  35.2  26.5 
   251  34.0  25.5 
   252  33.4  25.5 
   253  32.7  23.0 
   254  34.7  25.6 
   255  32.0  26.2 
   256  32.2  24.4 
   257  32.2  24.5 
   258  32.7  24.5 
   259  32.8  22.4 
   260  33.4  24.5 
   261  33.4  24.7 
   262  31.9  26.4 
   263  33.3  24.5 
   264  33.9  26.0 
   265  34.4  25.4 
   266  34.2  23.2 
   267  34.3  22.0 
   268  34.5  21.6 
   269  32.2  23.8 
   270  33.8  23.6 
   271  34.2  24.2 
   272  34.4  24.2 
   273  32.0  26.1 
   274  31.0  23.2 
   275  30.7  23.7 
   276  31.7  26.5 
   277  34.2  25.8 
   278  33.3  24.6 
   279  33.6  25.2 
   280  32.2  23.4 
   281  33.3  22.1 
   282  30.6  23.1 
   283  29.5  22.8 
   284  30.4  22.8 
   285  29.6  22.1 
   286  30.4  21.8 
   287  30.1  19.2 
   288  31.0  20.6 
   289  31.3  20.4 
   290  30.7  19.3 
   291  30.8  19.2 
   292  31.0  19.4 
   293  31.0  19.8 
   294  31.5  18.5 
   295  32.3  18.8 
   296  31.7  19.8 
   297  31.2  19.3 
   298  30.5  19.5 
   299  31.0  19.0 
   300  31.3  19.0 
   301  30.5  19.0 
   302  30.8  19.3 
   303  32.1  20.2 
   304  32.4  19.6 
   305  31.5  19.0 
   306  31.0  17.6 
   307  30.3  18.4 
   308  30.1  19.5 
   309  30.7  18.5 
   310  30.4  19.1 
   311  30.6  18.2 
   312  31.0  18.2 
   313  30.9  18.3 
   314  30.8  17.3 
   315  30.0  15.8 
   316  29.9  16.2 
   317  30.0  16.7 
   318  29.6  16.6 
   319  29.8  16.3 
   320  29.5  17.4 
   321  28.4  17.6 
   322  29.2  18.8 
   323  28.8  17.8 
   324  29.2  15.3 
   325  28.4  14.2 
   326  28.7  18.0 
   327  29.0  17.2 
   328  30.0  15.8 
   329  28.4  16.6 
   330  28.9  16.7 
   331  27.5  16.6 
   332  22.4  17.0 
   333  24.1  17.8 
   334  20.9  18.3 
   335  25.1  14.8 
   336  25.4  16.4 
   337  25.6  14.4 
   338  25.8  14.0 
   339  26.2  14.2 
   340  26.3  12.8 
   341  26.1  12.7 
   342  26.8  12.7 
   343  26.1  12.0 
   344  25.4  11.5 
   345  25.6  12.0 
   346  25.5  12.0 
   347  25.5  12.0 
   348  24.1  10.7 
   349  23.3  10.6 
   350  22.4  13.3 
   351  23.5   DNA 
   352  23.1   9.0 
   353  23.0  10.3 
   354  23.0   9.3 
   355  23.2   7.2 
   356  21.8   7.0 
   357  22.3   9.0 
   358  22.6   9.2 
   359  23.1   9.6 
   360  23.6   9.8 
   361  23.3  10.0 
   362  23.1  10.3 
   363  22.9  11.4 
   364  17.6  15.0 
   365  17.4  10.6 
