1980          Temperature for BHAIRHAWA AIRPORT       
        Tmax  Tmin
     1  20.7   8.8 
     2  22.6  11.5 
     3  22.4  10.3 
     4  22.4   9.6 
     5  21.8   7.2 
     6  19.4   7.0 
     7  19.4   6.5 
     8  21.8   6.4 
     9  22.3   7.3 
    10  21.9   8.0 
    11  22.7   7.2 
    12  21.4   7.0 
    13  23.3   7.3 
    14  22.4   6.0 
    15  22.2   6.5 
    16  22.7   8.0 
    17  23.4   9.5 
    18  23.8   9.2 
    19  23.8   9.7 
    20  25.3   9.2 
    21  23.9  10.6 
    22  24.6   9.4 
    23  23.4   9.0 
    24  21.3   7.6 
    25  23.3   8.9 
    26  22.9   9.4 
    27  24.1  12.4 
    28  27.2   9.7 
    29  23.3   9.9 
    30  19.7   8.2 
    31  22.4   8.4 
    32  23.8   8.9 
    33  23.9   9.4 
    34  24.7  13.2 
    35  26.2  11.4 
    36  25.0  11.3 
    37  22.4   9.0 
    38  21.2   7.0 
    39  21.3   6.5 
    40  23.2   8.7 
    41  24.2   9.3 
    42  24.0   7.0 
    43  24.7   9.0 
    44  25.2  10.7 
    45  25.2  11.8 
    46  25.6  12.4 
    47  27.8  11.2 
    48  27.8  11.4 
    49  26.7  12.0 
    50  27.6  11.3 
    51  27.0  12.3 
    52  27.5  13.0 
    53  27.9  13.0 
    54  29.2  14.2 
    55  30.7  12.2 
    56  27.5  11.3 
    57  27.7  13.0 
    58  28.0  15.0 
    59  29.3  15.8 
    60  28.6  17.3 
    61  28.0  15.5 
    62  26.6  12.0 
    63  27.4  11.4 
    64  27.3  16.2 
    65  26.7  16.8 
    66  27.4  16.8 
    67  28.4  15.2 
    68  28.1  11.0 
    69  27.1  16.0 
    70  28.4  13.0 
    71  30.2  13.0 
    72  32.0  12.6 
    73  31.0  10.4 
    74  30.8  11.3 
    75  31.2  11.6 
    76  33.8  13.6 
    77  33.7  13.2 
    78  33.8  13.8 
    79  33.8  17.2 
    80  34.0  16.0 
    81  33.0  17.4 
    82  35.4  18.6 
    83  34.8  16.8 
    84  31.8  17.2 
    85  37.2  19.4 
    86  36.3  16.5 
    87  35.6  17.8 
    88  36.2  15.6 
    89  31.2  19.7 
    90  26.7  17.8 
    91  32.5  16.0 
    92  34.6  16.0 
    93  35.4  17.2 
    94  36.1  18.4 
    95  36.0  19.4 
    96  36.2  17.2 
    97  36.4  17.4 
    98  38.2  19.0 
    99  39.7  18.6 
   100  40.2  20.3 
   101  39.0  19.2 
   102  39.5  18.8 
   103  40.5  19.7 
   104  41.2  19.7 
   105  39.6  20.2 
   106  40.8  19.2 
   107  41.4  20.6 
   108  40.1  20.0 
   109  39.6  20.4 
   110  37.6  24.2 
   111  37.3  22.5 
   112  37.2  26.3 
   113  40.4  26.2 
   114  43.0  25.0 
   115  41.5  22.0 
   116  41.8  21.7 
   117  41.0  20.2 
   118  40.4  22.0 
   119  41.2  21.4 
   120  40.5  23.2 
   121  37.8  23.2 
   122  37.7  25.7 
   123  38.4  27.3 
   124  37.2  25.1 
   125  38.4  26.5 
   126  37.1  27.3 
   127  34.6  21.4 
   128  36.4  25.2 
   129  37.1  19.8 
   130  37.0  24.4 
   131  35.4  19.6 
   132  34.6  20.2 
   133  35.4  23.6 
   134  35.0  24.8 
   135  31.5  19.2 
   136  34.8  24.0 
   137  34.9  25.6 
   138  35.4  21.0 
   139  36.5  25.8 
   140  35.4  26.0 
   141   DNA   DNA 
   142  36.3  25.8 
   143  38.5  26.6 
   144  39.0  23.2 
   145  40.6  25.8 
   146  38.7  27.5 
   147  35.9  25.6 
   148  32.4  25.0 
   149  32.4  23.4 
   150  32.5  22.0 
   151  36.5  24.4 
   152  32.4  24.2 
   153  35.6  26.4 
   154  35.4  26.5 
   155  35.6  26.7 
   156  33.9  23.4 
   157  37.6  26.6 
   158  38.4  28.6 
   159  29.4  23.2 
   160  25.4  22.6 
   161  26.9  22.7 
   162  33.3  26.0 
   163  34.5  27.9 
   164  32.2  22.2 
   165  33.7  26.8 
   166  36.3  27.0 
   167  35.4  24.0 
   168  33.9  25.4 
   169  35.4  25.7 
   170  33.7  26.9 
   171  32.4  25.6 
   172  30.4  24.1 
   173  33.2  26.1 
   174  32.6  25.1 
   175  33.4  27.9 
   176  34.3  28.1 
   177  34.4  27.6 
   178  35.1  27.9 
   179  34.6  28.2 
   180  34.4  28.4 
   181  35.4  27.2 
   182  36.4  28.6 
   183  34.9  26.7 
   184  34.0  27.4 
   185  34.1  27.6 
   186  34.4  27.6 
   187  33.4  27.1 
   188  31.8  25.9 
   189  31.7  25.5 
   190  28.6  25.2 
   191  28.9  25.2 
   192  33.7  26.0 
   193  32.9  25.8 
   194  34.2  27.0 
   195  34.4  27.5 
   196  31.8  26.7 
   197  30.7  27.0 
   198  31.6  26.1 
   199  32.4  26.4 
   200  31.4  26.0 
   201  29.7  25.4 
   202  31.2  25.8 
   203  30.1  24.8 
   204  33.7  26.8 
   205  34.4  24.9 
   206  34.7  26.5 
   207  35.2  28.9 
   208  33.1  26.5 
   209  33.6  27.8 
   210  33.6  26.0 
   211  32.8  26.6 
   212  33.8  25.6 
   213  33.1  25.4 
   214  28.0  25.1 
   215  33.4  25.2 
   216  33.6  26.6 
   217  34.2  26.6 
   218  33.0  28.2 
   219  32.4  26.6 
   220  32.1  24.8 
   221  29.4  25.2 
   222  30.0  26.2 
   223  31.5  26.7 
   224  32.5  25.8 
   225  32.0  26.5 
   226  33.0  27.5 
   227  31.5  26.8 
   228  28.3  25.8 
   229  32.3  25.4 
   230  31.8  26.4 
   231  33.1  26.6 
   232  33.7  24.8 
   233  34.3  27.3 
   234  34.0  24.5 
   235  33.8  25.7 
   236  33.2  27.4 
   237  32.7  26.4 
   238  29.9  25.1 
   239  32.7  26.8 
   240  32.0  26.0 
   241  30.9  24.6 
   242  33.4  26.0 
   243  34.4  25.8 
   244  34.0  26.8 
   245  27.6  24.2 
   246  33.0  26.0 
   247  33.2  24.4 
   248  31.2  25.6 
   249  26.6  25.0 
   250  31.2  25.1 
   251  33.6  25.0 
   252  33.6  25.9 
   253  34.5  26.4 
   254  34.8  26.7 
   255  34.5  27.0 
   256  34.1  27.4 
   257  33.8  26.2 
   258  34.4  26.6 
   259  34.0  25.4 
   260  33.7  26.0 
   261  32.0  24.9 
   262  32.0  25.9 
   263  32.1  25.8 
   264  29.0  24.4 
   265  31.1  22.4 
   266  32.8  24.8 
   267  32.7  24.2 
   268  32.4  27.4 
   269  32.1  24.8 
   270  32.3  23.6 
   271  33.1  25.0 
   272  32.9  24.5 
   273  32.0  24.5 
   274  30.1  23.2 
   275  32.7  23.3 
   276  31.9  23.4 
   277  32.8  23.2 
   278  32.7  22.9 
   279  32.0  24.4 
   280   DNA   DNA 
   281  30.6  20.4 
   282  31.3  22.2 
   283  31.4  21.7 
   284  31.6  21.8 
   285  31.9  22.4 
   286  31.7  22.4 
   287  32.0  21.3 
   288  31.7  22.4 
   289  31.9  21.6 
   290  30.9  21.5 
   291  31.0  21.6 
   292  30.8  21.2 
   293  30.4  20.8 
   294  28.2  21.2 
   295  30.0  22.2 
   296  29.9  19.0 
   297  29.9  18.7 
   298  30.4  20.4 
   299  29.7  20.7 
   300  29.8  20.2 
   301  30.4  19.7 
   302  30.1  18.0 
   303  29.7  16.5 
   304  30.9  17.5 
   305  30.4  17.8 
   306  30.5  17.5 
   307  30.4  16.7 
   308  29.9  16.7 
   309  29.8  16.9 
   310  30.1  16.4 
   311  29.6  16.0 
   312  28.9  14.6 
   313  29.2  15.6 
   314  30.0  15.2 
   315  30.3  15.0 
   316  29.9  15.7 
   317  29.4  15.4 
   318  28.4  14.8 
   319  28.8  14.2 
   320  29.2  14.4 
   321  30.0  14.6 
   322  30.0  13.7 
   323  28.9  14.0 
   324  28.8  14.0 
   325  28.5  13.8 
   326  29.5  14.6 
   327  28.0  13.5 
   328  27.0  13.0 
   329  27.0  13.3 
   330  26.8  13.7 
   331  25.8  13.4 
   332  27.0  13.4 
   333  27.0  14.0 
   334  27.6  14.1 
   335  27.7  13.8 
   336  26.6  12.5 
   337  26.5  13.7 
   338  26.4  13.5 
   339  26.6  12.8 
   340  26.4  13.5 
   341  25.4  10.8 
   342  26.0  12.8 
   343  26.0  11.9 
   344  25.8  10.7 
   345  26.2   9.0 
   346  25.6   9.2 
   347  24.8  10.5 
   348  22.6   9.4 
   349  24.5   9.4 
   350  25.0   9.7 
   351  24.9  10.2 
   352  24.2   9.5 
   353  23.9   9.2 
   354  24.2  10.4 
   355  24.8  10.9 
   356  24.9  11.0 
   357  23.5  12.0 
   358  20.8  16.0 
   359  24.3  14.7 
   360  23.3  12.0 
   361  25.7  12.4 
   362  25.4  11.3 
   363  24.4   9.7 
   364  25.3  13.2 
   365  25.0   9.9 
   366  18.5   8.7 
