      1    0.0
      2    0.0
      3    0.0
      4    0.0
      5    0.0
      6    0.0
      7    0.0
      8    0.0
      9    0.0
     10    0.0
     11    0.0
     12    0.0
     13    0.0
     14    0.0
     15    0.0
     16    0.0
     17    0.0
     18    0.0
     19    0.0
     20    0.0
     21    0.0
     22    3.0
     23    0.0
     24    0.0
     25    0.0
     26    0.0
     27    0.0
     28    0.0
     29    0.0
     30    0.0
     31    0.0
     32    0.0
     33    0.0
     34    0.0
     35    0.0
     36    0.0
     37    0.0
     38    0.0
     39    0.0
     40    0.0
     41    0.0
     42    0.0
     43    0.0
     44    0.0
     45    0.0
     46    0.0
     47    0.0
     48    0.0
     49    0.0
     50    0.0
     51    0.0
     52    0.0
     53    0.0
     54    0.0
     55    0.0
     56    0.0
     57    0.0
     58    0.0
     59    6.3
     60   20.0
     61    0.0
     62    0.0
     63    0.1
     64    0.8
     65    4.0
     66    0.0
     67    0.0
     68    0.0
     69    0.0
     70    0.0
     71    0.0
     72    0.0
     73    0.0
     74    0.0
     75    2.5
     76    0.0
     77    0.0
     78    0.0
     79    0.0
     80    0.0
     81    0.0
     82    0.0
     83    0.0
     84    0.0
     85    0.0
     86    0.0
     87    1.0
     88    0.0
     89    0.0
     90    0.0
     91    0.0
     92    2.9
     93    0.0
     94    0.0
     95    0.0
     96    0.2
     97   14.7
     98    0.0
     99    0.0
    100   16.0
    101    0.0
    102   46.1
    103    6.4
    104    1.4
    105    5.3
    106    1.3
    107   20.4
    108    2.7
    109    3.7
    110    0.8
    111    2.5
    112   14.2
    113   12.0
    114    9.3
    115    0.0
    116    0.0
    117    7.4
    118    0.0
    119    7.6
    120    5.9
    121    6.8
    122    4.6
    123    3.5
    124    0.0
    125    7.5
    126    2.2
    127   10.2
    128    3.5
    129    0.0
    130    1.8
    131    0.0
    132    0.2
    133    8.0
    134    0.6
    135   18.8
    136    0.0
    137    0.0
    138    2.5
    139    0.5
    140    0.0
    141    3.1
    142    6.6
    143    0.0
    144    0.0
    145    0.0
    146    1.5
    147    3.5
    148    0.2
    149    0.5
    150   16.4
    151    7.2
    152    0.2
    153    0.0
    154    0.0
    155   33.4
    156   17.0
    157    7.4
    158   30.0
    159    3.4
    160    7.9
    161    2.5
    162   70.2
    163   83.6
    164   44.2
    165   26.3
    166   45.2
    167   26.2
    168    0.6
    169    0.0
    170    0.0
    171   11.6
    172   62.7
    173    8.0
    174    3.2
    175   21.7
    176   15.6
    177    8.6
    178    1.6
    179    7.8
    180   33.6
    181   35.6
    182    9.0
    183    2.2
    184   14.6
    185    0.4
    186    8.6
    187    2.2
    188    1.4
    189    1.5
    190    1.2
    191   17.4
    192    7.6
    193    0.4
    194   10.2
    195   29.6
    196   10.6
    197    2.6
    198    2.4
    199    0.5
    200    0.0
    201    0.0
    202    1.2
    203    6.2
    204    6.8
    205    1.9
    206    7.2
    207    8.6
    208   18.2
    209    1.0
    210    0.0
    211   15.5
    212   15.6
    213    8.2
    214    0.1
    215    5.3
    216   12.0
    217    6.9
    218    3.5
    219    6.6
    220   26.2
    221   22.0
    222    2.4
    223    2.0
    224    0.3
    225    0.0
    226    1.2
    227    0.0
    228    4.0
    229   20.2
    230    6.4
    231    3.9
    232    4.3
    233    1.4
    234    0.2
    235    0.0
    236   35.8
    237    0.4
    238   61.4
    239   14.3
    240    0.1
    241    0.0
    242    1.4
    243    2.1
    244    3.2
    245    1.5
    246    0.0
    247    3.4
    248   11.4
    249    0.0
    250    2.8
    251    0.2
    252    0.0
    253    0.3
    254    2.8
    255    0.0
    256    0.0
    257    1.4
    258    0.0
    259    0.0
    260    0.0
    261    0.0
    262    0.0
    263    0.0
    264    3.0
    265    0.0
    266    0.4
    267    0.0
    268    6.0
    269    0.0
    270    0.0
    271    0.0
    272    0.0
    273    0.0
    274    0.2
    275    6.4
    276    3.6
    277    5.2
    278    0.0
    279    0.0
    280    T  
    281    0.0
    282    0.0
    283    0.0
    284    0.0
    285    0.0
    286    1.2
    287    1.5
    288    0.0
    289   10.0
    290    2.3
    291   47.0
    292    3.6
    293    0.0
    294    0.2
    295    T  
    296    0.0
    297    0.0
    298    0.0
    299    0.0
    300    0.0
    301    0.0
    302    0.0
    303    0.0
    304    0.0
    305    0.0
    306    0.0
    307    0.0
    308    0.0
    309    0.0
    310    0.2
    311    0.0
    312    0.0
    313    0.0
    314    0.0
    315    0.0
    316    0.0
    317    0.0
    318    0.0
    319    0.0
    320    0.0
    321    0.0
    322    0.0
    323    0.0
    324    0.0
    325    0.0
    326    0.0
    327    0.0
    328    0.0
    329    0.0
    330    0.0
    331    0.0
    332    0.0
    333    0.0
    334    0.0
    335    0.0
    336    0.0
    337    0.0
    338    0.0
    339    0.0
    340    0.0
    341    0.0
    342    0.0
    343    0.0
    344    0.0
    345    0.0
    346    0.0
    347    0.0
    348    0.0
    349    0.0
    350    0.0
    351    0.0
    352    0.0
    353    0.0
    354    0.0
    355    0.0
    356    0.0
    357    0.0
    358    0.0
    359    0.0
    360    0.0
    361    0.0
    362    0.0
    363    0.0
    364    0.0
    365    0.0
