      1    0.0
      2    0.0
      3    0.0
      4    0.0
      5    0.0
      6    0.0
      7    0.0
      8    0.0
      9    0.0
     10    0.0
     11    0.0
     12    0.0
     13    0.0
     14    0.0
     15    0.0
     16    0.0
     17    0.0
     18    0.0
     19    0.0
     20    0.0
     21    0.0
     22    0.0
     23    0.0
     24    0.0
     25    0.0
     26    0.0
     27    0.0
     28    0.0
     29    0.0
     30    0.0
     31    0.0
     32    0.0
     33    T  
     34    T  
     35    T  
     36    0.0
     37   15.9
     38    0.0
     39    0.0
     40    0.0
     41    0.0
     42    5.3
     43    0.0
     44   16.3
     45   28.7
     46    0.0
     47    3.0
     48    0.0
     49    0.0
     50    0.0
     51    0.0
     52    0.0
     53    0.0
     54    0.0
     55    0.0
     56    2.6
     57    0.0
     58    0.0
     59    1.0
     60    7.9
     61    T  
     62    0.0
     63    0.0
     64    0.0
     65    0.0
     66    0.0
     67    0.0
     68    0.0
     69    0.0
     70    0.0
     71   16.1
     72    4.5
     73    5.0
     74    2.8
     75    0.0
     76    0.0
     77    0.0
     78    0.0
     79    0.0
     80    0.0
     81    0.0
     82    0.0
     83    0.0
     84    0.0
     85    0.0
     86    0.0
     87    0.0
     88    0.0
     89    0.0
     90    0.0
     91    0.0
     92    0.0
     93    0.0
     94    0.0
     95    0.0
     96    0.0
     97    1.5
     98    1.7
     99    T  
    100    0.0
    101   19.2
    102    0.0
    103    0.0
    104    0.0
    105    0.0
    106    0.2
    107    0.0
    108    T  
    109    0.0
    110    0.0
    111   31.4
    112    3.3
    113    3.5
    114    8.5
    115    T  
    116    0.0
    117    0.0
    118    0.0
    119    8.6
    120    T  
    121    0.0
    122   14.7
    123    0.0
    124    5.7
    125    8.5
    126    1.2
    127    1.7
    128    4.5
    129    T  
    130    0.0
    131    8.4
    132    0.0
    133    0.1
    134    T  
    135    T  
    136    3.2
    137   29.3
    138    6.5
    139    T  
    140    1.1
    141    5.8
    142    0.0
    143    0.0
    144    0.0
    145    0.0
    146    0.0
    147    0.0
    148    0.0
    149    0.0
    150    0.0
    151    0.0
    152    0.0
    153    0.0
    154    1.5
    155    1.3
    156   45.4
    157   12.3
    158   20.7
    159   12.3
    160    3.0
    161    6.8
    162    6.6
    163    2.1
    164    0.0
    165   35.2
    166    0.5
    167    3.7
    168    0.3
    169    7.5
    170    0.0
    171    T  
    172    T  
    173    3.9
    174   20.2
    175   21.8
    176    0.5
    177   34.4
    178    4.4
    179   18.6
    180    0.0
    181    0.0
    182    T  
    183    2.5
    184    4.0
    185    4.6
    186    1.3
    187   18.8
    188    0.0
    189    0.6
    190    4.4
    191    2.8
    192    T  
    193    0.0
    194   34.6
    195   30.3
    196    8.7
    197   10.2
    198    0.6
    199    0.0
    200    1.9
    201    0.8
    202    7.1
    203    3.2
    204    0.4
    205    1.7
    206    2.7
    207   19.4
    208    7.0
    209   31.5
    210    3.0
    211   25.2
    212    0.0
    213    4.7
    214   15.9
    215    1.4
    216    0.0
    217   18.4
    218    0.0
    219   12.0
    220    0.0
    221    0.4
    222    0.0
    223   18.6
    224    4.3
    225   37.6
    226    3.4
    227   12.1
    228    0.3
    229   14.1
    230    1.9
    231    5.5
    232    2.7
    233    2.8
    234    0.0
    235    0.0
    236    0.0
    237    6.0
    238   26.4
    239    6.4
    240    2.3
    241   13.0
    242    0.0
    243   13.5
    244   15.4
    245   29.0
    246    8.4
    247    0.2
    248   52.6
    249   39.9
    250   20.0
    251    0.0
    252    T  
    253    4.2
    254    0.0
    255    0.0
    256    7.8
    257    6.6
    258    T  
    259    1.5
    260    0.0
    261   47.7
    262    0.9
    263    7.0
    264    1.0
    265    0.4
    266    0.0
    267    T  
    268   10.5
    269   26.9
    270    1.8
    271    5.1
    272   23.0
    273   22.6
    274    0.2
    275    0.0
    276    0.0
    277    0.0
    278    0.0
    279    0.0
    280    0.0
    281    1.5
    282    0.2
    283    0.0
    284    0.0
    285    0.0
    286    3.0
    287    0.3
    288    0.0
    289    T  
    290   13.2
    291    0.1
    292    0.0
    293    0.0
    294    0.0
    295    0.0
    296    0.0
    297    0.0
    298    0.0
    299    0.0
    300    0.0
    301    0.0
    302    0.0
    303    0.0
    304    0.0
    305    0.0
    306    0.0
    307    0.0
    308    T  
    309    0.0
    310    T  
    311    T  
    312    0.0
    313    T  
    314    3.2
    315    0.0
    316    0.0
    317    0.0
    318    0.0
    319    0.0
    320    0.0
    321    0.0
    322    0.0
    323    0.0
    324    0.0
    325    0.0
    326    0.0
    327    0.0
    328    0.0
    329    0.0
    330    0.0
    331    0.0
    332    0.0
    333    0.0
    334    0.0
    335    0.0
    336    0.0
    337    0.0
    338    0.0
    339    0.0
    340    0.0
    341    0.0
    342    0.0
    343    0.0
    344    0.0
    345    0.0
    346    0.0
    347    0.0
    348    0.0
    349    0.0
    350    0.0
    351    0.0
    352    0.0
    353    0.0
    354    0.0
    355    0.0
    356    0.0
    357    0.0
    358    0.0
    359    0.0
    360    0.0
    361    0.0
    362    0.0
    363    0.0
    364    0.0
    365    0.0
