      1    0.0
      2    0.2
      3    0.0
      4    0.0
      5    0.0
      6    0.0
      7    0.0
      8    0.0
      9    0.0
     10    0.0
     11    0.0
     12    0.0
     13    0.0
     14    0.0
     15    0.0
     16    0.0
     17    0.0
     18    0.0
     19   11.3
     20    0.0
     21    0.0
     22    0.0
     23    0.0
     24    0.0
     25    0.0
     26    0.0
     27    0.0
     28    0.0
     29    0.0
     30    0.0
     31    0.0
     32    0.0
     33    0.0
     34    0.0
     35    0.0
     36    1.5
     37    0.7
     38    2.5
     39    0.0
     40    0.0
     41    0.0
     42    0.0
     43    0.0
     44    0.0
     45    0.0
     46    0.0
     47    0.4
     48   30.6
     49    9.0
     50    0.4
     51    0.0
     52    0.2
     53    0.0
     54    0.0
     55    0.0
     56    0.1
     57    0.0
     58    0.0
     59    0.0
     60    0.0
     61    0.0
     62    0.0
     63    0.0
     64    0.0
     65    0.0
     66    0.0
     67   22.8
     68    0.0
     69    T  
     70    3.0
     71    0.0
     72    0.0
     73    0.0
     74    0.0
     75    0.0
     76    0.0
     77    0.0
     78    0.0
     79    0.0
     80    0.0
     81    1.5
     82    0.0
     83    0.0
     84    0.0
     85    0.0
     86    0.0
     87    0.0
     88    0.0
     89    0.0
     90    0.0
     91    0.0
     92    0.0
     93    2.0
     94    T  
     95    0.0
     96    0.0
     97    0.0
     98    0.0
     99    0.0
    100    0.0
    101    0.0
    102    0.0
    103    0.0
    104    0.0
    105    0.0
    106    0.0
    107    3.4
    108    0.7
    109    0.5
    110   13.1
    111    6.6
    112   16.0
    113    1.5
    114    0.1
    115    0.6
    116    0.0
    117    0.0
    118    0.0
    119    0.0
    120    0.0
    121    0.0
    122    0.0
    123    0.0
    124    0.0
    125    0.0
    126    T  
    127    0.0
    128    4.3
    129    0.0
    130    0.0
    131    0.0
    132    2.0
    133    0.0
    134    0.0
    135    1.4
    136    2.8
    137   33.0
    138    1.2
    139    0.2
    140    0.5
    141   53.0
    142    1.0
    143    0.5
    144  100.5
    145    0.0
    146    0.0
    147   20.5
    148    0.4
    149    6.8
    150    0.0
    151   50.5
    152    1.7
    153    T  
    154    0.3
    155    0.0
    156    0.2
    157   32.8
    158    1.0
    159   50.2
    160    T  
    161    0.0
    162    1.4
    163    2.6
    164   19.5
    165    0.0
    166    1.4
    167   20.5
    168    0.7
    169   38.5
    170   20.2
    171    3.7
    172    T  
    173   60.0
    174    0.6
    175   12.0
    176   16.5
    177    0.4
    178    4.1
    179    2.3
    180    4.5
    181    4.0
    182    1.6
    183    T  
    184    1.1
    185    0.5
    186    4.5
    187    2.7
    188   15.6
    189    8.6
    190    1.8
    191   24.2
    192    9.5
    193    0.2
    194    0.0
    195    8.2
    196   44.9
    197    T  
    198    4.3
    199    1.0
    200    9.0
    201    1.2
    202    0.5
    203   56.5
    204   12.6
    205   24.8
    206   75.0
    207   64.8
    208    5.0
    209   11.2
    210    3.6
    211    3.4
    212   32.2
    213   25.6
    214    8.2
    215   15.0
    216   10.2
    217   20.3
    218    2.2
    219    8.7
    220   22.2
    221    4.6
    222    0.0
    223   16.8
    224   40.0
    225   64.7
    226   10.0
    227    0.0
    228    2.0
    229   70.3
    230    4.3
    231    1.9
    232   44.0
    233    2.5
    234    5.2
    235    0.3
    236    0.3
    237   16.8
    238   26.4
    239    0.4
    240    2.0
    241    2.3
    242    3.1
    243   21.1
    244    1.4
    245    0.4
    246    3.3
    247   67.2
    248    0.0
    249    0.0
    250    0.0
    251    0.0
    252   10.7
    253    0.0
    254    1.3
    255    0.4
    256    0.0
    257   19.3
    258    6.2
    259    0.0
    260    0.0
    261    0.0
    262    T  
    263    2.0
    264    0.0
    265    T  
    266   46.7
    267   25.0
    268    0.0
    269    0.0
    270    0.0
    271    T  
    272   33.4
    273    T  
    274    T  
    275    0.7
    276    6.2
    277    7.5
    278    3.3
    279    3.1
    280    2.5
    281    0.0
    282    0.0
    283    0.0
    284    0.0
    285    0.0
    286    0.0
    287   27.8
    288   42.0
    289    0.4
    290    T  
    291    2.2
    292    0.0
    293    0.0
    294    0.0
    295    0.0
    296    0.0
    297    0.0
    298    0.0
    299    0.0
    300    0.0
    301    T  
    302    0.0
    303    0.0
    304    0.0
    305    0.0
    306    0.0
    307    0.0
    308    0.0
    309    0.0
    310    0.0
    311    0.0
    312    0.0
    313    0.0
    314    0.0
    315    0.0
    316    0.0
    317    0.0
    318    0.0
    319    0.0
    320    0.0
    321    0.0
    322    0.0
    323    0.0
    324    0.0
    325    0.0
    326    0.0
    327    0.0
    328    0.0
    329    0.0
    330    0.0
    331    0.0
    332    0.0
    333    0.0
    334    0.0
    335    0.0
    336    0.0
    337    0.0
    338    0.0
    339    0.0
    340    0.0
    341    0.0
    342    0.0
    343    0.0
    344    0.0
    345    0.0
    346    0.0
    347    0.0
    348    T  
    349    0.0
    350    0.0
    351    0.0
    352    0.0
    353    0.0
    354    0.0
    355    0.0
    356    0.0
    357    0.0
    358    0.0
    359    0.0
    360    0.0
    361    0.0
    362    0.0
    363    0.0
    364    0.0
    365    0.0
