      1    0.0
      2    0.0
      3    0.0
      4    0.0
      5    0.0
      6    0.0
      7    0.0
      8    4.8
      9    8.8
     10    0.0
     11    0.0
     12    0.5
     13    0.0
     14    0.0
     15    0.4
     16    0.0
     17    0.0
     18    0.0
     19    0.0
     20    0.0
     21    5.2
     22    1.2
     23    0.0
     24    0.0
     25    0.0
     26    0.0
     27    0.0
     28    0.0
     29    2.8
     30    0.0
     31    0.0
     32    0.0
     33    0.0
     34    0.0
     35    0.0
     36    0.0
     37    0.0
     38    0.0
     39    0.0
     40    0.6
     41    0.0
     42    0.0
     43    0.0
     44    0.0
     45    0.0
     46    0.0
     47    0.0
     48    0.0
     49    0.0
     50    0.0
     51    0.0
     52    0.0
     53    0.0
     54    0.0
     55    0.0
     56    1.2
     57    0.2
     58    7.2
     59   23.2
     60    0.0
     61    0.0
     62    0.0
     63    0.0
     64    1.1
     65    1.6
     66   35.8
     67    7.2
     68    0.0
     69    0.0
     70    T  
     71    2.8
     72    0.0
     73    0.0
     74    0.0
     75    0.0
     76    0.0
     77    0.0
     78    0.0
     79    0.0
     80    0.0
     81    0.0
     82    0.0
     83    0.0
     84    0.0
     85    0.0
     86    0.0
     87    0.0
     88    0.0
     89    0.0
     90    0.0
     91    0.0
     92    0.0
     93    0.0
     94    0.0
     95    0.0
     96    0.0
     97    0.0
     98    0.0
     99    0.0
    100    0.0
    101    0.0
    102    0.0
    103    0.0
    104    1.0
    105    0.0
    106    0.0
    107    0.0
    108    0.0
    109    0.0
    110    0.0
    111    0.0
    112    0.0
    113   10.9
    114    0.0
    115    0.0
    116    0.0
    117    0.0
    118   13.4
    119    0.0
    120    0.0
    121    2.9
    122    0.0
    123    0.0
    124    8.5
    125    1.4
    126    0.0
    127    0.0
    128    0.0
    129   19.6
    130    0.0
    131    0.0
    132    5.9
    133    0.0
    134    0.0
    135   10.4
    136    5.8
    137    6.5
    138    0.0
    139    2.2
    140    2.2
    141    2.2
    142    0.2
    143    0.1
    144    4.2
    145    0.2
    146    2.8
    147    0.3
    148    0.0
    149    2.0
    150    0.0
    151    3.7
    152    0.0
    153    0.0
    154    0.0
    155    0.0
    156    3.5
    157    0.2
    158   10.8
    159    2.6
    160    8.1
    161    T  
    162   27.6
    163    T  
    164    3.4
    165    3.6
    166    T  
    167   40.0
    168   64.0
    169   67.2
    170    6.4
    171   19.4
    172    6.8
    173    0.0
    174    6.8
    175   16.8
    176    0.0
    177   23.2
    178    3.0
    179   13.4
    180   10.4
    181    3.2
    182    0.0
    183    0.1
    184   23.8
    185    0.0
    186   56.0
    187    1.5
    188    3.4
    189    5.5
    190    0.0
    191    0.0
    192    2.0
    193    1.2
    194   20.4
    195   23.4
    196   62.8
    197    4.6
    198    2.5
    199   30.0
    200   44.8
    201    0.3
    202   23.6
    203    0.0
    204    0.0
    205    7.0
    206  102.0
    207   14.4
    208    8.4
    209   13.5
    210    0.0
    211    4.0
    212    0.8
    213    0.4
    214   11.2
    215   17.6
    216   36.2
    217    3.4
    218   10.0
    219   28.6
    220    0.4
    221    4.4
    222    6.8
    223   92.8
    224    5.2
    225    0.0
    226    1.2
    227   11.6
    228    0.0
    229    2.4
    230    0.4
    231    8.7
    232    0.4
    233   10.4
    234    7.6
    235   19.7
    236    T  
    237   24.0
    238    1.4
    239    0.1
    240    6.4
    241    0.0
    242   17.4
    243    7.8
    244   25.4
    245   18.0
    246   10.7
    247    6.8
    248    0.0
    249    6.6
    250   19.1
    251    0.4
    252    0.0
    253   39.8
    254   37.8
    255    9.9
    256    8.6
    257    2.4
    258   14.6
    259    1.4
    260    9.3
    261    0.1
    262    0.0
    263    0.8
    264    0.0
    265   12.3
    266    0.0
    267   18.4
    268    2.0
    269   47.1
    270   29.6
    271    0.0
    272    0.0
    273    0.0
    274    0.8
    275   13.1
    276    6.2
    277   26.0
    278    0.0
    279    1.1
    280    0.0
    281    1.8
    282    1.2
    283    0.0
    284    0.3
    285    4.4
    286   64.4
    287    0.0
    288    0.0
    289    0.0
    290    0.0
    291    0.0
    292    0.0
    293    0.0
    294    0.0
    295    0.0
    296    0.0
    297    0.0
    298    0.0
    299    0.0
    300    0.0
    301    0.0
    302    0.0
    303    0.0
    304    0.0
    305    0.0
    306   10.4
    307    4.0
    308    0.0
    309    1.1
    310    0.0
    311    0.0
    312    0.0
    313    0.0
    314    0.0
    315    0.0
    316    0.0
    317    0.0
    318    0.0
    319    0.0
    320    0.0
    321    0.0
    322    0.0
    323    0.0
    324    0.0
    325    0.0
    326    0.0
    327    0.0
    328    0.0
    329    0.0
    330    0.0
    331    0.0
    332    0.0
    333    0.0
    334    0.0
    335    0.0
    336    0.0
    337    0.0
    338    0.0
    339    0.0
    340    0.0
    341    0.0
    342    0.0
    343    0.0
    344    0.0
    345    0.0
    346    0.0
    347    0.0
    348    0.0
    349    0.0
    350    0.0
    351    0.0
    352    0.0
    353    0.0
    354    0.0
    355    0.0
    356    0.0
    357    0.0
    358    0.0
    359    0.0
    360    0.0
    361    0.0
    362    0.0
    363    0.0
    364    0.0
    365    0.0
