1997          Temperature for RAMPUR                  
        Tmax  Tmin
     1  25.0   9.0 
     2  24.0   7.0 
     3  24.0   7.0 
     4  23.5   7.0 
     5  22.5   8.0 
     6  23.5   9.0 
     7  23.0   8.0 
     8  21.5   8.5 
     9  23.0   9.0 
    10  24.2   6.0 
    11  24.0   4.5 
    12  24.0   5.0 
    13  23.0   4.0 
    14  23.0   1.6 
    15  22.0   7.0 
    16  22.5   4.5 
    17  22.5   3.5 
    18  23.0   4.0 
    19  22.0   4.5 
    20  17.2   9.0 
    21  21.5  11.5 
    22  21.4   8.8 
    23  21.0   4.8 
    24  19.5   7.3 
    25  20.0   6.4 
    26  20.2   6.0 
    27  20.4   7.0 
    28  23.0   7.0 
    29  23.5   7.0 
    30  23.0   7.0 
    31  23.5   7.5 
    32  23.0   6.0 
    33  23.0   4.5 
    34  21.8   8.5 
    35  23.0   8.0 
    36  23.0   7.5 
    37  22.5   5.0 
    38  22.0   4.5 
    39  22.0   4.0 
    40  23.0   5.0 
    41  25.0   6.0 
    42  24.0   6.5 
    43  24.0   7.5 
    44  24.0   6.5 
    45  25.0   7.5 
    46  26.8   9.0 
    47  26.5   8.8 
    48  27.4   6.5 
    49  26.4   6.0 
    50  22.5   8.5 
    51  27.0   4.5 
    52  26.8   6.0 
    53  26.0   6.5 
    54  26.5   7.0 
    55  25.0   8.0 
    56  29.0   9.5 
    57  29.0  11.0 
    58  27.5  11.0 
    59  27.8   9.5 
    60  28.5   9.8 
    61  29.0  15.0 
    62  29.8  12.5 
    63  30.8  11.0 
    64  31.5  10.5 
    65  31.3   9.5 
    66  31.0   9.5 
    67  31.8  11.0 
    68  32.5  12.0 
    69  32.5  14.0 
    70  32.5  15.5 
    71  33.0  13.0 
    72  28.4  13.5 
    73  33.0  15.0 
    74  33.0  13.5 
    75  31.0  14.4 
    76  31.2  13.5 
    77  31.0  13.5 
    78  32.4  14.0 
    79  32.0  16.4 
    80  31.2  15.0 
    81  31.5  13.5 
    82  31.5  10.5 
    83  33.0  10.8 
    84  32.0  10.5 
    85  32.0  10.5 
    86  33.0  11.5 
    87  33.8  13.0 
    88  32.0  15.8 
    89  31.0  16.5 
    90  30.5  12.5 
    91  32.4  15.8 
    92  33.0  14.5 
    93  24.2  17.0 
    94  32.0  16.0 
    95  32.8  15.0 
    96  32.0  13.0 
    97  32.0  11.0 
    98  31.5  13.0 
    99  29.5  17.5 
   100  30.0  17.0 
   101  30.5  16.5 
   102  30.2  19.2 
   103  32.2  18.5 
   104  32.2  19.5 
   105  33.5  19.0 
   106  33.0  19.0 
   107  35.5  17.5 
   108  35.0  15.0 
   109  35.5  15.0 
   110  35.8  16.0 
   111  34.5  15.5 
   112  35.0  19.5 
   113  34.0  20.4 
   114  33.5  20.5 
   115  29.0  23.0 
   116  31.8  21.0 
   117  33.5  21.0 
   118  33.0  22.0 
   119  33.2  22.5 
   120  33.2  19.5 
   121  33.8  20.5 
   122  34.8  22.8 
   123  34.5  19.0 
   124  36.5  19.8 
   125  38.0  20.0 
   126  37.0  19.5 
   127  36.0  21.0 
   128  31.0  23.0 
   129  35.0  19.0 
   130  37.0  18.5 
   131  37.0  17.5 
   132  37.5  18.5 
   133  39.5  21.0 
   134  39.8  21.5 
   135  40.5  20.5 
   136  40.0  20.5 
   137  38.8  17.8 
   138  39.0  18.4 
   139  38.0  21.4 
   140  36.0  20.8 
   141  38.0  23.0 
   142  38.0  22.8 
   143  38.0  23.5 
   144  35.0  22.5 
   145  34.5  20.0 
   146  32.2  21.8 
   147  32.0  24.3 
   148  33.0  23.5 
   149  33.5  19.5 
   150  32.0  20.2 
   151  35.0  20.5 
   152  36.8  22.5 
   153  37.5  22.0 
   154  37.0  22.5 
   155  38.0  23.0 
   156  39.0  23.0 
   157  39.2  23.5 
   158  39.5  24.0 
   159  39.2  23.5 
   160  40.0  23.8 
   161  37.0  24.8 
   162  38.5  24.0 
   163  38.5  23.5 
   164  37.4  25.5 
   165  37.0  23.5 
   166  39.0  26.5 
   167  36.5  25.0 
   168  38.5  24.5 
   169  35.8  24.0 
   170  35.0  23.8 
   171  36.0  24.0 
   172  36.8  23.0 
   173  36.4  25.0 
   174  35.0  23.5 
   175  36.2  24.5 
   176  34.0  24.5 
   177  35.0  24.8 
   178  34.8  26.0 
   179  33.0  27.0 
   180  29.0  25.0 
   181  27.0  24.5 
   182  32.5  23.8 
   183  34.5  24.0 
   184  35.0  25.5 
   185  35.5  25.0 
   186  35.0  27.0 
   187  33.2  26.8 
   188  34.5  27.0 
   189  34.0  26.1 
   190  30.0  25.0 
   191  30.0  25.5 
   192  31.5  24.5 
   193  33.0  25.0 
   194  33.0  25.0 
   195  33.8  24.5 
   196  35.5  25.0 
   197  34.2  25.5 
   198  35.4  26.5 
   199  36.5  26.5 
   200  34.5  24.5 
   201  36.0  26.5 
   202  35.5  25.5 
   203  35.2  26.0 
   204  34.0  26.5 
   205  35.3  25.0 
   206  35.5  25.2 
   207  34.8  26.0 
   208  36.0  27.0 
   209  37.0  25.5 
   210  36.0  26.0 
   211  35.0  26.8 
   212   DNA   DNA 
   213  35.0  26.3 
   214  36.0  27.0 
   215  35.0  27.0 
   216  36.2  27.0 
   217  35.3  24.5 
   218  34.4  26.5 
   219  33.5  26.5 
   220  32.5  24.0 
   221  29.5  24.0 
   222  27.5  24.0 
   223  29.0  25.0 
   224  27.4  25.0 
   225  31.5  24.5 
   226  33.0  25.0 
   227  35.5  25.5 
   228  34.0  25.0 
   229  32.5  25.0 
   230  31.0  26.0 
   231  35.0  25.8 
   232  35.0  24.5 
   233  35.2  25.8 
   234  35.5  26.0 
   235  35.5  26.0 
   236  36.0  24.5 
   237  36.2  25.0 
   238  36.4  26.0 
   239  38.0  25.5 
   240  36.5  25.8 
   241  33.8  26.0 
   242  33.5  25.0 
   243  32.5  25.0 
   244  34.5  26.0 
   245  33.5  26.0 
   246  33.0  25.5 
   247  34.0  25.0 
   248  34.8  25.5 
   249  32.5  25.0 
   250  34.5  24.5 
   251  34.5  25.0 
   252  32.5  25.0 
   253  33.0  25.0 
   254  32.0  24.5 
   255  30.5  23.0 
   256  31.0  23.5 
   257  33.4  24.5 
   258  34.0  25.0 
   259  34.0  25.0 
   260  31.3  25.0 
   261  34.0  24.5 
   262  34.5  24.5 
   263  35.0  25.5 
   264  33.0  24.5 
   265  32.5  23.0 
   266  34.0  24.0 
   267  34.0  24.0 
   268  33.5  23.5 
   269  34.0  24.0 
   270  33.0  22.8 
   271  30.0  24.5 
   272  32.5  22.5 
   273  32.0  20.0 
   274  30.5  18.0 
   275  31.4  19.0 
   276  32.0  18.0 
   277  31.8  18.5 
   278  32.5  18.5 
   279  33.0  21.0 
   280  33.2  19.5 
   281  33.8  19.8 
   282  32.0  20.5 
   283  32.0  17.0 
   284  31.2  18.0 
   285  32.0  18.0 
   286  31.8  19.0 
   287  31.5  18.5 
   288  28.8  18.3 
   289  31.0  18.0 
   290  31.5  19.0 
   291  31.3  17.0 
   292  31.5  18.0 
   293  31.0  18.5 
   294  31.5  19.5 
   295  31.4  16.5 
   296  30.0  16.5 
   297  24.5  17.0 
   298  29.5  13.5 
   299  30.0  13.5 
   300  30.2  15.5 
   301  31.0  18.0 
   302  31.0  16.5 
   303  30.5  17.5 
   304  30.5  15.0 
   305  30.0  16.0 
   306  30.5  15.0 
   307  30.0  15.5 
   308  31.0  14.5 
   309  31.5  15.0 
   310  30.6  14.0 
   311  31.6  14.0 
   312  31.2  14.5 
   313  31.0  15.5 
   314  30.0  16.5 
   315  30.0  15.5 
   316  29.0  13.5 
   317  29.5  13.0 
   318  28.8  12.5 
   319  28.0  12.5 
   320  28.0  12.0 
   321  27.8  13.0 
   322  27.8  12.5 
   323  27.2  16.5 
   324  28.0  13.0 
   325  28.0  12.8 
   326  28.5  12.0 
   327  28.8  16.5 
   328  28.8  12.5 
   329  24.0  11.5 
   330  24.8  17.0 
   331  26.5  12.0 
   332  22.8  12.5 
   333  22.5  12.5 
   334  23.8  13.0 
   335  23.0  14.0 
   336  25.5  10.5 
   337  27.0  13.0 
   338  26.0  11.0 
   339  25.8  12.0 
   340  27.5  12.2 
   341  26.5  10.0 
   342  21.0  11.5 
   343  16.8  10.8 
   344  18.4  10.5 
   345  22.5  11.0 
   346  22.5  11.8 
   347  22.5  13.0 
   348  19.0  12.0 
   349  22.8   7.0 
   350  23.5   6.5 
   351  23.0   7.5 
   352  21.8  10.0 
   353  21.0  12.0 
   354  19.5   9.5 
   355  15.0  11.0 
   356  22.5  10.5 
   357  22.0   8.5 
   358  22.3   8.0 
   359  21.8   9.0 
   360  19.3   8.0 
   361  19.0   7.5 
   362  21.5   7.0 
   363  21.8   9.5 
   364  24.0   9.5 
   365  22.5   9.5 
