1994          Temperature for RAMPUR                  
        Tmax  Tmin
     1  25.8   8.9 
     2  26.0   8.0 
     3  25.0   8.5 
     4  24.0   8.5 
     5  24.5   9.0 
     6  25.0   8.3 
     7  24.5   8.0 
     8  24.5   8.5 
     9  25.3   8.5 
    10  20.4   9.0 
    11  23.0  10.5 
    12  23.4  12.5 
    13  27.0  12.5 
    14  28.0  12.0 
    15  16.0  12.0 
    16  22.0  11.0 
    17  16.0   6.5 
    18  21.0   8.0 
    19  23.5   8.4 
    20  24.8   6.5 
    21  25.2   6.5 
    22  24.8   6.0 
    23  25.0   7.0 
    24  24.8   8.4 
    25  26.5   9.8 
    26  26.5   9.0 
    27  27.0  10.3 
    28  27.0  10.0 
    29  22.3  11.0 
    30  25.8  13.0 
    31  24.5  11.5 
    32  24.8  10.0 
    33  25.8   9.5 
    34  24.8   8.8 
    35  23.8   7.5 
    36  23.8   8.0 
    37  27.0   8.5 
    38  29.3   9.0 
    39  19.5  13.0 
    40  25.0  14.0 
    41  24.7  10.0 
    42  23.0  10.3 
    43  24.4   7.5 
    44  25.4   8.0 
    45  25.0   7.4 
    46  25.0   6.0 
    47  27.0   7.0 
    48  27.2   9.0 
    49  28.0  10.0 
    50  28.5   7.0 
    51  28.5   9.4 
    52  27.5  12.5 
    53  26.5  10.5 
    54  25.5   7.5 
    55  26.0   8.5 
    56  25.5   8.9 
    57  26.3  10.5 
    58  29.5  11.5 
    59  29.5  12.0 
    60  28.0  10.5 
    61  28.0  11.0 
    62  28.5  11.0 
    63  28.5  12.0 
    64  31.2  12.0 
    65  31.3  11.8 
    66  31.0  11.0 
    67  29.0  11.0 
    68  32.0  12.0 
    69  30.9  12.5 
    70  31.0  12.5 
    71  31.3  14.0 
    72  31.9  17.5 
    73  31.5  17.0 
    74  32.5  20.0 
    75  34.8  17.5 
    76  33.5  17.0 
    77  34.0  19.5 
    78  33.7  19.8 
    79  33.5  21.3 
    80  36.5  17.5 
    81  36.5  15.5 
    82  34.5  14.0 
    83  33.0  15.0 
    84  33.0  16.0 
    85  34.5  18.5 
    86  31.0  14.8 
    87  30.5  16.5 
    88  29.5  21.0 
    89  31.5  21.5 
    90  34.2  21.0 
    91  36.8  20.5 
    92  34.5  20.8 
    93  32.0  19.5 
    94  33.0  18.5 
    95  34.5  19.0 
    96  35.8  18.5 
    97  38.0  21.4 
    98  37.0  18.3 
    99  37.5  19.5 
   100  37.8  17.4 
   101  37.5  13.8 
   102  37.0  15.5 
   103  38.0  13.0 
   104  39.8  14.0 
   105  39.8  16.8 
   106  32.2  19.5 
   107  36.0  14.5 
   108  36.7  15.5 
   109  37.8  15.0 
   110  37.2  18.5 
   111  37.9  19.3 
   112  31.8  21.0 
   113  35.3  16.0 
   114  38.8  17.5 
   115  39.0  16.0 
   116  40.0  15.6 
   117  39.4  22.0 
   118  39.3  19.5 
   119  38.4  20.6 
   120  36.0  19.0 
   121  38.2  20.8 
   122  38.6  23.5 
   123  41.6  23.3 
   124  42.5  22.4 
   125  42.5  23.0 
   126  42.0  22.0 
   127  40.5  20.0 
   128  39.3  24.0 
   129  39.0  23.5 
   130  36.5  22.2 
   131  37.0  19.0 
   132  38.3  18.0 
   133  40.2  20.0 
   134  42.5  21.5 
   135  39.8  22.0 
   136  39.4  22.0 
   137  35.5  22.0 
   138  34.4  22.5 
   139  36.0  22.5 
   140  37.8  24.0 
   141  39.5  25.5 
   142  34.9  22.5 
   143  34.8  24.0 
   144  35.9  24.5 
   145  34.5  20.5 
   146  36.0  23.5 
   147  37.0  25.5 
   148  37.0  25.5 
   149  39.0  26.5 
   150  36.0  22.0 
   151  36.8  23.5 
   152  36.8  22.8 
   153  36.8  26.8 
   154  37.5  23.0 
   155  37.9  25.2 
   156  38.8  20.5 
   157  38.8  22.5 
   158  36.0  26.4 
   159  34.7  23.4 
   160  37.0  25.0 
   161  33.2  25.0 
   162  34.5  26.0 
   163  35.3  25.0 
   164  36.0  26.0 
   165  36.5  27.0 
   166  36.4  25.8 
   167  36.5  26.0 
   168  38.8  24.8 
   169  37.2  26.5 
   170  33.5  25.5 
   171  33.5  25.6 
   172  34.3  26.5 
   173  36.0  26.5 
   174  34.5  26.0 
   175  35.8  27.0 
   176  35.3  24.5 
   177  34.0  25.5 
   178  35.8  25.0 
   179  35.8  26.0 
   180  33.5  25.5 
   181  35.0  26.5 
   182  35.8  25.0 
   183  32.0  24.0 
   184  34.0  25.0 
   185  34.9  25.8 
   186  34.0  25.5 
   187  35.0  26.0 
   188  34.5  26.8 
   189  34.5  25.5 
   190  33.0  26.0 
   191  36.2  26.8 
   192  35.4  26.6 
   193  36.0  26.5 
   194  36.8  25.5 
   195  35.0  26.0 
   196  37.5  26.5 
   197  36.5  27.5 
   198  37.5  26.4 
   199  34.5  25.0 
   200  34.0  25.8 
   201  36.0  26.8 
   202  33.9  25.8 
   203  34.5  26.0 
   204  32.4  25.0 
   205  34.0  26.0 
   206  33.8  26.0 
   207  32.0  25.0 
   208  33.5  25.5 
   209  34.5  26.4 
   210  31.5  26.0 
   211  34.0  25.5 
   212  36.0  25.0 
   213  36.9  26.5 
   214  37.3  27.0 
   215  35.4  25.5 
   216  33.5  27.5 
   217  33.0  25.8 
   218  36.0  25.5 
   219  35.0  25.5 
   220  36.0  27.0 
   221  34.8  25.4 
   222  34.7  26.5 
   223  33.5  26.0 
   224  33.4  24.5 
   225  33.5  26.0 
   226  31.0  24.8 
   227  28.4  25.0 
   228  36.5  25.5 
   229  36.5  24.5 
   230  35.0  25.8 
   231  35.4  25.0 
   232  34.8  26.4 
   233  33.0  25.2 
   234  33.4  26.0 
   235  33.5  25.0 
   236  33.2  24.3 
   237  35.0  25.0 
   238  34.3  25.0 
   239  35.4  25.4 
   240  36.5  26.0 
   241  34.2  26.0 
   242  36.0  25.0 
   243  35.0  25.3 
   244  34.8  27.0 
   245  35.2  25.5 
   246  33.5  25.5 
   247  35.4  26.0 
   248  33.0  26.0 
   249  33.0  26.0 
   250  35.0  26.0 
   251  35.8  26.4 
   252  35.0  26.3 
   253  27.7  24.3 
   254  35.0  24.0 
   255  31.0  26.0 
   256  32.4  25.5 
   257  25.0  23.6 
   258  28.5  22.5 
   259  35.0  21.5 
   260  36.8  23.5 
   261  34.4  23.5 
   262  27.4  23.6 
   263  30.5  23.0 
   264  33.3  24.5 
   265  34.0  24.5 
   266  34.5  24.5 
   267  34.5  24.5 
   268  34.0  23.5 
   269  34.5  21.0 
   270  35.0  22.0 
   271  35.5  23.0 
   272  34.3  25.0 
   273  34.5  21.8 
   274  34.0  22.0 
   275  33.9  22.0 
   276  33.5  21.0 
   277  33.8  21.0 
   278  33.5  21.5 
   279  33.0  21.0 
   280  34.5  23.4 
   281  32.3  24.0 
   282  33.3  23.0 
   283  33.2  23.2 
   284  33.2  23.5 
   285  33.2  23.0 
   286  33.5  23.2 
   287  33.3  23.5 
   288  33.8  19.0 
   289  33.8  19.8 
   290  31.8  14.5 
   291  31.9  16.0 
   292  31.5  16.5 
   293  31.8  16.5 
   294  31.5  14.5 
   295  31.4  14.5 
   296  31.9  14.5 
   297  32.0  15.0 
   298  31.0  13.8 
   299  30.5  14.4 
   300  29.5  17.5 
   301  30.0  18.5 
   302  30.5  20.0 
   303  31.0  18.5 
   304  26.0  19.5 
   305  30.2  18.5 
   306  30.0  14.5 
   307  30.5  15.0 
   308  30.5  14.5 
   309  30.8  12.0 
   310  30.0  13.5 
   311  30.5  12.5 
   312  31.0  13.0 
   313  31.2  13.5 
   314  31.0  12.5 
   315  30.9  12.5 
   316  31.0  13.2 
   317  31.0  13.5 
   318  31.8  13.8 
   319  28.2  14.8 
   320  28.5  13.8 
   321  28.8  11.5 
   322  28.8  11.0 
   323  29.3   9.5 
   324  29.0  11.0 
   325  29.8  10.0 
   326  29.0  10.3 
   327  24.0  12.0 
   328  25.5  12.0 
   329  28.5  12.5 
   330  27.2   9.5 
   331  27.2   9.0 
   332  26.2   8.5 
   333  23.8  10.5 
   334  22.5  13.5 
   335  22.0  16.3 
   336  23.8  12.2 
   337  23.5  13.0 
   338  25.5  12.8 
   339  25.8  11.0 
   340  26.8  12.0 
   341  26.8  12.5 
   342  26.5   8.0 
   343  25.5   8.0 
   344  25.8   8.0 
   345  25.8   8.5 
   346  24.0   7.5 
   347  23.8   6.5 
   348  23.8   6.8 
   349  24.0   6.8 
   350  24.5   7.5 
   351  24.7   7.8 
   352  25.0   5.8 
   353  24.0   5.0 
   354  24.2   6.0 
   355  25.5   5.5 
   356  26.0   5.5 
   357  25.8   4.5 
   358  25.8   4.8 
   359  25.3   5.0 
   360  25.5   5.5 
   361  25.0   7.0 
   362  22.5   9.0 
   363  24.3   7.5 
   364  23.3  10.0 
   365  21.5   7.5 
