1980          Temperature for RAMPUR                  
        Tmax  Tmin
     1  20.5   8.2 
     2  22.0   9.3 
     3  22.0   8.2 
     4  21.9   8.2 
     5  21.5   5.2 
     6  21.0   5.0 
     7  21.0   6.0 
     8  21.3   5.2 
     9  22.0   5.8 
    10  22.6   5.8 
    11  21.8   6.0 
    12  21.8   6.8 
    13  22.5   6.0 
    14  22.0   6.0 
    15  21.6   5.2 
    16  22.0   4.5 
    17  22.2   5.6 
    18  22.4   7.0 
    19  22.8   7.0 
    20  22.8   9.1 
    21  23.0   9.0 
    22  23.8   9.5 
    23  23.2   9.8 
    24  21.0   6.0 
    25  22.4   7.0 
    26  22.5   6.6 
    27  22.8   7.8 
    28  24.0   9.2 
    29  22.2   6.0 
    30  21.2   6.0 
    31  22.0   6.0 
    32  22.6   6.0 
    33  23.2   6.2 
    34  24.2  12.0 
    35  25.0   8.5 
    36  24.8   8.8 
    37  23.0   7.0 
    38  21.0   5.0 
    39  21.4   6.0 
    40  22.2   8.0 
    41  23.0   7.0 
    42  23.2   5.9 
    43  24.0   6.2 
    44  24.2   7.2 
    45  25.0   7.2 
    46  24.2   9.2 
    47  26.8   9.0 
    48  27.0   7.4 
    49  26.0   9.0 
    50  26.8   9.2 
    51  26.2   9.0 
    52  26.6  10.8 
    53  27.0  10.4 
    54  28.0  11.0 
    55  28.1  12.0 
    56  26.0   9.0 
    57  26.6  10.2 
    58  27.2  11.9 
    59  28.4  10.4 
    60  27.2  15.0 
    61  26.0  15.0 
    62  25.2   9.0 
    63  25.2  10.0 
    64  25.0  15.2 
    65  26.0  16.2 
    66  26.0  16.0 
    67  28.0  13.0 
    68  29.0  11.0 
    69  26.0  15.0 
    70  27.0  12.0 
    71  29.0  10.2 
    72  30.2  11.0 
    73  29.8   9.1 
    74  30.2   9.0 
    75  30.9  10.2 
    76  30.9  11.7 
    77  32.0  12.2 
    78  32.6  11.8 
    79  32.4  14.0 
    80  32.0  14.0 
    81  31.8  16.0 
    82  33.1  15.2 
    83  33.4  15.0 
    84  32.0  14.2 
    85  36.2  15.0 
    86  34.0  15.4 
    87  36.0  13.0 
    88  36.0  12.4 
    89  30.8  14.2 
    90  26.0  16.0 
    91  32.4  11.2 
    92  33.8  13.0 
    93  34.9  14.0 
    94  36.0  13.5 
    95  35.9  17.0 
    96  36.1  15.5 
    97  35.2  14.0 
    98  36.9  15.8 
    99  38.0  15.4 
   100  38.6  17.5 
   101  38.2  16.2 
   102  38.0  16.6 
   103  39.6  16.2 
   104  40.0  16.0 
   105  39.6  16.2 
   106  39.8  15.2 
   107  40.2  16.6 
   108  40.0  12.2 
   109  38.8  16.2 
   110  38.4  19.0 
   111  35.9  20.0 
   112  36.4  23.5 
   113  37.9  23.5 
   114  40.8  23.0 
   115  40.6  18.5 
   116  40.2  18.8 
   117  40.6  18.0 
   118  39.8  20.2 
   119  40.2  21.0 
   120  40.0  21.0 
   121  37.2  21.4 
   122  37.2  22.0 
   123  38.4  25.4 
   124  34.0  21.0 
   125  37.2  22.8 
   126  33.8  22.2 
   127  34.0  19.2 
   128  35.2  22.2 
   129  35.4  20.2 
   130  38.4  21.9 
   131  34.0  21.2 
   132  33.7  19.4 
   133  34.4  21.2 
   134  35.0  23.4 
   135  33.0  22.0 
   136  35.0  23.2 
   137  34.8  22.5 
   138  35.0  19.4 
   139  35.8  24.0 
   140  34.0  20.2 
   141  33.0  21.4 
   142  35.0  23.8 
   143  35.8  23.2 
   144  36.8  22.0 
   145  35.8  23.4 
   146  35.8  23.0 
   147  32.4  22.6 
   148  32.6  22.0 
   149  30.4  21.0 
   150  31.0  21.2 
   151  35.2  23.0 
   152  33.6  23.0 
   153  35.2  23.0 
   154  33.2  24.8 
   155  34.0  24.4 
   156  33.4  23.5 
   157  36.0  29.8 
   158  37.2  25.8 
   159  29.0  21.0 
   160  24.8  21.0 
   161  29.8  21.4 
   162  33.0  24.0 
   163  35.2  25.8 
   164  31.2  24.0 
   165  33.4  24.6 
   166  35.2  22.4 
   167  34.4  25.2 
   168  32.2  22.0 
   169  35.0  25.2 
   170  34.0  24.0 
   171  30.6  24.0 
   172  30.8  24.0 
   173  33.0  25.0 
   174  31.8  23.8 
   175  33.8  25.4 
   176  33.0  25.1 
   177  33.0  20.2 
   178  32.2  25.2 
   179  34.0  25.4 
   180  32.8  25.8 
   181  35.0  25.8 
   182  35.0  26.4 
   183  34.2  26.0 
   184  34.4  25.2 
   185  33.4  25.2 
   186  32.8  26.2 
   187  33.0  24.8 
   188  31.6  25.0 
   189  33.0  24.6 
   190  27.8  24.0 
   191  30.1  23.8 
   192  33.1  24.0 
   193  33.0  25.2 
   194  33.8  25.6 
   195  34.0  26.2 
   196  34.0  26.0 
   197  31.0  24.4 
   198  31.8  24.8 
   199  31.8  25.0 
   200  30.2  23.8 
   201  30.3  24.4 
   202  30.2  24.6 
   203  28.8  23.4 
   204  33.2  23.6 
   205  34.0  25.0 
   206  35.0  24.0 
   207  35.0  25.0 
   208  32.8  25.0 
   209  33.4  25.2 
   210  33.0  25.2 
   211  32.4  25.4 
   212  33.0  24.4 
   213  32.8  24.8 
   214  30.2  24.0 
   215  32.8  24.0 
   216  34.0  24.8 
   217  33.8  26.0 
   218  31.2  26.0 
   219  31.0  25.4 
   220  30.2  24.0 
   221  28.0  24.2 
   222  37.6  24.2 
   223  31.0  24.2 
   224  31.2  25.2 
   225  30.2  25.0 
   226  32.6  25.0 
   227  32.8  25.0 
   228  35.4  22.4 
   229  31.8  23.0 
   230  32.4  24.4 
   231  33.0  24.4 
   232  33.2  24.0 
   233  32.4  25.0 
   234  34.8  25.2 
   235  33.8  25.0 
   236  33.0  25.0 
   237  33.2  24.8 
   238  32.0  24.9 
   239  33.2  25.1 
   240  32.0  24.5 
   241  31.2  24.0 
   242  33.2  23.5 
   243  33.0  25.0 
   244  34.0  25.8 
   245  28.8  22.2 
   246  34.8  24.0 
   247  32.9  23.0 
   248  30.2  23.9 
   249  27.6  23.4 
   250  32.5  23.4 
   251  32.4  23.2 
   252  32.6  25.0 
   253  33.8  23.4 
   254  34.8  25.0 
   255  34.9  24.0 
   256  34.2  24.6 
   257  33.0  23.4 
   258  33.5  24.8 
   259  33.6  24.5 
   260  33.0  24.8 
   261  32.0  23.7 
   262  30.0  23.5 
   263  32.0  23.8 
   264  32.2  24.2 
   265  32.0  22.4 
   266  32.6  23.0 
   267  32.0  22.8 
   268  32.4  22.8 
   269  31.2  22.8 
   270  31.8  21.4 
   271  31.8  23.0 
   272  31.8  22.2 
   273  31.0  22.0 
   274  28.2  20.2 
   275  31.8  20.4 
   276  31.8  20.6 
   277  32.2  20.0 
   278  32.2  24.2 
   279  30.0  18.2 
   280  34.8  19.8 
   281  35.2  17.0 
   282  30.8  18.2 
   283  30.6  19.0 
   284  30.2  22.8 
   285  30.0  20.0 
   286  30.8  19.6 
   287  31.0  23.0 
   288  31.0  18.0 
   289  30.2  18.8 
   290  30.2  18.2 
   291  30.7  18.9 
   292  31.0  20.0 
   293  29.9  19.0 
   294  27.0  21.2 
   295  29.0  20.2 
   296  28.5  18.5 
   297  28.9  18.5 
   298  29.5  18.0 
   299  28.8  17.5 
   300  29.2  17.0 
   301  29.2  16.0 
   302  29.2  15.1 
   303  29.1  14.2 
   304  29.8  14.9 
   305  29.6  13.0 
   306  29.4  13.4 
   307  29.2  13.4 
   308  29.2  14.2 
   309  29.0  15.0 
   310  28.5  13.6 
   311  28.4  13.6 
   312  28.1  13.8 
   313  28.4  12.2 
   314  29.5  12.5 
   315  28.8  11.5 
   316  28.7  12.0 
   317  28.4  12.2 
   318  28.0  10.2 
   319  28.4  10.4 
   320  28.0  10.2 
   321  28.2   9.8 
   322  28.4  10.2 
   323  29.2   9.8 
   324  27.2   9.4 
   325  27.2  10.0 
   326  28.0  11.0 
   327  27.0  10.2 
   328  26.0  10.0 
   329  25.2   9.8 
   330  25.2   9.4 
   331  25.4   9.8 
   332  26.0  10.2 
   333  25.8  10.2 
   334  26.0  10.0 
   335  26.0  10.2 
   336  25.4  10.0 
   337  25.6  10.2 
   338  25.6  11.0 
   339  25.6  11.4 
   340  26.0  10.8 
   341  24.8  10.2 
   342  25.2  13.2 
   343  25.2  10.4 
   344  23.0   7.6 
   345  24.6   7.2 
   346  24.2   6.0 
   347  24.0   6.0 
   348  23.6   7.0 
   349  23.6   7.4 
   350  23.8   7.0 
   351  23.9   8.5 
   352  23.9   7.0 
   353  23.7   8.0 
   354  23.7   9.0 
   355  24.0   8.2 
   356  24.0   8.0 
   357  21.4   9.0 
   358  18.8  13.4 
   359  23.2  13.0 
   360  24.1   9.0 
   361  25.2   9.0 
   362  25.0   8.8 
   363  24.4   8.0 
   364  24.8  10.4 
   365  24.6   7.2 
   366  23.6   7.0 
