1995          Temperature for RAMPUR                  
        Tmax  Tmin
     1  21.0   3.5 
     2  21.3   3.5 
     3  22.0   2.5 
     4  22.2   3.5 
     5  22.5   4.5 
     6  24.0   5.5 
     7  25.0   6.5 
     8  15.0   8.0 
     9  16.5  12.0 
    10  16.8  12.8 
    11  16.5  12.2 
    12  16.8  12.0 
    13  16.9  12.5 
    14  17.0  13.5 
    15  25.0  10.2 
    16  19.8   7.0 
    17  21.7  11.7 
    18  26.0   4.5 
    19  22.9   5.0 
    20  23.4   6.5 
    21  23.0   7.0 
    22  22.7   6.0 
    23  22.7   4.0 
    24  21.5   4.0 
    25  23.0   4.0 
    26  23.0   5.0 
    27  24.0   6.5 
    28  25.0   5.4 
    29  25.0   6.0 
    30  24.5   7.0 
    31  24.0   6.5 
    32  25.0   7.5 
    33  25.3   7.5 
    34  25.0   7.0 
    35  26.0   8.5 
    36  24.0   9.5 
    37  24.2  11.4 
    38  25.4  11.5 
    39  24.5   8.4 
    40  25.0  11.0 
    41  27.4  10.2 
    42  27.5  10.0 
    43  27.8   9.5 
    44  28.8  10.5 
    45  23.0  12.0 
    46  22.8  13.8 
    47  24.3   9.4 
    48  26.0   9.4 
    49  26.3   8.3 
    50  27.0   7.2 
    51  27.5   7.5 
    52  28.0   7.4 
    53  28.5  12.0 
    54  22.5  14.0 
    55  24.5   8.2 
    56  25.5   8.0 
    57  26.5   8.0 
    58  27.5  14.0 
    59  28.4   9.5 
    60  29.0   9.0 
    61  29.5   9.0 
    62  29.0   8.0 
    63  28.2   9.5 
    64  24.8   9.8 
    65  29.8  11.0 
    66  26.0  15.0 
    67  28.6  11.5 
    68  27.0  11.8 
    69  29.0  10.5 
    70  30.0  12.0 
    71  29.8   9.6 
    72  30.0   9.0 
    73  30.8   9.5 
    74  31.8   9.0 
    75  30.0  13.5 
    76  33.0  12.5 
    77  33.0  11.0 
    78  34.8  13.0 
    79  34.8  14.5 
    80  35.0  13.0 
    81  35.5  14.4 
    82  35.8  14.8 
    83  36.0  15.2 
    84  36.8  15.5 
    85  25.2  21.0 
    86  30.8  17.4 
    87  33.3  16.0 
    88  34.8  16.5 
    89  34.0  19.0 
    90  35.0  14.0 
    91  34.4  11.0 
    92  35.5  10.8 
    93  34.8  11.5 
    94  35.0  10.0 
    95  35.5  10.5 
    96  35.8  10.8 
    97  36.5  10.8 
    98  35.4  11.5 
    99  35.8  19.0 
   100  36.5  19.5 
   101  36.4  18.4 
   102  36.5  18.0 
   103  35.2  16.5 
   104  36.0  14.5 
   105  37.0  15.5 
   106  38.8  15.8 
   107  38.8  16.0 
   108  38.8  16.5 
   109  39.5  16.8 
   110  33.8  17.5 
   111  35.5  17.0 
   112  38.0  17.5 
   113  39.2  18.0 
   114  39.8  19.5 
   115  41.5  18.5 
   116  40.2  22.5 
   117  39.0  22.5 
   118  37.8  22.0 
   119  37.2  21.8 
   120  38.2  24.0 
   121  42.0  22.5 
   122  42.2  20.0 
   123  43.0  20.8 
   124  43.0  21.5 
   125  43.0  21.8 
   126  43.0  22.0 
   127  40.2  21.8 
   128  38.0  22.0 
   129  38.8  26.0 
   130  38.2  22.5 
   131  38.8  24.5 
   132  39.8  26.5 
   133  37.2  24.5 
   134  36.8  23.0 
   135  36.0  24.8 
   136  33.5  25.4 
   137  29.2  24.5 
   138  35.8  25.0 
   139  38.2  26.5 
   140  38.5  27.5 
   141  38.2  24.0 
   142  39.1  24.0 
   143  40.5  22.5 
   144  40.8  22.5 
   145  40.5  23.5 
   146  41.5  22.8 
   147  41.3  23.2 
   148  38.0  20.8 
   149  39.5  26.0 
   150  39.0  27.5 
   151  38.0  27.0 
   152  39.0  28.0 
   153  36.8  26.0 
   154  37.0  25.5 
   155  33.5  27.0 
   156  34.0  26.8 
   157  34.2  26.6 
   158  34.5  26.5 
   159  35.5  27.0 
   160  32.8  25.5 
   161  30.2  25.5 
   162  30.5  25.2 
   163  29.8   DNA 
   164  32.3  25.5 
   165  35.3  26.5 
   166  37.3  26.2 
   167  37.0  26.4 
   168  29.4  26.0 
   169  29.5  24.0 
   170  32.3   DNA 
   171  32.3  23.5 
   172  34.0  25.5 
   173  33.0  25.8 
   174  28.5  25.5 
   175  31.0  23.0 
   176  34.8  24.5 
   177  36.0  25.5 
   178  35.4  26.5 
   179  36.0  26.5 
   180  33.9  26.5 
   181  36.3  26.4 
   182  34.8  25.0 
   183  33.8  26.0 
   184  31.0  24.0 
   185  32.8  24.3 
   186  32.3  25.8 
   187  34.8  23.8 
   188  29.5  25.6 
   189  29.3  25.0 
   190  33.4  25.5 
   191  32.7  25.5 
   192  32.0  24.7 
   193  35.2  25.5 
   194  34.3  26.0 
   195  33.6  25.0 
   196  32.8  25.5 
   197  35.5  26.5 
   198  34.4  26.0 
   199  34.5  26.0 
   200  35.3  26.5 
   201  35.9  25.8 
   202  32.9  25.8 
   203  33.3  26.0 
   204  34.0  26.0 
   205  35.0  26.7 
   206  34.8  27.0 
   207  34.5  26.3 
   208  34.7  27.0 
   209  34.5  26.0 
   210  34.8  27.0 
   211  34.8  26.0 
   212  29.5  24.4 
   213  34.0  25.5 
   214  34.5  25.3 
   215  34.2  24.5 
   216  34.5  25.0 
   217  34.5  25.0 
   218  34.3  25.5 
   219  33.0  26.5 
   220  36.0  26.5 
   221  34.5  26.0 
   222  34.2  26.3 
   223  33.2  26.5 
   224  31.5  25.5 
   225  32.9  24.0 
   226  33.0  24.0 
   227  34.0  24.5 
   228  33.5  24.0 
   229  35.2  25.5 
   230  34.5  24.0 
   231  34.3  25.5 
   232  33.0  25.0 
   233  31.5  26.8 
   234  34.5  25.4 
   235  33.0  26.0 
   236  34.0  25.8 
   237  35.5  25.0 
   238  32.0  25.4 
   239  33.0  25.0 
   240  33.2  26.0 
   241  34.8  26.0 
   242  34.0  25.5 
   243  36.0  24.8 
   244  36.0  25.5 
   245  35.9  26.0 
   246  33.0  26.5 
   247  34.5  25.8 
   248  32.8  25.4 
   249  31.8  25.0 
   250  33.0  25.0 
   251  33.5  25.5 
   252  33.0  24.5 
   253  32.6  23.6 
   254  33.5  23.5 
   255  34.2  24.4 
   256  33.8  24.0 
   257  34.5  25.0 
   258  33.2  24.5 
   259  35.5  24.3 
   260  34.0  24.5 
   261  29.5  24.0 
   262  29.9  24.4 
   263  34.3  24.5 
   264  34.0  25.5 
   265  33.8  24.0 
   266  33.8  24.4 
   267  33.8  24.0 
   268  33.5  24.5 
   269  31.9  24.0 
   270  32.0  24.2 
   271  27.8  23.0 
   272  27.5  23.5 
   273  32.0  22.4 
   274  33.2  23.0 
   275  31.5  23.5 
   276  33.0  23.2 
   277  33.5  24.5 
   278  33.5  21.5 
   279  33.6  23.0 
   280  33.8  23.5 
   281  33.5  21.8 
   282  33.3  22.5 
   283  33.0  22.5 
   284  33.7  23.0 
   285  34.0  23.0 
   286  33.5  22.5 
   287  33.0  23.5 
   288  33.0  23.0 
   289  33.0  22.5 
   290  32.8  21.5 
   291  32.5  21.8 
   292  33.0  21.5 
   293  33.5  20.0 
   294  32.3  19.0 
   295  31.9  18.0 
   296  32.0  19.0 
   297  30.9  16.0 
   298  32.0  16.0 
   299  32.4  16.0 
   300  31.5  16.5 
   301  31.9  17.5 
   302  32.3  16.0 
   303  32.0  14.5 
   304  31.0  16.5 
   305  30.9  17.0 
   306  30.2  14.9 
   307  29.8  13.0 
   308  29.8  12.5 
   309  31.5  12.5 
   310  32.5  13.0 
   311  33.4  13.5 
   312  33.0  13.5 
   313  25.5  15.0 
   314  25.5  18.0 
   315  29.0  18.5 
   316  29.0  19.0 
   317  29.9  17.5 
   318  28.8  16.8 
   319  30.5  17.5 
   320  30.2  16.0 
   321  30.0  16.0 
   322  29.5  14.5 
   323  28.8  14.0 
   324  28.0  14.0 
   325  27.5  12.0 
   326  26.2  12.0 
   327  27.8  13.2 
   328  28.0  12.0 
   329  27.4  13.4 
   330  27.8  12.5 
   331  25.4  13.8 
   332  25.5  11.0 
   333  26.3  10.0 
   334  26.0   9.5 
   335  25.4  10.5 
   336  25.0  11.4 
   337  25.0  10.0 
   338  25.0  10.5 
   339  24.8  10.5 
   340  25.0  10.5 
   341  25.3  11.0 
   342  25.0  10.5 
   343  25.0  11.0 
   344  25.0  10.5 
   345  25.8  10.8 
   346  26.2  11.0 
   347  25.0  11.0 
   348  24.8  11.0 
   349  24.5  11.2 
   350  23.8  12.5 
   351  23.4  12.0 
   352  22.0  11.0 
   353  21.0  11.5 
   354  20.5  12.5 
   355  21.4  12.5 
   356  22.8  12.0 
   357  25.0  13.5 
   358  24.8  10.0 
   359  16.0   9.8 
   360  22.5   9.0 
   361  23.5   6.5 
   362  24.2   8.0 
   363  25.3   8.0 
   364  24.5   6.0 
   365  24.5  11.4 
