1989          Temperature for RAMPUR                  
        Tmax  Tmin
     1  23.4   6.6 
     2  24.3   8.5 
     3  24.7  11.9 
     4  24.0   6.3 
     5  24.0   7.0 
     6  24.0   8.0 
     7  16.7   7.2 
     8  15.4  13.5 
     9  21.7  11.0 
    10  13.2   6.3 
    11  18.8   9.0 
    12  18.4   4.4 
    13  21.0   4.2 
    14  22.0   3.5 
    15  21.9   3.5 
    16  23.0   5.5 
    17  22.0   6.5 
    18  21.4   4.9 
    19  21.8   5.7 
    20  22.0   4.8 
    21  22.0   4.5 
    22  22.9   DNA 
    23  23.4   DNA 
    24  23.2   DNA 
    25  23.5   DNA 
    26  24.0   DNA 
    27  24.0   DNA 
    28  24.2   DNA 
    29  22.7   DNA 
    30  23.8   DNA 
    31  24.0   DNA 
    32  24.8   DNA 
    33  25.4   DNA 
    34  24.7   DNA 
    35  25.0   DNA 
    36  22.8   DNA 
    37  28.0   DNA 
    38  27.0   DNA 
    39  25.0   DNA 
    40  27.0   DNA 
    41  26.0   DNA 
    42  25.0   DNA 
    43  24.0   DNA 
    44  24.2   DNA 
    45  25.4   DNA 
    46  25.5   DNA 
    47  25.6   DNA 
    48   DNA   5.5 
    49  21.0   7.5 
    50  18.2  11.5 
    51  21.9   5.5 
    52  20.9   5.6 
    53  24.3   4.5 
    54  24.9   4.6 
    55  26.1   5.4 
    56  28.7   6.6 
    57  29.9   7.5 
    58  30.8   9.5 
    59  32.0  11.3 
    60  32.5  11.4 
    61  31.3   8.0 
    62  30.3   6.6 
    63  29.2   7.4 
    64  29.9   8.6 
    65  30.7  10.4 
    66  31.3  11.2 
    67  31.7  10.9 
    68  32.1  12.8 
    69  31.0  11.0 
    70  25.3  15.5 
    71  27.7  13.6 
    72  29.0  12.3 
    73  29.6  13.5 
    74  29.7  10.5 
    75  30.8  11.3 
    76  31.5  11.4 
    77  32.0  15.3 
    78  31.7  15.4 
    79  32.4  15.8 
    80  33.2  16.0 
    81  35.0  16.8 
    82  35.8  15.8 
    83  35.2  13.9 
    84  35.2  14.3 
    85  34.7  14.0 
    86  27.8  16.8 
    87  30.0  16.7 
    88  31.0  15.3 
    89  30.7  12.5 
    90  32.9  13.8 
    91  34.0  16.4 
    92  34.2  16.5 
    93  33.7  11.6 
    94  34.7  11.2 
    95  34.2  10.6 
    96  32.2  11.6 
    97  33.0  12.2 
    98  34.9   DNA 
    99  36.0  16.5 
   100  36.0  17.5 
   101  35.8  14.6 
   102  36.8  13.7 
   103  37.0  13.0 
   104  36.7  14.0 
   105  37.0  14.0 
   106  39.0  16.0 
   107  39.8  15.2 
   108  40.0  15.6 
   109  40.7  16.0 
   110  40.0  14.5 
   111  39.2  13.6 
   112  38.5  14.5 
   113  39.6  16.4 
   114  41.4  19.0 
   115  39.0  20.0 
   116  39.7  19.2 
   117  35.3  18.8 
   118  37.0  16.0 
   119  38.7  16.5 
   120  36.8  18.5 
   121  37.0  21.8 
   122  38.9  22.2 
   123  40.3  24.0 
   124  41.2  24.9 
   125  42.0  21.8 
   126  43.2  20.0 
   127  42.5  16.2 
   128  41.5  17.0 
   129  39.2  16.6 
   130  40.7  16.9 
   131  40.0  20.0 
   132  36.8   DNA 
   133  33.7  20.0 
   134  33.3  20.0 
   135  35.5  23.0 
   136  36.5  25.0 
   137  36.3  25.2 
   138  37.4  25.4 
   139  37.4  25.2 
   140   DNA  22.0 
   141  33.5  24.3 
   142  34.9  22.5 
   143  36.2  25.6 
   144  37.6  25.4 
   145  32.0  25.2 
   146  29.0  23.4 
   147  29.0  22.8 
   148  33.9  24.0 
   149  33.4  21.6 
   150  34.8  22.4 
   151  35.2  24.0 
   152  35.3  22.8 
   153  36.5  25.5 
   154  35.7  26.0 
   155  30.0  21.8 
   156  33.3  23.5 
   157  33.7  22.0 
   158  36.0  24.8 
   159  36.3  23.6 
   160  37.8  24.4 
   161  37.0  27.6 
   162  37.9  27.6 
   163  36.0  26.0 
   164  31.2   DNA 
   165  33.2  25.0 
   166  33.8  22.5 
   167  35.4  25.0 
   168  32.2  24.0 
   169  28.4  24.5 
   170  34.5  24.0 
   171  34.0   DNA 
   172  36.8  24.0 
   173  32.6  27.5 
   174  34.9  26.4 
   175  35.8  26.4 
   176  33.0  24.6 
   177  35.2  26.5 
   178  33.9  26.4 
   179  33.8  26.2 
   180  35.0  26.5 
   181  33.5  26.6 
   182  33.8  25.2 
   183  30.2  24.3 
   184  32.7  24.6 
   185  34.0  26.0 
   186  33.3  25.0 
   187  32.3  24.6 
   188  31.0  24.6 
   189  32.0  24.8 
   190  33.0  25.4 
   191  34.0  25.4 
   192  29.9  24.4 
   193  29.7  25.2 
   194  31.5  25.6 
   195  27.0  23.4 
   196  30.2  25.2 
   197  30.2  24.5 
   198  34.7  24.5 
   199  31.7  25.8 
   200  30.0  24.8 
   201  34.8  24.5 
   202  32.0  26.5 
   203  37.0  25.3 
   204  36.0  27.0 
   205  36.0  26.5 
   206  34.0  27.2 
   207  35.5  26.0 
   208  32.0  25.2 
   209  30.9  25.4 
   210  25.5  24.6 
   211  26.8  22.2 
   212  26.8  22.5 
   213   DNA  22.5 
   214  32.5  23.5 
   215  35.9  25.3 
   216  33.0  26.0 
   217  34.0  25.4 
   218  31.2  25.3 
   219  33.0  25.8 
   220  34.0  25.5 
   221  34.0  25.5 
   222  32.7  25.4 
   223  34.7  26.0 
   224  35.0  25.6 
   225  32.3  25.5 
   226  35.6  25.5 
   227  33.0  26.0 
   228  34.0  26.0 
   229  34.0  26.0 
   230  33.0  25.5 
   231  33.3  26.0 
   232  34.0  25.2 
   233  32.8  25.0 
   234  33.9  25.5 
   235  35.5  25.0 
   236  33.0  25.6 
   237  34.0  25.5 
   238  34.0  24.6 
   239  35.0  26.0 
   240  34.0  24.2 
   241  32.6  25.4 
   242  33.5  25.8 
   243  32.2  25.0 
   244  34.0  25.5 
   245  33.0  25.8 
   246  34.6  25.0 
   247  31.8  25.5 
   248  30.2  25.5 
   249  30.6  24.5 
   250  33.4  25.0 
   251  32.2  24.4 
   252  33.0  25.5 
   253  35.4  25.5 
   254  33.8  25.0 
   255  33.2  25.0 
   256  32.2  25.2 
   257  29.0  24.8 
   258  33.2  24.5 
   259  34.8  25.3 
   260  34.3  25.0 
   261  34.0  24.9 
   262  30.0  24.8 
   263  31.0  24.5 
   264  32.0  24.5 
   265  33.0  24.0 
   266  32.6  23.8 
   267  33.8  24.9 
   268  33.8  22.5 
   269  31.8  23.2 
   270  32.5  24.3 
   271  29.0  24.8 
   272  26.9   DNA 
   273  30.3  22.5 
   274  32.4  22.6 
   275  33.5  24.4 
   276  33.0  23.5 
   277  33.9  23.4 
   278  34.0  23.6 
   279  34.8  23.2 
   280  34.0  23.2 
   281  31.4  22.6 
   282  33.5  22.5 
   283  31.9  20.5 
   284  32.3  22.6 
   285  32.0  21.4 
   286  33.0  21.5 
   287  33.3  21.5 
   288  33.8  20.5 
   289  33.8  21.0 
   290  33.0  20.0 
   291  32.2  19.5 
   292  32.0  20.0 
   293  31.5  20.0 
   294  31.2  16.6 
   295  32.5  17.2 
   296  32.4  16.2 
   297  32.2  17.0 
   298  32.0  18.0 
   299  32.0  17.5 
   300  31.0  17.0 
   301  30.0  15.0 
   302  30.0  15.3 
   303  30.3  14.5 
   304  31.0  14.3 
   305  30.0  13.8 
   306  29.2  14.0 
   307  28.6  14.5 
   308  29.0  15.6 
   309  28.3  15.0 
   310  29.7  13.5 
   311  28.2  11.5 
   312  27.8  10.4 
   313  29.0  10.5 
   314  28.8  12.6 
   315  29.0  13.3 
   316  29.2  12.5 
   317  28.8  12.6 
   318  29.0  13.6 
   319  29.0  13.5 
   320  28.5  14.0 
   321  28.0  14.0 
   322  27.2  13.3 
   323  27.0  12.2 
   324  27.0  11.8 
   325  25.8  12.2 
   326  25.2  12.2 
   327  25.4  13.2 
   328  27.0  11.5 
   329  23.9  13.0 
   330  26.7   9.5 
   331  26.3   8.9 
   332  26.4  12.9 
   333  26.0   9.0 
   334  26.0   8.5 
   335  26.7   7.9 
   336  26.3   8.0 
   337  26.2   6.4 
   338  24.3   5.0 
   339  24.7   5.5 
   340  24.9   7.0 
   341  25.0   7.8 
   342  23.8   8.2 
   343  24.7   8.2 
   344  24.0   8.4 
   345  24.0   8.5 
   346  24.0   9.5 
   347  24.0   9.2 
   348  24.3   7.4 
   349  25.8   7.5 
   350  25.5   7.0 
   351  25.0   6.5 
   352  24.4   5.2 
   353  22.9   5.4 
   354  22.9   7.6 
   355  23.0   7.5 
   356  23.7   8.5 
   357  24.0  11.5 
   358  23.0  14.3 
   359  23.2  13.0 
   360  22.5  13.4 
   361  21.0   7.4 
   362  20.0   6.0 
   363  20.7   6.5 
   364  19.8   6.0 
   365  21.0   6.0 
