      1    0.0
      2    0.0
      3    0.0
      4    0.0
      5    0.0
      6    0.0
      7    0.0
      8    0.0
      9    0.0
     10    0.0
     11    0.0
     12    0.0
     13    0.0
     14    0.0
     15    0.0
     16    0.0
     17    0.0
     18    0.0
     19    0.0
     20    1.0
     21    0.0
     22    0.0
     23    0.0
     24    0.0
     25    0.0
     26    0.0
     27    0.0
     28    0.0
     29    0.0
     30    0.0
     31    0.0
     32    0.0
     33    0.0
     34    0.0
     35    0.0
     36    0.0
     37    0.0
     38    0.0
     39    0.0
     40    T  
     41    0.0
     42    0.0
     43    0.0
     44    0.0
     45    0.0
     46    0.0
     47    0.0
     48    0.0
     49    0.0
     50    0.0
     51   22.0
     52    0.0
     53    0.0
     54    0.0
     55    0.0
     56    0.0
     57    0.0
     58    0.0
     59    0.0
     60    0.0
     61    0.0
     62    0.0
     63    0.0
     64    9.5
     65    0.0
     66    0.0
     67    0.0
     68    0.0
     69    0.0
     70    0.0
     71    0.0
     72    0.0
     73    0.0
     74    0.0
     75    0.0
     76    0.0
     77    0.0
     78    0.0
     79    0.0
     80    0.0
     81    0.0
     82    0.0
     83    0.0
     84    0.0
     85    0.0
     86    0.0
     87    0.0
     88    0.0
     89    0.0
     90    0.0
     91    0.0
     92    0.0
     93   12.0
     94    0.0
     95    0.0
     96   21.3
     97    2.0
     98    7.0
     99    0.0
    100    0.0
    101    0.0
    102    0.0
    103    0.0
    104    6.5
    105    0.0
    106    0.0
    107    0.0
    108    0.0
    109    0.0
    110    0.0
    111    0.0
    112    0.0
    113    0.0
    114    0.0
    115    0.0
    116    0.0
    117    0.0
    118    0.0
    119    0.0
    120    0.0
    121    0.0
    122    0.0
    123   14.1
    124    0.0
    125   12.0
    126    0.0
    127    0.0
    128    0.0
    129    0.0
    130   16.4
    131    4.2
    132    0.0
    133    8.5
    134    0.0
    135    T  
    136   13.0
    137    0.0
    138   16.0
    139    1.0
    140    9.8
    141   12.0
    142    0.0
    143   17.2
    144    0.0
    145    6.5
    146    0.0
    147    0.0
    148    0.0
    149    0.0
    150    0.0
    151    0.0
    152    0.0
    153    0.0
    154    0.8
    155    0.0
    156   24.0
    157   36.0
    158   30.0
    159   40.0
    160    0.0
    161    1.5
    162    1.3
    163    5.0
    164    T  
    165    T  
    166   41.2
    167   21.8
    168    0.0
    169    0.0
    170    4.4
    171    0.0
    172    5.4
    173    0.0
    174    7.7
    175    0.0
    176    T  
    177    0.0
    178   13.2
    179    T  
    180    T  
    181   17.2
    182   15.4
    183    7.5
    184    0.0
    185    0.0
    186   11.5
    187   33.6
    188    7.2
    189    0.0
    190   19.6
    191    1.5
    192    1.2
    193   29.5
    194   39.9
    195    6.3
    196    0.0
    197   42.3
    198   14.2
    199    1.5
    200    T  
    201   28.5
    202   18.5
    203    4.0
    204   43.0
    205   44.5
    206   42.5
    207    4.2
    208   11.5
    209    4.0
    210    T  
    211   12.5
    212    0.0
    213    2.5
    214    0.0
    215    T  
    216   27.5
    217    1.5
    218    0.0
    219    2.5
    220    0.0
    221    T  
    222    0.0
    223   22.5
    224    2.0
    225    1.0
    226    T  
    227   18.1
    228   40.5
    229    0.0
    230    8.5
    231    0.0
    232    0.0
    233    0.5
    234    T  
    235    0.0
    236    0.0
    237    0.0
    238   40.0
    239    0.0
    240    0.0
    241    0.0
    242    8.7
    243   10.5
    244    0.0
    245   16.5
    246    4.5
    247    T  
    248    1.7
    249    T  
    250    2.5
    251    1.5
    252    0.0
    253    0.0
    254    0.0
    255    0.0
    256    0.0
    257    1.0
    258    0.0
    259    0.0
    260    0.0
    261    0.0
    262   11.5
    263    0.0
    264    0.0
    265    0.0
    266   40.0
    267    0.0
    268    0.0
    269    0.0
    270    0.0
    271    0.0
    272    T  
    273    0.0
    274    0.0
    275    0.0
    276    0.0
    277    0.0
    278    0.0
    279    0.0
    280    9.0
    281    0.0
    282   32.0
    283    0.0
    284    0.0
    285    0.0
    286    0.0
    287    0.0
    288    0.0
    289    0.0
    290    0.0
    291    0.0
    292    0.0
    293    0.0
    294    0.0
    295    0.0
    296    0.0
    297    0.0
    298    0.0
    299    0.0
    300    0.0
    301    0.0
    302    0.0
    303    0.0
    304    0.0
    305    0.0
    306    0.0
    307    0.0
    308    0.0
    309    0.0
    310    0.0
    311    0.0
    312    0.0
    313    0.0
    314    0.0
    315    0.0
    316    0.0
    317    0.0
    318    0.0
    319    0.0
    320    0.0
    321    0.0
    322    0.0
    323    0.0
    324    0.0
    325    0.0
    326    0.0
    327    0.0
    328    0.0
    329    0.0
    330    0.0
    331    0.0
    332    0.0
    333    0.0
    334    0.0
    335    0.0
    336    0.0
    337    0.0
    338    0.0
    339    0.0
    340    0.0
    341    0.0
    342    0.0
    343    0.0
    344    0.0
    345    0.0
    346    0.0
    347    0.0
    348    0.0
    349    0.0
    350    0.0
    351    0.0
    352    0.0
    353    0.0
    354    0.0
    355    0.0
    356    0.0
    357    0.0
    358    0.0
    359    0.0
    360    0.0
    361    0.0
    362    0.0
    363    0.0
    364    0.0
    365    0.0
    366    0.0
