1963          Temperature for DAILEKH                 
        Tmax  Tmin
     1  14.6   3.2 
     2  14.5   3.3 
     3  15.5   3.7 
     4  15.4   4.5 
     5  16.5   4.4 
     6  16.7   3.4 
     7  15.9   3.5 
     8  15.8   3.6 
     9  16.4   5.3 
    10  18.9   5.6 
    11  10.2   4.7 
    12  17.6   3.2 
    13  17.7   3.1 
    14  16.6   3.7 
    15  15.5   3.8 
    16  15.7   2.9 
    17  12.1   2.4 
    18  13.3   2.8 
    19  13.3   3.4 
    20  13.9   4.2 
    21  14.8   4.5 
    22  14.9   5.3 
    23  15.6   5.8 
    24  15.8   5.7 
    25  15.9   6.3 
    26  15.7   5.5 
    27  16.6   5.8 
    28  16.8   6.2 
    29  16.6   6.5 
    30  16.9   6.7 
    31  16.6   6.9 
    32  17.4   7.7 
    33  17.6   7.9 
    34  17.9   7.7 
    35  17.6   6.5 
    36  18.3   6.2 
    37  18.6   7.4 
    38  18.8   8.6 
    39  19.5   7.5 
    40  19.8   6.2 
    41  19.9   4.3 
    42  20.5   7.4 
    43  20.4   7.6 
    44  19.6   7.6 
    45  18.9   7.4 
    46  19.8   8.6 
    47  19.4  10.4 
    48  15.5   5.2 
    49  17.5   7.1 
    50  19.2   7.5 
    51  20.2   8.1 
    52  21.9  11.2 
    53  21.2   9.9 
    54  20.6   8.5 
    55  19.5   8.1 
    56  18.8   7.5 
    57  19.5   8.6 
    58  19.9   9.2 
    59  20.8   8.9 
    60  21.2   9.1 
    61  20.5   9.7 
    62  20.9   9.8 
    63  21.2  10.6 
    64  22.2  10.6 
    65  22.9   8.7 
    66  22.7   7.6 
    67  21.2   9.9 
    68  21.3   9.9 
    69  13.7   6.4 
    70  14.4   5.5 
    71  16.5   6.6 
    72  18.9   8.1 
    73  20.2   9.2 
    74  21.2  11.6 
    75  24.2  13.4 
    76  23.2  13.4 
    77  21.5   8.5 
    78  19.9   8.9 
    79  21.6   9.9 
    80  22.2   9.6 
    81  22.5   8.7 
    82  22.5   9.9 
    83  24.7  10.4 
    84  24.3  10.6 
    85  22.7  10.4 
    86  23.5   8.6 
    87  21.6  10.5 
    88  22.5  11.1 
    89  23.6  11.7 
    90  24.9  11.6 
    91  25.5  13.9 
    92  25.4  12.4 
    93  25.8  14.4 
    94  23.9  10.1 
    95  22.4  11.5 
    96  25.5  13.6 
    97  26.9  15.6 
    98  27.1  13.4 
    99  26.2  13.4 
   100  25.6  13.4 
   101  24.7  14.0 
   102  25.2  14.2 
   103  24.9  13.6 
   104  25.7  13.1 
   105  24.9  12.6 
   106  25.9  13.2 
   107  26.4  12.8 
   108  27.5  13.2 
   109  27.9  13.7 
   110  28.1  10.2 
   111  24.6  11.4 
   112  26.5  15.3 
   113  27.9  14.6 
   114  27.6  14.9 
   115  28.1  15.6 
   116  20.7  12.2 
   117  24.6  12.5 
   118  24.8  13.9 
   119  25.9  14.1 
   120  27.8  14.9 
   121  28.2  14.6 
   122  28.9  12.8 
   123  27.3  12.6 
   124  27.9  12.8 
   125  28.4  13.4 
   126  28.6  14.3 
   127  28.7  15.5 
   128  28.9  15.3 
   129  28.9  13.7 
   130  26.8  15.8 
   131  27.9  16.3 
   132  29.3  17.4 
   133  29.7  17.7 
   134  29.9  17.5 
   135  30.1  15.4 
   136  30.5  14.5 
   137  30.8  14.8 
   138  30.9  15.2 
   139  26.9  16.4 
   140  28.9  15.5 
   141  29.7  15.7 
   142  30.2  15.8 
   143  31.3  16.1 
   144  31.6  17.8 
   145  32.5  18.2 
   146  31.3  16.3 
   147  31.7  15.2 
   148  27.9  14.4 
   149  27.5  15.5 
   150  27.3  13.1 
   151  26.6  13.6 
   152  26.9  15.8 
   153  27.5  15.5 
   154  27.8  15.8 
   155  27.6  18.8 
   156  28.5  18.7 
   157  27.4  19.0 
   158  27.5  17.1 
   159  27.7  18.3 
   160  26.9  19.5 
   161  26.7  18.3 
   162  26.9  18.5 
   163  27.3  17.3 
   164  27.6  17.2 
   165  27.2  16.4 
   166  24.2  17.6 
   167  26.2  19.2 
   168  25.2  18.3 
   169  25.1  18.6 
   170  26.5  18.2 
   171  26.7  19.2 
   172  28.5  17.5 
   173  28.6  17.8 
   174  27.8  16.4 
   175  27.8  16.6 
   176  28.4  16.8 
   177  28.7  16.6 
   178  29.2  19.1 
   179  28.4  19.0 
   180  28.7  19.2 
   181  28.9  18.3 
   182  28.6  18.6 
   183  28.8  17.5 
   184  28.9  17.3 
   185  28.5  16.8 
   186  28.7  19.3 
   187  28.5  21.2 
   188  27.4  20.1 
   189  27.6  19.3 
   190  27.9  19.5 
   191  27.6  19.4 
   192  27.8  19.1 
   193  27.9  18.3 
   194  27.6  18.5 
   195  27.8  18.7 
   196  27.2  18.5 
   197  27.2  19.1 
   198  26.5  19.4 
   199  26.7  20.0 
   200  26.9  19.3 
   201  25.5  18.5 
   202  25.7  18.4 
   203  25.4  19.8 
   204  27.5  19.6 
   205  27.7  19.9 
   206  27.9  19.7 
   207  27.5  18.3 
   208  27.7  18.1 
   209  27.5  18.6 
   210  27.3  19.4 
   211  25.2  19.8 
   212  25.6  19.0 
   213  25.9  19.8 
   214  26.2  20.2 
   215  26.6  19.6 
   216  24.2  19.4 
   217  24.7  20.1 
   218  25.2  18.8 
   219  25.7  19.4 
   220  25.2  19.0 
   221  24.9  19.4 
   222  26.6  19.3 
   223  25.5  19.8 
   224  25.6  20.0 
   225  25.9  19.7 
   226  26.6  19.8 
   227  26.7  20.1 
   228  26.9  20.0 
   229  25.9  19.7 
   230  25.2  19.8 
   231  25.4  20.0 
   232  25.2  19.7 
   233  24.9  19.8 
   234  23.9  18.1 
   235  24.6  19.1 
   236  26.2  19.8 
   237  25.2  19.3 
   238  25.4  19.4 
   239  25.7  19.6 
   240  25.5  19.8 
   241  25.9  19.2 
   242  25.7  19.1 
   243  25.5  19.5 
   244  23.9  16.8 
   245  23.6  16.6 
   246  24.7  19.5 
   247  24.9  19.8 
   248  25.2  17.4 
   249  25.7  18.8 
   250  26.8  19.3 
   251  27.2  19.4 
   252  27.6  20.3 
   253  26.4  17.4 
   254  26.8  19.5 
   255  28.2  19.8 
   256  28.4  20.5 
   257  28.6  21.3 
   258  28.8  22.1 
   259  28.6  22.3 
   260  28.2  22.5 
   261  28.4  17.5 
   262  27.6  18.7 
   263  27.8  19.3 
   264  26.6  20.5 
   265  27.4  21.5 
   266  27.6  21.7 
   267  27.8  21.8 
   268  27.9  21.6 
   269  25.9  15.8 
   270  24.2  16.3 
   271  24.9  16.6 
   272  25.2  16.8 
   273  23.9  16.5 
   274  23.6  16.3 
   275  23.8  17.8 
   276  24.2  17.6 
   277  24.5  15.3 
   278  24.9  14.5 
   279  25.2  14.7 
   280  25.3  15.3 
   281  25.4  15.1 
   282  25.6  16.3 
   283  25.8  17.1 
   284  25.9  17.3 
   285  26.2  17.5 
   286  25.2  16.3 
   287  24.2  15.5 
   288  24.4  15.7 
   289  24.9  13.4 
   290  22.9  15.1 
   291  21.5  13.4 
   292  21.9  13.5 
   293  25.2  13.7 
   294  25.6  13.4 
   295  25.8  13.5 
   296  23.2  12.8 
   297  23.4  12.6 
   298  23.5  12.7 
   299  23.7  12.5 
   300  23.6  12.7 
   301  23.2  12.3 
   302  23.4  12.5 
   303  23.6  12.7 
   304  23.5  12.5 
   305  21.9  12.6 
   306  21.7   9.8 
   307  20.5   9.7 
   308  20.4   9.1 
   309  19.9   9.3 
   310  16.7   9.4 
   311  17.9   9.8 
   312  19.4   9.6 
   313  19.6   9.7 
   314  19.8   9.8 
   315  19.9   9.7 
   316  20.2  10.1 
   317  20.4  10.3 
   318  20.6  10.5 
   319  20.8   9.3 
   320  19.9   8.8 
   321  15.7   7.8 
   322  18.2   8.9 
   323  18.4   8.3 
   324  18.9   8.5 
   325  19.5   9.2 
   326  19.7  10.1 
   327  19.9   9.3 
   328  19.7   9.5 
   329  19.5   8.8 
   330  15.5  10.4 
   331  15.7  10.6 
   332  19.5  10.4 
   333  15.5   9.8 
   334  19.9  10.1 
   335  18.7   8.8 
   336  17.4   8.2 
   337  17.8   7.1 
   338  17.6   8.1 
   339  17.8   8.3 
   340  17.9   8.5 
   341  18.2   8.7 
   342  18.4   8.8 
   343  18.6   9.1 
   344  18.8   8.4 
   345  17.9   8.6 
   346  17.6   9.3 
   347  17.8   7.1 
   348  13.9   6.8 
   349  14.4   7.1 
   350  14.6   6.3 
   351  14.8   4.3 
   352  14.9   4.6 
   353  15.4   4.8 
   354  15.6   8.1 
   355  15.8   5.3 
   356  15.9   5.5 
   357  15.2   5.2 
   358  13.5   3.8 
   359  14.5   4.7 
   360  14.7   4.3 
   361  14.9   4.5 
   362  15.2   4.7 
   363  15.4   4.8 
   364  15.6   3.1 
   365  15.8   3.3 
