2006          Temperature for DAILEKH                 
        Tmax  Tmin
     1  13.6   4.2 
     2  14.2   4.4 
     3  13.2   3.2 
     4  12.6   3.6 
     5  13.6   3.2 
     6  14.6   4.2 
     7  13.2   3.4 
     8  15.6   4.4 
     9  16.2   5.6 
    10  16.6   4.6 
    11  17.2   5.8 
    12  15.2   4.6 
    13  16.6   5.2 
    14  14.6   4.6 
    15  14.2   3.2 
    16  13.2   2.4 
    17  13.4   2.2 
    18  14.2   3.4 
    19  13.8   4.2 
    20  12.6   3.6 
    21  13.2   2.2 
    22  12.6   2.8 
    23  13.6   2.4 
    24  14.2   3.6 
    25  15.2   3.8 
    26  14.2   2.6 
    27  15.6   2.4 
    28  14.6   3.4 
    29  14.2   2.8 
    30  13.6   3.2 
    31  15.6   4.4 
    32  16.2   5.2 
    33  16.6   5.6 
    34  17.2   6.6 
    35  18.2   6.8 
    36  18.6   7.8 
    37  19.2   6.6 
    38  20.6   7.6 
    39  18.6   6.8 
    40  17.6   5.6 
    41  18.2   6.2 
    42  19.2   7.6 
    43  18.2   7.2 
    44  19.6   8.8 
    45  18.8   7.6 
    46  19.6   6.2 
    47  20.6   7.8 
    48  20.8   8.6 
    49  21.6   8.8 
    50  22.4   9.4 
    51  23.2  10.2 
    52  23.8  11.2 
    53  24.2  10.6 
    54  22.6  10.2 
    55  23.2  11.2 
    56  24.6  12.4 
    57  23.6  11.6 
    58  24.2  12.6 
    59  23.2  11.2 
    60  24.2  12.2 
    61  24.6  11.6 
    62  25.2  12.2 
    63  24.4  11.2 
    64  25.2  11.8 
    65  26.2  12.6 
    66  26.8  13.6 
    67  27.2  13.2 
    68  28.2  13.6 
    69  26.2  12.6 
    70  25.4  11.6 
    71  24.6  11.8 
    72  23.6  10.8 
    73  22.6   9.4 
    74  23.2  10.4 
    75  24.2  10.6 
    76  25.2  11.2 
    77  25.8  12.6 
    78  26.2  13.6 
    79  25.4  12.6 
    80  25.8  11.6 
    81  26.6  12.4 
    82  27.0  12.6 
    83  27.4  13.2 
    84  28.2  14.4 
    85  29.6  14.6 
    86  30.2  15.2 
    87  29.8  15.6 
    88  29.4  13.2 
    89  30.2  14.6 
    90  30.8  15.2 
    91  31.2  15.2 
    92  30.2  14.6 
    93  29.6  13.6 
    94  30.2  14.2 
    95  29.6  13.6 
    96  29.8  13.8 
    97  29.2  12.6 
    98  30.2  13.6 
    99  30.8  14.4 
   100  29.6  13.8 
   101  29.2  12.6 
   102  30.6  13.2 
   103  30.8  13.6 
   104  31.2  14.6 
   105  31.6  13.2 
   106  30.2  12.6 
   107  29.6  13.2 
   108  29.2  12.6 
   109  30.2  13.2 
   110  30.8  13.4 
   111  31.2  14.2 
   112  31.4  13.6 
   113  30.2  13.8 
   114  29.8  14.2 
   115  30.2  14.6 
   116  31.6  15.2 
   117  32.2  14.2 
   118  32.6  15.8 
   119  31.2  15.2 
   120  30.2  14.6 
   121  29.6  15.6 
   122  29.8  14.4 
   123  28.2  13.6 
   124  28.6  13.2 
   125  29.2  13.6 
   126  29.6  12.2 
   127  28.2  12.6 
   128  29.2  13.2 
   129  29.8  13.6 
   130  29.4  13.2 
   131  30.2  14.2 
   132  31.6  14.6 
   133  31.8  14.8 
   134  30.2  15.2 
   135  29.6  13.6 
   136  29.2  13.2 
   137  29.8  12.6 
   138  29.4  13.4 
   139  28.2  18.2 
   140  29.6  12.8 
   141  29.2  12.2 
   142  30.6  13.2 
   143  31.2  13.8 
   144  32.2  14.6 
   145  32.6  14.8 
   146  33.2  15.6 
   147  32.8  15.4 
   148  31.6  15.8 
   149  30.4  13.6 
   150  30.2  13.2 
   151  31.2  14.2 
   152  30.8  13.6 
   153  30.2  13.2 
   154  31.2  13.8 
   155  30.6  12.6 
   156  30.2  11.2 
   157  30.8  12.4 
   158  31.2  13.4 
   159  31.4  13.6 
   160  32.2  14.2 
   161  32.4  14.6 
   162  33.6  15.2 
   163  33.8  15.8 
   164  34.2  16.2 
   165  33.6  15.2 
   166  34.6  15.6 
   167  35.2  15.8 
   168  36.2  16.2 
   169  36.4  17.2 
   170  37.2  16.8 
   171  37.4  17.6 
   172  36.6  17.8 
   173  36.8  17.2 
   174  36.2  18.2 
   175  33.2  16.2 
   176  32.6  16.4 
   177  32.2  15.6 
   178  32.6  15.4 
   179  32.2  14.2 
   180  31.6  13.6 
   181  30.2  13.8 
   182  30.4  14.6 
   183  29.4  13.6 
   184  29.2  13.8 
   185  28.6  12.4 
   186  28.4  12.2 
   187  29.4  11.6 
   188  28.6  11.2 
   189  27.2  12.2 
   190  28.2  11.8 
   191  27.6  11.2 
   192  28.6  12.6 
   193  27.6  11.6 
   194  28.6  11.8 
   195  28.2  10.2 
   196  27.2  10.4 
   197  27.8   9.6 
   198  28.2  10.6 
   199  27.6  10.8 
   200  28.2  11.2 
   201  27.6  11.6 
   202  28.2  12.6 
   203  29.6  13.6 
   204  28.6  12.6 
   205  27.6  12.8 
   206  27.4  11.2 
   207  27.2  10.2 
   208  28.2  11.2 
   209  28.6  12.4 
   210  27.4  11.6 
   211  27.2  10.4 
   212  27.4  10.2 
   213  27.6  11.4 
   214  28.2  12.2 
   215  29.4  11.2 
   216  28.8  11.6 
   217  28.2  12.2 
   218  28.8  11.4 
   219  29.6  13.6 
   220  29.2  13.4 
   221  30.2  14.2 
   222  29.4  13.8 
   223  30.2  13.2 
   224  31.6  14.6 
   225  32.4  15.2 
   226  31.2  15.6 
   227  32.4  14.2 
   228  32.6  15.2 
   229  31.2  14.6 
   230  30.6  13.6 
   231  31.2  14.2 
   232  31.2  15.2 
   233  29.6  14.6 
   234  29.2  13.6 
   235  29.6  13.2 
   236  28.6  13.6 
   237  28.2  12.6 
   238  29.2  12.2 
   239  27.2  13.2 
   240  27.4  11.6 
   241  28.2  10.6 
   242  27.2  11.6 
   243  27.8  11.4 
   244  28.2  12.6 
   245  27.6  11.6 
   246  28.6  10.6 
   247  28.2  11.2 
   248  29.2  12.4 
   249  28.4  11.2 
   250  28.2  10.2 
   251  29.2  10.8 
   252  28.8  11.4 
   253  28.2  10.2 
   254  27.2  11.2 
   255  27.4  10.6 
   256  28.2  10.2 
   257  27.8   9.6 
   258  28.2  10.2 
   259  27.2  11.2 
   260  26.2  10.6 
   261  27.6  10.8 
   262  28.6  11.2 
   263  26.2  10.2 
   264  27.2   9.2 
   265  27.6  10.2 
   266  28.2  10.6 
   267  27.2  10.4 
   268  28.6   9.6 
   269  27.8  10.6 
   270  27.2   9.2 
   271  26.2   8.2 
   272  27.6   9.6 
   273  26.4   8.6 
   274  27.2   9.6 
   275  26.2   8.4 
   276  26.8   9.2 
   277  26.4   9.6 
   278  27.6  10.2 
   279  27.2  10.4 
   280  26.6   9.6 
   281  26.2   8.6 
   282  27.4   9.4 
   283  26.6   8.6 
   284  26.2   9.6 
   285  25.6   9.2 
   286  26.2  10.2 
   287  26.4  10.4 
   288  25.6   9.8 
   289  26.2  10.6 
   290  25.4  11.2 
   291  26.6  10.8 
   292  26.2  11.2 
   293  25.6  11.6 
   294  25.2  10.2 
   295  24.2   9.6 
   296  24.6   9.8 
   297  25.6   9.2 
   298  26.2  10.2 
   299  26.6  10.6 
   300  25.6  11.2 
   301  26.2  10.2 
   302  25.6   9.2 
   303  26.2   9.8 
   304  25.6   9.6 
   305  24.6  11.2 
   306  23.6  10.4 
   307  23.2  10.2 
   308  22.2  11.4 
   309  21.2  10.2 
   310  20.2   9.6 
   311  21.2   9.2 
   312  22.2  10.2 
   313  21.2   9.8 
   314  21.4   9.4 
   315  21.6   9.6 
   316  20.2   9.2 
   317  19.6   8.2 
   318  19.2   9.2 
   319  18.2   8.2 
   320  17.2   7.2 
   321  17.6   8.6 
   322  18.2   7.6 
   323  19.2   6.6 
   324  18.4   6.2 
   325  19.6   7.6 
   326  20.2   8.2 
   327  18.2   7.2 
   328  17.8   6.6 
   329  18.2   6.2 
   330  17.2   5.4 
   331  18.2   6.8 
   332  17.6   7.6 
   333  17.2   6.2 
   334  17.8   7.2 
   335  18.2   6.6 
   336  17.2   6.2 
   337  17.6   5.6 
   338  16.6   6.8 
   339  16.8   6.2 
   340  17.6   5.8 
   341  18.2   6.4 
   342  17.2   6.8 
   343  16.6   5.4 
   344  16.2   5.2 
   345  16.4   4.6 
   346  17.2   5.6 
   347  16.4   4.2 
   348  16.8   5.2 
   349  16.2   4.4 
   350  16.6   3.6 
   351  17.2   4.2 
   352  17.6   5.6 
   353  18.2   6.2 
   354  16.2   5.4 
   355  16.8   5.2 
   356  15.2   4.6 
   357  15.4   3.6 
   358  16.2   4.2 
   359  15.6   3.6 
   360  16.6   4.2 
   361  15.8   3.2 
   362  16.4   3.8 
   363  16.6   3.4 
   364  15.2   4.2 
   365  14.2   3.8 
