1974          Temperature for DAILEKH                 
        Tmax  Tmin
     1  14.9   5.9 
     2  15.9   6.4 
     3  15.4   5.4 
     4  15.6   6.2 
     5  15.4   5.6 
     6  17.5   6.2 
     7  17.1   6.2 
     8  17.2   5.2 
     9  15.5   4.6 
    10  17.6   4.9 
    11  16.7   4.2 
    12  14.5   4.9 
    13  16.5   6.6 
    14  15.9   6.4 
    15  11.6   0.6 
    16   9.9   1.1 
    17   9.7   2.3 
    18   9.3   2.6 
    19  12.6   3.1 
    20  15.4   5.6 
    21  16.7   7.0 
    22  14.5   5.4 
    23  15.5   6.2 
    24  16.5   5.5 
    25  16.7   5.4 
    26  12.9   6.0 
    27  14.3   8.4 
    28  12.3   2.2 
    29  11.9   5.0 
    30  13.0   5.6 
    31   8.5   4.6 
    32  12.5   5.4 
    33  13.9   7.7 
    34  14.7  10.3 
    35  12.7   5.4 
    36  11.4   4.3 
    37  11.1   2.4 
    38  10.3   1.6 
    39  11.2   3.2 
    40  10.0   1.2 
    41   9.3   4.0 
    42  11.2   6.2 
    43  12.9   5.0 
    44  10.1   5.1 
    45  12.5   6.1 
    46  13.2   6.3 
    47  12.9   5.6 
    48  13.1   6.3 
    49  14.5   6.6 
    50  14.9   6.8 
    51  14.7   7.5 
    52  15.2   8.3 
    53  17.4  12.5 
    54  21.1  10.0 
    55  19.5  10.4 
    56  19.0   9.2 
    57  19.5   8.0 
    58  19.7   8.1 
    59  18.1   9.6 
    60  18.6   9.4 
    61  18.9   9.9 
    62  18.1  10.4 
    63  18.0  10.9 
    64  18.2  10.4 
    65  18.5  10.1 
    66  20.2  14.4 
    67  21.5  14.1 
    68  20.0  11.5 
    69  22.1  13.2 
    70  21.2  11.4 
    71  19.6   9.4 
    72   DNA   DNA 
    73  20.9  13.0 
    74  21.1  13.3 
    75  21.9  12.1 
    76  21.6  14.2 
    77  18.0   9.4 
    78  18.5  11.2 
    79  21.8  12.4 
    80  20.0  13.0 
    81  21.5  13.4 
    82  22.9  15.1 
    83  21.9  13.4 
    84  16.1  13.0 
    85  17.2  11.3 
    86  17.3  12.4 
    87  18.9  12.2 
    88  17.9  14.4 
    89  14.9  12.5 
    90  19.5  13.2 
    91  20.5  16.1 
    92  18.4  12.2 
    93  23.5  15.9 
    94  23.1  15.1 
    95  23.7  13.7 
    96  22.4  14.2 
    97  22.9  13.4 
    98  23.5  14.8 
    99  22.9  16.4 
   100  22.5  12.2 
   101  22.1  13.2 
   102  23.1  15.4 
   103  24.1  16.3 
   104  25.7  14.1 
   105  25.1  17.4 
   106  26.7  17.4 
   107  28.5  18.7 
   108  30.5  18.2 
   109  29.5  18.4 
   110  30.5  17.0 
   111  30.4  18.1 
   112  31.1  20.3 
   113  30.7  19.9 
   114  30.9  19.4 
   115  31.1  19.3 
   116  31.5  20.1 
   117  31.8  19.6 
   118  32.1  20.3 
   119  32.1  19.4 
   120  32.6  16.4 
   121  29.2  19.2 
   122  31.2  20.4 
   123  31.6  20.8 
   124  31.1  20.3 
   125  31.0  20.6 
   126  31.6  20.8 
   127  32.5  19.5 
   128  32.2  20.1 
   129  32.6  21.4 
   130  32.7  19.3 
   131  31.1  18.0 
   132  31.0  20.4 
   133  30.1  15.0 
   134  29.1  15.4 
   135  26.7  17.6 
   136  27.1  16.3 
   137  27.2  15.0 
   138  26.7  17.4 
   139  29.0  15.0 
   140  28.1  17.2 
   141  28.7  16.8 
   142  29.2  19.0 
   143  28.5  16.3 
   144  28.6  19.8 
   145  30.6  19.6 
   146  30.4  18.8 
   147  31.3  18.3 
   148  31.1  12.0 
   149  32.0  21.2 
   150  31.1  21.8 
   151  32.5  22.4 
   152  32.9  22.8 
   153  33.2  18.5 
   154  30.7  20.0 
   155  31.2  20.4 
   156  31.3  22.8 
   157  28.5  16.3 
   158  28.2  14.3 
   159  29.1  15.2 
   160  30.2  17.1 
   161  31.2  18.1 
   162  31.5  17.1 
   163  29.9  14.4 
   164  30.1  16.6 
   165  28.9  17.4 
   166  31.8  14.4 
   167  32.5  22.3 
   168  30.2  19.0 
   169  30.5  20.1 
   170  26.4  19.8 
   171  26.1  19.7 
   172  27.7  18.4 
   173  29.5  17.4 
   174  28.5  19.4 
   175  28.7  19.3 
   176  29.4  20.0 
   177  29.0  20.2 
   178  29.5  20.6 
   179  29.7  22.3 
   180  28.9  18.4 
   181  26.1  19.4 
   182  28.5  20.4 
   183  27.7  18.3 
   184  22.4  17.0 
   185  23.1  16.4 
   186  24.7  18.4 
   187  26.9  20.3 
   188  27.5  18.4 
   189  28.4  19.4 
   190  25.4  20.4 
   191  27.1  20.8 
   192  24.9  20.0 
   193  26.4  20.3 
   194  28.5  21.7 
   195  28.9  20.0 
   196  23.1  20.0 
   197  23.1  20.4 
   198  25.5  20.4 
   199  25.7  20.2 
   200  24.5  20.4 
   201  25.1  20.5 
   202  25.3  20.4 
   203  24.5  20.4 
   204  23.5  19.4 
   205  25.0  20.4 
   206  25.4  20.1 
   207  22.7  19.4 
   208  24.6  20.1 
   209  25.5  20.7 
   210  25.7  20.0 
   211  25.9  19.6 
   212  24.1  19.4 
   213  24.5  21.0 
   214  23.7  20.3 
   215  23.9  18.6 
   216  24.5  19.4 
   217  24.1  19.4 
   218  22.9  19.1 
   219  24.5  19.4 
   220  24.3  20.4 
   221  26.5  19.5 
   222  27.5  20.4 
   223  25.8  21.1 
   224  26.1  21.8 
   225  25.7  10.4 
   226  25.5  18.4 
   227  24.5  20.4 
   228  26.1  21.1 
   229  26.5  20.4 
   230  26.2  20.3 
   231  27.5  20.7 
   232  26.5  20.1 
   233  25.0  19.4 
   234  24.5  20.0 
   235  26.2  20.1 
   236  25.1  20.5 
   237  26.5  20.4 
   238  25.1  19.4 
   239  26.1  20.0 
   240  24.5  18.4 
   241  25.1  19.4 
   242  25.5  20.1 
   243  26.5  18.4 
   244  25.5  18.5 
   245  24.5  17.4 
   246  26.1  19.4 
   247  25.9  18.3 
   248  26.1  18.5 
   249  25.9  18.3 
   250  26.8  18.6 
   251  27.1  19.0 
   252  26.8  18.4 
   253  26.1  18.3 
   254  23.5  19.4 
   255  25.0  18.3 
   256  26.5  19.5 
   257  25.6  19.4 
   258  25.5  18.4 
   259  24.6  19.4 
   260  23.7  18.2 
   261  23.5  17.2 
   262  23.8  17.2 
   263  23.6  17.3 
   264  25.1  17.4 
   265  23.5  18.3 
   266  24.1  18.4 
   267  22.5  16.5 
   268  24.7  17.8 
   269  25.3  20.0 
   270  24.1  18.3 
   271  24.5  19.6 
   272  25.7  21.2 
   273  23.1  17.8 
   274  24.8  18.7 
   275  26.3  15.7 
   276  25.8  15.7 
   277  25.3  15.0 
   278  26.7  16.0 
   279  25.8  15.5 
   280  25.4  18.0 
   281  22.1  16.2 
   282  25.2  17.0 
   283  25.1  17.8 
   284  24.1  17.7 
   285  25.6  18.0 
   286  25.7  18.8 
   287  26.4  18.0 
   288  26.5  19.0 
   289  26.2  17.3 
   290  26.2  17.0 
   291  26.8  16.8 
   292  25.5  16.4 
   293  25.7  17.4 
   294  25.1  16.4 
   295  24.9  16.3 
   296  24.5  15.0 
   297  21.1  14.4 
   298  22.1  15.7 
   299  22.4  12.0 
   300  21.5  12.1 
   301  21.9  12.4 
   302  22.5  13.0 
   303  22.7  13.2 
   304  22.5  13.1 
   305  22.7  12.4 
   306  22.0  12.1 
   307  22.5  12.4 
   308  22.4  11.1 
   309  20.6  10.4 
   310  20.5  10.5 
   311  20.0  10.4 
   312  21.1  10.5 
   313  20.7  11.2 
   314  20.1  10.5 
   315  21.5  10.0 
   316  20.5  11.4 
   317  20.2  10.2 
   318  19.4  10.1 
   319  19.5   8.1 
   320  19.2   8.3 
   321  19.3   9.4 
   322  18.5   8.2 
   323  19.5   8.5 
   324  18.5   9.3 
   325  19.5  10.4 
   326  19.7   9.4 
   327  20.2  10.0 
   328  20.5   9.4 
   329  19.5   9.1 
   330  19.2   9.4 
   331  19.5   9.3 
   332  19.4   8.6 
   333  18.7  10.0 
   334  17.2   8.2 
   335  17.4   7.1 
   336  18.5   7.0 
   337  19.5   7.1 
   338  18.1   5.6 
   339  16.1   6.1 
   340  14.5   4.4 
   341  14.9   5.0 
   342  15.0   5.0 
   343  14.7   5.3 
   344  14.9   5.4 
   345  14.4   5.1 
   346  13.5   4.4 
   347  15.5   4.3 
   348  15.3   4.8 
   349  14.5   7.3 
   350  11.0   4.6 
   351   9.5   5.5 
   352  11.4   5.4 
   353  13.5   4.4 
   354  14.6   3.2 
   355  13.5   3.4 
   356  14.6   5.4 
   357  13.3   4.3 
   358  14.7   5.0 
   359  13.3   5.1 
   360  13.6   5.3 
   361  15.3   7.2 
   362  15.5   6.5 
   363  16.2   7.4 
   364  15.9   5.2 
   365  14.9   4.4 
