1993          Temperature for DAILEKH                 
        Tmax  Tmin
     1  12.4   4.2 
     2  13.4   4.6 
     3  11.2   4.2 
     4  13.6   2.2 
     5  11.4   3.4 
     6  17.4   4.6 
     7  17.6   5.2 
     8  15.4   5.2 
     9  14.2   4.4 
    10  17.6   5.5 
    11  18.6   4.2 
    12  18.2   4.2 
    13  13.6   4.2 
    14  14.2   3.2 
    15  12.2   3.4 
    16  17.6   2.6 
    17  16.6   4.4 
    18  16.8   5.6 
    19  17.2   5.2 
    20  15.2   3.2 
    21  16.4   4.2 
    22  14.2   4.2 
    23  17.6   5.4 
    24  16.4   6.2 
    25  15.2   5.4 
    26  17.2   4.4 
    27  18.4   6.4 
    28  16.2   6.6 
    29  19.8   5.2 
    30  16.2   3.4 
    31  14.2   4.6 
    32  16.4   2.4 
    33  18.4   4.2 
    34  17.2   6.2 
    35  18.2   5.4 
    36  20.4   7.4 
    37  19.6   7.6 
    38  20.4   8.4 
    39  21.6   8.2 
    40  20.2   7.4 
    41  22.4   8.6 
    42  24.2  11.4 
    43  25.2  10.4 
    44  24.2  10.6 
    45  22.4  11.2 
    46  23.2  10.6 
    47  22.8  10.4 
    48  20.4   4.4 
    49  19.2   4.2 
    50  18.6   6.2 
    51  19.4   4.6 
    52  19.2   5.1 
    53  19.4   4.2 
    54  20.2   4.2 
    55  19.4   5.6 
    56  12.4   4.4 
    57  11.8   8.2 
    58  18.6   8.2 
    59  18.2   8.2 
    60  24.6   8.2 
    61  16.8   6.4 
    62  17.8   5.2 
    63  19.6   5.4 
    64  21.4   8.4 
    65  20.6   9.2 
    66  21.2   9.2 
    67  21.6  10.2 
    68  20.4   5.4 
    69  18.4   7.2 
    70  19.6   7.2 
    71  21.8   8.2 
    72  22.4   9.6 
    73  22.8   8.2 
    74  22.4   9.2 
    75  22.8   8.2 
    76  24.4   7.4 
    77  24.8   8.2 
    78  25.4   6.4 
    79  23.2   8.2 
    80  22.4   8.4 
    81  21.8   5.6 
    82  22.6   5.6 
    83  23.2   6.6 
    84  21.4  10.2 
    85  16.8   7.2 
    86  16.2   6.2 
    87  18.2   9.4 
    88  17.2   9.2 
    89  20.4  10.2 
    90  21.2  10.2 
    91  23.2  11.4 
    92  25.4  11.6 
    93  27.4  10.4 
    94  26.4  12.4 
    95  28.2  14.2 
    96  29.2  12.4 
    97  28.6  13.2 
    98  24.2  14.2 
    99  26.4  13.2 
   100  26.4  14.2 
   101  26.8   7.4 
   102  19.6  11.6 
   103  20.6  12.2 
   104  22.6  12.2 
   105  21.6  15.2 
   106  22.4  12.4 
   107  22.8  11.6 
   108  24.6  12.4 
   109  24.8  14.2 
   110  25.6  12.4 
   111  27.2  15.4 
   112  28.2  15.2 
   113  28.4  13.6 
   114  28.8  11.2 
   115  29.4  11.4 
   116  29.6  12.6 
   117  30.6  13.4 
   118  29.4  13.2 
   119  29.8  15.2 
   120  29.4  14.2 
   121  30.4  13.4 
   122  29.6  15.4 
   123  30.4  12.4 
   124  29.6  13.2 
   125  30.4  12.6 
   126  28.4  13.2 
   127  31.6  14.4 
   128  30.4  16.2 
   129  29.2  12.4 
   130  31.6  13.2 
   131  30.4  19.4 
   132  29.4  14.2 
   133  32.4  13.2 
   134  32.6  14.4 
   135  30.4  14.6 
   136  29.8  19.2 
   137  29.6  16.6 
   138  30.8  14.6 
   139  31.4  13.6 
   140  31.4  13.2 
   141  30.2  14.2 
   142  30.6  13.6 
   143  31.8  12.4 
   144  30.4  11.2 
   145  30.8  13.6 
   146  32.4  16.4 
   147  30.4  18.2 
   148  29.8  12.4 
   149  29.4  14.6 
   150  30.2  15.6 
   151  30.6  11.2 
   152  30.4  12.6 
   153  31.6  12.6 
   154  31.2  13.6 
   155  32.6  12.4 
   156  32.2  13.6 
   157  32.8  16.4 
   158  31.4  15.4 
   159  31.8  17.4 
   160  32.6  16.6 
   161  28.4  17.8 
   162  29.2  17.2 
   163  31.4  17.2 
   164  31.8  13.4 
   165  29.4  13.2 
   166  28.6  17.2 
   167  29.6  14.6 
   168  28.8  14.2 
   169  29.4  15.6 
   170  30.6  14.6 
   171  31.4  14.6 
   172  31.8  13.2 
   173  32.6  13.8 
   174  30.4  17.8 
   175  29.4  16.8 
   176  30.6  16.2 
   177  29.4  17.2 
   178  30.4  16.6 
   179  28.2  15.6 
   180  29.6  15.6 
   181  30.8  16.2 
   182  30.2  15.2 
   183  29.4  15.4 
   184  29.2  16.4 
   185  30.4  18.8 
   186  29.6  17.4 
   187  30.2  16.2 
   188  27.6  15.2 
   189  29.2  20.4 
   190  28.2  20.4 
   191  27.6  17.2 
   192  28.2  16.2 
   193  27.6  17.4 
   194  26.4  18.2 
   195  27.6  18.6 
   196  28.2  16.4 
   197  28.4  19.2 
   198  23.2  14.4 
   199  27.2  20.2 
   200  28.2  15.2 
   201  27.2  16.2 
   202  26.4  14.2 
   203  26.6  19.2 
   204  27.4  20.2 
   205  26.4  18.2 
   206  27.8  18.6 
   207  27.8  20.4 
   208  28.2  19.4 
   209  27.6  19.6 
   210  25.4  19.6 
   211  26.6  19.2 
   212  27.4  19.4 
   213  28.2  20.2 
   214  26.8  19.4 
   215  27.8  20.4 
   216  28.2  20.2 
   217  28.2  20.2 
   218  26.4  20.4 
   219  26.8  20.2 
   220  27.4  21.2 
   221  28.2  20.4 
   222  27.6  21.4 
   223  27.8  18.4 
   224  28.2  19.8 
   225  31.4  20.4 
   226  29.4  18.4 
   227  28.4  19.6 
   228  27.2  15.4 
   229  28.4  14.8 
   230  26.4   DNA 
   231  25.2  10.6 
   232  27.4   9.8 
   233  29.6  11.6 
   234  30.4  14.2 
   235  31.6  11.6 
   236  29.8  15.6 
   237  28.2  14.2 
   238  29.6  15.2 
   239  30.6  14.2 
   240  25.3  12.6 
   241  26.2  18.1 
   242  27.8  14.6 
   243  29.4  15.6 
   244  26.4  13.6 
   245  24.3  17.2 
   246  23.8  15.1 
   247  22.4  13.9 
   248   DNA  12.6 
   249   DNA  10.2 
   250  26.4  12.4 
   251  27.4  14.8 
   252  28.4  15.4 
   253  27.2  13.6 
   254  26.6  12.4 
   255  23.2  11.2 
   256  19.4  10.2 
   257  20.6  10.8 
   258  22.4  11.4 
   259  24.6  11.6 
   260  22.8  11.2 
   261   DNA  11.8 
   262  21.8   9.8 
   263  22.6  13.8 
   264  20.4  12.6 
   265  21.4  13.2 
   266  22.4  14.2 
   267  21.6  16.2 
   268  20.4  13.4 
   269  19.4  13.2 
   270  19.6  12.4 
   271  20.4  13.4 
   272  21.4  14.2 
   273  22.6  15.2 
   274  20.4  12.6 
   275  21.4  14.2 
   276  19.2  13.2 
   277  22.2  11.2 
   278  23.6  15.4 
   279  21.4  14.4 
   280  23.6  14.2 
   281  22.4  13.2 
   282  22.4  12.4 
   283  20.4  14.6 
   284  21.6  13.2 
   285  20.4  12.2 
   286  19.2  11.4 
   287  20.4  10.4 
   288  19.6  12.2 
   289  20.2  13.4 
   290  19.4  11.4 
   291  20.4  10.6 
   292  19.4  11.4 
   293  18.4  12.2 
   294  19.8  11.6 
   295  20.4  10.2 
   296  19.6  10.4 
   297  20.4  10.6 
   298  18.6  10.2 
   299  19.4  11.4 
   300  17.2  10.2 
   301  19.2  10.8 
   302  20.4  11.6 
   303  19.6  11.6 
   304  20.2  12.2 
   305  18.2  10.4 
   306  20.4  12.2 
   307  19.4  12.2 
   308  19.2  12.4 
   309  20.6  10.6 
   310  19.4  10.2 
   311  20.8  12.4 
   312  19.8  13.2 
   313  20.4  11.4 
   314  19.6  12.2 
   315  19.8  11.4 
   316  18.4  12.2 
   317  19.4  11.4 
   318  20.2  12.4 
   319  19.4  13.2 
   320  19.2  12.2 
   321  18.2  11.4 
   322  19.8  12.2 
   323  18.8  11.4 
   324  19.6  10.8 
   325  20.6  11.4 
   326  19.4  12.4 
   327  20.4  11.6 
   328  19.2  12.2 
   329  18.6  11.4 
   330  19.4  11.4 
   331  18.6  12.2 
   332  20.4  11.8 
   333  19.4  12.6 
   334  20.2  11.4 
   335  18.2   9.4 
   336  19.2  12.4 
   337  18.2  11.6 
   338  19.8  12.6 
   339  18.2  10.4 
   340  19.6  11.4 
   341  18.6  11.4 
   342  17.6  10.6 
   343  18.2  10.4 
   344  19.2  11.2 
   345  17.2  11.4 
   346  18.2  10.4 
   347  17.8  10.6 
   348  18.2   9.4 
   349  16.4   9.6 
   350  17.2  10.2 
   351  18.2  10.4 
   352  17.2  11.4 
   353  18.4   9.6 
   354  19.4  10.2 
   355  20.4  11.2 
   356  18.2   9.2 
   357  17.6   9.2 
   358  16.2   8.4 
   359  17.2   9.6 
   360  16.2   8.2 
   361  17.6   8.6 
   362  18.2   8.6 
   363  16.4   7.6 
   364  17.2   7.6 
   365  16.2   7.2 
