1999          Temperature for DAILEKH                 
        Tmax  Tmin
     1  14.2   4.2 
     2  13.6   3.2 
     3  15.2   4.2 
     4  13.2   3.2 
     5  14.2   4.2 
     6  13.6   6.2 
     7  12.6   4.8 
     8  13.4   5.5 
     9  14.2   4.6 
    10  15.6   5.6 
    11  14.2   3.2 
    12  13.2   4.2 
    13  15.2   3.6 
    14  14.2   5.6 
    15  13.2   3.2 
    16  12.6   4.6 
    17  14.2   3.2 
    18  13.8   2.6 
    19  14.6   4.2 
    20  15.6   6.2 
    21  16.2   7.4 
    22  15.2   6.6 
    23  17.6   5.2 
    24  18.2   6.4 
    25  17.2   7.2 
    26  16.4   6.4 
    27  15.6   5.6 
    28  16.2   7.2 
    29  15.2   6.6 
    30  14.2   5.4 
    31  13.4   6.2 
    32  16.2   8.2 
    33  17.6   7.6 
    34  18.2   9.6 
    35  16.8   8.2 
    36  18.6   7.2 
    37  20.4  10.6 
    38  21.8  11.2 
    39  20.2  10.2 
    40  19.6   9.8 
    41  18.8   8.6 
    42  19.2  10.2 
    43  18.2   9.6 
    44  20.6  10.2 
    45  20.8   9.2 
    46  19.6   8.6 
    47  21.2   7.2 
    48  20.2   6.8 
    49  21.6   9.2 
    50  20.6   8.6 
    51  19.6  10.6 
    52  20.8   7.6 
    53  21.2   8.4 
    54  20.6   6.2 
    55  19.6   7.6 
    56  20.2   5.6 
    57  19.6   7.6 
    58  20.2   6.2 
    59  19.2   7.2 
    60  23.4  10.2 
    61  26.2  11.6 
    62  27.6  12.2 
    63  22.2  10.2 
    64  20.6   9.8 
    65  19.6   8.4 
    66  21.2   9.6 
    67  20.6  11.6 
    68  19.4  10.6 
    69  20.6   9.6 
    70  21.6  10.6 
    71  22.2  11.2 
    72  20.2   9.6 
    73  22.8  10.2 
    74  23.2  11.8 
    75  22.6  10.2 
    76  20.8   9.2 
    77  21.2   8.4 
    78  20.2   9.8 
    79  23.2  10.8 
    80  22.6  11.6 
    81  21.8   9.8 
    82  22.2  10.2 
    83  23.2  11.2 
    84  21.2  10.2 
    85  22.6  11.2 
    86  20.4  10.6 
    87  22.2   9.8 
    88  23.2   8.8 
    89  22.2  10.2 
    90  23.8  11.2 
    91  23.2  12.2 
    92  25.6  13.2 
    93  26.6  12.6 
    94  24.2  11.6 
    95  25.2  12.2 
    96  26.2  13.6 
    97  27.2  14.6 
    98  28.2  13.2 
    99  29.6  15.2 
   100  30.2  16.2 
   101  31.6  17.2 
   102  30.6  19.2 
   103  31.6  18.2 
   104  32.2  17.2 
   105  31.6  16.6 
   106  30.6  17.6 
   107  29.6  18.2 
   108  31.2  17.2 
   109  30.4  16.2 
   110  29.6  15.6 
   111  28.8  16.6 
   112  31.8  19.6 
   113  32.2  20.2 
   114  33.2  19.4 
   115  32.2  20.4 
   116  30.2  21.2 
   117  29.8  19.2 
   118  28.2  18.2 
   119  29.6  16.2 
   120  30.2  15.2 
   121  31.6  16.2 
   122  32.2  17.2 
   123  33.6  19.6 
   124  32.6  20.6 
   125  31.2  21.2 
   126  30.2  18.6 
   127  31.6  17.2 
   128  30.8  18.2 
   129  30.2  19.8 
   130  29.6  17.6 
   131  30.6  16.2 
   132  31.2  17.6 
   133  32.2  18.2 
   134  31.8  17.4 
   135  32.2  19.6 
   136  33.6  16.4 
   137  32.2  19.6 
   138  31.6  18.4 
   139  30.4  19.2 
   140  31.2  18.2 
   141  32.2  17.6 
   142  33.6  19.8 
   143  32.4  20.4 
   144  31.6  19.2 
   145  32.2  20.2 
   146  31.6  18.4 
   147  32.2  19.6 
   148  31.6  17.6 
   149  30.2  18.2 
   150  31.2  17.6 
   151  32.2  19.6 
   152  33.2  16.4 
   153  32.6  16.2 
   154  31.6  17.6 
   155  30.4  18.2 
   156  33.6  19.8 
   157  32.2  17.2 
   158  31.6  16.4 
   159  32.2  17.2 
   160  31.6  18.6 
   161  30.2  19.4 
   162  32.2  18.2 
   163  31.8  17.6 
   164  32.2  18.6 
   165  30.6  17.2 
   166  31.2  18.2 
   167  32.2  18.6 
   168  33.2  20.4 
   169  32.6  19.2 
   170  34.2  20.2 
   171  32.2  17.6 
   172  31.2  19.6 
   173  32.8  20.2 
   174  33.2  19.6 
   175  31.6  17.6 
   176  32.8  18.6 
   177  33.2  19.2 
   178  30.2  20.8 
   179  31.2  16.4 
   180  33.2  18.6 
   181  34.8  20.2 
   182  33.2  19.4 
   183  31.2  18.2 
   184  30.2  20.4 
   185  29.8  17.2 
   186  30.6  16.4 
   187  31.2  18.6 
   188  32.2  19.2 
   189  33.2  20.4 
   190  32.2  21.2 
   191  33.6  20.4 
   192  32.1  19.6 
   193  31.6  18.4 
   194  30.6  19.2 
   195  33.6  20.4 
   196  32.6  21.2 
   197  33.8  20.6 
   198  32.2  21.6 
   199  31.6  20.4 
   200  32.6  22.6 
   201  31.6  20.2 
   202  32.2  19.2 
   203  33.8  21.2 
   204  34.8  22.2 
   205  32.2  21.2 
   206  31.6  19.6 
   207  33.2  20.6 
   208  32.2  21.8 
   209  33.6  20.6 
   210  31.2  21.2 
   211  30.6  19.8 
   212  32.8  22.2 
   213  31.2  13.6 
   214  30.2  15.2 
   215  29.6  14.6 
   216  30.2  12.2 
   217  31.6  16.4 
   218  31.2  17.2 
   219  30.2  16.4 
   220  31.2  18.4 
   221  32.2  15.4 
   222  31.2  19.4 
   223  30.2  16.4 
   224  31.2  15.4 
   225  32.2  17.2 
   226  30.4  18.6 
   227  29.4  16.4 
   228  30.2  15.6 
   229  29.6  16.4 
   230  30.6  15.2 
   231  29.6  16.2 
   232  30.2  15.6 
   233  29.8  16.4 
   234  28.2  14.6 
   235  30.2  16.4 
   236  30.6  15.6 
   237  29.6  16.4 
   238  28.2  14.6 
   239  29.6  12.6 
   240  30.6  13.2 
   241  29.6  15.6 
   242  30.2  13.2 
   243  31.2  16.2 
   244  30.4  15.4 
   245  29.8  16.2 
   246  30.2  15.8 
   247  29.6  16.6 
   248  28.2  14.2 
   249  27.2  13.2 
   250  29.6  15.6 
   251  28.2  13.6 
   252  27.6  12.2 
   253  28.2  13.4 
   254  29.2  14.6 
   255  30.4  16.4 
   256  29.2  15.8 
   257  28.6  14.6 
   258  29.6  15.2 
   259  28.4  16.4 
   260  27.2  14.6 
   261  28.6  15.8 
   262  29.2  16.4 
   263  30.2  15.2 
   264  28.2  16.6 
   265  27.6  15.8 
   266  28.6  14.2 
   267  27.8  16.4 
   268  29.2  15.6 
   269  30.2  16.2 
   270  31.2  17.6 
   271  30.2  18.8 
   272  29.6  17.2 
   273  29.2  14.6 
   274  28.2  15.2 
   275  27.2  14.6 
   276  28.6  16.4 
   277  27.2  14.2 
   278  26.2  13.2 
   279  27.6  14.6 
   280  28.2  16.2 
   281  26.2  15.6 
   282  25.4  14.2 
   283  24.2  12.2 
   284  23.2  11.6 
   285  25.2  12.6 
   286  24.6  10.6 
   287  23.2  10.2 
   288  24.8  12.6 
   289  23.2  13.2 
   290  22.2  12.2 
   291  23.6  10.6 
   292  21.2   9.6 
   293  22.2  10.2 
   294  23.2  11.6 
   295  22.6  10.8 
   296  23.6   9.8 
   297  22.2  11.2 
   298  24.2   8.2 
   299  25.2  11.2 
   300  24.2  10.2 
   301  25.8  11.2 
   302  23.2  10.2 
   303  22.2  10.8 
   304  23.2  11.2 
   305  21.6   9.4 
   306  20.2   8.4 
   307  19.6   7.6 
   308  20.6   9.2 
   309  21.6   8.2 
   310  20.2   7.4 
   311  22.6   9.6 
   312  23.2  11.2 
   313  21.2  10.8 
   314  22.6   9.8 
   315  21.6  10.6 
   316  20.2   9.2 
   317  21.8   8.6 
   318  19.2   9.2 
   319  20.2  10.2 
   320  21.6   9.8 
   321  20.8  10.2 
   322  19.6   8.4 
   323  20.2   7.6 
   324  21.2   8.2 
   325  22.2  10.8 
   326  21.6  11.2 
   327  22.6   8.6 
   328  21.6   9.2 
   329  22.2  10.2 
   330  23.2   9.8 
   331  22.6  11.2 
   332  21.6  10.2 
   333  20.2   9.6 
   334  22.2  10.8 
   335  20.2  10.2 
   336  19.2   9.2 
   337  18.6   8.2 
   338  19.6   9.6 
   339  18.2   8.2 
   340  17.6   6.6 
   341  19.6   7.2 
   342  18.2   6.2 
   343  17.2   7.2 
   344  18.6   8.6 
   345  19.2   5.6 
   346  20.2   6.2 
   347  18.2   8.2 
   348  17.2   7.6 
   349  16.2   6.6 
   350  17.6   5.6 
   351  18.2   6.2 
   352  16.4   8.6 
   353  15.6   4.2 
   354  16.2   5.6 
   355  17.2   4.4 
   356  16.3   6.2 
   357  18.6   7.6 
   358  16.2   5.6 
   359  17.6   6.4 
   360  18.2   5.4 
   361  17.2   6.2 
   362  18.8   7.2 
   363  17.2   5.2 
   364  19.2   6.2 
   365  16.2   7.6 
