2002          Temperature for DAILEKH                 
        Tmax  Tmin
     1  15.6   5.2 
     2  16.6   4.2 
     3  18.2   6.8 
     4  17.6   5.8 
     5  16.6   5.2 
     6  16.2   4.8 
     7  16.8   4.2 
     8  17.2   5.6 
     9  17.6   6.6 
    10  18.2   5.2 
    11  17.2   6.2 
    12  16.6   4.8 
    13  15.2   5.2 
    14  15.4   5.6 
    15  14.2   4.2 
    16  14.6   3.6 
    17  14.2   2.8 
    18  14.8   2.4 
    19  16.2   3.6 
    20  17.6   5.8 
    21  16.8   4.8 
    22  15.2   3.6 
    23  13.2   2.4 
    24  14.2   1.6 
    25  13.2   2.6 
    26  14.6   1.4 
    27  15.6   3.2 
    28  16.2   4.6 
    29  17.2   5.8 
    30  16.2   6.2 
    31  16.6   7.2 
    32  17.6   3.6 
    33  18.6   5.6 
    34  19.2   4.2 
    35  20.6   6.2 
    36  21.2   8.2 
    37  20.2   8.8 
    38  19.6   7.2 
    39  19.2   6.6 
    40  20.2   7.4 
    41  19.6   6.6 
    42  19.2   7.2 
    43  20.6   6.6 
    44  20.8   6.4 
    45  21.2   8.2 
    46  21.6   9.6 
    47  20.2   8.8 
    48  19.6   7.6 
    49  20.8   8.4 
    50  19.2   7.2 
    51  18.8   6.6 
    52  19.8   7.6 
    53  18.6   6.2 
    54  19.2   7.2 
    55  19.6   8.2 
    56  18.6   7.6 
    57  17.2   6.6 
    58  18.8   7.4 
    59  19.6   8.8 
    60  24.2  13.6 
    61  29.6  14.6 
    62  28.2  14.2 
    63  29.4  15.2 
    64  30.2  14.6 
    65  30.6  15.6 
    66  30.8  16.2 
    67  29.6  17.6 
    68  30.2  18.6 
    69  29.8  16.2 
    70  30.2  17.2 
    71  29.6  16.2 
    72  29.8  15.4 
    73  30.2  16.6 
    74  30.6  17.6 
    75  30.2  18.6 
    76  29.6  17.2 
    77  29.8  16.4 
    78  30.2  16.6 
    79  30.6  17.6 
    80  30.4  18.2 
    81  29.6  17.8 
    82  29.8  16.6 
    83  29.2  17.6 
    84  30.2  16.6 
    85  30.6  18.2 
    86  29.4  17.2 
    87  29.8  16.2 
    88  30.2  18.2 
    89  31.2  17.6 
    90   DNA   DNA 
    91  30.2  17.6 
    92  29.4  16.2 
    93  29.6  16.6 
    94  28.2  15.6 
    95  29.8  16.2 
    96  30.6  16.8 
    97  29.6  15.6 
    98  29.2  15.2 
    99  28.2  15.4 
   100  29.6  14.2 
   101  30.2  15.8 
   102  30.6  16.4 
   103  29.6  16.6 
   104  30.2  17.2 
   105  30.8  17.4 
   106  29.6  16.2 
   107  28.6  15.6 
   108  28.8  16.6 
   109  29.2  16.2 
   110  28.5  15.6 
   111  29.6  16.2 
   112  29.2  16.6 
   113  30.2  16.8 
   114  30.6  18.4 
   115  30.8  18.8 
   116  31.2  19.6 
   117  30.6  18.2 
   118  29.6  16.2 
   119  30.2  17.6 
   120  30.4  16.4 
   121  30.8  15.6 
   122  29.6  16.8 
   123  31.2  15.4 
   124  31.6  16.2 
   125  32.2  17.8 
   126  30.2  16.6 
   127  29.8  16.2 
   128  29.6  15.6 
   129  28.8  16.6 
   130  29.8  15.8 
   131  30.2  17.6 
   132  30.6  16.2 
   133  31.2  17.2 
   134  30.8  18.2 
   135  31.2  17.6 
   136  30.2  18.6 
   137  30.6  18.2 
   138  29.8  16.6 
   139  30.2  15.6 
   140  29.8  14.6 
   141  30.2  15.2 
   142  30.6  16.6 
   143  29.2  16.4 
   144  29.6  16.8 
   145  29.4  17.6 
   146  30.2  16.2 
   147  31.2  17.2 
   148  31.2  19.2 
   149  30.2  19.6 
   150  29.8  18.2 
   151   DNA   DNA 
   152  30.2  15.6 
   153  30.6  16.6 
   154  29.8  15.2 
   155  28.8  14.6 
   156  29.2  15.4 
   157  30.2  16.2 
   158  30.4  15.2 
   159  29.8  14.6 
   160  29.2  14.2 
   161  29.6  15.6 
   162  28.8  14.8 
   163  29.2  13.6 
   164  30.6  13.4 
   165  30.8  15.6 
   166  29.8  14.6 
   167  29.4  15.4 
   168  30.2  16.2 
   169  30.4  17.2 
   170  29.8  16.2 
   171  29.6  15.6 
   172  29.8  14.6 
   173  30.2  13.6 
   174  31.9  14.2 
   175  30.6  14.6 
   176  30.2  15.2 
   177  29.6  16.2 
   178  30.4  15.6 
   179  29.8  16.2 
   180  30.2  16.6 
   181  30.6  16.4 
   182  30.4  16.2 
   183  31.2  15.6 
   184  31.8  16.8 
   185  30.6  16.2 
   186  31.6  15.2 
   187  30.8  16.2 
   188  29.6  15.6 
   189  29.8  14.2 
   190  30.2  16.6 
   191  29.2  15.4 
   192  30.6  16.2 
   193  31.2  15.6 
   194  31.8  16.6 
   195  30.2  15.2 
   196  29.6  16.8 
   197  29.2  14.6 
   198  30.8  16.2 
   199  30.2  14.2 
   200  30.2  17.6 
   201  29.6  16.2 
   202  29.8  15.6 
   203  30.2  15.2 
   204  31.2  17.2 
   205  31.8  17.6 
   206  32.2  18.2 
   207  31.2  19.2 
   208  30.2  16.6 
   209  29.2  15.2 
   210  30.2  14.6 
   211  30.8  16.4 
   212  29.6  17.2 
   213  28.2  15.6 
   214  28.6  14.6 
   215  29.6  15.2 
   216  28.6  16.2 
   217  29.6  16.6 
   218  30.2  17.2 
   219  31.2  18.2 
   220  30.2  17.6 
   221  29.6  16.2 
   222  29.2  15.2 
   223  29.4  14.6 
   224  29.2  15.2 
   225  30.2  15.6 
   226  29.8  14.2 
   227  28.8  15.4 
   228  30.6  16.2 
   229  31.2  17.6 
   230  30.2  18.2 
   231  29.6  17.2 
   232  30.6  16.2 
   233  29.6  16.4 
   234  28.2  15.4 
   235  28.6  16.6 
   236  29.2  15.6 
   237  30.2  16.2 
   238  29.6  16.8 
   239  28.6  15.6 
   240  29.2  16.2 
   241  29.6  15.4 
   242  29.4  16.2 
   243  28.6  14.6 
   244  29.4  15.2 
   245  28.2  14.6 
   246  28.6  16.2 
   247  27.4  15.6 
   248  28.2  14.6 
   249  27.2  14.2 
   250  27.6  13.6 
   251  28.2  15.6 
   252  28.8  15.2 
   253  28.4  14.2 
   254  27.6  15.4 
   255  28.2  14.6 
   256  29.4  15.6 
   257  29.2  16.2 
   258  28.4  16.6 
   259  27.8  15.2 
   260  28.2  14.2 
   261  29.2  16.2 
   262  29.8  16.6 
   263  29.6  15.6 
   264  28.8  15.2 
   265  29.2  16.2 
   266  28.2  15.6 
   267  28.2  14.6 
   268  27.6  14.2 
   269  28.2  15.6 
   270  27.4  14.4 
   271  27.2  13.2 
   272  26.6  12.2 
   273  27.2  13.2 
   274  28.4  16.2 
   275  28.2  15.6 
   276  29.2  15.2 
   277  27.2  14.2 
   278  26.6  14.4 
   279  25.2  15.6 
   280  24.2  13.6 
   281  24.6  14.2 
   282  23.2  15.2 
   283  22.6  13.2 
   284  21.6  11.2 
   285  21.2  10.2 
   286  23.2   9.8 
   287  22.2  10.6 
   288  21.2   8.6 
   289  22.6  10.6 
   290  21.6   9.6 
   291  22.2   9.8 
   292  20.6   8.2 
   293  21.2   8.6 
   294  21.6   7.2 
   295  22.2   9.6 
   296  20.2   8.6 
   297  21.2   9.2 
   298  20.6   8.2 
   299  20.2   7.6 
   300  19.8   8.2 
   301  20.2   6.6 
   302  20.4   7.6 
   303  21.6   8.4 
   304  21.2   9.6 
   305  22.4   8.6 
   306  22.2   9.6 
   307  21.2  10.6 
   308  20.2  11.2 
   309  20.4  10.2 
   310  21.2   9.8 
   311  19.6   9.4 
   312  20.2  10.2 
   313  20.6   9.8 
   314  19.6  10.2 
   315  19.4  10.6 
   316  20.4   9.6 
   317  20.6  10.6 
   318  21.2  10.8 
   319  20.2  11.2 
   320  19.2  10.6 
   321  20.6   9.6 
   322  19.6   9.4 
   323  18.2   6.6 
   324  19.2   6.4 
   325  19.8   7.2 
   326  18.6   6.6 
   327  18.4   6.2 
   328  19.6   6.4 
   329  20.2   7.1 
   330  19.2   7.6 
   331  18.2   6.2 
   332  17.6   7.4 
   333  18.6   8.2 
   334  17.2   7.2 
   335  18.2   6.6 
   336  19.6   5.2 
   337  17.6   4.4 
   338  16.6   5.6 
   339  16.2   6.2 
   340  18.6   4.2 
   341  17.2   5.2 
   342  16.6   4.8 
   343  17.6   6.6 
   344  16.2   5.2 
   345  15.4   3.6 
   346  14.2   4.2 
   347  13.2   3.2 
   348  15.2   4.8 
   349  15.6   2.6 
   350  16.6   5.8 
   351  15.6   6.2 
   352  17.2   5.2 
   353  18.2   4.2 
   354  16.2   5.4 
   355  15.6   3.2 
   356  14.2   2.8 
   357  14.6   3.6 
   358  15.2   4.6 
   359  16.2   3.2 
   360  15.8   3.8 
   361  15.2   3.6 
   362  17.2   4.8 
   363  16.2   5.2 
   364  16.6   5.8 
   365  16.2   4.4 
