1968          Temperature for DAILEKH                 
        Tmax  Tmin
     1  17.1   6.2 
     2  15.9   5.4 
     3  15.6   6.0 
     4  16.5   7.0 
     5  13.5   7.6 
     6  16.6   7.4 
     7  16.3   6.0 
     8  14.1   4.0 
     9  13.1   6.0 
    10  12.5   6.4 
    11  14.9   5.6 
    12  11.9   5.2 
    13  13.5   4.5 
    14  14.1   5.4 
    15  10.5   5.3 
    16  13.5   3.4 
    17  14.1   4.0 
    18  13.5   3.6 
    19  15.1   6.0 
    20  13.8   5.2 
    21  14.3   5.6 
    22  14.5   5.8 
    23  13.9   4.4 
    24  14.5   3.4 
    25  15.1   4.0 
    26  14.8   5.0 
    27  14.3   7.2 
    28  13.1   6.4 
    29   8.9   3.0 
    30  13.6   3.4 
    31  18.9   2.4 
    32  12.5   2.5 
    33  13.1   3.0 
    34  14.1   1.8 
    35  12.8   3.2 
    36  15.5   4.0 
    37  16.1   5.5 
    38  17.1   5.6 
    39  15.9   5.0 
    40  16.5   4.4 
    41  14.0   7.2 
    42  15.1   5.0 
    43  16.1   5.0 
    44  15.1   4.4 
    45  14.1   7.8 
    46  17.9   7.0 
    47  17.5   6.0 
    48  17.7   6.4 
    49  17.5   6.5 
    50  15.0   8.0 
    51  18.3   8.8 
    52  14.1   6.2 
    53  15.9   5.3 
    54  15.6   7.0 
    55  16.5   7.1 
    56  17.5   7.4 
    57  18.5   8.3 
    58  19.2   9.3 
    59  17.1   8.4 
    60  17.3   7.3 
    61  17.9   8.4 
    62  18.2   8.0 
    63  19.0   9.4 
    64  20.6  10.3 
    65  19.9  10.8 
    66  21.5  10.3 
    67  19.9  10.6 
    68  22.0  11.3 
    69  21.9  11.2 
    70  23.0  12.0 
    71  24.4  13.0 
    72  24.7  12.6 
    73  24.0  12.5 
    74  23.5  12.5 
    75  23.5  11.7 
    76  22.5  12.2 
    77  21.1  13.0 
    78  19.5  11.0 
    79  22.1  12.0 
    80  21.1  10.4 
    81  13.8   8.4 
    82  16.8   9.5 
    83  19.5   9.0 
    84  20.1  10.7 
    85  23.1  11.5 
    86  23.5  12.4 
    87  24.8  13.5 
    88  25.1  13.7 
    89  24.7  10.4 
    90  21.7   7.4 
    91  19.1   7.2 
    92  21.1   9.5 
    93  23.5  13.3 
    94  21.5  10.8 
    95  24.1  11.4 
    96  23.1  12.2 
    97  23.6  14.0 
    98  25.1  15.6 
    99  28.9  17.0 
   100  29.3  16.4 
   101  27.9  15.2 
   102  28.5  14.7 
   103  28.4  14.8 
   104  28.5  14.5 
   105  26.9  13.0 
   106  25.3  12.0 
   107  26.1  14.6 
   108  27.1  13.4 
   109  27.5  12.4 
   110  27.9  16.2 
   111  27.7  16.4 
   112  27.9  16.7 
   113  29.9  17.0 
   114  27.9  15.3 
   115  27.5  16.6 
   116  29.7  17.3 
   117  30.5  17.8 
   118  29.4  14.2 
   119  26.3  18.3 
   120  27.1  18.7 
   121  28.3  16.4 
   122  24.5  17.3 
   123  28.1  15.4 
   124  29.3  18.4 
   125  30.7  18.5 
   126  31.5  20.4 
   127  30.5  17.2 
   128  29.1  15.4 
   129  28.5  15.5 
   130  28.5  16.4 
   131  29.3  16.6 
   132  29.2  17.2 
   133  30.5  17.6 
   134  31.3  18.5 
   135  31.3  15.4 
   136  30.1  20.0 
   137  28.9  15.3 
   138  27.5  14.7 
   139  28.5  19.4 
   140  30.7  19.3 
   141  32.7  16.8 
   142  30.9  19.4 
   143  30.1  19.7 
   144  32.1  20.0 
   145  32.3  20.6 
   146  32.9  21.0 
   147  32.5  21.4 
   148  34.1  22.0 
   149  34.2  22.4 
   150  34.1  21.4 
   151  33.5  22.7 
   152  34.5  23.2 
   153  34.7  21.3 
   154  28.9  17.4 
   155  29.3  18.0 
   156  29.8  14.4 
   157  25.9  16.4 
   158  27.3  16.0 
   159  26.6  18.3 
   160  26.9  20.0 
   161  27.1  20.0 
   162  27.0  19.5 
   163  23.5  18.4 
   164  24.1  19.0 
   165  25.5  20.2 
   166  27.3  19.4 
   167  24.3  18.4 
   168  23.5  17.3 
   169  24.5  18.0 
   170  25.5  20.5 
   171  24.1  18.2 
   172  25.3  18.6 
   173  26.5  20.3 
   174  27.1  19.4 
   175  25.5  18.3 
   176  25.1  17.0 
   177  27.5  20.5 
   178  27.1  19.3 
   179  25.7  18.6 
   180  25.1  17.1 
   181  25.7  20.0 
   182  27.1  20.6 
   183  26.7  19.3 
   184  27.4  20.6 
   185  27.6  18.0 
   186  27.8  19.5 
   187  28.1  20.2 
   188  27.4  21.1 
   189  27.7  21.5 
   190  26.6  21.8 
   191  27.5  21.6 
   192  26.5  19.8 
   193  27.1  19.7 
   194  25.1  19.3 
   195  25.9  20.2 
   196  25.2  20.4 
   197  25.6  20.4 
   198  24.9  19.4 
   199  26.5  20.5 
   200  26.1  19.4 
   201  24.9  20.0 
   202  25.1  18.4 
   203  23.3  18.5 
   204  23.5  18.6 
   205  21.1  18.4 
   206  23.1  19.5 
   207  26.2  19.0 
   208  25.5  20.0 
   209  25.1  19.0 
   210  25.3  19.4 
   211  24.1  19.4 
   212  25.5  19.2 
   213  27.1  20.1 
   214  27.3  20.0 
   215  24.6  20.4 
   216  25.3  19.4 
   217  27.2  20.3 
   218  26.1  20.6 
   219  26.9  18.4 
   220  25.9  20.0 
   221  25.6  20.6 
   222  26.1  19.4 
   223  24.6  18.4 
   224  23.1  19.6 
   225  23.6  18.2 
   226  26.5  20.0 
   227  27.1  21.1 
   228  27.7  21.6 
   229  27.1  18.8 
   230  27.4  19.2 
   231  26.7  19.4 
   232  22.1  18.5 
   233  25.5  19.2 
   234  25.8  19.6 
   235  23.5  18.3 
   236  25.1  19.4 
   237  24.7  19.6 
   238  25.5  20.1 
   239  24.7  19.4 
   240  27.1  20.0 
   241  25.1  19.4 
   242  24.7  17.8 
   243  24.5  18.3 
   244  26.1  17.4 
   245  26.7  19.1 
   246  27.1  18.1 
   247  27.5  18.5 
   248  27.3  17.1 
   249  24.5  18.4 
   250  26.6  17.2 
   251  26.9  18.4 
   252  27.1  19.1 
   253  26.3  19.0 
   254  26.7  19.8 
   255  27.1  18.3 
   256  27.7  19.0 
   257  28.1  19.4 
   258  27.6  18.0 
   259  26.5  19.3 
   260  23.9  18.4 
   261  24.9  17.2 
   262  23.6  17.7 
   263  20.1  16.4 
   264  19.3  16.8 
   265  22.4  17.0 
   266  25.9  18.8 
   267  25.9  18.8 
   268  26.3  19.1 
   269  27.2  20.8 
   270  27.7  21.0 
   271  26.2  20.0 
   272  26.7  20.5 
   273  27.5  21.0 
   274  27.9  21.3 
   275  26.4  19.8 
   276  27.3  18.2 
   277  27.7  17.2 
   278  26.4  18.0 
   279  28.7  14.6 
   280  23.5  16.0 
   281  24.1  15.4 
   282  23.9  13.4 
   283  23.5  13.3 
   284  23.1  12.4 
   285  22.9  13.0 
   286  23.3  11.5 
   287  22.9  12.0 
   288  23.5  13.5 
   289  24.1  12.0 
   290  24.6  12.3 
   291  23.2  12.3 
   292  23.6  12.6 
   293  22.4  11.4 
   294  22.7  11.1 
   295  22.4  11.4 
   296  23.1  11.7 
   297  23.4  12.0 
   298  24.1  12.5 
   299  24.6  12.8 
   300  24.5  11.7 
   301  23.1  11.4 
   302  22.2  11.8 
   303  22.5  11.6 
   304  22.1  11.3 
   305  21.9  10.0 
   306  22.7  10.4 
   307  19.1   9.0 
   308  21.1   9.3 
   309  20.5   9.0 
   310  20.8   9.4 
   311  20.5   9.8 
   312  21.1  10.0 
   313  21.7  10.3 
   314  20.5   9.8 
   315  20.7  10.0 
   316  21.3  10.0 
   317  20.7  10.2 
   318  19.5   9.6 
   319  19.9  10.0 
   320  20.3  10.0 
   321  19.9  10.0 
   322  19.5   9.0 
   323  19.4   9.2 
   324  19.3   9.0 
   325  19.5   9.0 
   326  19.9  10.3 
   327  19.1   9.6 
   328  18.1   9.1 
   329  19.7   8.7 
   330  19.5   9.0 
   331  18.2   7.7 
   332  18.1   7.6 
   333  17.1   7.2 
   334  16.3   9.0 
   335  16.7   8.3 
   336  15.1   8.4 
   337  18.3   8.8 
   338  18.0   8.0 
   339  17.3   8.3 
   340  17.5   7.4 
   341  17.1   7.0 
   342  17.9   7.2 
   343  17.8   6.6 
   344  19.1   7.5 
   345  18.1   7.2 
   346  17.5   7.4 
   347  18.1   7.4 
   348  19.5   8.0 
   349  17.8   6.7 
   350  17.3   6.2 
   351  16.8   5.4 
   352  18.1   6.4 
   353  18.1   6.2 
   354  17.7   6.4 
   355  19.5   6.7 
   356  19.1   7.4 
   357  20.7   7.5 
   358  19.1   5.5 
   359  14.1   6.4 
   360  13.5   6.0 
   361  17.5   6.6 
   362  11.5   4.2 
   363   9.5   3.2 
   364  13.3   3.0 
   365  14.1   4.4 
   366  10.5   6.0 
