1995          Temperature for DAILEKH                 
        Tmax  Tmin
     1  13.4   4.2 
     2  15.2   3.2 
     3  14.2   2.6 
     4  13.8   3.8 
     5  14.4   2.6 
     6  13.2   3.2 
     7  12.4   2.6 
     8  10.2   3.4 
     9  11.6   2.6 
    10  12.4   0.1 
    11  10.8   1.8 
    12  11.4   1.2 
    13  10.9   1.6 
    14  11.6   0.8 
    15  12.4   1.2 
    16  14.2   2.4 
    17  11.8   1.9 
    18  14.8   2.8 
    19  12.8   3.4 
    20  13.8   4.2 
    21  11.2   3.8 
    22  14.2   2.8 
    23  11.6   2.8 
    24  13.6   3.6 
    25  14.8   4.2 
    26  13.8   4.8 
    27  15.6   3.6 
    28  17.2   4.2 
    29  18.8   6.4 
    30  16.8   7.2 
    31  18.2   6.8 
    32  19.4   7.2 
    33  17.2   8.2 
    34  19.6   5.6 
    35  18.6   7.2 
    36  20.6   8.2 
    37  19.8   7.8 
    38  20.2   9.2 
    39  21.8  10.6 
    40  19.8   8.2 
    41  21.2  10.8 
    42  20.6  10.2 
    43  19.2  10.6 
    44  21.2   9.2 
    45  20.8   9.4 
    46  21.6   3.2 
    47  22.2   7.2 
    48  21.8   6.4 
    49  20.4   8.2 
    50  19.8   6.2 
    51  20.2   7.6 
    52  19.6   6.2 
    53  18.6   5.6 
    54  20.2   4.2 
    55  21.2   5.2 
    56  22.8   7.2 
    57  20.6   6.6 
    58  21.6   5.8 
    59  22.6   7.2 
    60  20.8   8.2 
    61  21.9   7.6 
    62  20.8   7.2 
    63  22.2   6.4 
    64  21.8   8.6 
    65  23.2   9.4 
    66  22.8   7.2 
    67  23.8   6.2 
    68  21.2   8.2 
    69  22.8   7.2 
    70  23.4  10.2 
    71  22.8  10.8 
    72  23.8  11.4 
    73  22.2  10.2 
    74  24.2  11.6 
    75  23.8  12.4 
    76  24.2  11.8 
    77  25.8  13.2 
    78  24.8  12.4 
    79  23.2  14.2 
    80  24.2  12.6 
    81  25.8  13.2 
    82  26.2  14.2 
    83  26.2  12.8 
    84  24.4  11.9 
    85  22.2  10.8 
    86  23.8  11.2 
    87  22.4  12.4 
    88  21.2  10.4 
    89  23.6  12.6 
    90  25.2  12.4 
    91  26.4  13.2 
    92  27.6  11.6 
    93  25.2  12.2 
    94  26.2  13.2 
    95  24.2  12.8 
    96  25.2  12.2 
    97  27.2  11.4 
    98  26.8  12.6 
    99  27.8  13.2 
   100  26.4  12.8 
   101  28.2  12.8 
   102  27.2  14.2 
   103  28.6  13.8 
   104  29.2  12.4 
   105  28.2  13.2 
   106  27.2  14.2 
   107  28.2  13.2 
   108  30.2  13.8 
   109  28.2  14.2 
   110  29.6  13.6 
   111  30.2  15.2 
   112  31.2  14.2 
   113  30.8  16.2 
   114  29.2  15.8 
   115  30.2  13.2 
   116  29.6  12.4 
   117  31.2  14.2 
   118  30.8  13.2 
   119  29.6  12.6 
   120  30.2  15.2 
   121  30.2  16.2 
   122  31.2  14.2 
   123  32.8  15.2 
   124  30.8  16.2 
   125  32.6  16.4 
   126  31.6  18.2 
   127  32.4  16.4 
   128  33.2  14.2 
   129  32.2  16.2 
   130  31.6  17.2 
   131  32.2  15.2 
   132  31.2  16.4 
   133  30.2  17.2 
   134  31.2  15.2 
   135  30.2  16.2 
   136  31.2  14.2 
   137  32.4  16.4 
   138  30.4  17.2 
   139  31.6  18.2 
   140  31.6  16.2 
   141  30.2  14.2 
   142  32.2  16.4 
   143  31.2  17.2 
   144  30.6  18.2 
   145  32.2  16.4 
   146  31.8  18.8 
   147  32.8  16.4 
   148  33.2  17.2 
   149  35.6  18.2 
   150  36.2  19.2 
   151  37.2  20.4 
   152  38.2  21.2 
   153  37.2  21.4 
   154  35.2  22.2 
   155  34.2  19.4 
   156  35.2  20.4 
   157  36.4  19.4 
   158  35.2  20.6 
   159  34.2  19.2 
   160  33.2  17.2 
   161  30.2  18.4 
   162  30.2  15.2 
   163  29.2  14.2 
   164  28.2  16.4 
   165  28.2  14.2 
   166  29.2  15.2 
   167  28.2  16.2 
   168  27.2  15.6 
   169  26.2  12.4 
   170  25.2  11.2 
   171  27.2  12.4 
   172  26.4  14.2 
   173  25.8  12.4 
   174  24.2  10.2 
   175  26.2  11.2 
   176  27.2  12.2 
   177  25.4  13.2 
   178  24.2  10.2 
   179  26.2  12.4 
   180  27.2  11.4 
   181  26.8  13.2 
   182  27.2  12.2 
   183  28.2  14.2 
   184  27.2  15.2 
   185  28.2  13.2 
   186  27.8  14.2 
   187  29.2  13.8 
   188  30.4  15.2 
   189  28.2  14.2 
   190  27.2  11.2 
   191  28.8  12.2 
   192  29.2  13.2 
   193  28.2  15.2 
   194  30.6  11.2 
   195  29.8  10.2 
   196  28.2   9.6 
   197  29.2   9.4 
   198  28.6   8.2 
   199  29.6  10.2 
   200  27.2  10.2 
   201  29.6  11.2 
   202  28.2  10.4 
   203  27.8  12.4 
   204  29.2   9.2 
   205  28.6  11.2 
   206  29.8  10.4 
   207  30.2  13.2 
   208  29.2  11.2 
   209  30.6  12.2 
   210  29.6  13.6 
   211  28.4  12.2 
   212  29.8  10.4 
   213  30.2  11.2 
   214  29.8  12.2 
   215  30.2  12.4 
   216  29.6  11.2 
   217  28.6  10.4 
   218  29.8  11.2 
   219  28.6  12.8 
   220  29.8  16.4 
   221  27.2  16.8 
   222  28.2  16.8 
   223  27.8  17.2 
   224  28.6  18.2 
   225  27.6  14.2 
   226  29.2  19.2 
   227  28.2  18.6 
   228  30.2  19.4 
   229  29.2  18.2 
   230  30.6  17.2 
   231  28.6  16.2 
   232  28.8  18.4 
   233  29.8  16.2 
   234  27.2  18.4 
   235  29.2  17.6 
   236  28.2  16.8 
   237  29.8  17.2 
   238  28.8  17.6 
   239  27.2  16.4 
   240  28.2  15.6 
   241  29.2  16.2 
   242  28.6  17.2 
   243  29.6  18.6 
   244  28.2  18.2 
   245  29.6  16.4 
   246  28.2  18.2 
   247  29.6  16.2 
   248  28.6  16.2 
   249  27.2  18.2 
   250  28.6  15.2 
   251  27.6  16.8 
   252  27.6  14.2 
   253  29.2  17.2 
   254  30.2  16.2 
   255  29.2  17.6 
   256  28.6  16.4 
   257  29.2  17.2 
   258  30.2  16.4 
   259  29.2  17.2 
   260  28.2  15.4 
   261  27.2  15.2 
   262  29.2  12.6 
   263  28.2  13.6 
   264  27.6  12.2 
   265  28.2  11.2 
   266  26.6  10.4 
   267  27.2  10.8 
   268  28.1  11.6 
   269  26.4  12.2 
   270  27.8  11.8 
   271  28.2  12.6 
   272  27.8  11.4 
   273  28.4  12.4 
   274  27.6  13.2 
   275  28.2  12.4 
   276  27.2  11.6 
   277  28.6  10.6 
   278  26.6  13.2 
   279  27.2  12.4 
   280  28.6  12.8 
   281  27.2  11.2 
   282  26.2  10.6 
   283  27.4  12.6 
   284  26.4  10.6 
   285  27.2  11.2 
   286  26.6  10.8 
   287  25.8  12.2 
   288  26.6  11.2 
   289  27.8  10.6 
   290  26.8  12.6 
   291  27.8  10.6 
   292  25.2  11.2 
   293  24.2  11.2 
   294   DNA  10.4 
   295  22.8   9.2 
   296  23.2   8.8 
   297  22.8  10.2 
   298  23.2  11.2 
   299  24.2  11.2 
   300  23.6  10.2 
   301  22.6   9.6 
   302  24.2   8.6 
   303  23.6  10.6 
   304  24.2  10.2 
   305  25.2   9.6 
   306  23.2   8.6 
   307  24.6   7.6 
   308  23.2   8.2 
   309  22.2   7.2 
   310  21.2   8.2 
   311  22.4   7.6 
   312  24.2   9.4 
   313  23.2  11.2 
   314  22.2  10.4 
   315  21.2   9.8 
   316  22.8   8.2 
   317  21.8  10.6 
   318  22.6   9.6 
   319  21.2  11.2 
   320  20.8  12.2 
   321  19.4   8.6 
   322  18.2   8.2 
   323  20.6   7.8 
   324  21.2   9.2 
   325  20.6   8.4 
   326  22.6   7.2 
   327  21.6   6.8 
   328  22.8   8.2 
   329  24.6   7.6 
   330  21.6   8.6 
   331  20.8   8.8 
   332  19.8   7.2 
   333  20.4   7.6 
   334  19.8   8.2 
   335  18.2   9.2 
   336  17.2   7.6 
   337  16.2   5.8 
   338  15.6   5.8 
   339  16.6   6.6 
   340  17.6   5.2 
   341  15.2   4.2 
   342  16.4   5.2 
   343  17.2   6.4 
   344  18.6   5.8 
   345  17.2   6.6 
   346  16.4   6.6 
   347  17.8   5.8 
   348  16.6   6.2 
   349  15.9   5.6 
   350  16.6   7.6 
   351  15.8   5.4 
   352  16.2   5.8 
   353  17.2   5.8 
   354  16.6   4.6 
   355  17.6   5.6 
   356  16.6   4.6 
   357  15.4   5.2 
   358  14.8   4.6 
   359  15.2   5.6 
   360  14.8   4.6 
   361  15.6   6.2 
   362  16.2   4.8 
   363  14.2   4.2 
   364  15.8   5.6 
   365  14.2   4.6 
