1992          Temperature for DAILEKH                 
        Tmax  Tmin
     1  10.4   2.4 
     2  11.6   1.4 
     3  11.8   2.0 
     4  13.2   1.4 
     5  16.6   1.2 
     6  16.2   2.2 
     7  15.4   3.2 
     8  16.2   5.2 
     9  15.4   3.4 
    10  14.2   5.2 
    11  11.4   5.2 
    12  12.2   4.2 
    13  13.6   4.2 
    14  14.6   3.2 
    15  15.2   4.2 
    16  18.6   3.8 
    17  18.2   4.4 
    18  18.4   5.4 
    19  19.2   4.4 
    20  18.6   5.2 
    21  18.2   4.4 
    22  13.8   7.2 
    23  14.4   6.4 
    24  16.2   6.2 
    25  18.4   6.4 
    26  19.6   8.2 
    27  19.2   8.4 
    28  19.6   8.6 
    29   DNA   8.2 
    30  14.6   9.2 
    31  15.6   7.2 
    32  14.2   7.2 
    33  15.4   2.4 
    34  15.8   3.4 
    35  15.4   4.2 
    36  16.2   3.2 
    37  16.4   4.4 
    38  15.2   4.2 
    39  14.2   2.2 
    40  14.6   3.2 
    41  16.2   4.2 
    42  15.4   5.2 
    43  16.2   4.4 
    44  16.6   4.4 
    45  16.8   7.2 
    46  17.2   6.5 
    47  16.6   5.6 
    48  16.8   4.5 
    49  17.4   6.2 
    50  17.6   6.4 
    51  18.8   6.8 
    52  18.6   6.8 
    53  17.4   6.2 
    54  17.2   6.8 
    55  16.6   7.4 
    56  16.4   7.2 
    57  16.8   7.8 
    58  17.6   5.2 
    59  19.4   8.8 
    60  20.6   9.6 
    61  21.2   9.8 
    62  21.6   9.4 
    63  21.8  10.2 
    64  22.4  10.6 
    65  21.6   9.4 
    66  23.2   9.6 
    67  24.1   7.2 
    68  22.2   6.4 
    69  21.4   7.6 
    70  22.2   8.4 
    71  23.8   9.2 
    72  24.2   8.6 
    73  23.2   7.2 
    74  23.8   8.4 
    75  23.8   7.6 
    76  24.2   9.6 
    77  24.8   8.2 
    78  24.2  11.2 
    79  23.4  10.2 
    80  22.2   7.6 
    81  22.6   7.2 
    82  23.2   8.4 
    83  23.6   9.6 
    84  24.6   8.2 
    85  26.8  11.8 
    86  25.6  10.8 
    87  26.8  12.4 
    88  28.6  11.2 
    89  28.2  14.2 
    90  28.6  14.2 
    91  29.2  16.2 
    92  28.6  11.2 
    93  28.8  11.6 
    94  29.2  10.4 
    95  28.4  10.2 
    96  29.2  12.4 
    97  28.6  12.4 
    98  30.2  13.2 
    99  29.4  14.2 
   100  28.6  11.2 
   101  29.6  12.2 
   102  30.2  16.4 
   103  30.6  15.2 
   104  31.2  16.2 
   105  31.6  18.4 
   106  30.8  17.2 
   107  31.6  18.4 
   108  31.4  17.4 
   109  32.8  15.6 
   110  30.4  14.8 
   111  31.8  17.8 
   112  31.4  16.4 
   113  30.2  15.4 
   114  31.6  18.2 
   115  30.4  13.4 
   116  30.8  12.8 
   117  31.6  14.2 
   118  31.8  12.8 
   119  28.2  14.2 
   120  28.8  15.8 
   121  29.4  16.6 
   122  27.8   9.4 
   123  28.2  11.6 
   124  28.8  13.6 
   125  29.4  13.6 
   126  30.2  12.2 
   127  30.6  12.6 
   128  31.4  13.8 
   129  29.4  10.4 
   130  29.6  17.2 
   131  29.2  13.4 
   132  28.6  14.2 
   133  29.2  13.2 
   134  31.6  12.6 
   135  29.2  13.2 
   136  31.8  13.2 
   137  30.4  16.4 
   138  32.2  17.2 
   139  31.4  19.4 
   140  31.6  18.6 
   141  32.2  16.4 
   142  31.6  15.6 
   143  31.6  16.2 
   144  31.2  14.4 
   145  24.2  14.2 
   146  21.8  12.6 
   147  26.4  13.2 
   148  26.6  14.2 
   149  27.6  15.2 
   150  28.6  15.2 
   151  30.2  17.4 
   152  31.2  18.2 
   153  31.4  19.2 
   154  30.4  20.2 
   155  31.4  24.4 
   156  32.2  17.2 
   157  32.2  18.2 
   158  32.8  20.2 
   159  32.4  14.2 
   160  33.6  16.2 
   161  32.4  14.2 
   162  33.6  15.2 
   163  32.4  14.2 
   164  33.6  15.2 
   165  33.4  13.4 
   166  32.4  14.2 
   167  30.6  16.2 
   168  31.4  18.2 
   169  31.8  18.2 
   170  30.4  18.4 
   171  29.2  18.4 
   172  28.6  19.6 
   173   DNA  20.2 
   174  27.8  18.4 
   175  29.6  16.2 
   176  30.8  18.4 
   177  31.6  17.6 
   178  31.8  15.8 
   179  30.4  15.6 
   180  29.6  16.2 
   181  29.8  14.2 
   182  30.4  14.6 
   183  30.8  14.6 
   184  31.4  15.2 
   185  31.6  16.8 
   186  30.6  16.8 
   187  31.4  15.4 
   188  32.4  14.2 
   189  29.8  15.2 
   190  26.6  20.4 
   191  26.8  20.4 
   192  27.6  17.2 
   193   DNA  16.2 
   194   DNA  18.8 
   195   DNA  15.2 
   196   DNA  18.4 
   197   DNA  19.6 
   198   DNA  18.4 
   199   DNA  19.4 
   200   DNA  20.5 
   201   DNA  18.2 
   202   DNA  15.6 
   203   DNA  18.4 
   204   DNA  19.6 
   205   DNA  19.6 
   206   DNA  17.8 
   207   DNA  17.2 
   208   DNA  16.4 
   209   DNA  20.4 
   210   DNA  20.6 
   211   DNA  19.6 
   212   DNA  18.4 
   213  27.2  17.6 
   214  26.6  19.4 
   215  26.8  17.2 
   216  25.4  18.6 
   217   DNA  19.2 
   218   DNA  14.6 
   219  26.8  17.2 
   220  28.2  19.6 
   221  27.4  15.4 
   222  28.6  14.4 
   223  30.4  14.6 
   224  30.8  15.2 
   225  27.6  14.4 
   226  29.4  19.2 
   227  28.2  19.2 
   228  28.6  18.4 
   229  26.4  18.4 
   230  25.6  17.2 
   231   DNA  19.2 
   232  28.6  18.6 
   233  27.4  18.4 
   234  29.6  19.6 
   235  29.2  17.4 
   236  27.2  18.2 
   237  28.4  19.6 
   238  29.4  16.2 
   239  30.2  16.2 
   240  30.6  17.6 
   241  29.4  16.4 
   242  29.8  16.6 
   243  30.4  15.8 
   244  30.6  17.4 
   245  30.4  18.4 
   246  31.6  15.4 
   247  30.8  15.8 
   248  29.2  16.4 
   249  30.6  19.2 
   250  31.8  18.4 
   251  29.6  17.4 
   252  31.4  14.6 
   253  30.4  15.6 
   254  26.6  19.2 
   255  25.4  17.4 
   256  26.8  14.4 
   257  27.2  15.8 
   258   DNA  17.6 
   259  29.6  18.2 
   260  30.4  15.8 
   261  24.6  14.8 
   262  26.4  17.6 
   263  28.4  13.8 
   264  29.6  13.6 
   265  30.6  13.8 
   266  28.4  13.2 
   267  29.2  13.6 
   268  30.6  12.4 
   269  29.4  14.4 
   270  30.2  16.2 
   271  29.4  16.2 
   272  27.4  14.8 
   273  26.6  16.2 
   274  25.2  15.2 
   275  25.4  17.2 
   276  26.2  16.2 
   277  27.2  13.2 
   278  28.2  16.2 
   279  25.4  13.6 
   280  22.2  14.4 
   281  24.2  14.8 
   282  25.4  16.2 
   283  26.2  17.2 
   284  24.2  15.4 
   285  25.4  13.4 
   286  19.2  14.2 
   287  24.2  15.4 
   288  25.2  15.4 
   289  23.2  14.2 
   290  24.8  13.2 
   291  22.4  15.2 
   292  21.4  14.2 
   293  20.2  10.4 
   294  22.2   9.4 
   295  21.2  10.4 
   296  20.4   9.6 
   297  22.4   8.6 
   298  21.2   9.2 
   299  23.2  11.2 
   300  22.2  10.4 
   301  21.2   9.2 
   302  23.2   8.6 
   303  21.2  10.4 
   304  20.2   9.6 
   305  19.4   8.4 
   306  20.2   8.6 
   307  19.2   9.2 
   308  20.2   7.6 
   309  21.4   8.4 
   310  23.2   7.4 
   311  22.4   7.2 
   312  21.2  10.2 
   313  19.4  10.2 
   314  21.4   9.6 
   315  19.6   9.8 
   316  18.2  10.4 
   317  19.4   8.6 
   318  20.2   9.2 
   319  19.4  10.2 
   320  20.8  10.2 
   321  20.4  10.8 
   322  18.2   8.6 
   323  21.2   8.2 
   324  22.2   9.6 
   325  20.2   8.2 
   326  21.2  10.2 
   327  22.2  10.4 
   328  19.6  10.2 
   329  21.4   9.6 
   330  22.4  11.2 
   331  20.2   9.4 
   332  21.2   9.6 
   333  22.8  10.2 
   334  21.4  10.6 
   335  20.2  10.4 
   336  18.2  10.2 
   337  16.2   6.4 
   338  15.4   5.6 
   339  16.6   5.4 
   340  17.2   6.2 
   341  15.2   4.2 
   342  15.6   5.6 
   343  16.8   6.2 
   344  18.2   7.6 
   345  18.6   6.2 
   346  18.8   6.8 
   347  19.2   7.4 
   348  20.2   5.8 
   349  19.4   7.8 
   350  19.6   7.2 
   351  18.4   6.4 
   352  19.4   6.8 
   353  20.4   7.2 
   354  19.2   7.2 
   355  18.6   7.8 
   356  17.8   7.6 
   357  16.6   6.4 
   358  17.4   6.4 
   359  19.2   6.4 
   360  18.2   8.4 
   361  19.2   4.2 
   362  13.2   3.2 
   363  12.2   3.6 
   364  11.6   2.2 
   365  10.2   2.4 
   366  11.2   2.6 
