1997          Temperature for SURKHET (BIRENDRA NAGAR)
        Tmax  Tmin
     1  21.4   5.5 
     2  20.4   4.6 
     3  20.8   5.6 
     4  20.5   6.5 
     5  20.1   7.7 
     6  20.2   5.0 
     7  20.7   5.4 
     8  20.3   4.4 
     9  20.4   5.6 
    10  20.3   3.4 
    11  20.4   1.7 
    12  19.4   2.3 
    13  20.2   2.0 
    14  20.4   1.7 
    15  16.7   3.0 
    16  19.2   3.4 
    17  19.7   2.3 
    18  20.4   3.2 
    19  15.7   6.2 
    20  13.3   8.0 
    21   9.5   6.6 
    22  15.4   4.0 
    23  15.5   3.5 
    24  17.3   5.5 
    25  19.6   2.8 
    26  18.2   2.4 
    27  16.2   6.3 
    28  19.6   4.2 
    29  20.4   4.7 
    30  19.8   6.4 
    31  19.5   4.5 
    32  19.4   3.3 
    33  16.7   3.8 
    34  18.2   8.8 
    35  19.0   8.3 
    36  19.5   4.2 
    37  18.4   3.6 
    38  18.9   3.3 
    39  20.7   3.4 
    40  21.7   3.8 
    41  21.0   5.0 
    42  20.0   6.5 
    43  21.7   4.0 
    44  23.2   5.0 
    45  23.5   6.5 
    46  23.5   7.2 
    47  21.5   8.5 
    48  22.0   3.7 
    49  22.5   4.8 
    50  21.4   8.5 
    51  21.8   5.6 
    52  21.8   4.3 
    53  21.9   4.6 
    54  22.5   5.0 
    55  23.5   7.2 
    56  23.2   4.6 
    57  24.1  10.8 
    58  24.5   8.5 
    59  25.0   6.3 
    60  25.7   8.3 
    61  26.5   9.6 
    62  26.2  10.5 
    63  26.6   9.6 
    64  26.7   8.2 
    65  26.2   8.4 
    66  26.2   9.4 
    67  28.0   9.8 
    68  29.2  10.6 
    69  27.9  11.4 
    70  28.6  12.0 
    71  28.0  12.0 
    72  20.8  11.8 
    73  26.2  10.2 
    74  26.7  11.8 
    75  26.7  12.2 
    76  27.8  10.5 
    77  25.7  10.7 
    78  27.3  10.8 
    79  27.2  15.2 
    80  26.2  11.7 
    81  26.0   9.8 
    82  26.2   9.0 
    83  27.2   8.4 
    84  27.3  10.3 
    85  27.8   9.6 
    86  29.1  11.6 
    87  29.3  12.5 
    88  27.7  17.5 
    89  26.0  12.5 
    90  26.7  10.0 
    91  29.0  15.6 
    92  22.7  13.2 
    93  22.1  15.0 
    94  24.4  10.5 
    95  25.2  10.7 
    96  24.5  10.0 
    97  27.0  10.5 
    98  28.2  12.5 
    99  22.1  13.4 
   100  23.6  13.5 
   101  24.8  13.5 
   102  27.5  14.7 
   103  29.5  16.5 
   104  30.7  16.0 
   105  32.9  16.6 
   106  31.4  17.0 
   107  30.0  13.0 
   108  30.6  11.5 
   109  31.8  13.0 
   110  32.0  13.4 
   111  32.8  15.2 
   112  32.2  17.2 
   113  32.4  18.1 
   114  32.2  18.2 
   115  33.0  19.5 
   116  32.5  16.8 
   117  30.5  15.5 
   118  31.4  19.5 
   119  33.4  17.0 
   120  32.7  17.4 
   121  33.1  18.0 
   122  32.4  18.1 
   123  32.3  16.5 
   124  33.9  16.0 
   125  33.5  19.0 
   126  32.9  15.8 
   127  34.0  18.0 
   128  24.6  17.5 
   129  30.4  15.6 
   130  32.4  15.5 
   131  33.9  15.0 
   132  35.6  15.2 
   133  36.4  17.6 
   134  34.5  18.4 
   135  37.2  17.2 
   136  36.0  20.0 
   137  34.9  17.0 
   138  36.1  17.2 
   139  37.0  19.4 
   140  35.0  19.7 
   141  37.5  19.0 
   142  37.5  19.5 
   143  37.6  20.3 
   144  35.9  22.2 
   145  32.4  17.0 
   146  34.4  21.5 
   147  32.7  20.6 
   148  34.5  21.6 
   149  32.7  20.0 
   150  32.3  20.9 
   151  30.5  18.0 
   152  34.6  17.2 
   153  34.5  19.0 
   154  31.4  19.7 
   155  33.5  18.7 
   156  34.4  20.2 
   157  34.7  20.7 
   158  35.0  21.2 
   159  35.6  21.9 
   160  37.1  23.8 
   161  36.2  23.9 
   162  36.4  22.0 
   163  36.8  24.0 
   164  36.1  22.5 
   165  37.8  23.4 
   166  37.7  23.0 
   167  38.3  25.2 
   168  38.4  23.5 
   169  34.0  24.0 
   170  27.0  19.2 
   171  31.3  21.0 
   172  33.2  23.5 
   173  33.6  23.4 
   174  32.4  22.3 
   175  31.0  21.4 
   176  31.2  23.8 
   177  31.2  24.7 
   178  32.0  22.8 
   179  27.0  22.5 
   180  31.0  22.7 
   181  33.0  21.8 
   182  31.5  22.3 
   183  32.7  21.7 
   184  33.0  23.8 
   185  31.0  23.5 
   186  31.4  24.2 
   187  30.2  23.0 
   188  30.4  24.3 
   189  30.5  22.0 
   190  29.0  22.0 
   191  24.8  20.0 
   192  28.0  20.0 
   193  30.5  23.2 
   194  28.4  23.0 
   195  28.5  20.0 
   196  30.6  21.5 
   197  30.5  24.6 
   198  31.4  24.7 
   199  33.0  22.8 
   200  31.5  24.7 
   201  33.2  21.6 
   202  30.3  23.5 
   203  31.4  24.2 
   204  31.9  24.2 
   205  31.3  24.0 
   206  31.7  23.6 
   207  32.0  23.2 
   208  31.9  23.8 
   209  31.9  23.5 
   210  33.4  24.2 
   211  31.2  23.8 
   212  32.2  23.0 
   213  31.7  23.8 
   214  29.8  23.9 
   215  28.5  23.9 
   216  32.5  24.4 
   217  31.2  24.2 
   218  31.5  23.5 
   219  30.5  24.4 
   220  29.0  22.8 
   221  30.5  23.0 
   222  27.0  22.9 
   223  26.4  22.4 
   224  26.3  21.7 
   225  29.2  22.0 
   226  31.3  22.8 
   227  31.0  23.5 
   228  31.6  22.5 
   229  31.2  24.6 
   230  28.3  23.4 
   231  31.5  22.7 
   232  30.6  22.9 
   233  31.7  24.2 
   234  31.9  22.8 
   235  31.3  21.2 
   236  31.5  23.6 
   237  31.2  23.5 
   238  31.8  23.4 
   239  33.2  22.2 
   240  33.8  22.4 
   241  30.8  21.4 
   242  29.9  22.4 
   243  29.8  22.8 
   244  30.2  23.2 
   245  29.9  23.2 
   246  30.0  22.8 
   247  30.8  22.4 
   248  30.3  22.8 
   249  29.7  21.7 
   250  29.3  22.2 
   251  31.4  22.0 
   252  29.7  22.0 
   253  28.8  22.8 
   254  29.0  22.4 
   255  27.2  22.0 
   256  28.3  22.3 
   257  30.2  22.2 
   258  30.4  22.2 
   259  29.7  22.0 
   260  28.4  22.0 
   261  30.3  21.5 
   262  31.3  21.5 
   263  31.5  22.0 
   264  28.4  20.5 
   265  31.2  21.0 
   266  30.8  21.4 
   267  30.4  19.6 
   268  30.2  20.5 
   269  30.1  20.6 
   270  30.0  20.4 
   271  30.4  19.0 
   272  29.0  17.8 
   273  28.4  15.0 
   274  25.0  18.5 
   275  27.5  14.8 
   276  26.2  16.6 
   277  27.6  14.9 
   278  28.1  15.7 
   279  24.3  17.4 
   280  27.3  17.3 
   281  28.8  15.5 
   282  28.3  16.0 
   283  27.6  13.4 
   284  27.8  13.8 
   285  28.0  14.8 
   286  26.8  14.2 
   287  26.8  13.9 
   288  27.2  13.7 
   289  27.2  13.8 
   290  26.8  12.5 
   291  27.8  13.5 
   292  28.3  13.6 
   293  28.9  15.4 
   294  26.4  14.5 
   295  26.3  12.6 
   296  25.3  14.7 
   297  16.4  13.6 
   298  23.7  11.6 
   299  25.6  10.8 
   300  22.8  14.3 
   301  25.2  15.7 
   302  22.7  13.3 
   303  24.3  11.4 
   304  25.3  12.1 
   305  25.0  11.7 
   306  25.3  11.7 
   307  26.8  11.4 
   308  26.3  12.0 
   309  26.5  12.5 
   310  23.4  13.4 
   311  26.4  11.7 
   312  25.7  11.7 
   313  24.8  13.1 
   314  24.4  15.0 
   315  24.5  11.5 
   316  23.9   9.0 
   317  24.5   9.3 
   318  24.3   9.6 
   319  23.5   9.3 
   320  24.3   9.6 
   321  22.2   9.4 
   322  20.7  10.2 
   323  23.5  14.2 
   324  23.2  11.6 
   325  23.3   8.5 
   326  18.4   9.4 
   327  23.7  10.6 
   328  24.6   9.4 
   329  17.6  11.4 
   330  17.2  13.6 
   331  21.3  12.2 
   332  21.5   9.6 
   333  17.6   7.2 
   334  20.4   9.5 
   335  18.7  11.6 
   336  18.8   6.8 
   337  20.7   7.7 
   338  20.2   7.7 
   339  21.5   8.3 
   340  20.2   7.5 
   341  20.8   6.8 
   342  14.0   9.4 
   343  12.4  11.2 
   344  17.5  11.3 
   345  18.7   5.8 
   346  17.2   7.7 
   347  17.7  11.2 
   348  18.3   8.3 
   349  18.8   6.7 
   350  16.8   8.0 
   351  15.7   8.4 
   352  12.8   7.6 
   353  17.7   9.6 
   354  17.7   6.0 
   355  13.7   6.7 
   356  16.0   8.3 
   357  18.8   5.8 
   358  18.9   5.4 
   359  17.0   5.2 
   360  16.9   4.2 
   361  18.4   4.2 
   362  19.2   6.1 
   363  17.6   7.3 
   364  19.3   6.4 
   365  18.2   8.2 
