1973          Temperature for SURKHET (BIRENDRA NAGAR)
        Tmax  Tmin
     1   DNA   DNA 
     2   DNA   DNA 
     3   DNA   DNA 
     4   DNA   DNA 
     5   DNA   DNA 
     6   DNA   DNA 
     7   DNA   DNA 
     8   DNA   DNA 
     9   DNA   DNA 
    10   DNA   DNA 
    11   DNA   DNA 
    12   DNA   DNA 
    13   DNA   DNA 
    14   DNA   DNA 
    15   DNA   DNA 
    16   DNA   DNA 
    17   DNA   DNA 
    18   DNA   DNA 
    19   DNA   DNA 
    20   DNA   DNA 
    21   DNA   DNA 
    22   DNA   DNA 
    23   DNA   DNA 
    24   DNA   DNA 
    25   DNA   DNA 
    26   DNA   DNA 
    27   DNA   DNA 
    28   DNA   DNA 
    29   DNA   DNA 
    30   DNA   DNA 
    31   DNA   DNA 
    32   DNA   DNA 
    33   DNA   DNA 
    34   DNA   DNA 
    35   DNA   DNA 
    36   DNA   DNA 
    37   DNA   DNA 
    38   DNA   DNA 
    39   DNA   DNA 
    40   DNA   DNA 
    41   DNA   DNA 
    42   DNA   DNA 
    43   DNA   DNA 
    44   DNA   DNA 
    45  24.5   9.9 
    46  24.8   9.8 
    47  24.9   7.5 
    48  24.2   9.2 
    49  23.8   7.7 
    50  25.1   8.0 
    51  25.2   9.2 
    52  24.5   6.5 
    53  24.5   7.2 
    54  25.2  10.0 
    55  19.8   9.2 
    56  23.8   9.8 
    57  17.7  13.4 
    58  12.5   9.9 
    59  20.2   6.0 
    60  21.9   7.5 
    61  23.5   7.8 
    62  22.9   7.0 
    63  23.7   6.7 
    64  24.4   7.2 
    65  24.0  12.6 
    66  21.8  11.0 
    67  18.0   9.8 
    68  25.2   9.0 
    69  27.0  12.4 
    70  27.8  13.1 
    71  22.8  10.0 
    72  25.9   7.8 
    73  26.1   7.9 
    74  25.9   7.9 
    75  26.9   7.8 
    76  26.9   8.9 
    77  27.6  10.2 
    78  28.5   9.0 
    79  29.4  10.0 
    80  29.0  11.9 
    81  28.5   9.0 
    82  29.2  10.2 
    83  30.2  11.2 
    84  30.9  13.0 
    85  32.1  13.9 
    86  31.8  13.5 
    87  32.8  14.0 
    88  34.2  14.3 
    89  34.5  14.6 
    90  34.5  13.5 
    91  33.9  15.0 
    92  34.8  13.0 
    93  33.0  13.9 
    94  33.4  11.5 
    95  33.8  13.0 
    96  35.4  17.4 
    97  34.8  14.0 
    98  34.4  14.9 
    99  32.9  14.2 
   100  34.0  13.5 
   101  35.4  15.6 
   102  36.2  16.7 
   103  37.7  17.1 
   104  35.6  19.0 
   105  36.2  16.5 
   106  34.1  14.0 
   107  32.8  12.9 
   108  33.6  13.0 
   109  35.4  15.3 
   110  36.2  16.2 
   111  36.4  16.4 
   112  36.4  18.9 
   113  35.8  17.5 
   114  35.5  18.5 
   115  34.5  19.9 
   116  35.5  21.0 
   117  36.3  20.4 
   118  36.3  16.9 
   119  36.1  18.0 
   120  36.4  20.0 
   121  35.1  19.8 
   122  34.9  20.9 
   123  34.9  20.8 
   124  35.4  20.9 
   125  33.9  21.4 
   126  35.2  22.0 
   127  37.1  23.8 
   128  36.9  23.9 
   129  27.8  23.0 
   130  39.2  21.0 
   131  33.8  16.7 
   132  34.9  18.3 
   133  34.9  17.2 
   134  36.5  22.0 
   135  34.9  24.4 
   136  35.9  19.0 
   137  31.0  17.9 
   138  31.1  19.2 
   139  33.2  16.3 
   140  33.6  16.9 
   141  34.0  19.9 
   142  34.6  19.0 
   143  33.8  19.2 
   144  33.0  22.0 
   145  35.1  23.9 
   146  35.1  23.8 
   147  34.9  24.9 
   148  35.8  21.0 
   149  35.1  19.8 
   150  33.5  20.0 
   151  34.9  20.2 
   152  34.8  20.9 
   153  36.1  20.9 
   154  35.8  21.7 
   155  36.4  24.3 
   156  36.8  24.2 
   157  38.1  25.4 
   158  36.9  27.0 
   159  34.9  21.0 
   160  24.9  21.0 
   161  32.5  24.3 
   162  33.0  24.9 
   163  33.0  25.0 
   164  33.0  22.8 
   165  26.6  22.4 
   166  28.8  23.9 
   167  27.0  23.0 
   168  27.2  23.0 
   169  29.0  21.5 
   170  26.8  22.1 
   171  27.8  22.1 
   172  28.5  24.0 
   173  25.9  22.9 
   174  30.5  23.9 
   175  31.1  24.1 
   176  32.8  24.1 
   177  30.9  23.3 
   178  29.9  24.8 
   179  29.3  23.0 
   180  31.3  22.3 
   181  29.1  23.9 
   182  31.3  24.6 
   183  32.8  24.3 
   184  32.0  22.1 
   185  32.9  23.5 
   186  32.1  22.3 
   187  33.8  23.7 
   188  32.8  23.2 
   189  34.5  23.0 
   190  32.1  23.5 
   191  33.1  23.5 
   192  33.4  24.9 
   193  31.1  23.9 
   194  31.1  24.3 
   195  31.3  24.0 
   196  30.0  24.0 
   197  32.0  23.0 
   198  32.2  22.9 
   199  31.3  24.3 
   200  32.0  23.2 
   201  28.8  22.0 
   202  31.2  23.0 
   203  31.5  23.9 
   204  29.6  23.0 
   205  29.7  23.0 
   206  28.6  22.2 
   207  28.5  23.4 
   208  31.0  23.2 
   209  30.1  23.7 
   210  29.5  23.1 
   211  28.0  24.2 
   212  30.1  23.5 
   213  30.0  23.4 
   214  30.5  22.0 
   215  30.5  23.1 
   216  30.7  23.0 
   217  30.1  22.5 
   218  30.8  23.2 
   219  30.9  23.2 
   220  30.8  23.0 
   221  30.5  23.0 
   222  30.5  22.2 
   223  26.1  23.0 
   224  28.6  22.0 
   225  31.1  22.0 
   226  30.7  22.0 
   227  31.0  23.0 
   228  32.1  22.5 
   229  31.4  22.5 
   230  29.6  22.0 
   231  31.2  22.0 
   232  32.0  22.2 
   233  32.5  23.6 
   234  32.5  23.0 
   235  32.4  23.5 
   236  32.8  23.6 
   237  32.7  24.2 
   238  28.9  22.5 
   239  32.0  23.2 
   240  30.5  24.1 
   241  31.2  22.8 
   242  31.2  22.6 
   243  31.1  23.4 
   244  31.1  23.2 
   245  29.8  22.9 
   246  30.2  22.5 
   247  31.0  23.0 
   248  31.6  22.0 
   249  30.8  23.0 
   250  30.5  22.6 
   251  30.0  22.5 
   252  29.1  22.5 
   253  31.3  23.3 
   254  29.3  22.4 
   255  29.8  20.5 
   256  25.8  22.1 
   257  28.1  22.0 
   258  29.7  22.4 
   259  28.1  22.5 
   260  27.6  21.0 
   261  29.2  22.0 
   262  28.5  22.2 
   263  30.9  23.6 
   264  31.5  21.2 
   265  31.5  20.9 
   266  30.0  19.9 
   267  30.1  20.6 
   268  27.8  21.9 
   269  26.7  21.8 
   270  25.0  21.0 
   271  29.3  20.9 
   272  29.5  20.0 
   273  27.8  21.0 
   274  28.8  20.5 
   275  27.5  20.0 
   276  21.6  18.1 
   277  19.7  18.0 
   278  20.7  19.1 
   279  22.9  19.2 
   280  25.5  19.0 
   281  25.6  16.5 
   282  23.3  15.0 
   283  27.0  15.5 
   284  29.1  16.0 
   285  29.2  18.0 
   286  27.4  19.5 
   287  26.2  17.0 
   288  27.6  15.8 
   289  28.5  15.3 
   290  28.4  16.5 
   291  28.2  16.0 
   292  28.0  15.0 
   293  27.7  11.6 
   294  27.0  10.5 
   295  26.9  11.5 
   296  26.8  11.5 
   297  26.7  12.2 
   298  25.6  13.4 
   299  26.0  13.8 
   300  26.4  13.5 
   301  27.0  12.9 
   302  26.6  12.0 
   303  26.0  11.7 
   304  26.3  12.4 
   305  26.5  14.0 
   306  27.0  13.9 
   307  23.0   9.0 
   308  22.5   9.0 
   309  22.5   9.5 
   310  23.1   9.0 
   311  25.0   8.6 
   312  24.2   8.8 
   313  25.2   8.5 
   314  24.5   8.3 
   315  24.5   8.5 
   316  24.5   8.2 
   317  24.5   8.5 
   318  24.2   8.5 
   319  23.9   8.0 
   320  23.8   7.6 
   321  24.0   7.0 
   322  25.0   7.0 
   323  24.0   7.0 
   324  23.9   7.0 
   325  23.9   7.8 
   326  23.8   8.3 
   327  23.9   8.1 
   328  23.1   7.7 
   329  23.5   7.1 
   330  23.8   6.0 
   331  23.2   6.0 
   332  22.9   7.0 
   333  22.0   5.7 
   334  21.5   7.9 
   335  23.1   9.1 
   336  21.7   9.5 
   337  22.0   6.9 
   338  20.7   5.3 
   339  20.8   5.5 
   340  21.3   4.6 
   341  20.2   5.1 
   342  14.3   9.0 
   343  23.2   6.8 
   344  22.0   9.4 
   345  21.9   3.8 
   346  21.9   4.0 
   347  22.0   3.5 
   348  22.3   2.1 
   349  20.9   2.2 
   350  21.9   2.8 
   351  19.9   3.1 
   352  20.2   2.9 
   353  19.9   1.3 
   354  18.9   3.0 
   355  18.8   2.3 
   356  20.2   1.8 
   357  20.6   0.6 
   358  20.2  -0.2 
   359  19.9  -0.6 
   360  19.2   0.3 
   361  19.1   1.0 
   362  19.3   1.0 
   363  19.3  -0.1 
   364  19.0   0.8 
   365  18.2   0.0 
