1999          Temperature for SURKHET (BIRENDRA NAGAR)
        Tmax  Tmin
     1  19.5   4.0 
     2  20.8   3.5 
     3  20.6   5.6 
     4  21.4   5.4 
     5  21.4   5.0 
     6  21.6   5.6 
     7  17.6   8.9 
     8  18.6   8.9 
     9  17.0   6.5 
    10  17.8   5.5 
    11  17.7   2.8 
    12  16.4   3.8 
    13  18.0   3.8 
    14  20.2   3.3 
    15  20.2   3.3 
    16  20.5   3.3 
    17  20.8   3.5 
    18  21.3   4.5 
    19  21.2   4.5 
    20  21.4   5.2 
    21  23.0  10.0 
    22  24.2   6.7 
    23  18.3   7.4 
    24  23.4   6.4 
    25  22.9   6.2 
    26  22.8   4.3 
    27  23.3   4.5 
    28  18.2   4.5 
    29  19.0   8.6 
    30  20.0   4.6 
    31  20.6   4.7 
    32  20.5   5.6 
    33  21.8   5.7 
    34  23.8   9.4 
    35  21.4   7.0 
    36  22.8   5.8 
    37  21.5   6.2 
    38  23.5   4.7 
    39  18.8   9.0 
    40  20.8  11.0 
    41  24.8   9.0 
    42  25.7   8.6 
    43  25.5   9.0 
    44  25.7   9.4 
    45  26.9   8.5 
    46  26.2   9.6 
    47  26.2  10.5 
    48  25.4   9.4 
    49  27.0   7.8 
    50  26.0   8.0 
    51  26.1   7.5 
    52  26.9   8.0 
    53  25.4   7.9 
    54  23.2   9.3 
    55  24.0  11.6 
    56  25.0  11.0 
    57  23.0  12.0 
    58  26.3  10.8 
    59  25.7   9.2 
    60  25.7   8.0 
    61  27.0   9.7 
    62  27.2   9.9 
    63  27.8  11.5 
    64  29.8  11.8 
    65  30.3  11.7 
    66  31.0  12.8 
    67  32.0  11.5 
    68  31.5  14.7 
    69  30.3  11.0 
    70  29.3  10.1 
    71  29.0   8.6 
    72  26.7   8.3 
    73  29.5   7.4 
    74  29.0  10.5 
    75  29.5  11.2 
    76  31.7   9.7 
    77  30.6  10.7 
    78  30.2  10.5 
    79  29.2   8.9 
    80  29.4   9.4 
    81  29.4   9.9 
    82  29.6  10.4 
    83  31.2  11.7 
    84  33.0  13.7 
    85  31.4  14.0 
    86  30.3  11.3 
    87  31.4  11.6 
    88  30.6  14.2 
    89  32.2  15.6 
    90  34.6  15.6 
    91  36.3  15.0 
    92  36.5  17.0 
    93  36.7  16.0 
    94  35.6  16.5 
    95  32.5  13.0 
    96  33.1  12.7 
    97  34.2  15.5 
    98  33.5  17.0 
    99  34.4  16.0 
   100  33.1  18.4 
   101  34.4  18.8 
   102  36.2  19.8 
   103  39.2  19.2 
   104  37.4  18.5 
   105  35.5  15.8 
   106  33.7  14.4 
   107  33.5  14.4 
   108  33.2  15.2 
   109  34.8  15.3 
   110  34.8  16.6 
   111  35.5  20.2 
   112  38.4  21.2 
   113  37.7  19.7 
   114  37.8  20.2 
   115  39.4  20.1 
   116  38.8  19.6 
   117  38.7  19.2 
   118  38.0  18.3 
   119  38.0  19.6 
   120  38.1  20.8 
   121  38.2  21.3 
   122  39.2  19.5 
   123  39.3  21.7 
   124  39.3  23.7 
   125  39.3  22.8 
   126  37.3  23.7 
   127  36.2  22.9 
   128  38.6  22.7 
   129  34.4  18.7 
   130  31.4  22.0 
   131  32.7  18.7 
   132  30.0  20.6 
   133  30.8  19.4 
   134  28.8  18.5 
   135  31.1  16.4 
   136  30.2  20.4 
   137  32.6  20.8 
   138  33.8  22.7 
   139  30.7  19.3 
   140  31.8  21.5 
   141  31.0  20.4 
   142  33.9  21.6 
   143  34.5  23.5 
   144  33.6  23.6 
   145  33.3  21.3 
   146  32.9  23.5 
   147  33.2  23.2 
   148  31.5  24.0 
   149  33.7  20.9 
   150  35.3  19.5 
   151  35.7  21.0 
   152  34.3  20.2 
   153  33.3  18.4 
   154  26.6  20.3 
   155  32.7  17.1 
   156  34.0  18.7 
   157  35.5  19.4 
   158  35.3  21.4 
   159  36.3  23.8 
   160  37.4  24.0 
   161  34.8  23.9 
   162  28.7  22.3 
   163  26.2  22.0 
   164  30.2  21.5 
   165  32.8  22.1 
   166  33.1  23.6 
   167  31.2  24.6 
   168  32.2  24.2 
   169  32.2  24.0 
   170  31.9  24.3 
   171  31.8  23.8 
   172  33.0  23.3 
   173  31.2  22.0 
   174  32.5  22.4 
   175  32.0  24.3 
   176  31.7  24.2 
   177  29.8  25.4 
   178  28.3  21.8 
   179  28.4  24.4 
   180  30.6  23.5 
   181  31.2  23.6 
   182  31.2  23.6 
   183  26.7  23.3 
   184  30.7  22.1 
   185  31.4  23.7 
   186  32.2  24.2 
   187  32.2  24.0 
   188  32.4  24.0 
   189  32.7  24.8 
   190  33.0  24.7 
   191  30.5  25.4 
   192  26.0  23.0 
   193  29.3  22.5 
   194  31.6  22.5 
   195  31.2  23.2 
   196  32.6  23.2 
   197  28.2  23.5 
   198  30.0  23.2 
   199  31.2  24.0 
   200  30.4  23.8 
   201  30.0  23.6 
   202  31.5  23.3 
   203  32.4  24.1 
   204  32.2  24.2 
   205  29.6  23.4 
   206  30.3  23.5 
   207  25.7  23.9 
   208  27.4  23.7 
   209  30.5  23.3 
   210  31.9  23.5 
   211  30.5  24.0 
   212  31.7  23.9 
   213  33.8  23.7 
   214  31.3  25.0 
   215  32.4  24.1 
   216  32.2  24.3 
   217  28.7  24.1 
   218  29.6  23.5 
   219  31.3  23.2 
   220  31.7  23.4 
   221  31.6  24.2 
   222  31.7  23.6 
   223  29.3  23.7 
   224  30.5  23.6 
   225  30.5  23.0 
   226  30.6  22.5 
   227  32.3  22.4 
   228  27.8  22.5 
   229  31.5  23.4 
   230  26.9  23.2 
   231  28.2  23.1 
   232  30.5  22.7 
   233  31.6  22.4 
   234  30.3  22.7 
   235  28.0  23.7 
   236  30.4  21.7 
   237  28.8  22.7 
   238  26.6  21.4 
   239  29.5  21.4 
   240  31.3  21.8 
   241  31.5  23.5 
   242  30.3  23.0 
   243  31.3  22.9 
   244  31.0  22.8 
   245  28.9  23.0 
   246  25.3  22.0 
   247  33.0  21.7 
   248  30.5  23.6 
   249  30.5  23.0 
   250  31.0  23.0 
   251  30.5  22.5 
   252  26.2  22.5 
   253  30.9  22.6 
   254  30.7  21.5 
   255  30.5  21.8 
   256  31.5  22.5 
   257  30.2  22.5 
   258  29.0  21.6 
   259  28.5  23.0 
   260  31.5  22.2 
   261  31.4  23.0 
   262  31.0  23.5 
   263  31.9  23.0 
   264  31.2  20.9 
   265  30.5  22.5 
   266  27.6  23.0 
   267  28.6  22.5 
   268  30.9  21.6 
   269  29.0  22.0 
   270  28.0  21.5 
   271  31.0  20.5 
   272  31.5  22.2 
   273  31.4  20.7 
   274  30.5  22.0 
   275  28.0  21.5 
   276  21.9  21.0 
   277  28.8  20.5 
   278  27.5  21.0 
   279  26.5  20.2 
   280  27.0  20.0 
   281  28.2  18.0 
   282  30.3  17.5 
   283  30.2  17.5 
   284  30.2  17.0 
   285  29.2  16.0 
   286  29.4  16.0 
   287  29.4  16.5 
   288  29.5  16.5 
   289  29.4  16.2 
   290  29.4  16.6 
   291  28.4  17.0 
   292  29.0  17.2 
   293  28.2  15.0 
   294  28.5  15.0 
   295  29.4  15.0 
   296  29.4  15.6 
   297  29.2  13.4 
   298  28.4  13.2 
   299  28.4  14.0 
   300  29.0  13.2 
   301  29.0  14.3 
   302  30.0  14.2 
   303  29.2  14.2 
   304  29.0  13.0 
   305  29.0  15.0 
   306  28.5  13.4 
   307  29.0  12.2 
   308  28.2  12.0 
   309  28.5  12.5 
   310  27.4  11.6 
   311  27.4  12.0 
   312  27.2  11.5 
   313  27.0  10.0 
   314  25.8   9.5 
   315  26.8  10.0 
   316  26.8  10.5 
   317  26.0  10.0 
   318  26.6  10.0 
   319  26.5  11.0 
   320  26.2  10.5 
   321  25.5  10.5 
   322  24.8  10.2 
   323  24.4   9.2 
   324  24.0   8.8 
   325  24.4   8.9 
   326  24.3   8.5 
   327  23.8   8.0 
   328  21.9   8.5 
   329  20.7  10.5 
   330  22.0   7.4 
   331  24.0   6.0 
   332  24.2   7.2 
   333  23.5   8.6 
   334  24.5   9.0 
   335  25.0   8.4 
   336  24.8   8.0 
   337  24.5   8.3 
   338  24.3   8.0 
   339  24.0   6.7 
   340  23.9   6.5 
   341  22.7   7.5 
   342  12.5  10.5 
   343  19.0   6.0 
   344  21.0   6.2 
   345  22.4   6.5 
   346  22.8   5.6 
   347  23.0   5.5 
   348  22.0   6.4 
   349  21.4   6.0 
   350  22.0   6.4 
   351  20.6   7.5 
   352  21.4   7.2 
   353  21.9   6.0 
   354  21.8   5.6 
   355  20.2   5.9 
   356  20.8   8.0 
   357  19.8  10.0 
   358  20.7   8.5 
   359  20.4   9.2 
   360  20.4   7.9 
   361  18.9   7.6 
   362  19.4   6.5 
   363  20.9   7.0 
   364  20.2   5.4 
   365  20.0   4.6 
