1987          Temperature for SURKHET (BIRENDRA NAGAR)
        Tmax  Tmin
     1  19.0   3.0 
     2  18.5   2.8 
     3  18.4   3.0 
     4  18.5   7.0 
     5  18.4   5.0 
     6  19.2   4.2 
     7  20.9   6.0 
     8  21.5   5.0 
     9  20.6   5.0 
    10  22.4   6.5 
    11  14.5   8.0 
    12  20.4   7.8 
    13  20.0   8.0 
    14  20.2   6.8 
    15  20.6   5.0 
    16  19.4   5.0 
    17  20.4  11.8 
    18  20.0  11.0 
    19  19.4  11.0 
    20  19.4   4.8 
    21  19.0   6.2 
    22  20.0   4.6 
    23  20.4   4.4 
    24  21.6   4.2 
    25  21.3   5.0 
    26  21.2   5.0 
    27  22.0   6.8 
    28  21.8   6.3 
    29  22.4   6.2 
    30  22.4   7.0 
    31  22.6   7.0 
    32  22.6   7.2 
    33  22.5   5.7 
    34  20.6   7.8 
    35  19.6   6.2 
    36  21.0   5.0 
    37  21.4   6.5 
    38  22.1   7.5 
    39  22.7   8.0 
    40  22.0   8.0 
    41  23.0   7.2 
    42  22.8   7.2 
    43  23.2   8.1 
    44  23.5   8.2 
    45  23.3  11.3 
    46  19.0  10.4 
    47  19.0  11.5 
    48  18.6   9.0 
    49  20.1   8.7 
    50  22.4   6.0 
    51  24.6   7.0 
    52  25.0   8.0 
    53  25.2  10.8 
    54  25.0   9.0 
    55  26.2  11.0 
    56  27.2  12.0 
    57  25.2  11.0 
    58  24.5   9.2 
    59  23.2   8.0 
    60  23.4   8.0 
    61  23.4  11.0 
    62  23.4  10.5 
    63  25.0  10.4 
    64  24.1  10.0 
    65  26.0  10.5 
    66  27.0  10.2 
    67  27.5  10.0 
    68  27.3   9.1 
    69  26.5   9.1 
    70  26.5   9.0 
    71  22.5  11.4 
    72  24.4  10.0 
    73  25.5  10.3 
    74  27.6  10.2 
    75  28.6  12.2 
    76  29.6  13.2 
    77  29.4  11.7 
    78  29.6  11.3 
    79  26.4  15.2 
    80  28.4  11.0 
    81  27.7  13.2 
    82  31.3  12.0 
    83  31.2  13.2 
    84  33.2  14.0 
    85  24.5  15.8 
    86  32.6  11.1 
    87  32.4  14.0 
    88  32.2  15.0 
    89  33.0  15.5 
    90  33.4  16.0 
    91  34.2  15.8 
    92  34.0  16.0 
    93  33.6  16.2 
    94  34.0  15.2 
    95  33.2  15.7 
    96  34.2  14.3 
    97  33.2  15.9 
    98  32.0  16.2 
    99  29.4  16.5 
   100  30.4  15.9 
   101  30.8  13.8 
   102  30.5  12.4 
   103  31.3  13.0 
   104  31.4  12.6 
   105  31.6  13.0 
   106  32.5  14.0 
   107  33.4  14.0 
   108  35.0  16.5 
   109  32.5  14.0 
   110  33.4  16.8 
   111  34.0  19.0 
   112  36.2  19.9 
   113  37.0  19.0 
   114  34.5  22.8 
   115  30.6  16.0 
   116  30.8  13.8 
   117  29.8  14.2 
   118  29.2  20.0 
   119  26.5  19.0 
   120  27.4  17.0 
   121  26.5  16.0 
   122  19.5  15.2 
   123  25.5  14.0 
   124   DNA  12.5 
   125  25.4  15.2 
   126  27.7  14.5 
   127  28.0  17.5 
   128  27.2  18.1 
   129  26.2  17.8 
   130  29.6  16.0 
   131  31.4  15.5 
   132  32.7  16.0 
   133  33.0  20.0 
   134  33.4  17.0 
   135  34.0  18.0 
   136  34.5  18.0 
   137  34.0  18.8 
   138  33.4  18.0 
   139  35.2  19.1 
   140  36.8  20.0 
   141  37.0  22.8 
   142  37.6  23.0 
   143  37.2  23.0 
   144  35.0  19.0 
   145  34.1  20.0 
   146  36.6  19.0 
   147  37.0  20.0 
   148  37.4  21.6 
   149  37.4  22.6 
   150  37.4  23.2 
   151  38.8  25.0 
   152  37.4  25.0 
   153  37.2  23.0 
   154  37.0  27.1 
   155  36.4  22.8 
   156  36.8  22.9 
   157  37.4  24.8 
   158  36.2  27.0 
   159  27.8  22.2 
   160  29.8  21.8 
   161  29.9  21.2 
   162  32.7  21.0 
   163  34.4  22.0 
   164  35.4  23.0 
   165  35.3  23.2 
   166  36.5  24.0 
   167  34.8  25.2 
   168  36.8  26.8 
   169  37.0  24.0 
   170  38.2  22.0 
   171  37.4  23.0 
   172  37.3  23.0 
   173  35.4  26.0 
   174  33.2  20.0 
   175  34.4  24.0 
   176  36.5  23.0 
   177  38.2  23.0 
   178  37.5  24.0 
   179  37.2  25.3 
   180  37.0   DNA 
   181  38.4  25.9 
   182  38.2  28.0 
   183  38.0  26.3 
   184  36.2  27.2 
   185  32.2  22.0 
   186  30.6  22.5 
   187  29.0  24.8 
   188  25.5  21.8 
   189  30.4  22.5 
   190  29.7   DNA 
   191  25.6  23.2 
   192  28.6  22.8 
   193  29.8  23.2 
   194  30.6  22.5 
   195  31.4  22.8 
   196  29.5  23.2 
   197  32.4  23.2 
   198  33.2  24.0 
   199  33.2  24.0 
   200  31.5  24.2 
   201  30.4  24.2 
   202  29.6  23.6 
   203  31.4  25.0 
   204  27.2  23.0 
   205  29.2  24.8 
   206  25.6  22.6 
   207  28.2  22.5 
   208  30.4  22.0 
   209  30.4  22.5 
   210  29.3  24.0 
   211  29.8  24.2 
   212  30.5  24.9 
   213  32.0  25.0 
   214  32.0  22.5 
   215  30.5  24.6 
   216  29.0  23.0 
   217  30.0  24.0 
   218  29.3  23.2 
   219  31.2  23.6 
   220  29.6  23.9 
   221  30.5  24.5 
   222  32.2  23.8 
   223  29.0  23.2 
   224  28.0  22.6 
   225  27.4  20.0 
   226  30.4  22.0 
   227  30.2  23.4 
   228  31.4  23.5 
   229  30.5  23.0 
   230  31.6  23.5 
   231  32.5  23.2 
   232  32.0  22.4 
   233  29.9  22.5 
   234  26.0  22.4 
   235  30.0  23.2 
   236  32.7  23.6 
   237  32.0  23.9 
   238  30.0   DNA 
   239  30.4  23.0 
   240  29.8  22.8 
   241  31.2  22.4 
   242  32.0  23.0 
   243  31.4  23.3 
   244  32.3  24.0 
   245  32.4  23.8 
   246  31.0  22.8 
   247  31.2  23.8 
   248  30.2  23.0 
   249  30.0  23.0 
   250  31.4  23.0 
   251  27.8  23.2 
   252  28.5  22.0 
   253  28.6  23.0 
   254  30.4  21.0 
   255  30.6  21.0 
   256  31.5  21.8 
   257  31.2  23.5 
   258  30.8  23.0 
   259  32.2  22.6 
   260  30.7  23.5 
   261  31.6  23.2 
   262  30.7  22.0 
   263  29.2  21.0 
   264  29.6  22.2 
   265  29.2  21.0 
   266  29.2  21.0 
   267  30.2  20.9 
   268  31.4  21.0 
   269  31.1  21.0 
   270  30.6  18.5 
   271  30.8  19.2 
   272  30.6  19.0 
   273  30.1  18.5 
   274  30.5  18.0 
   275  30.0  17.8 
   276  30.4  17.0 
   277  30.6  17.0 
   278  30.0  18.0 
   279  29.4  17.5 
   280  28.6  18.0 
   281  29.5  15.1 
   282  28.8  17.8 
   283  28.6  16.2 
   284  28.8  17.1 
   285  30.2  17.8 
   286  30.8  17.0 
   287  30.3  17.0 
   288  30.5  16.5 
   289  29.0  15.5 
   290  25.6  15.5 
   291  24.0  15.7 
   292  24.4  16.5 
   293  25.8  16.3 
   294  27.0  13.0 
   295  27.3  14.2 
   296  27.0  14.0 
   297  27.2  14.0 
   298  27.4  14.7 
   299  28.0  15.0 
   300  27.4  13.8 
   301  27.4  14.5 
   302  26.7  14.6 
   303  27.0  14.8 
   304  27.6  14.8 
   305  26.7  11.6 
   306  27.0  11.6 
   307  26.4  11.9 
   308  26.6  10.2 
   309  26.4  11.0 
   310  26.4  11.1 
   311  26.4  13.8 
   312  27.6  13.2 
   313  27.6  11.6 
   314  26.8  11.0 
   315  26.4  11.5 
   316  27.0  12.0 
   317  27.6  12.0 
   318  26.4  11.0 
   319  25.4  10.9 
   320  24.8  10.0 
   321  25.4  10.7 
   322  24.6   9.0 
   323  24.5   9.8 
   324  25.0   8.8 
   325  24.7   8.9 
   326  24.6   9.0 
   327  25.1   9.0 
   328  25.5   9.0 
   329  24.7   9.0 
   330  24.6   7.8 
   331  25.0   7.8 
   332  25.2   6.3 
   333  24.2   7.2 
   334  24.2   8.6 
   335  24.5   9.5 
   336  24.2   8.7 
   337  23.8   7.0 
   338  25.0   7.2 
   339  23.8   6.8 
   340  22.7  10.0 
   341  22.6   7.8 
   342  22.7   7.0 
   343  23.0   7.2 
   344  23.4   6.4 
   345  21.1   8.0 
   346  14.5  13.2 
   347  20.2  12.0 
   348  19.4   9.2 
   349  19.6   8.0 
   350  20.2   7.9 
   351  21.8   6.4 
   352  21.7   6.3 
   353  21.5   7.3 
   354  22.5   6.2 
   355  23.4   6.0 
   356  23.2   5.5 
   357  22.2   5.8 
   358  21.1   5.2 
   359  22.4   5.0 
   360  23.3   5.0 
   361  22.2   5.4 
   362  21.5   5.0 
   363  21.3   5.0 
   364  21.3   6.0 
   365  21.5   6.0 
