1996          Temperature for SURKHET (BIRENDRA NAGAR)
        Tmax  Tmin
     1  21.2   6.0 
     2  22.0   5.5 
     3  15.6  11.6 
     4  20.5   7.8 
     5  19.8   5.8 
     6  20.4   4.6 
     7  22.2   5.4 
     8  21.5   7.0 
     9  21.2   6.0 
    10  20.7   5.3 
    11  20.2   5.0 
    12  20.0   4.2 
    13  19.9   6.7 
    14  20.8   8.1 
    15  11.7   9.8 
    16  15.5   8.5 
    17  18.3  10.0 
    18  18.0   4.9 
    19  17.4   6.7 
    20  18.7   3.4 
    21  18.4   3.7 
    22  19.4   3.6 
    23  21.4   7.0 
    24  21.2   5.2 
    25  21.5   5.9 
    26  20.6   5.6 
    27  21.4   5.2 
    28  22.0   4.7 
    29  21.9   3.6 
    30  21.7   4.4 
    31  20.5   4.7 
    32  22.0   6.3 
    33  22.4   9.2 
    34  22.8   7.0 
    35  23.2   8.2 
    36  23.0   7.8 
    37  22.8   8.0 
    38  22.8   7.9 
    39  23.4   8.5 
    40  14.7   7.0 
    41  14.3  10.7 
    42  20.0   9.7 
    43  21.0   8.6 
    44  22.4   7.4 
    45  22.3   8.2 
    46  22.5   8.5 
    47  22.8   7.6 
    48  24.3   6.4 
    49  24.4   7.3 
    50  22.8  10.5 
    51  21.8   8.6 
    52  22.9   7.0 
    53  22.4   7.0 
    54  24.8   6.8 
    55  24.2  10.6 
    56  16.4  13.1 
    57  16.0  12.3 
    58  21.0   9.8 
    59  24.0   7.8 
    60  25.5   8.8 
    61  25.5  10.3 
    62  24.8  11.9 
    63  19.1  13.6 
    64  25.2  13.4 
    65  26.3  11.6 
    66  26.8  11.8 
    67  25.8  11.7 
    68  26.9  12.0 
    69  27.9  10.8 
    70  27.3  12.5 
    71  28.1  13.4 
    72  30.4  14.3 
    73  29.8  13.9 
    74  29.9  13.8 
    75  30.2  14.2 
    76  30.2  17.2 
    77  29.5  14.1 
    78  30.3  13.0 
    79  29.4  13.3 
    80  28.3  12.8 
    81  28.8  12.4 
    82  19.7  15.8 
    83  26.3   9.5 
    84  28.2  11.5 
    85  29.4  11.6 
    86  29.8  15.6 
    87  30.2  14.5 
    88  30.7  16.3 
    89  33.3  17.3 
    90  31.8  18.8 
    91  30.2  12.4 
    92  28.5   9.9 
    93  30.2  11.2 
    94  30.7  12.5 
    95  31.9  13.3 
    96  32.9  13.9 
    97  35.2  15.5 
    98  34.3  18.2 
    99  33.9  17.2 
   100  31.7  15.2 
   101  31.8  13.0 
   102  33.3  13.3 
   103  33.8  14.5 
   104  34.4  15.0 
   105  35.2  16.2 
   106  36.0  17.2 
   107  34.2  18.9 
   108  34.4  19.2 
   109  34.3  17.4 
   110  36.0  20.0 
   111  35.4  21.5 
   112  35.4  19.0 
   113  35.7  18.5 
   114  33.7  20.0 
   115  31.7  16.5 
   116  22.8  16.9 
   117  30.2  15.7 
   118  30.3  19.2 
   119  32.3  19.5 
   120  34.7  21.0 
   121  35.7  22.0 
   122  35.9  21.8 
   123  35.4  21.0 
   124  35.9  20.1 
   125  36.8  21.6 
   126  37.8  19.5 
   127  38.2  20.5 
   128  36.8  20.8 
   129  36.4  20.5 
   130  38.3  20.5 
   131  38.1  21.0 
   132  28.2  21.0 
   133  34.6  18.4 
   134  36.6  20.0 
   135  35.1  20.8 
   136  34.9  22.4 
   137  35.2  21.6 
   138  34.6  19.0 
   139  35.3  20.0 
   140  35.0  20.5 
   141  36.1  20.5 
   142  36.7  19.5 
   143  37.0  23.5 
   144  38.0  23.0 
   145  39.3  24.6 
   146  39.2  24.7 
   147  37.6  23.6 
   148  37.8  23.5 
   149  39.1  23.6 
   150  39.5  23.4 
   151  38.0  22.8 
   152  37.1  22.6 
   153  35.0  19.0 
   154  35.8  20.8 
   155  35.9  23.0 
   156  31.0  17.5 
   157  28.5  20.5 
   158  32.3  19.0 
   159  31.8  19.6 
   160  31.0  24.0 
   161  33.0  25.0 
   162  35.5  25.4 
   163  33.4  25.6 
   164  32.1  23.4 
   165  35.5  24.3 
   166  31.3  23.5 
   167  34.9  23.2 
   168  34.5  23.7 
   169  34.5  24.3 
   170  34.5  24.5 
   171  35.3  25.1 
   172  33.0  25.0 
   173  26.0  23.6 
   174  27.3  24.0 
   175  29.5  23.8 
   176  30.6  23.5 
   177  29.4  24.0 
   178  29.5  23.8 
   179  31.3  24.0 
   180  26.5  23.5 
   181  26.8  23.7 
   182  30.4  21.6 
   183  31.7  22.2 
   184  32.4  22.1 
   185  32.7  23.0 
   186  29.8  24.0 
   187  32.4  22.3 
   188  32.5  24.2 
   189  31.3  24.5 
   190  32.2  24.0 
   191  29.3  23.2 
   192  29.3  24.4 
   193  24.4  22.6 
   194  24.8  22.4 
   195  26.7  23.2 
   196  28.0  22.7 
   197  30.5  24.0 
   198  30.6  23.9 
   199  31.6  23.3 
   200  30.7  23.3 
   201  28.8  22.8 
   202  30.0  22.4 
   203  29.8  24.5 
   204  30.8  23.6 
   205  32.8  23.4 
   206  30.7  25.0 
   207  33.7  23.4 
   208  32.8  24.4 
   209  31.7  23.6 
   210  28.4  24.6 
   211  29.5  24.0 
   212  29.9  23.2 
   213  31.3  24.4 
   214  28.8  23.7 
   215  31.7  24.0 
   216  31.8  23.6 
   217  31.3  24.4 
   218  30.7  24.6 
   219  31.7  24.7 
   220  29.4  24.3 
   221  30.2  23.2 
   222  30.3  22.2 
   223  30.7  23.3 
   224  29.7  23.0 
   225  30.5  24.3 
   226  26.5  23.2 
   227  29.2  23.5 
   228  28.5  22.4 
   229  29.3  23.4 
   230  29.4  23.1 
   231  28.8  23.0 
   232  29.3  23.2 
   233  30.3  23.0 
   234  30.0  23.6 
   235  27.8  22.5 
   236  28.3  22.5 
   237  30.8  22.0 
   238  32.0  22.5 
   239  31.7  23.2 
   240  31.6  22.5 
   241  30.0  23.3 
   242  28.8  22.8 
   243  27.7  23.4 
   244  30.2  22.7 
   245  29.9  23.3 
   246  29.2  22.9 
   247  29.3  23.2 
   248  29.3  23.0 
   249  29.6  23.0 
   250  29.0  23.2 
   251  30.3  21.6 
   252  29.0  21.6 
   253  29.5  21.8 
   254  29.7  21.4 
   255  30.7  21.3 
   256  31.2  23.2 
   257  29.7  23.2 
   258  30.8  22.2 
   259  26.6  22.0 
   260  31.2  21.0 
   261  31.7  21.7 
   262  30.8  20.6 
   263  30.1  21.2 
   264  30.3  19.2 
   265  31.2  20.2 
   266  32.5  22.2 
   267  31.3  22.2 
   268  30.5  23.8 
   269  30.8  23.6 
   270  30.7  22.0 
   271  30.3  22.0 
   272  30.0  19.8 
   273  28.8  21.4 
   274  29.8  21.4 
   275  30.3  20.0 
   276  26.7  19.6 
   277  27.8  21.0 
   278  20.9  20.0 
   279  20.3  17.4 
   280  27.3  18.8 
   281  27.9  17.1 
   282  28.5  17.2 
   283  28.8  17.0 
   284  27.5  15.0 
   285  27.8  15.3 
   286  27.4  16.1 
   287  28.3  16.2 
   288  28.4  15.9 
   289  27.9  15.8 
   290  27.7  14.5 
   291  27.5  15.2 
   292  28.0  16.0 
   293  28.5  15.4 
   294  28.5  16.0 
   295  27.8  15.5 
   296  26.5  14.4 
   297  25.6  16.6 
   298  25.7  15.0 
   299  24.0  17.5 
   300  24.2  17.5 
   301  23.7  17.2 
   302  28.0  16.5 
   303  30.5  14.5 
   304  27.8  15.7 
   305  27.2  14.0 
   306  27.0  14.2 
   307  27.7  13.9 
   308  27.8  15.0 
   309  28.0  12.8 
   310  28.8  12.8 
   311  27.8  13.2 
   312  27.0  13.4 
   313  26.5  12.5 
   314  25.9  12.0 
   315  25.6  10.0 
   316  26.0   9.5 
   317  25.6   9.5 
   318  26.4   9.0 
   319  26.0   9.3 
   320  25.5   8.9 
   321  24.9   8.9 
   322  24.0   8.6 
   323  24.3   8.5 
   324  22.5   8.5 
   325  24.5  10.0 
   326  24.7   9.4 
   327  24.3   6.4 
   328  23.3   6.6 
   329  22.9   6.3 
   330  23.0   6.2 
   331  22.8   7.1 
   332  22.8   6.4 
   333  22.5   5.5 
   334  22.2   3.9 
   335  21.9   3.0 
   336  21.8   4.0 
   337  22.5   4.8 
   338  21.9   4.7 
   339  22.3   4.2 
   340  20.7   5.2 
   341  21.8   4.2 
   342  21.3   3.1 
   343  21.5   2.6 
   344  20.7   2.6 
   345  21.0   3.2 
   346  21.0   4.6 
   347  21.7   5.4 
   348  21.7   5.6 
   349  21.5   5.0 
   350  21.5   5.0 
   351  20.4   5.0 
   352  20.5   6.2 
   353  22.2   5.2 
   354  21.5   5.6 
   355  21.5   5.5 
   356  21.7   5.6 
   357  21.0   5.5 
   358  20.8   4.9 
   359  21.3   4.7 
   360  21.5   6.0 
   361  22.0   6.0 
   362  22.2   5.0 
   363  22.0   4.5 
   364  21.5   4.0 
   365  21.1   5.5 
   366  21.4   5.0 
