      1   27.0
      2    0.0
      3    0.0
      4    0.0
      5    0.0
      6    0.0
      7    0.0
      8    0.0
      9    0.0
     10    0.0
     11    0.0
     12    7.0
     13    0.0
     14    0.0
     15    0.0
     16    0.0
     17    0.0
     18    0.0
     19    0.0
     20    0.0
     21    0.0
     22    0.0
     23    0.0
     24    0.0
     25    0.0
     26    0.0
     27    0.0
     28    0.0
     29    0.0
     30    0.0
     31    0.0
     32    0.0
     33    0.0
     34    0.0
     35    0.0
     36    0.0
     37    0.0
     38    0.0
     39    0.0
     40    0.0
     41    0.0
     42    0.0
     43    0.0
     44    0.0
     45    0.0
     46    0.0
     47    0.0
     48    0.0
     49    6.1
     50    0.0
     51    0.0
     52    0.0
     53    8.5
     54    0.0
     55    0.0
     56    0.0
     57    7.1
     58    1.2
     59    8.4
     60    2.0
     61    1.3
     62    0.0
     63    0.0
     64    0.0
     65    0.0
     66    0.0
     67    4.4
     68    4.4
     69    6.1
     70   10.5
     71    7.1
     72    6.5
     73    1.0
     74    0.9
     75    0.0
     76    4.2
     77   11.0
     78    5.3
     79   25.2
     80    5.0
     81    0.0
     82    0.0
     83    0.0
     84   19.0
     85    7.2
     86    1.5
     87    1.0
     88    0.0
     89    0.0
     90    0.0
     91   26.2
     92    0.0
     93   15.2
     94    0.0
     95    0.0
     96    0.0
     97    0.0
     98   16.9
     99   71.8
    100   20.7
    101    4.8
    102    9.2
    103    0.0
    104    0.0
    105    0.0
    106    0.0
    107    0.0
    108    0.0
    109   31.1
    110    0.0
    111    0.0
    112    0.0
    113    7.5
    114   11.0
    115  118.0
    116   36.8
    117    7.8
    118    0.7
    119    0.4
    120    5.2
    121   12.5
    122   21.1
    123   19.5
    124   11.0
    125    0.0
    126    0.0
    127    0.0
    128   18.7
    129   10.9
    130    5.1
    131   15.2
    132    0.0
    133    0.0
    134    7.9
    135    3.2
    136    0.0
    137    0.0
    138    4.0
    139    0.0
    140    4.6
    141    0.0
    142    0.0
    143   26.5
    144    0.0
    145   14.2
    146    2.1
    147    2.3
    148    0.0
    149    0.0
    150    0.0
    151    0.0
    152   10.4
    153    7.0
    154    9.7
    155    9.1
    156   24.3
    157   24.8
    158    0.0
    159    0.0
    160    8.6
    161   29.9
    162   10.4
    163   18.2
    164    0.0
    165   31.7
    166   34.3
    167   22.5
    168    1.2
    169    2.0
    170   77.2
    171   13.0
    172   19.9
    173    6.1
    174    8.5
    175   19.5
    176    9.2
    177   26.2
    178    7.4
    179    2.0
    180    1.9
    181    4.0
    182   20.8
    183   19.8
    184   21.1
    185    0.7
    186   18.0
    187   22.1
    188   39.5
    189   39.0
    190   42.4
    191   12.4
    192    2.3
    193    1.5
    194   19.6
    195    2.3
    196    8.1
    197   39.2
    198   22.7
    199   10.1
    200   30.0
    201   10.1
    202    3.2
    203   39.2
    204   42.5
    205   14.2
    206   33.3
    207   28.0
    208   10.5
    209   14.0
    210    0.0
    211    5.1
    212   10.0
    213   12.3
    214   13.2
    215   15.9
    216   11.5
    217   27.5
    218   28.6
    219    0.0
    220   26.6
    221   19.1
    222   57.1
    223   18.6
    224   20.1
    225   10.3
    226    5.1
    227    0.0
    228    0.0
    229   10.5
    230   15.4
    231   15.4
    232   29.9
    233    2.5
    234    5.2
    235    3.7
    236   22.2
    237    2.4
    238   10.5
    239    2.5
    240   15.1
    241    3.3
    242    2.6
    243   16.2
    244   30.7
    245   40.2
    246   11.0
    247   40.5
    248   15.1
    249   15.0
    250    0.0
    251   18.1
    252    0.0
    253    1.7
    254    1.0
    255   10.1
    256    0.0
    257    0.0
    258   11.1
    259    0.0
    260    1.7
    261    0.0
    262   21.9
    263    0.0
    264   25.5
    265   22.2
    266    7.1
    267   42.3
    268   41.5
    269   22.3
    270   17.2
    271    7.1
    272    6.0
    273    2.2
    274    0.0
    275    0.0
    276   11.0
    277    0.0
    278    4.1
    279    0.0
    280    0.0
    281    0.0
    282    0.0
    283   18.1
    284    0.0
    285    0.0
    286    2.0
    287    1.2
    288    2.0
    289    0.0
    290    0.0
    291    2.5
    292   22.0
    293  146.2
    294   12.5
    295    1.3
    296    0.0
    297    9.3
    298    0.0
    299    0.0
    300    0.0
    301    0.0
    302    0.0
    303   10.2
    304    6.9
    305    4.5
    306    4.1
    307    0.0
    308    0.0
    309    0.0
    310    0.0
    311    0.0
    312    0.0
    313    0.0
    314    0.0
    315    0.0
    316    0.0
    317    0.0
    318    0.0
    319    0.0
    320    0.0
    321    0.0
    322    0.0
    323    0.0
    324    0.0
    325    0.0
    326    0.0
    327    0.0
    328    0.0
    329    0.0
    330    0.0
    331    0.0
    332    0.0
    333    0.0
    334    0.0
    335    0.0
    336    0.0
    337    0.0
    338    0.0
    339    0.0
    340    0.0
    341    0.0
    342    0.0
    343    0.0
    344    0.0
    345    0.0
    346    0.0
    347   11.4
    348    9.4
    349    0.0
    350    0.0
    351    0.0
    352    0.0
    353    0.0
    354    0.0
    355    0.0
    356    0.0
    357    0.0
    358    0.0
    359    0.0
    360    0.0
    361    0.0
    362    0.0
    363    0.0
    364    0.0
    365    0.0
