      1    0.0
      2    0.0
      3    0.0
      4    0.0
      5    0.0
      6    0.0
      7    0.0
      8    0.0
      9    0.0
     10    0.0
     11    0.0
     12    0.0
     13    0.0
     14    0.0
     15    0.0
     16    0.0
     17    0.0
     18    0.0
     19   10.3
     20    0.0
     21    0.0
     22    0.0
     23    0.0
     24    0.0
     25    0.0
     26    0.0
     27    0.0
     28    0.0
     29    0.0
     30    0.0
     31    0.0
     32    9.3
     33    7.4
     34    0.0
     35    0.0
     36    0.0
     37    0.0
     38    0.0
     39    0.0
     40    0.0
     41    0.0
     42    0.0
     43    0.0
     44    0.0
     45    0.0
     46    0.0
     47   40.0
     48   41.2
     49    4.3
     50   19.3
     51    0.0
     52    0.0
     53    0.0
     54    0.0
     55    6.3
     56    0.0
     57    0.0
     58    0.0
     59    0.0
     60    0.0
     61    0.0
     62    0.0
     63    0.0
     64    0.0
     65    0.0
     66    1.0
     67    0.0
     68    0.0
     69   19.1
     70   12.0
     71    0.0
     72    3.2
     73    0.0
     74    2.0
     75    0.0
     76    5.3
     77    0.0
     78    4.2
     79    0.0
     80   16.0
     81   62.3
     82    0.0
     83    0.0
     84    8.0
     85    0.0
     86    0.0
     87    0.0
     88    2.0
     89    1.5
     90    0.0
     91   14.2
     92    1.4
     93   12.0
     94   18.4
     95    0.0
     96    0.0
     97    0.0
     98    0.0
     99    0.0
    100    0.0
    101    1.6
    102    0.0
    103    0.0
    104   22.9
    105   12.9
    106   10.1
    107    9.0
    108   43.3
    109    9.0
    110    7.2
    111   10.0
    112    8.2
    113    5.5
    114    0.0
    115    0.0
    116    3.0
    117    3.8
    118    0.0
    119    0.0
    120   11.2
    121    2.4
    122    0.0
    123   69.7
    124    2.4
    125   13.0
    126    1.0
    127    0.0
    128    0.0
    129    2.0
    130    3.1
    131    1.2
    132   13.5
    133   35.0
    134    9.1
    135    4.2
    136    2.3
    137    7.0
    138    3.5
    139    4.3
    140    0.0
    141   28.5
    142   14.3
    143    8.7
    144    5.4
    145    0.0
    146   29.8
    147   20.9
    148   10.7
    149   10.4
    150   33.0
    151    0.0
    152   41.0
    153   28.4
    154   12.1
    155   15.2
    156   12.3
    157    0.0
    158    0.0
    159    0.0
    160    0.0
    161    0.0
    162    0.0
    163    5.5
    164    3.4
    165    2.3
    166   26.5
    167   15.7
    168    5.5
    169   20.2
    170    8.3
    171    4.7
    172   10.5
    173   11.4
    174    2.1
    175   27.2
    176   20.5
    177   30.1
    178   40.0
    179   11.9
    180   20.1
    181   15.2
    182   20.9
    183    0.0
    184   24.2
    185   10.4
    186    5.7
    187   20.5
    188   20.3
    189   10.8
    190   15.5
    191   25.4
    192   12.3
    193   17.3
    194   18.9
    195   15.2
    196   29.9
    197   10.6
    198   12.7
    199   12.2
    200    7.4
    201   17.6
    202   39.7
    203   41.1
    204    5.5
    205   18.2
    206   40.0
    207   10.5
    208    8.0
    209   11.2
    210    5.8
    211    3.3
    212    4.4
    213    2.7
    214   18.0
    215    5.8
    216   15.5
    217    6.5
    218    7.4
    219   30.5
    220    8.3
    221   23.5
    222   10.7
    223   20.4
    224   10.2
    225    2.6
    226   13.6
    227    4.5
    228    9.4
    229   10.2
    230    5.3
    231   20.1
    232    5.7
    233    3.8
    234    4.5
    235    4.0
    236    5.2
    237    4.6
    238   33.0
    239   24.0
    240    6.8
    241    8.4
    242    7.2
    243   15.0
    244   40.1
    245   41.5
    246   10.6
    247   11.3
    248   12.4
    249   12.5
    250  140.5
    251   17.3
    252   17.1
    253   14.2
    254   10.5
    255    2.7
    256    3.2
    257    2.4
    258   21.1
    259   10.5
    260    8.0
    261    3.2
    262    1.4
    263    1.0
    264    0.0
    265    0.0
    266    0.0
    267   31.5
    268    0.0
    269    0.0
    270   18.0
    271    8.5
    272   10.2
    273    2.5
    274    3.2
    275    5.4
    276    7.3
    277    4.2
    278    5.1
    279    8.0
    280    0.0
    281    0.0
    282    0.0
    283    0.0
    284    0.0
    285    0.0
    286   10.3
    287   19.5
    288   57.1
    289    9.7
    290    8.0
    291    4.2
    292   11.0
    293    0.0
    294    0.0
    295    0.0
    296    2.5
    297    1.7
    298    0.0
    299    0.0
    300    0.0
    301   78.8
    302    0.0
    303    0.0
    304    1.1
    305    0.0
    306    0.0
    307    0.0
    308    0.0
    309    0.0
    310    0.0
    311    0.0
    312    0.0
    313    0.0
    314    0.0
    315    0.0
    316    0.0
    317    0.0
    318    0.0
    319    0.0
    320    0.0
    321    0.0
    322    0.0
    323    0.0
    324    0.0
    325    0.0
    326    0.0
    327    0.0
    328    0.0
    329    0.0
    330    0.0
    331    0.0
    332    0.0
    333    0.0
    334    0.0
    335    0.0
    336    0.0
    337    0.0
    338    0.0
    339    0.0
    340    0.0
    341    0.0
    342    0.0
    343    0.0
    344    0.0
    345    0.0
    346    0.0
    347    0.0
    348    0.0
    349    0.0
    350    0.0
    351    0.0
    352    0.0
    353    0.0
    354    0.0
    355    0.0
    356    0.0
    357    0.0
    358    0.0
    359    0.0
    360    0.0
    361    0.0
    362    0.0
    363    0.0
    364    0.0
    365    0.0
