      1    1.6
      2    0.0
      3    0.0
      4    0.0
      5    2.2
      6    5.3
      7    4.0
      8    0.0
      9    0.0
     10    0.0
     11    0.0
     12    0.0
     13    0.0
     14    0.0
     15    0.0
     16    0.0
     17    0.0
     18    0.0
     19    0.0
     20    0.0
     21    0.0
     22    0.0
     23    0.0
     24    0.0
     25    0.0
     26    0.0
     27    0.0
     28    0.0
     29    0.0
     30    0.0
     31    0.0
     32    0.0
     33    0.0
     34    0.0
     35    0.0
     36    0.0
     37    0.0
     38    0.0
     39    0.0
     40    0.0
     41    0.0
     42    2.5
     43    0.0
     44    0.0
     45    0.0
     46    0.0
     47    0.0
     48    0.0
     49    0.0
     50   10.4
     51    0.0
     52    0.0
     53    0.0
     54    0.0
     55    0.0
     56    0.0
     57    0.0
     58    0.0
     59    0.0
     60    0.0
     61    0.0
     62   20.2
     63    0.0
     64    0.0
     65    0.0
     66    0.0
     67    0.0
     68    0.0
     69    0.0
     70    0.0
     71    0.0
     72    0.0
     73    0.0
     74    0.0
     75    0.0
     76    0.0
     77   15.5
     78   20.6
     79    0.0
     80    0.0
     81    0.0
     82    0.0
     83    5.1
     84    3.2
     85    7.7
     86    1.6
     87    0.0
     88    1.7
     89   17.3
     90   22.1
     91    6.5
     92    0.0
     93    5.9
     94    3.0
     95    0.0
     96    0.0
     97    9.0
     98    0.0
     99   12.1
    100    9.5
    101    0.7
    102    0.0
    103   11.8
    104    4.1
    105    0.0
    106   14.8
    107   16.0
    108    4.9
    109    0.0
    110    0.9
    111   11.1
    112    6.3
    113    0.0
    114    0.0
    115    0.0
    116    0.0
    117    0.0
    118    0.0
    119    0.0
    120    0.0
    121    0.0
    122    0.0
    123    1.6
    124    2.1
    125   15.4
    126    0.0
    127    0.0
    128    0.0
    129   49.2
    130    8.5
    131    0.6
    132    9.8
    133   50.1
    134    0.0
    135    0.0
    136    0.0
    137    0.8
    138    0.0
    139    0.0
    140    0.0
    141    5.5
    142    3.5
    143   12.0
    144    1.0
    145    0.0
    146   22.5
    147   26.5
    148    2.0
    149    1.1
    150    0.0
    151    5.3
    152    0.0
    153    0.0
    154   40.1
    155   41.5
    156    0.0
    157   41.0
    158    6.7
    159   33.0
    160   19.0
    161   15.3
    162    0.0
    163    1.7
    164    8.0
    165   13.2
    166    8.8
    167    7.6
    168   23.3
    169   22.0
    170   15.8
    171    5.4
    172   27.3
    173    8.4
    174    4.3
    175    1.0
    176    3.7
    177   14.0
    178    5.7
    179    8.5
    180   30.0
    181   12.2
    182   21.7
    183   23.2
    184   23.4
    185   18.0
    186    7.0
    187   14.2
    188   15.5
    189   12.1
    190   20.4
    191    6.5
    192    6.2
    193    0.0
    194   15.0
    195    5.5
    196   30.0
    197    3.2
    198   22.5
    199   12.2
    200    0.0
    201   11.5
    202   14.2
    203   20.4
    204   10.0
    205    3.0
    206   24.9
    207   52.5
    208   60.8
    209   20.0
    210   18.5
    211   15.2
    212   23.1
    213   15.0
    214    6.2
    215    4.8
    216   33.5
    217    5.3
    218   14.0
    219    5.7
    220   15.0
    221   10.4
    222   41.4
    223   32.7
    224    5.0
    225    7.4
    226    5.0
    227   25.3
    228   19.9
    229   30.1
    230   11.0
    231   24.6
    232   11.5
    233    4.2
    234    0.9
    235   19.0
    236   11.0
    237   12.5
    238   10.6
    239   25.0
    240    9.5
    241    0.8
    242    9.5
    243    5.4
    244   10.2
    245   20.3
    246   21.0
    247    4.0
    248    1.9
    249    9.0
    250    9.5
    251    6.9
    252    5.0
    253   25.0
    254   10.0
    255    0.2
    256    2.1
    257    3.2
    258    5.7
    259   17.0
    260   18.0
    261   23.0
    262   36.2
    263   10.2
    264    2.0
    265    5.5
    266    7.4
    267   25.0
    268   20.0
    269    0.0
    270    0.0
    271    0.0
    272    0.5
    273    3.2
    274    0.0
    275    0.0
    276    2.1
    277    0.0
    278    0.0
    279   10.0
    280   41.1
    281   30.1
    282   28.9
    283   59.6
    284    8.6
    285    3.0
    286    0.0
    287    0.0
    288    0.0
    289    0.0
    290    0.0
    291    0.0
    292    1.0
    293    0.0
    294    0.0
    295    0.0
    296    0.0
    297    0.0
    298    0.0
    299    0.0
    300    0.0
    301    0.0
    302    0.0
    303    0.0
    304    0.0
    305    0.0
    306    0.0
    307    0.0
    308    0.0
    309    0.0
    310    0.0
    311    0.0
    312    0.0
    313    0.0
    314    0.0
    315    0.0
    316    0.0
    317    0.0
    318    0.0
    319    0.0
    320   DNA   
    321   DNA   
    322   DNA   
    323   DNA   
    324   DNA   
    325   DNA   
    326   DNA   
    327   DNA   
    328   DNA   
    329   DNA   
    330   DNA   
    331   DNA   
    332   DNA   
    333   DNA   
    334   DNA   
    335   DNA   
    336   DNA   
    337   DNA   
    338   DNA   
    339   DNA   
    340   DNA   
    341   DNA   
    342   DNA   
    343   DNA   
    344   DNA   
    345   DNA   
    346   DNA   
    347   DNA   
    348   DNA   
    349   DNA   
    350    0.0
    351    0.0
    352    0.0
    353    0.0
    354    0.0
    355    0.0
    356    0.0
    357    0.0
    358    0.0
    359    6.9
    360    0.0
    361    0.0
    362    0.0
    363    0.0
    364    0.0
    365   11.1
