      1    0.0
      2    0.0
      3    0.0
      4   62.0
      5   58.8
      6    0.0
      7    0.0
      8    0.0
      9    0.0
     10    0.0
     11    0.0
     12    0.0
     13    0.0
     14    0.0
     15    0.0
     16    0.0
     17    0.0
     18    0.0
     19    0.0
     20    0.0
     21    0.0
     22    0.0
     23    0.0
     24    0.0
     25    0.0
     26    0.0
     27   15.6
     28    0.0
     29    0.0
     30    0.0
     31    0.0
     32    0.0
     33    0.0
     34    0.0
     35    0.0
     36    0.0
     37    0.0
     38    0.0
     39    0.0
     40    9.4
     41    1.2
     42    9.2
     43   36.6
     44    5.0
     45    0.0
     46    0.0
     47    0.0
     48    0.0
     49    0.0
     50    5.0
     51    2.0
     52    4.8
     53    0.0
     54    0.0
     55    0.0
     56    0.0
     57    0.0
     58    0.0
     59    0.0
     60    0.0
     61    0.0
     62    0.0
     63    0.0
     64    0.0
     65   20.0
     66    0.0
     67    0.0
     68    0.0
     69    0.0
     70    0.0
     71    0.0
     72    0.0
     73    0.0
     74    0.0
     75    0.0
     76    0.0
     77    0.0
     78    2.0
     79    3.2
     80    1.0
     81    0.0
     82    0.0
     83    0.0
     84    0.0
     85    0.0
     86    0.0
     87    0.0
     88    0.0
     89    0.0
     90    0.0
     91    0.0
     92    0.0
     93    0.0
     94    0.0
     95    0.0
     96    0.0
     97    2.6
     98    1.6
     99    0.0
    100    0.0
    101    0.0
    102    0.0
    103    0.0
    104    0.0
    105    0.0
    106    6.0
    107    0.0
    108    6.1
    109    1.0
    110    0.0
    111    0.0
    112    0.6
    113    7.1
    114    5.6
    115    7.9
    116    3.6
    117    0.1
    118    0.0
    119    0.0
    120    0.0
    121    0.0
    122    0.0
    123    0.0
    124    0.0
    125    0.0
    126    0.0
    127    6.8
    128    4.2
    129    0.0
    130    3.2
    131    2.6
    132    0.0
    133    0.0
    134    0.0
    135    0.0
    136    0.0
    137    0.8
    138    0.0
    139    0.0
    140    0.0
    141   18.2
    142   17.8
    143   11.2
    144   10.4
    145   13.4
    146    6.2
    147    6.8
    148   10.4
    149   16.6
    150   15.8
    151   14.0
    152    0.6
    153   11.8
    154    9.0
    155    8.0
    156    4.8
    157   21.6
    158    6.0
    159    0.2
    160    4.2
    161    1.0
    162    0.4
    163   10.0
    164   34.8
    165    9.0
    166    3.4
    167   27.6
    168   13.4
    169    0.0
    170    1.2
    171    1.4
    172    9.6
    173    4.4
    174    9.6
    175    1.2
    176    5.4
    177   19.2
    178   23.4
    179   34.6
    180   11.6
    181    1.6
    182   58.2
    183    6.2
    184    6.4
    185    7.4
    186   20.8
    187   29.0
    188   49.6
    189    3.6
    190    8.2
    191   22.2
    192    3.4
    193   18.8
    194   26.6
    195   15.8
    196   15.8
    197    5.8
    198    7.0
    199   17.2
    200   14.8
    201   10.0
    202   35.8
    203   12.6
    204    4.6
    205   49.6
    206   23.4
    207    5.6
    208   24.4
    209   22.2
    210   25.6
    211    1.2
    212   26.8
    213   63.0
    214   42.0
    215    5.4
    216    4.4
    217   42.8
    218    9.2
    219    7.6
    220   56.2
    221   17.6
    222   10.2
    223   14.2
    224    1.8
    225   17.6
    226   15.8
    227    2.6
    228   11.4
    229   18.2
    230    0.6
    231   14.0
    232    0.6
    233   26.6
    234   20.0
    235   11.4
    236   11.6
    237    4.8
    238    8.8
    239    4.4
    240    1.4
    241   17.6
    242   29.0
    243    8.4
    244   17.0
    245   28.8
    246   35.6
    247   11.8
    248   12.6
    249   24.6
    250   17.4
    251   16.6
    252   26.8
    253   27.2
    254   17.2
    255   15.7
    256    8.8
    257    0.2
    258    9.6
    259   38.7
    260    9.8
    261   17.3
    262    0.6
    263    2.5
    264    9.6
    265   35.6
    266    4.2
    267    0.6
    268    0.0
    269    0.0
    270    0.0
    271    0.0
    272    0.0
    273    0.0
    274    3.4
    275   21.2
    276   16.0
    277    0.0
    278   15.6
    279    2.9
    280    0.7
    281   11.8
    282    1.9
    283   16.0
    284    0.0
    285    0.0
    286    0.0
    287    0.0
    288   10.0
    289    0.0
    290    6.8
    291    5.0
    292    0.0
    293    8.8
    294   32.2
    295   20.2
    296   10.5
    297    5.6
    298    0.0
    299    0.0
    300    0.0
    301    0.0
    302    0.0
    303    0.0
    304    0.0
    305    0.0
    306    0.0
    307    1.2
    308    0.0
    309    0.0
    310    0.0
    311    0.0
    312    0.0
    313    0.0
    314    0.0
    315    0.0
    316    0.0
    317    0.0
    318    0.2
    319    5.4
    320    4.6
    321    0.0
    322    0.0
    323    0.0
    324    0.0
    325    0.0
    326    0.0
    327    0.0
    328    0.0
    329    0.0
    330    0.0
    331    0.0
    332    0.0
    333    0.0
    334    0.0
    335    0.0
    336    0.0
    337   27.2
    338    0.0
    339    0.0
    340    0.0
    341    0.0
    342    0.0
    343    0.0
    344    0.0
    345    0.0
    346    0.0
    347    0.0
    348    0.0
    349    0.0
    350    0.0
    351    0.0
    352    0.0
    353    0.0
    354    0.0
    355    0.0
    356    0.0
    357    0.0
    358    0.0
    359    0.0
    360    0.0
    361    0.6
    362    0.0
    363    0.0
    364    0.8
    365    2.4
