      1    0.0
      2    0.0
      3    0.0
      4    0.0
      5    0.0
      6    0.0
      7    0.0
      8    5.8
      9    0.0
     10    0.0
     11    0.0
     12    6.1
     13   12.7
     14    0.0
     15    0.0
     16    0.0
     17    0.0
     18    0.0
     19    0.0
     20    7.6
     21   20.3
     22   25.9
     23    0.0
     24    0.0
     25    0.0
     26    0.0
     27    1.0
     28   35.6
     29   31.8
     30    0.0
     31    0.0
     32    0.0
     33    0.0
     34    0.0
     35    0.0
     36    0.0
     37    3.8
     38    0.0
     39    0.0
     40    5.8
     41    0.0
     42    0.0
     43    0.0
     44    0.0
     45    0.0
     46    0.0
     47    0.0
     48    0.0
     49    0.0
     50    0.0
     51    0.0
     52    0.0
     53    0.0
     54    0.0
     55    0.0
     56    0.0
     57   17.8
     58   38.1
     59   20.3
     60    1.3
     61    0.0
     62    0.0
     63    0.0
     64    0.0
     65   19.1
     66   13.9
     67    0.0
     68    1.0
     69    0.0
     70    0.0
     71   12.7
     72    0.0
     73    0.0
     74    0.0
     75    0.0
     76    0.0
     77    0.0
     78    0.0
     79    0.0
     80    0.0
     81    0.0
     82    0.0
     83    0.0
     84    0.0
     85    0.0
     86    0.0
     87    0.0
     88    0.0
     89    0.0
     90    0.0
     91    0.0
     92    0.0
     93    0.0
     94    0.0
     95    0.0
     96    1.0
     97    0.0
     98    0.0
     99    0.5
    100    0.0
    101    0.0
    102    8.9
    103    0.0
    104    0.0
    105    0.5
    106    0.0
    107    0.0
    108    0.0
    109    0.0
    110    0.0
    111    0.0
    112    0.0
    113    5.1
    114    0.0
    115    0.0
    116    0.0
    117    0.0
    118    0.0
    119    0.0
    120    0.0
    121   20.3
    122    2.5
    123   12.7
    124    0.5
    125    0.0
    126    2.3
    127    0.0
    128   19.1
    129   35.6
    130    7.6
    131    0.0
    132    1.3
    133    0.0
    134    2.5
    135    1.8
    136   11.4
    137    0.0
    138    0.0
    139    2.5
    140    7.6
    141    0.0
    142   35.6
    143    2.5
    144    0.0
    145    0.0
    146   19.1
    147    2.5
    148   60.9
    149   20.3
    150    1.0
    151    0.5
    152    2.5
    153    0.0
    154    0.0
    155    0.5
    156   17.8
    157   10.2
    158   76.2
    159   27.9
    160    1.0
    161    1.3
    162   68.6
    163   12.7
    164    2.5
    165    1.3
    166   38.1
    167   35.6
    168    7.6
    169   20.3
    170    2.5
    171   58.4
    172    2.5
    173   12.7
    174    1.3
    175    1.3
    176    7.6
    177   57.2
    178   20.3
    179    0.0
    180    1.3
    181    1.3
    182    0.0
    183    0.0
    184   12.7
    185    0.0
    186    2.5
    187    5.1
    188    5.1
    189    0.0
    190    0.0
    191    0.0
    192    0.0
    193    5.1
    194    2.5
    195    1.3
    196    1.3
    197    2.5
    198    1.3
    199    1.3
    200   40.6
    201   35.6
    202    0.0
    203    0.0
    204    0.0
    205    0.0
    206   25.4
    207    1.3
    208   20.3
    209    1.8
    210   20.3
    211   10.2
    212   11.4
    213   11.4
    214   10.2
    215   11.4
    216    8.9
    217   25.4
    218   34.3
    219   25.4
    220   39.6
    221   33.0
    222    7.6
    223   10.2
    224    1.3
    225   12.7
    226    5.1
    227    1.3
    228    2.5
    229    2.5
    230   25.4
    231    5.1
    232    1.0
    233    0.5
    234    0.8
    235    0.5
    236    1.5
    237    0.8
    238   20.3
    239    0.0
    240    1.0
    241   13.9
    242    0.5
    243   10.2
    244   12.7
    245   13.9
    246    5.1
    247   13.2
    248   40.6
    249    0.0
    250    0.0
    251    0.0
    252    1.3
    253    2.5
    254   20.3
    255   45.7
    256    5.1
    257   50.8
    258    2.5
    259    1.0
    260    0.0
    261    0.0
    262    8.9
    263    0.0
    264    0.0
    265    0.0
    266    8.9
    267   45.7
    268   12.7
    269    2.5
    270    5.1
    271    0.0
    272    0.0
    273    2.5
    274   50.8
    275   93.9
    276   46.9
    277   48.3
    278    8.9
    279   11.7
    280   16.5
    281    6.4
    282    0.0
    283    0.0
    284    3.8
    285    0.0
    286    0.0
    287    0.0
    288    0.0
    289    0.0
    290    0.0
    291    0.0
    292    0.0
    293    0.0
    294    0.0
    295    0.0
    296    0.0
    297    0.0
    298    0.0
    299    0.0
    300    0.0
    301   10.2
    302    0.5
    303    0.0
    304    0.0
    305    0.0
    306    0.0
    307    0.0
    308    0.0
    309    0.0
    310    0.0
    311    0.0
    312    0.0
    313    0.0
    314    0.0
    315    0.0
    316    0.0
    317    0.0
    318    0.0
    319    0.0
    320    0.0
    321    0.0
    322    0.0
    323    0.0
    324    0.0
    325    0.0
    326    0.0
    327    0.0
    328    0.0
    329    0.0
    330    0.0
    331    0.0
    332    0.0
    333    0.0
    334    0.0
    335    0.0
    336    0.0
    337    0.0
    338    0.0
    339    0.0
    340    0.0
    341    0.0
    342    0.5
    343    0.0
    344    0.0
    345    0.0
    346    0.0
    347    0.0
    348    0.0
    349    0.0
    350    0.0
    351    0.0
    352    0.0
    353    0.0
    354    0.0
    355    0.0
    356    0.0
    357    0.0
    358    0.0
    359    0.0
    360    0.0
    361    0.0
    362    0.0
    363    0.0
    364    0.0
    365    0.0
