      1    0.0
      2    0.0
      3    0.0
      4    0.0
      5    0.0
      6    0.0
      7    0.0
      8    0.0
      9    5.1
     10   10.2
     11    0.0
     12    0.0
     13    0.0
     14    2.5
     15    0.0
     16    0.0
     17    0.0
     18    0.0
     19    0.0
     20    0.0
     21    0.0
     22    0.0
     23    7.6
     24    0.0
     25    0.0
     26    0.0
     27    0.0
     28    0.0
     29    0.0
     30    0.0
     31    0.0
     32    0.0
     33    0.0
     34    0.0
     35    0.0
     36    0.0
     37    0.0
     38   20.3
     39   17.8
     40    5.1
     41    0.0
     42    0.0
     43    0.0
     44   12.7
     45    0.0
     46    2.5
     47    0.0
     48   10.2
     49   38.1
     50   12.7
     51   10.2
     52    0.0
     53    0.0
     54    0.0
     55    0.0
     56    0.0
     57    0.0
     58    0.0
     59    0.0
     60    0.0
     61   20.3
     62    5.1
     63    0.0
     64    0.0
     65    0.0
     66    0.0
     67    0.0
     68    0.0
     69    0.0
     70   10.2
     71   53.3
     72   12.7
     73    2.5
     74   20.3
     75   10.2
     76   10.2
     77    0.0
     78   22.9
     79    2.5
     80    0.0
     81    0.0
     82    0.0
     83    0.0
     84    0.0
     85    0.0
     86    0.0
     87    0.0
     88    0.0
     89   10.2
     90   12.7
     91    0.0
     92    0.0
     93    0.0
     94    0.0
     95    0.0
     96    0.0
     97    0.0
     98    0.0
     99    0.0
    100    0.0
    101    0.0
    102    0.0
    103    2.5
    104    0.0
    105    0.0
    106    7.6
    107    0.0
    108   20.3
    109    0.0
    110    0.0
    111   20.3
    112    0.0
    113    0.0
    114    7.6
    115    0.0
    116    0.0
    117   12.7
    118    0.0
    119    0.0
    120    5.1
    121    0.0
    122    0.0
    123   12.7
    124    7.6
    125    7.6
    126    0.0
    127    7.6
    128   33.0
    129    0.0
    130    7.6
    131    0.0
    132    7.6
    133   33.0
    134    7.6
    135   40.6
    136   15.2
    137    2.5
    138    0.0
    139    0.0
    140    0.0
    141    0.0
    142    0.0
    143    0.0
    144   17.8
    145    2.5
    146    0.0
    147    0.0
    148    0.0
    149    0.0
    150    0.0
    151    2.5
    152    6.1
    153    5.1
    154   12.7
    155    2.5
    156    0.0
    157   28.4
    158   10.2
    159   38.1
    160   22.9
    161   48.3
    162    5.1
    163    2.5
    164   12.7
    165   12.7
    166    0.0
    167    0.0
    168    0.0
    169    2.5
    170   31.5
    171   12.7
    172   12.7
    173   10.2
    174   10.2
    175    7.6
    176   10.2
    177    7.6
    178   45.7
    179   40.6
    180    5.1
    181   40.6
    182   40.6
    183   15.2
    184    5.1
    185    2.5
    186    8.1
    187    2.5
    188    5.1
    189   10.2
    190   10.2
    191   12.7
    192    0.0
    193   10.2
    194    0.0
    195   20.3
    196   10.2
    197   10.2
    198    2.5
    199    2.8
    200   15.2
    201    3.0
    202    2.5
    203    2.5
    204   12.7
    205    2.5
    206    5.1
    207   10.2
    208   58.4
    209    2.5
    210  116.8
    211   10.2
    212  116.8
    213    2.5
    214   10.2
    215    5.1
    216    7.6
    217    5.1
    218   12.7
    219   20.3
    220    2.5
    221   14.0
    222   10.2
    223   35.6
    224   10.2
    225   25.4
    226   45.7
    227   48.3
    228   15.2
    229    7.6
    230   10.2
    231   12.7
    232   20.3
    233   12.7
    234    2.5
    235   12.7
    236   20.3
    237   10.2
    238    2.8
    239    5.1
    240   15.2
    241   10.2
    242    2.5
    243   22.9
    244   DNA   
    245   DNA   
    246   DNA   
    247   DNA   
    248   DNA   
    249   DNA   
    250   DNA   
    251   DNA   
    252   DNA   
    253   DNA   
    254   DNA   
    255   DNA   
    256   DNA   
    257   DNA   
    258   DNA   
    259   DNA   
    260   DNA   
    261   DNA   
    262   DNA   
    263   DNA   
    264   DNA   
    265   DNA   
    266   DNA   
    267   DNA   
    268   DNA   
    269   DNA   
    270   DNA   
    271   DNA   
    272   DNA   
    273   DNA   
    274    0.0
    275    0.0
    276    0.0
    277    0.0
    278    0.0
    279    0.0
    280    0.0
    281    0.0
    282    0.0
    283    0.0
    284    0.0
    285    0.0
    286    0.0
    287    0.0
    288    0.0
    289    0.0
    290    0.0
    291    0.0
    292    0.0
    293    0.0
    294    0.0
    295    0.0
    296    0.0
    297    0.0
    298    0.0
    299    0.0
    300    0.0
    301    0.0
    302    0.0
    303    0.0
    304    0.0
    305    0.0
    306    0.0
    307    0.0
    308    0.0
    309    0.0
    310    0.0
    311    0.0
    312    0.0
    313    0.0
    314    0.0
    315    0.0
    316    2.5
    317    0.0
    318    0.0
    319    0.0
    320    0.0
    321    0.0
    322    0.0
    323    0.0
    324    0.0
    325    0.0
    326    0.0
    327   27.9
    328   14.0
    329    2.5
    330    0.0
    331    0.0
    332    0.0
    333    0.0
    334    0.0
    335    0.0
    336   12.7
    337   12.7
    338    0.0
    339    0.0
    340    0.0
    341    0.0
    342    0.0
    343    0.0
    344    0.0
    345    0.0
    346    0.0
    347    0.0
    348    0.0
    349    0.0
    350    0.0
    351    0.0
    352    0.0
    353    0.0
    354    0.0
    355    0.0
    356    0.0
    357    0.0
    358    0.0
    359    0.0
    360    0.0
    361    0.0
    362    0.0
    363    0.0
    364    0.0
    365    0.0
