      1    0.0
      2    0.0
      3    0.0
      4    0.0
      5    0.0
      6    0.0
      7    0.0
      8    0.0
      9    0.0
     10    0.0
     11    0.0
     12    0.0
     13    0.0
     14    0.0
     15    1.3
     16    0.0
     17    0.0
     18    0.0
     19    0.0
     20    0.0
     21   40.6
     22    0.0
     23    0.0
     24    0.0
     25    0.0
     26   33.0
     27   12.7
     28    0.0
     29    0.0
     30    0.0
     31    2.5
     32    0.0
     33    0.0
     34    0.0
     35    0.0
     36    0.0
     37    0.0
     38    0.0
     39    0.0
     40    0.0
     41    0.0
     42    0.0
     43    0.0
     44    0.0
     45    0.0
     46    0.0
     47    0.0
     48    0.0
     49    0.0
     50    0.0
     51    0.0
     52    2.5
     53    2.5
     54    0.0
     55    3.8
     56    0.0
     57    0.0
     58    0.0
     59    5.1
     60   17.8
     61    0.0
     62    0.0
     63    0.0
     64    0.0
     65    0.0
     66    0.0
     67    0.0
     68    0.0
     69    0.0
     70   12.7
     71    0.0
     72    0.0
     73    0.0
     74    0.0
     75    0.0
     76    0.0
     77    0.0
     78    0.0
     79    2.5
     80    0.0
     81    0.0
     82    0.0
     83    0.0
     84    0.0
     85    0.0
     86    0.0
     87    0.0
     88    0.0
     89    0.0
     90    0.0
     91    0.0
     92    0.0
     93    0.0
     94    0.0
     95    0.0
     96    0.0
     97    0.0
     98    1.3
     99    3.8
    100    0.0
    101    0.0
    102    0.0
    103    0.0
    104    0.0
    105    0.0
    106    0.0
    107    0.0
    108    0.0
    109    0.0
    110    0.0
    111    0.0
    112    0.0
    113    0.0
    114    0.0
    115    0.0
    116    0.0
    117    0.0
    118    0.0
    119    0.0
    120    0.0
    121    0.0
    122    0.0
    123    0.0
    124    0.0
    125    0.0
    126    0.0
    127    0.0
    128    0.0
    129    0.0
    130    0.0
    131    0.0
    132    0.0
    133    0.0
    134    0.0
    135    0.0
    136    0.0
    137    0.0
    138    0.0
    139    0.0
    140    0.0
    141    3.8
    142   10.2
    143   21.6
    144    0.0
    145   10.2
    146    0.0
    147    0.0
    148   19.1
    149    2.5
    150    1.3
    151    0.0
    152   10.2
    153   14.0
    154    1.3
    155    0.0
    156   10.2
    157    2.5
    158    1.3
    159    0.0
    160    0.0
    161    7.6
    162    2.5
    163    1.3
    164   22.9
    165   12.7
    166    6.1
    167   22.9
    168   20.3
    169   40.6
    170    1.3
    171    0.0
    172    0.0
    173   43.2
    174   27.9
    175    0.0
    176    2.5
    177    0.0
    178    0.0
    179   43.2
    180   10.2
    181    8.4
    182   10.2
    183    0.0
    184    2.5
    185  104.1
    186   12.7
    187    0.0
    188    0.0
    189    5.1
    190    0.0
    191    0.0
    192   48.3
    193    3.8
    194    2.5
    195   22.9
    196   40.6
    197   10.2
    198    3.8
    199   11.4
    200    0.5
    201   43.2
    202  132.1
    203    3.8
    204    0.0
    205    0.0
    206    1.3
    207    0.0
    208   15.2
    209    0.0
    210    0.0
    211    0.0
    212    0.0
    213   25.4
    214    1.3
    215   19.1
    216   35.6
    217   10.2
    218    1.3
    219   38.1
    220    2.5
    221    1.3
    222   12.7
    223    2.5
    224   40.6
    225    5.1
    226   20.3
    227    0.0
    228   25.4
    229    1.3
    230   12.7
    231    0.5
    232   43.2
    233    0.5
    234    0.0
    235    0.0
    236   35.6
    237   25.4
    238   17.8
    239   20.3
    240    4.1
    241    1.3
    242    0.0
    243    0.0
    244    0.0
    245    0.0
    246    0.0
    247    0.5
    248    0.0
    249    0.0
    250    0.0
    251    0.0
    252    1.3
    253    2.0
    254    1.3
    255    1.3
    256    2.5
    257    5.1
    258    0.0
    259   35.6
    260    1.3
    261    0.0
    262    0.0
    263    0.0
    264   20.3
    265    0.0
    266   19.1
    267    0.0
    268    0.0
    269   51.3
    270    1.3
    271    0.8
    272    0.0
    273    1.3
    274   18.8
    275    0.0
    276    1.0
    277    7.6
    278   18.8
    279    7.6
    280    5.1
    281    0.5
    282    0.0
    283    0.0
    284    0.0
    285    0.0
    286    0.0
    287    0.0
    288    0.0
    289    0.0
    290    0.0
    291    0.0
    292    0.0
    293    0.0
    294    0.0
    295    0.0
    296    0.0
    297    0.0
    298    0.0
    299    0.0
    300    0.0
    301    0.0
    302    0.0
    303    0.0
    304    0.0
    305    0.0
    306    0.0
    307    0.0
    308    0.0
    309    0.0
    310    0.0
    311    0.0
    312    0.0
    313    0.0
    314    0.0
    315    0.0
    316    0.0
    317    0.0
    318    0.0
    319    0.0
    320    0.0
    321    0.0
    322    0.0
    323    0.0
    324    0.0
    325    0.0
    326    0.0
    327    0.0
    328    0.0
    329    0.0
    330    0.0
    331    0.0
    332    0.0
    333    0.0
    334    0.0
    335    0.0
    336    0.0
    337    0.0
    338    0.0
    339    0.0
    340    0.0
    341    0.0
    342    0.0
    343    0.0
    344    0.0
    345    0.0
    346    0.0
    347    0.0
    348    0.0
    349    0.0
    350    0.0
    351    0.0
    352    0.0
    353    0.0
    354    0.0
    355    0.0
    356    0.0
    357    0.0
    358    0.0
    359    0.0
    360    0.0
    361    0.0
    362    0.0
    363    0.0
    364    0.0
    365    0.0
