1972          Temperature for SIMARA AIRPORT          
        Tmax  Tmin
     1  24.4   6.6 
     2  24.6   6.6 
     3  24.6   6.0 
     4  22.6   7.0 
     5   DNA   DNA 
     6  23.6   7.6 
     7  23.4   6.8 
     8  23.0   5.6 
     9  21.0   6.0 
    10  23.0   5.4 
    11  22.6   6.0 
    12  22.0   6.0 
    13  23.2   6.2 
    14  22.8   8.8 
    15  23.4   7.6 
    16  22.6   6.4 
    17  23.7   6.0 
    18  23.8   5.8 
    19  24.0   6.2 
    20  24.2   6.0 
    21  24.6   9.2 
    22  23.4   6.4 
    23  23.8   6.2 
    24  23.8   8.0 
    25  23.6   9.4 
    26  24.0  10.0 
    27  24.4   9.8 
    28  24.0  12.0 
    29  23.8   8.0 
    30  23.6   7.0 
    31  24.0   8.0 
    32  24.0  10.0 
    33  24.4  11.0 
    34  23.6  11.8 
    35  22.0  12.0 
    36  23.8  10.7 
    37  23.0  11.0 
    38  20.8   5.0 
    39  20.0   3.6 
    40  20.0   7.8 
    41  20.0   5.6 
    42  21.0   8.0 
    43  21.4   9.0 
    44  20.4  13.0 
    45  16.4  13.0 
    46  21.0   6.4 
    47  21.4   6.2 
    48  21.6  10.2 
    49  23.0   5.4 
    50  23.0   6.4 
    51  22.6   7.2 
    52  23.0   8.2 
    53  25.0   9.2 
    54  26.8   9.8 
    55  27.4  10.4 
    56  25.8  10.0 
    57  28.4  11.2 
    58  23.4   6.0 
    59  24.6   7.4 
    60  24.2   6.4 
    61  27.8   9.0 
    62  26.4   7.4 
    63  27.5   6.4 
    64  27.7  11.2 
    65  28.6  11.2 
    66  29.4  11.4 
    67  27.0  10.0 
    68  28.0   9.4 
    69  28.8  11.4 
    70  29.0  10.8 
    71  30.4  11.0 
    72  30.0   9.4 
    73  31.0  15.0 
    74  31.8  14.6 
    75  33.2  14.4 
    76  31.4  13.8 
    77  31.8  13.4 
    78  32.6  13.4 
    79  33.6  12.8 
    80  32.0  15.0 
    81  33.2  15.0 
    82  31.9  14.6 
    83  33.4  15.2 
    84  33.0  16.0 
    85  33.0  20.0 
    86  33.0  19.0 
    87  33.6  18.4 
    88  33.9  19.0 
    89  33.6  19.4 
    90  32.0  19.4 
    91  34.0  19.8 
    92  34.2  16.6 
    93  33.7  15.0 
    94  34.8  13.6 
    95  35.0  13.4 
    96  34.4  13.0 
    97  34.0  13.7 
    98  33.0  13.0 
    99  33.8  14.0 
   100  34.2  16.0 
   101  33.8  16.0 
   102  33.6  17.0 
   103  33.8  17.0 
   104  33.8  16.4 
   105  34.4  17.0 
   106  33.4  17.0 
   107  28.0  11.8 
   108  27.8  16.6 
   109  33.6  18.4 
   110  35.8  17.6 
   111  35.8  19.0 
   112  35.6  15.0 
   113  35.4  15.0 
   114  35.6  15.8 
   115  35.8  19.0 
   116  37.2  19.4 
   117  37.8  21.0 
   118  38.2  22.0 
   119  37.8  21.0 
   120  37.4  21.4 
   121  38.0  21.0 
   122  38.3  16.4 
   123  38.8  18.4 
   124  35.4  20.0 
   125  35.4  21.4 
   126  37.8  21.0 
   127  37.0  21.8 
   128  37.8  21.6 
   129  38.0  21.6 
   130  38.2  20.0 
   131  38.0  21.0 
   132  38.2  21.2 
   133  38.6  21.4 
   134  39.2  21.0 
   135  39.2  21.8 
   136  39.8  26.0 
   137  39.4  24.0 
   138  38.6  26.4 
   139  39.4  26.4 
   140  37.4  24.0 
   141  37.0  21.0 
   142  35.0  24.0 
   143  35.6  25.2 
   144  35.6  24.6 
   145  35.8  25.6 
   146  35.0  26.0 
   147  35.0  25.2 
   148  40.2  26.2 
   149  38.4  26.0 
   150  39.8  26.0 
   151  39.6  26.0 
   152  39.7  27.0 
   153  39.6  25.7 
   154  38.6  27.4 
   155  36.8  26.8 
   156  36.0  26.0 
   157  36.2  24.0 
   158  36.6  25.4 
   159  37.0  25.0 
   160  37.4  25.4 
   161  38.8  26.0 
   162  40.8  27.0 
   163  41.2  29.0 
   164  42.0  28.6 
   165  40.0  30.0 
   166  40.0  25.0 
   167  37.4  24.8 
   168  37.0  24.4 
   169  32.2  25.2 
   170  31.9  25.6 
   171  32.0  26.0 
   172  34.0  26.2 
   173  35.8  24.4 
   174  34.6  24.6 
   175  31.6  21.4 
   176  32.0  22.0 
   177  30.0  23.8 
   178  31.8  25.2 
   179  34.2  25.0 
   180  34.8  26.4 
   181  34.2  28.0 
   182  35.0  28.0 
   183  35.0  28.0 
   184  34.6  27.0 
   185  34.0  24.0 
   186  32.0  25.0 
   187  32.0  25.0 
   188  33.9  24.0 
   189  34.8  24.8 
   190  34.2  25.0 
   191  33.0  25.0 
   192  34.0  26.0 
   193  33.4  25.2 
   194  33.6  26.4 
   195  35.4  26.0 
   196  36.0  27.0 
   197  34.0  25.0 
   198  35.8  27.4 
   199  32.4  26.0 
   200  33.0  26.0 
   201  32.4  26.0 
   202  32.0  25.0 
   203  33.0  25.0 
   204  31.8  24.8 
   205  31.4  27.4 
   206  33.0  26.0 
   207  33.4  26.8 
   208  34.0  26.4 
   209  33.0  25.2 
   210  33.4  25.2 
   211  33.0  24.8 
   212  31.4  24.2 
   213  33.0  23.8 
   214  31.6  23.4 
   215  31.8  26.0 
   216  33.4  25.2 
   217  32.6  25.8 
   218  34.0  25.6 
   219  32.4  24.8 
   220  32.8  25.0 
   221  31.8  25.2 
   222  33.0  26.0 
   223  33.0  25.0 
   224  32.2  24.4 
   225  32.0  25.0 
   226  32.0  24.8 
   227  32.8  23.8 
   228  32.4  25.8 
   229  31.4  24.8 
   230  31.8  23.0 
   231  33.8  24.4 
   232  33.0  25.0 
   233  35.0  25.2 
   234  34.8  25.2 
   235  32.4  25.4 
   236  32.8  25.0 
   237  33.4  25.4 
   238  34.0  25.2 
   239  33.8  25.6 
   240  33.4  26.0 
   241  33.0  26.0 
   242  34.4  26.0 
   243  34.0  24.8 
   244  35.8  25.4 
   245  34.0  23.8 
   246  32.0  25.2 
   247  24.6  22.2 
   248  30.0  24.0 
   249  30.6  22.8 
   250  30.6  23.4 
   251  33.4  24.0 
   252  32.2  24.4 
   253  34.0  23.8 
   254  33.0  22.0 
   255  33.0  23.0 
   256  26.8  23.2 
   257  33.2  23.0 
   258  33.8  24.8 
   259  34.0  25.4 
   260  33.8  25.0 
   261  34.2  23.8 
   262  34.6  24.4 
   263  34.8  24.8 
   264  33.9  24.0 
   265  34.0  23.9 
   266  33.6  24.4 
   267  32.4  24.2 
   268  33.4  23.8 
   269  30.8  23.6 
   270  26.8  23.0 
   271  30.8  22.6 
   272  30.8  20.8 
   273  32.2  19.6 
   274  32.0  20.4 
   275  32.0  22.0 
   276  32.6  20.8 
   277  32.8  19.6 
   278  32.2  21.4 
   279  32.4  21.0 
   280  26.8  19.4 
   281  26.6  19.8 
   282  30.7  20.0 
   283  30.4  22.0 
   284  30.6  21.0 
   285  30.8  21.0 
   286  30.8  20.8 
   287  30.6  21.0 
   288  31.4  21.2 
   289  31.4  22.2 
   290  31.6  22.0 
   291  31.8  21.2 
   292  31.5  19.6 
   293  31.8  18.6 
   294  31.4  19.4 
   295  31.6  19.2 
   296  31.6  19.2 
   297  30.8  19.0 
   298  30.4  16.2 
   299  28.0  14.6 
   300  27.0  18.2 
   301  28.2  18.0 
   302  26.8  18.6 
   303  24.0  18.8 
   304  22.6  19.0 
   305  24.4  16.2 
   306  28.4  15.6 
   307  28.4  15.8 
   308  29.4  18.2 
   309  30.0  18.0 
   310  30.0  16.6 
   311  32.0  14.4 
   312  29.4  12.2 
   313  29.0  13.4 
   314  27.6  14.6 
   315  27.0  15.4 
   316  26.8  15.6 
   317  28.0  14.8 
   318  27.4  15.0 
   319  27.8  14.6 
   320  27.5  15.8 
   321  27.5  15.0 
   322  27.2  13.5 
   323  27.8  14.2 
   324  28.2  14.6 
   325  27.4  13.4 
   326  27.8  13.0 
   327  28.0  13.4 
   328  27.8  12.0 
   329  27.4  10.9 
   330  26.4  11.4 
   331  27.6  12.4 
   332  27.4  16.0 
   333  27.0  12.4 
   334  26.8  10.2 
   335  26.8  10.8 
   336  27.2   9.9 
   337  26.6   9.8 
   338  28.6  10.4 
   339  27.2   8.0 
   340  26.4   8.3 
   341  25.2   8.0 
   342   DNA   8.4 
   343  26.0   9.8 
   344   DNA   8.5 
   345   DNA   9.5 
   346   DNA   8.4 
   347  24.7   9.5 
   348  23.4   5.4 
   349   DNA   6.6 
   350  24.8   8.0 
   351  25.3   8.0 
   352  25.2   7.4 
   353  25.0   8.0 
   354  25.4   8.4 
   355  23.6   9.0 
   356  25.0   7.5 
   357  24.1   7.1 
   358  21.6   4.9 
   359  21.3   5.5 
   360  22.7   6.1 
   361  22.3   5.6 
   362  20.7   7.5 
   363  22.0   7.5 
   364  22.6   7.3 
   365  19.7   6.8 
   366  22.4   5.5 
