1991          Temperature for SIMARA AIRPORT          
        Tmax  Tmin
     1  16.7   DNA 
     2  20.4  11.2 
     3  17.7   8.6 
     4  21.2   5.2 
     5  21.3   5.6 
     6  22.4   5.6 
     7  22.6   5.2 
     8  17.9   8.4 
     9  22.0   6.5 
    10  22.2   7.0 
    11  23.4   6.5 
    12  23.6   7.5 
    13  22.7   7.4 
    14  20.5   6.1 
    15  20.8   4.9 
    16  22.3   5.2 
    17  23.6   6.7 
    18  22.7   4.8 
    19  21.0   4.2 
    20  20.0   3.7 
    21  21.3   5.0 
    22  21.4   5.7 
    23  21.5   7.6 
    24  21.5   6.5 
    25  23.0   7.7 
    26  25.1   7.6 
    27  27.0   7.7 
    28  26.9   7.7 
    29  27.1   7.6 
    30  27.2   9.4 
    31  26.8   8.6 
    32  25.8   9.6 
    33  25.5   7.4 
    34  24.6   6.0 
    35  24.7   6.5 
    36  23.5   7.0 
    37  24.2   8.0 
    38  25.4   7.5 
    39  25.8   8.2 
    40  25.8  10.0 
    41  26.6  12.4 
    42  27.8  12.0 
    43  30.4  13.0 
    44  27.0   8.0 
    45  28.6   8.2 
    46  26.8   5.7 
    47  25.6   3.7 
    48  27.6   4.5 
    49  27.6  13.5 
    50  29.5   8.0 
    51  27.3   6.5 
    52  27.7   6.5 
    53  29.1   9.9 
    54  28.9  14.5 
    55  26.7  10.7 
    56  24.9  12.7 
    57  22.6  11.9 
    58  27.9  13.2 
    59  27.0  11.4 
    60  28.4  17.6 
    61  28.6   8.7 
    62  29.1   8.4 
    63  29.5  12.4 
    64  27.7  16.2 
    65  27.7  12.0 
    66  27.6  10.1 
    67  29.1  11.4 
    68  30.7  13.0 
    69  32.6  12.7 
    70  33.2  13.2 
    71  31.8  11.8 
    72  32.4  12.1 
    73  33.2  16.3 
    74  33.6  16.7 
    75  34.4  12.3 
    76  34.0  12.6 
    77  35.0  14.7 
    78  35.0  13.2 
    79  35.8  13.5 
    80  34.4  11.0 
    81  32.4  15.7 
    82  33.4  16.5 
    83  25.0  15.5 
    84  28.2   9.5 
    85  30.7  13.3 
    86  32.0  13.7 
    87  33.0  17.4 
    88  34.0  18.0 
    89  33.5  19.5 
    90  33.6  24.3 
    91  31.2  19.2 
    92  30.7  21.5 
    93  33.0  21.2 
    94  34.0  20.2 
    95  35.0  19.5 
    96  35.6  16.5 
    97  34.1  18.3 
    98  34.4  16.7 
    99  30.6  19.5 
   100  31.4  18.3 
   101  34.0  18.4 
   102  34.4  12.8 
   103  34.6  17.1 
   104  35.5  20.5 
   105  38.0  18.5 
   106  38.0  15.5 
   107  35.6  13.5 
   108  34.6  12.1 
   109  35.4  13.5 
   110  36.4  13.0 
   111  37.0  15.3 
   112  37.4  17.8 
   113  37.2  23.0 
   114  35.4  24.7 
   115  36.7  19.6 
   116  37.2  22.4 
   117  37.0  23.0 
   118  35.3  23.2 
   119  34.2  23.2 
   120  33.7  24.4 
   121  36.0  24.6 
   122  35.2  22.1 
   123  37.8  21.5 
   124  36.4  21.6 
   125  38.2  23.6 
   126  34.0  24.4 
   127  34.4  22.6 
   128  37.4  23.7 
   129  37.0  25.2 
   130  38.4  24.8 
   131  39.4  21.5 
   132  38.3  23.3 
   133  38.0  18.3 
   134  37.6  24.3 
   135  34.6  25.8 
   136  33.2  23.6 
   137  34.5  24.7 
   138  32.7  20.7 
   139  33.2  23.2 
   140  34.0  23.0 
   141  36.1  24.7 
   142  32.7  23.8 
   143  34.4  18.9 
   144  35.0  25.0 
   145  34.4  25.0 
   146  34.4  25.5 
   147  35.0  25.1 
   148  36.0  26.0 
   149  34.0  22.6 
   150  35.6   DNA 
   151  33.0  20.7 
   152  34.6  20.6 
   153  35.2  24.5 
   154  35.8  25.0 
   155  35.7  26.0 
   156  36.4  25.5 
   157  36.0  25.6 
   158  34.6  24.5 
   159  35.5  26.8 
   160  34.6  25.0 
   161  27.6  24.5 
   162  31.2  25.0 
   163  33.2  26.5 
   164  28.3  24.0 
   165  29.8  24.5 
   166  31.8  25.5 
   167  33.4  23.9 
   168  28.7  22.4 
   169  31.6  22.4 
   170  32.2  25.7 
   171  32.8  23.2 
   172  34.5  25.7 
   173  33.4  26.5 
   174  34.4  26.2 
   175  33.6  25.8 
   176  33.8   DNA 
   177  33.0  25.5 
   178  33.8  27.4 
   179  33.5  26.9 
   180  34.2  27.5 
   181  31.0  27.6 
   182  34.6  26.9 
   183  33.3  25.5 
   184  28.7  25.4 
   185  26.9  25.1 
   186  31.4  24.5 
   187  30.5  25.5 
   188  30.7  25.4 
   189  32.8  26.4 
   190  30.7  24.6 
   191  33.4  25.9 
   192  31.7  27.0 
   193  33.0  26.1 
   194  34.0  25.4 
   195  34.4  26.8 
   196  30.7  22.6 
   197  34.2  25.3 
   198  33.0  26.9 
   199  32.9  27.0 
   200  33.0  26.0 
   201  33.4  26.6 
   202  33.3  26.4 
   203  33.6  26.7 
   204  33.5  25.6 
   205  33.6  26.9 
   206  34.3  26.6 
   207  35.7  26.9 
   208  36.6  26.3 
   209  32.7  26.3 
   210  33.4  27.2 
   211  33.0  27.3 
   212  34.0  26.6 
   213  33.4   DNA 
   214  28.0  25.2 
   215  25.6  24.8 
   216  30.2  25.2 
   217  31.9  23.6 
   218  32.7  25.4 
   219  32.3  26.4 
   220  31.6  24.7 
   221  31.7  24.2 
   222  31.1  24.3 
   223  30.0  25.5 
   224  33.6  26.3 
   225  34.2  25.6 
   226  34.0  26.1 
   227  31.5  25.3 
   228  29.2  24.9 
   229  31.6  26.0 
   230  32.4  26.0 
   231  33.7  26.0 
   232  33.8  25.2 
   233  36.4  26.2 
   234  31.9  26.2 
   235  32.8  26.4 
   236  33.5  26.2 
   237  33.4  26.1 
   238  32.6  25.3 
   239  32.4  25.9 
   240  33.5  24.5 
   241  33.4  23.7 
   242  33.4  25.0 
   243  32.6  25.0 
   244  30.4  25.0 
   245  30.6  24.5 
   246  31.8  24.8 
   247  30.0  24.4 
   248  32.4  24.4 
   249  32.8  24.4 
   250  31.7  25.0 
   251  33.0  25.0 
   252  31.1  24.4 
   253  33.7  24.5 
   254  31.6  24.2 
   255  32.3  24.7 
   256  31.7   DNA 
   257  32.4   DNA 
   258  31.5  24.0 
   259  31.6  24.4 
   260  32.6  23.8 
   261  34.0  23.4 
   262  34.6  23.9 
   263  35.0  24.5 
   264  34.5  25.3 
   265  34.2  23.8 
   266  32.6  24.9 
   267  32.3  24.0 
   268  33.1  24.1 
   269  32.6  22.4 
   270  33.6  23.8 
   271  31.5  24.6 
   272  33.6  24.3 
   273  33.7  24.7 
   274  33.6  23.4 
   275  33.7  23.8 
   276  33.6  23.2 
   277  33.8  22.2 
   278  33.5  22.8 
   279  31.4  23.2 
   280  33.1  22.5 
   281  33.4  21.8 
   282  31.8  21.0 
   283  32.7  20.5 
   284  33.4  20.6 
   285  33.6  19.5 
   286  32.7  19.5 
   287  31.2  20.6 
   288  31.5  20.8 
   289  31.8  22.5 
   290  32.4  19.9 
   291  32.2  16.8 
   292  31.2  16.2 
   293  31.4  16.0 
   294  30.6  17.5 
   295  30.4  17.5 
   296  31.6  16.8 
   297  32.7  17.5 
   298  31.2  16.5 
   299  31.4  16.4 
   300  30.3  16.0 
   301  31.2  15.0 
   302  32.0  15.5 
   303  31.4  15.8 
   304  31.4  16.4 
   305  31.5  13.0 
   306  31.3  14.5 
   307  30.4  13.9 
   308  30.6  14.0 
   309  30.2  13.5 
   310  28.3  14.2 
   311  28.6  15.0 
   312  29.3  12.9 
   313  29.7  14.3 
   314  30.0  12.7 
   315  28.4  13.1 
   316  30.1  12.0 
   317  29.3  10.7 
   318  29.7   9.7 
   319  28.7  10.5 
   320  28.6  10.4 
   321  29.4  10.3 
   322  27.8  10.0 
   323  27.2   8.1 
   324  26.8   8.8 
   325  26.4   9.1 
   326  27.0  10.7 
   327  27.6  10.4 
   328  28.0  10.5 
   329  27.9  10.6 
   330  27.6  10.2 
   331  27.2  11.1 
   332  26.6   9.1 
   333  25.4  10.9 
   334  24.9   9.3 
   335  25.1   7.6 
   336  25.4   4.7 
   337  25.7   5.4 
   338  25.2   6.4 
   339  26.1   7.3 
   340  26.2   8.5 
   341  28.0   9.6 
   342  27.5   9.3 
   343  29.0  10.7 
   344  28.2  10.2 
   345  27.6   8.1 
   346  26.5   7.7 
   347  27.3   8.4 
   348  27.8   8.4 
   349  27.5   9.2 
   350  27.5   8.3 
   351  27.3   8.2 
   352  26.9   7.8 
   353  25.4   8.7 
   354  25.6   9.7 
   355  24.8   9.6 
   356  21.0  13.3 
   357  23.9  13.3 
   358  22.5  11.0 
   359  20.6  14.4 
   360  21.2  10.6 
   361  18.0  11.2 
   362  19.2   6.6 
   363  18.5   4.7 
   364  19.7   4.3 
   365  21.1   5.2 
