2002          Temperature for SIMARA AIRPORT          
        Tmax  Tmin
     1  24.3   4.8 
     2  19.6   4.6 
     3  22.2   4.0 
     4  25.2   5.6 
     5  25.2   5.6 
     6  25.3   6.6 
     7  25.5   7.0 
     8  25.2   8.0 
     9  25.0   8.5 
    10  25.3   7.0 
    11  22.2   5.9 
    12  23.4   6.5 
    13  24.4   7.5 
    14  25.2   8.4 
    15  25.3   9.2 
    16  22.3  14.4 
    17  23.4  10.4 
    18  19.4  12.8 
    19  23.3  13.4 
    20  17.6  14.6 
    21  19.8  11.4 
    22  23.5   8.6 
    23  23.2   7.5 
    24  20.0   6.0 
    25  19.7   5.5 
    26  21.6   7.0 
    27  21.6  10.0 
    28  16.0  13.5 
    29  20.8  13.5 
    30  21.8   8.2 
    31  23.4   7.0 
    32  22.6   6.4 
    33  23.0   7.0 
    34  21.8   7.0 
    35  22.4   7.2 
    36  24.3   8.2 
    37  23.8  10.2 
    38  24.5  12.4 
    39  22.8  14.0 
    40  27.0  10.8 
    41  28.6  10.5 
    42  26.0  11.5 
    43  26.0  13.8 
    44  22.8  11.2 
    45  21.0  13.2 
    46  26.0   9.0 
    47  27.4  10.4 
    48  28.8  10.6 
    49  26.4  12.4 
    50  27.4  11.4 
    51  27.4  12.0 
    52  28.0  11.2 
    53  27.2   9.1 
    54  28.0  12.2 
    55  30.0  12.7 
    56  24.2  14.6 
    57  26.2  12.6 
    58  24.8  10.0 
    59  26.4  11.0 
    60  26.7  11.5 
    61  27.0  14.5 
    62  29.4  17.0 
    63  26.4  11.5 
    64  27.2  11.2 
    65  27.3  10.5 
    66  27.4  12.0 
    67  28.8  12.5 
    68  31.6  14.5 
    69  31.2  13.2 
    70  31.0  13.0 
    71  28.6  15.0 
    72  29.6  15.0 
    73  31.5  13.5 
    74  30.0  12.6 
    75  29.7  11.8 
    76  31.2  14.0 
    77  31.3  16.5 
    78  33.4  16.0 
    79  33.3  16.0 
    80  33.4  17.2 
    81  33.4  18.0 
    82  32.8  15.6 
    83  33.2  16.4 
    84  32.0  18.4 
    85  33.0  18.5 
    86  32.8  16.0 
    87  33.6  18.0 
    88  33.8  16.0 
    89  30.2  16.8 
    90  31.2  19.6 
    91  33.4  20.6 
    92  29.6  20.0 
    93  29.2  16.5 
    94  30.0  17.0 
    95  32.0  20.0 
    96  33.2  21.4 
    97  34.0  23.5 
    98  34.5  24.5 
    99  33.0  20.5 
   100  34.7  16.6 
   101  34.8  14.6 
   102  30.7  16.5 
   103  33.2  17.2 
   104  33.6  19.0 
   105  31.4  22.8 
   106  35.0  23.5 
   107  35.6  24.9 
   108  36.9  23.4 
   109  38.0  20.0 
   110  36.8  22.5 
   111  35.6  24.8 
   112  32.4  19.5 
   113  32.2  20.5 
   114  32.5  22.0 
   115  34.3  22.0 
   116  30.6  22.4 
   117  31.6  18.0 
   118  33.6  21.5 
   119  32.5  21.7 
   120  29.3  22.2 
   121  32.0  21.4 
   122  33.0  21.5 
   123  30.8  22.5 
   124  31.4  22.0 
   125  33.8  22.5 
   126  32.5  23.8 
   127  34.5  22.2 
   128  36.0  24.0 
   129  35.6  25.6 
   130  33.0  26.0 
   131  34.5  23.2 
   132  35.0  24.0 
   133  36.2  26.0 
   134  34.0  21.5 
   135  33.5  24.0 
   136  36.0  26.2 
   137  34.0  27.0 
   138  29.5  21.9 
   139  33.2  23.0 
   140  35.0  25.2 
   141  37.0  22.5 
   142  35.8  23.8 
   143  32.8  25.5 
   144  31.4  24.5 
   145  28.8  23.5 
   146  32.2  21.8 
   147  29.8  21.6 
   148  31.8  21.5 
   149  33.9  23.1 
   150  33.0  24.0 
   151  33.0  22.5 
   152  34.5  23.6 
   153  35.2  24.4 
   154  36.9  25.2 
   155  34.4  21.6 
   156  30.9  21.5 
   157  30.3  25.2 
   158  33.4  24.2 
   159  32.2  26.5 
   160  33.4  25.5 
   161  34.5  26.5 
   162  34.6  26.2 
   163  34.4  25.5 
   164  34.4  25.5 
   165  35.0  25.5 
   166  32.5  22.5 
   167  34.0  24.6 
   168  34.3  24.0 
   169  32.3  25.0 
   170  32.8  26.0 
   171  32.2  25.5 
   172  33.0  22.5 
   173  34.6  26.0 
   174  34.6  26.0 
   175  35.0  26.0 
   176  34.0  27.5 
   177  33.0  26.0 
   178  32.4  25.4 
   179  33.8  25.5 
   180  35.2  26.4 
   181  33.4  24.5 
   182  30.5  24.4 
   183  30.0  24.5 
   184  33.2  25.0 
   185  29.2  26.0 
   186  28.4  25.0 
   187  31.2  25.6 
   188  34.8  26.0 
   189  34.0  27.5 
   190  31.4  25.7 
   191  31.6  24.5 
   192  30.6  25.0 
   193  34.4  26.0 
   194  35.0  25.6 
   195  32.4  24.5 
   196  32.0  25.0 
   197  35.7  26.0 
   198  34.0  24.5 
   199  33.7  25.0 
   200  33.9  25.8 
   201  32.6  25.4 
   202  27.0  25.0 
   203  26.7  24.0 
   204  31.2  24.5 
   205  32.2  24.5 
   206  32.8  24.0 
   207  31.6  25.6 
   208  31.4  24.0 
   209  29.6  24.5 
   210  32.4  23.5 
   211  31.4  25.8 
   212  32.5  25.2 
   213  33.4  26.0 
   214  33.4  26.0 
   215  33.2  24.2 
   216  32.8  25.6 
   217  34.4  26.0 
   218  34.5  26.4 
   219  35.2  26.2 
   220  33.4  23.7 
   221  35.2  26.5 
   222  32.0  26.0 
   223  32.5  26.0 
   224  30.4  25.5 
   225  31.0  25.0 
   226  32.5  24.8 
   227  33.4  25.8 
   228  33.3  25.0 
   229  32.5  25.5 
   230  32.6  25.6 
   231  31.9  26.2 
   232  27.9  25.0 
   233  25.8  23.3 
   234  31.4  23.2 
   235  33.0  25.0 
   236  32.3  25.2 
   237  33.3  24.5 
   238  33.5  25.0 
   239  34.5  25.5 
   240  34.4  26.6 
   241  34.0  26.5 
   242  33.8  26.0 
   243  34.0  25.8 
   244  33.8  25.5 
   245  33.4  26.0 
   246  33.3  25.5 
   247  31.8  23.8 
   248  33.9  23.4 
   249  33.5  24.6 
   250  33.5  24.5 
   251  35.3  24.5 
   252  36.5  25.0 
   253  33.2  22.5 
   254  32.0  24.5 
   255  31.4  25.5 
   256  33.2  25.0 
   257  32.8  24.0 
   258  33.5  23.2 
   259  32.2  23.5 
   260  31.6  23.4 
   261  28.0  23.0 
   262  34.0  21.6 
   263  34.6  22.8 
   264  32.6  23.4 
   265  28.8  22.6 
   266  32.5  23.5 
   267  28.4  22.4 
   268  29.0  24.0 
   269  23.2  22.0 
   270  30.0  21.3 
   271  31.5  22.5 
   272  33.2  23.6 
   273  33.5  23.4 
   274  33.4  22.5 
   275  32.8  21.5 
   276  32.5  23.0 
   277  32.6  23.0 
   278  32.0  24.0 
   279  33.0  24.0 
   280  33.8  24.0 
   281  33.4  22.6 
   282  32.2  20.5 
   283  32.6  19.6 
   284  32.0  20.0 
   285  32.9  20.8 
   286  32.9  21.5 
   287  32.0  21.2 
   288  32.6  21.2 
   289  32.7  20.0 
   290  26.6  21.2 
   291  29.6  19.0 
   292  30.0  21.5 
   293  30.4  18.2 
   294  30.4  19.0 
   295  30.8  20.2 
   296  30.4  19.8 
   297  31.0  19.0 
   298  30.0  18.0 
   299  30.8  17.5 
   300  30.6  16.5 
   301  30.6  15.5 
   302  30.0  15.4 
   303  29.7  17.5 
   304  28.9  17.0 
   305  29.8  16.8 
   306  29.5  16.5 
   307  29.8  15.8 
   308  29.9  17.2 
   309  30.2  16.8 
   310  29.3  15.0 
   311  29.6  16.6 
   312  29.6  15.5 
   313  29.6  13.4 
   314  30.4  13.6 
   315  30.6  15.0 
   316  29.2  16.2 
   317  26.2  18.2 
   318  26.8  15.2 
   319  26.5  12.5 
   320  29.0  13.8 
   321  29.5  13.2 
   322  28.6  13.2 
   323  28.2  13.4 
   324  27.5  13.2 
   325  26.0  15.0 
   326  27.8  15.0 
   327  28.5  14.5 
   328  28.2  13.2 
   329  28.4  13.5 
   330  28.0  13.6 
   331  28.0  13.5 
   332  29.0  13.4 
   333  29.6  13.5 
   334  28.2  13.4 
   335  27.5  11.5 
   336  27.2  10.6 
   337  26.8  11.6 
   338  27.0  11.2 
   339  26.8  11.0 
   340  27.5  10.2 
   341  26.8  10.0 
   342  26.6   8.8 
   343  26.8   9.4 
   344  26.6   9.6 
   345  27.0  10.2 
   346  27.5  10.5 
   347  27.5  10.0 
   348  26.4   9.5 
   349  26.5   9.6 
   350  27.0  10.0 
   351  25.6  10.0 
   352  22.2  11.5 
   353  23.0  11.0 
   354  22.8  12.0 
   355  18.2  13.5 
   356  21.2  12.5 
   357  22.0   9.0 
   358  19.5  10.0 
   359  22.8  12.0 
   360  23.8   8.5 
   361  16.5   8.8 
   362  16.6   4.8 
   363  12.6   9.4 
   364  17.0   9.0 
   365  16.5   4.2 
