2003          Temperature for SIMARA AIRPORT          
        Tmax  Tmin
     1  22.0  11.2 
     2  21.0   6.0 
     3  24.2   6.0 
     4  22.6   7.0 
     5  14.2  11.5 
     6  16.5  11.0 
     7  15.2   9.0 
     8  15.2   6.0 
     9  13.6   4.4 
    10  15.4   3.4 
    11  17.4   1.6 
    12  11.0   8.4 
    13  11.5   8.6 
    14  10.0   8.0 
    15  15.0   8.0 
    16  10.6   5.2 
    17  12.7   7.4 
    18  19.0   5.8 
    19  17.3   2.8 
    20   9.6   4.8 
    21  12.5   6.6 
    22  17.5   6.8 
    23  13.0   6.0 
    24  11.8   5.2 
    25  21.0   6.6 
    26  21.2   5.0 
    27  22.2   5.5 
    28  23.8   8.6 
    29  19.6  13.5 
    30  21.6  11.2 
    31  20.4   9.5 
    32  22.5  14.0 
    33  20.6  12.0 
    34  23.0   8.5 
    35  18.2  10.5 
    36  23.4  11.5 
    37  23.8   9.6 
    38  24.0   9.3 
    39  25.0   9.0 
    40  26.4  11.2 
    41  26.0  10.5 
    42  26.2  10.0 
    43  25.6   9.5 
    44  23.5   6.2 
    45  22.8   7.2 
    46  23.8   8.5 
    47  24.0  10.5 
    48  25.8  11.6 
    49  26.5  14.4 
    50  19.6  16.0 
    51  23.5  12.5 
    52  23.2   9.0 
    53  24.5   8.5 
    54  26.0  11.0 
    55  26.4  11.4 
    56  26.3  13.0 
    57  26.2  12.7 
    58  26.8  13.5 
    59  26.8  17.5 
    60  28.4  15.0 
    61  29.4  15.5 
    62  32.2  15.0 
    63  25.5  15.5 
    64  20.8   6.4 
    65  23.5   7.8 
    66  25.8   9.8 
    67  25.0   6.6 
    68  26.6   9.2 
    69  28.0  11.2 
    70  29.5  14.2 
    71  26.3  12.5 
    72  24.0  12.2 
    73  26.0  12.0 
    74  26.6  14.2 
    75  27.4  18.6 
    76  29.8  16.5 
    77  29.2  16.0 
    78  27.0  15.2 
    79  28.6  15.5 
    80  28.6  15.5 
    81  28.8  18.0 
    82  30.2  17.3 
    83  31.2  18.4 
    84  31.0  16.2 
    85  31.2  17.0 
    86  30.5  17.5 
    87  31.4  18.8 
    88  31.4  21.0 
    89  32.5  18.2 
    90  31.7  20.5 
    91  31.5  18.5 
    92  30.0  19.5 
    93  31.4  19.0 
    94  33.4  21.5 
    95  31.8  19.0 
    96  34.6  19.0 
    97  35.5  15.2 
    98  35.4  15.2 
    99  35.5  16.0 
   100  34.6  17.5 
   101  34.4  21.0 
   102  34.4  21.0 
   103  34.0  23.0 
   104  33.7  23.0 
   105  33.5  19.0 
   106  33.4  21.8 
   107  34.8  20.4 
   108  36.4  19.6 
   109  35.5  22.3 
   110  35.5  22.3 
   111  34.8  22.4 
   112  34.8  21.5 
   113  33.4  22.5 
   114  33.6  22.9 
   115  35.6  25.0 
   116  36.4  26.0 
   117  33.0  20.5 
   118  34.2  22.5 
   119  32.4  23.6 
   120  33.2  21.0 
   121  33.8  19.2 
   122  30.2  21.0 
   123  33.6  21.8 
   124  33.8  18.5 
   125  35.5  20.5 
   126  36.5  15.6 
   127  35.8  17.5 
   128  36.8  21.6 
   129  33.2  25.2 
   130  31.6  16.8 
   131  32.0  21.6 
   132  33.6  21.5 
   133  35.2  23.0 
   134  36.5  23.2 
   135  34.3  22.0 
   136  33.4  20.0 
   137  35.0  24.0 
   138  33.8  25.0 
   139  32.2  18.6 
   140  34.4  22.4 
   141  31.0  20.0 
   142  29.0  21.0 
   143  32.4  22.6 
   144  33.6  19.2 
   145  33.6  25.5 
   146  34.2  24.2 
   147  35.6  25.0 
   148  35.2  22.0 
   149  35.5  26.0 
   150  35.4  26.9 
   151  35.6  27.2 
   152  36.4  28.4 
   153  37.4  27.4 
   154  36.4  25.5 
   155  32.9  22.0 
   156  35.0  23.5 
   157  31.4  19.4 
   158  30.6  23.5 
   159  31.0  24.5 
   160  33.3  24.2 
   161  32.2  25.5 
   162  32.4  24.5 
   163  33.2  22.2 
   164  35.3  25.8 
   165  31.2  26.5 
   166  32.5  23.4 
   167  30.0  22.0 
   168  33.8  25.2 
   169  34.5  25.6 
   170  34.2  24.6 
   171  33.0  25.2 
   172  34.4  25.0 
   173  33.4  26.0 
   174  31.2  25.0 
   175  29.0  24.0 
   176  33.0  25.5 
   177  33.4  25.7 
   178  30.5  24.8 
   179  29.5  25.0 
   180  29.6  23.5 
   181  32.4  22.6 
   182  30.6  23.2 
   183  33.0  25.6 
   184  34.0  26.2 
   185  26.6  25.0 
   186  32.8  25.0 
   187  34.2  25.0 
   188  35.0  25.5 
   189  30.0  23.5 
   190  26.4  23.6 
   191  30.8  23.6 
   192  33.2  24.4 
   193  31.0  26.5 
   194  33.0  24.2 
   195  32.2  25.3 
   196  33.0  25.6 
   197  34.0  25.6 
   198  33.0  25.0 
   199  33.8  25.4 
   200  31.2  25.0 
   201  29.8  24.4 
   202  33.4  26.0 
   203  34.0  26.2 
   204  35.0  26.2 
   205  36.2  25.0 
   206  34.7  27.0 
   207  35.0  27.5 
   208  33.2  26.5 
   209  35.7  27.0 
   210  32.5  26.7 
   211  31.0  25.5 
   212  31.5  24.2 
   213  32.4  25.0 
   214  30.5  25.6 
   215  33.2  25.8 
   216  34.6  25.0 
   217  35.6  26.2 
   218  35.4  25.0 
   219  35.5  26.6 
   220  34.0  24.0 
   221  33.8  25.0 
   222  32.0  25.0 
   223  33.5  25.4 
   224  33.2  25.6 
   225  33.5  25.6 
   226  34.4  25.0 
   227  33.2  26.6 
   228  33.2  26.0 
   229  32.6  26.7 
   230  26.2  24.9 
   231  28.5  24.2 
   232  30.5  23.5 
   233  33.2  25.0 
   234  35.0  25.5 
   235  33.2  26.5 
   236  33.5  25.5 
   237  33.4  26.0 
   238  35.0  25.0 
   239  35.2  25.5 
   240  33.6  24.2 
   241  32.4  25.6 
   242  33.2  25.5 
   243  33.4  26.2 
   244  33.0  26.0 
   245  32.6  25.6 
   246  32.8  25.5 
   247  32.6  25.6 
   248  32.6  25.2 
   249  32.6  24.2 
   250  33.6  24.4 
   251  32.6  25.4 
   252  33.2  25.5 
   253  34.0  26.0 
   254  34.7  25.6 
   255  33.6  25.0 
   256  33.0  25.5 
   257  33.7  25.6 
   258  30.6  25.5 
   259  34.0  24.6 
   260  34.5  25.2 
   261  32.2  25.2 
   262  34.6  25.3 
   263  32.6  24.8 
   264  33.2  25.5 
   265  28.2  22.0 
   266  31.0  23.2 
   267  26.5  23.0 
   268  31.2  22.8 
   269  33.0  23.6 
   270  33.4  24.0 
   271  32.6  22.0 
   272  31.6  23.2 
   273  28.5  22.6 
   274  31.6  21.8 
   275  32.6  22.4 
   276  32.6  22.5 
   277  33.2  21.3 
   278  33.4  20.2 
   279  33.0  22.0 
   280  31.6  22.5 
   281  27.5  21.7 
   282  27.0  21.5 
   283  30.4  22.4 
   284  31.4  22.4 
   285  31.8  20.6 
   286  32.0  20.7 
   287  31.8  19.2 
   288  32.5  20.0 
   289  32.5  21.4 
   290  32.7  21.0 
   291  32.6  20.2 
   292  32.2  19.2 
   293  31.7  16.6 
   294  31.0  16.6 
   295  31.7  15.6 
   296  30.5  17.4 
   297  26.4  20.5 
   298  22.7  20.6 
   299  28.0  21.0 
   300  28.0  21.0 
   301  31.2  20.2 
   302  31.8  18.2 
   303  31.6  17.6 
   304  31.0  17.0 
   305  31.0  16.0 
   306  30.5  17.0 
   307  29.6  16.5 
   308  29.5  17.0 
   309  29.2  16.5 
   310  29.5  16.5 
   311  30.6  17.0 
   312  29.0  16.0 
   313  27.5  17.2 
   314  27.0  16.2 
   315  27.2  17.0 
   316  27.0  16.0 
   317  29.6  15.5 
   318  29.0  15.5 
   319  28.8  17.5 
   320  27.8   9.0 
   321  28.4  13.0 
   322  28.0  14.0 
   323  28.2  13.0 
   324  28.2  10.5 
   325  26.0   8.2 
   326  27.2  11.5 
   327  29.0  12.6 
   328  27.7  13.0 
   329  27.2  12.2 
   330  26.7  12.0 
   331  26.8  11.5 
   332  26.2  11.2 
   333  26.0  11.0 
   334  25.5  11.0 
   335  25.6  11.2 
   336  26.0  10.0 
   337  26.0  10.2 
   338  25.6  10.0 
   339  24.4  10.5 
   340  23.6  11.4 
   341  24.2  11.5 
   342  26.2  12.6 
   343  27.0  12.5 
   344  27.0  12.5 
   345  27.6  12.0 
   346  28.0  11.6 
   347  29.6  10.2 
   348  27.5  10.5 
   349  25.7  11.0 
   350  24.2  12.5 
   351  26.5   9.5 
   352  27.5  10.2 
   353  26.6  11.0 
   354  27.4   9.0 
   355  25.2   6.5 
   356  24.0   4.0 
   357  26.0   6.5 
   358  25.2   6.5 
   359  23.0   5.5 
   360  19.2   5.0 
   361  21.0   4.6 
   362  17.2  11.0 
   363  16.0   6.0 
   364  17.6  10.8 
   365  11.8   6.2 
