2012          Temperature for SIMARA AIRPORT          
        Tmax  Tmin
     1  20.2  11.7 
     2  22.5  14.2 
     3  22.5  14.0 
     4  20.4  10.0 
     5  16.8   7.5 
     6  17.6  10.5 
     7  22.8   7.0 
     8  23.0  10.0 
     9  21.0  10.5 
    10  22.0   9.0 
    11  15.5  12.5 
    12  16.5  12.2 
    13  19.5   8.5 
    14  19.4   7.2 
    15  23.0   5.0 
    16  21.5   7.2 
    17  23.2   8.0 
    18  23.5   0.7 
    19  22.5   8.4 
    20  23.0   9.8 
    21  20.2   9.5 
    22  20.5   5.0 
    23  21.5   6.4 
    24  22.5   5.8 
    25  22.6   7.0 
    26  23.5   7.5 
    27  22.2   6.5 
    28  23.7   4.4 
    29  24.0   5.0 
    30  24.2   4.5 
    31  25.2   4.5 
    32  23.0   4.5 
    33  23.0   4.6 
    34  25.2   5.4 
    35  26.0   7.0 
    36  27.0   9.0 
    37  29.5   8.8 
    38  26.0   7.5 
    39  21.5  14.2 
    40  23.5  11.0 
    41  22.0   4.4 
    42  23.5   5.4 
    43  24.2   7.0 
    44  23.5   8.7 
    45  28.0  11.0 
    46  27.0  10.2 
    47  26.5  10.0 
    48  28.5  12.0 
    49  26.6  10.5 
    50  24.6   8.2 
    51  24.5  10.0 
    52  27.0  11.5 
    53  28.0  11.0 
    54  31.0  11.4 
    55  31.0  10.0 
    56  30.5  10.4 
    57  27.6   9.5 
    58  24.3   8.0 
    59  27.0  10.0 
    60  28.0  11.8 
    61  28.0   8.5 
    62  27.5   8.5 
    63  28.0  10.0 
    64  27.7  10.0 
    65  28.6  15.0 
    66  30.0  14.4 
    67  31.4  14.5 
    68  30.5   9.5 
    69  31.5  10.0 
    70  30.0   7.8 
    71  30.5   6.5 
    72  30.0   8.0 
    73  26.2  16.5 
    74  27.5  12.4 
    75  28.2  10.2 
    76  29.5  10.5 
    77  29.7  11.5 
    78  31.7  15.0 
    79  33.0  14.4 
    80  34.0  14.4 
    81  35.0  15.0 
    82  30.7  15.0 
    83  29.5  12.0 
    84  32.0  15.8 
    85  33.0  16.5 
    86  34.7  17.2 
    87  36.2  17.8 
    88  36.5  14.4 
    89  34.6  14.0 
    90  34.2  15.5 
    91  35.2  19.5 
    92  36.2  20.0 
    93  37.7  20.0 
    94  38.0  20.2 
    95  35.0  19.5 
    96  35.5  21.5 
    97  33.5  17.4 
    98  31.6  21.0 
    99  33.5  20.5 
   100  30.3  22.5 
   101  30.0  17.5 
   102  31.6  20.5 
   103  34.6  21.0 
   104  35.5  20.0 
   105  36.6  20.5 
   106  33.0  20.5 
   107  35.5  17.5 
   108  37.2  17.0 
   109  38.0  17.6 
   110  38.5  19.0 
   111  35.5  20.0 
   112  35.2  23.5 
   113  38.4  20.0 
   114  38.5  17.0 
   115  39.5  17.5 
   116  38.0  18.0 
   117  39.0  20.5 
   118  39.2  20.6 
   119  38.5  19.0 
   120  39.0  19.0 
   121  40.0  18.0 
   122  37.7  19.0 
   123  35.6  17.7 
   124  36.0  21.5 
   125  35.0  17.7 
   126  33.5  17.5 
   127  36.5  19.0 
   128  38.0  19.5 
   129  38.5  23.0 
   130  39.5  25.5 
   131  35.0  23.0 
   132  37.0  23.5 
   133  37.4  25.0 
   134  38.4  24.2 
   135  41.0  21.5 
   136  41.5  22.0 
   137  40.0  21.0 
   138  38.0  25.5 
   139  38.0  21.5 
   140  39.6  26.0 
   141  38.5  24.0 
   142  39.6  25.5 
   143  41.0  27.2 
   144  41.5  26.5 
   145  39.5  25.5 
   146  39.0  29.5 
   147  39.0  28.0 
   148  35.0  23.0 
   149  37.2  28.5 
   150  39.0  29.5 
   151  39.0  29.0 
   152  37.5  29.5 
   153  36.0  30.0 
   154  32.8  21.0 
   155  37.0  25.5 
   156  39.0  27.0 
   157  36.5  23.0 
   158  35.0  23.5 
   159  37.8  27.5 
   160  37.8  27.7 
   161  37.8  27.5 
   162  38.8  26.4 
   163  37.6  27.0 
   164  37.6  28.0 
   165  38.6  28.0 
   166  39.0  28.7 
   167  39.2  27.0 
   168  35.5  27.0 
   169  31.5  26.5 
   170  34.6  26.0 
   171  36.0  25.5 
   172  36.7  28.0 
   173  34.3  27.5 
   174  32.5  27.2 
   175  36.6  25.5 
   176  28.5  25.5 
   177  34.0  24.2 
   178  35.2  23.5 
   179  36.5  28.0 
   180  33.0  23.0 
   181  33.0  25.0 
   182  36.0  27.0 
   183  36.0  29.0 
   184  36.5  28.0 
   185  34.0  28.0 
   186  34.5  27.6 
   187  32.5  27.0 
   188  31.5  25.5 
   189  34.0  27.0 
   190  35.5  26.8 
   191  34.5  27.5 
   192  34.0  26.5 
   193  34.2  26.0 
   194  31.6  24.5 
   195  31.5  25.0 
   196  33.0  25.5 
   197  29.6  25.0 
   198  31.2  25.2 
   199  32.6  26.0 
   200  31.0  25.0 
   201  27.0  24.4 
   202  34.0  25.2 
   203  34.5  26.0 
   204  33.5  27.0 
   205  34.2  26.5 
   206  33.0  27.0 
   207  32.6  26.0 
   208  34.5  26.2 
   209  33.6  27.0 
   210  34.2  27.0 
   211  34.0  26.0 
   212  34.4  26.0 
   213  32.5  26.0 
   214  34.0  26.5 
   215  32.0  26.6 
   216  32.5  25.0 
   217  32.5  25.0 
   218  34.2  26.0 
   219  33.5  26.5 
   220  32.6  27.0 
   221  34.2  26.0 
   222  31.4  26.2 
   223  35.0  24.5 
   224  34.0  26.8 
   225  33.5  26.5 
   226  33.5  25.0 
   227  35.5  25.5 
   228  35.0  26.5 
   229  36.0  26.5 
   230  35.2  26.5 
   231  35.4  26.0 
   232  34.5  26.5 
   233  34.0  26.5 
   234  33.0  26.4 
   235  30.7  25.4 
   236  30.0  26.0 
   237  32.5  25.5 
   238  34.0  25.2 
   239  34.8  25.2 
   240  34.0  24.5 
   241  35.0  26.0 
   242  34.2  26.0 
   243  34.5  26.0 
   244  35.0  25.5 
   245  34.5  26.2 
   246  33.4  23.8 
   247  34.5  24.6 
   248  33.8  23.8 
   249  33.2  25.5 
   250  32.2  25.5 
   251  33.5  25.5 
   252  36.0  25.5 
   253  35.6  25.5 
   254  34.0  25.6 
   255  34.2  25.2 
   256  33.2  25.5 
   257  33.0  26.2 
   258  30.0  24.5 
   259  31.0  25.0 
   260  29.4  23.4 
   261  25.2  24.0 
   262  30.0  23.0 
   263  32.6  23.5 
   264  34.0  23.6 
   265  34.5  24.2 
   266  34.2  24.0 
   267  33.2  24.0 
   268  33.0  24.0 
   269  33.3  23.5 
   270  33.8  23.7 
   271  34.3  24.0 
   272  34.5  23.5 
   273  34.7  23.4 
   274  34.5  23.5 
   275  34.8  24.2 
   276  34.5  23.5 
   277  34.0  21.5 
   278  32.8  23.0 
   279  33.8  21.2 
   280  34.0  21.0 
   281  34.5  21.5 
   282  34.3  21.0 
   283  29.5  23.0 
   284  32.0  20.0 
   285  33.0  20.5 
   286  32.5  19.5 
   287  32.6  18.5 
   288  32.3  19.5 
   289  32.0  19.0 
   290  32.0  18.2 
   291  31.8  18.8 
   292  32.0  18.8 
   293  32.3  18.0 
   294  32.0  17.0 
   295  31.6  16.0 
   296  31.5  15.0 
   297  31.6  14.5 
   298  31.6  14.4 
   299  31.5  13.5 
   300  30.6  12.5 
   301  30.6  11.6 
   302  31.2  12.5 
   303  32.0  13.5 
   304  32.8  12.6 
   305  32.0  11.6 
   306  31.5  12.2 
   307  30.7  11.2 
   308  31.0  12.2 
   309  31.5  12.0 
   310  31.3  14.0 
   311  31.5  13.0 
   312  30.0  11.0 
   313  29.0  11.0 
   314  28.5  11.5 
   315  28.6  13.0 
   316  28.6  12.2 
   317  29.5  13.0 
   318  29.7  11.5 
   319  29.5  10.0 
   320  30.0  10.5 
   321  30.7  11.0 
   322  32.5  10.4 
   323  31.2  11.4 
   324  30.2  11.0 
   325  29.5  11.0 
   326  28.8  10.0 
   327  28.0  10.0 
   328  28.5   9.6 
   329  27.2  10.0 
   330  26.0   7.0 
   331  27.5   8.0 
   332  26.5   9.0 
   333  26.6   9.0 
   334  26.7   8.5 
   335  28.2   8.5 
   336  28.4   9.0 
   337  27.5   7.2 
   338  28.2   8.2 
   339  26.5   7.0 
   340  26.0   9.0 
   341  27.0   9.0 
   342  26.8   9.5 
   343  26.0  10.2 
   344  25.5  11.0 
   345  25.8   9.8 
   346  19.5  11.4 
   347  23.5  15.0 
   348  22.4  12.0 
   349  24.6  13.0 
   350  25.0   9.0 
   351  19.5  10.5 
   352  16.5  13.5 
   353  21.5  10.5 
   354  15.2  10.2 
   355  16.5   9.0 
   356  20.0  10.0 
   357  13.6   9.5 
   358  22.5   9.4 
   359  13.5  10.0 
   360  12.5  10.0 
   361  17.5  11.0 
   362  20.5   7.0 
   363  18.5   6.0 
   364  13.8   5.2 
   365  18.2   3.0 
   366  21.0   8.0 
