  1992   1   1     0  15.8   4.8   0.0     0     0
  1992   1   2     0  17.5   4.2   0.0     0     0
  1992   1   3     0  18.0   4.8   0.0     0     0
  1992   1   4     0  19.0   5.3   0.0     0     0
  1992   1   5     0  18.3   7.0   0.0     0     0
  1992   1   6     0  18.5   7.0   0.0     0     0
  1992   1   7     0  18.5   7.5   0.0     0     0
  1992   1   8     0  16.8   6.6   0.0     0     0
  1992   1   9     0  18.3   7.4   0.0     0     0
  1992   1  10     0  19.0   7.5   0.0     0     0
  1992   1  11     0  18.5   6.0   0.0     0     0
  1992   1  12     0  17.5   7.0   0.0     0     0
  1992   1  13     0  18.5   7.0   0.0     0     0
  1992   1  14     0  19.5   8.0   0.0     0     0
  1992   1  15     0  18.5   8.0   0.0     0     0
  1992   1  16     0  18.0   8.0   0.0     0     0
  1992   1  17     0  19.5   7.0   0.0     0     0
  1992   1  18     0  19.5   9.0   0.0     0     0
  1992   1  19     0  17.5   8.2   0.0     0     0
  1992   1  20     0  18.0   7.0   0.0     0     0
  1992   1  21     0  14.0   7.4   0.0     0     0
  1992   1  22     0  15.6   7.0   1.3     0     0
  1992   1  23     0  17.5   6.8   0.0     0     0
  1992   1  24     0  20.0   7.6   0.0     0     0
  1992   1  25     0  20.0   8.4   0.0     0     0
  1992   1  26     0  19.5  10.4   0.0     0     0
  1992   1  27     0  20.0  10.8   0.0     0     0
  1992   1  28     0  20.8  10.8   0.0     0     0
  1992   1  29     0  21.5   9.8   0.0     0     0
  1992   1  30     0  22.5   9.4   0.0     0     0
  1992   1  31     0  21.0  11.0   0.0     0     0
  1992   2   1     0  20.0   8.0   1.8     0     0
  1992   2   2     0  17.0   8.0   0.0     0     0
  1992   2   3     0  18.0   6.3   0.0     0     0
  1992   2   4     0  18.5   6.5   0.0     0     0
  1992   2   5     0  18.0   7.5   0.0     0     0
  1992   2   6     0  20.0   8.0   0.0     0     0
  1992   2   7     0   9.5   8.0   1.3     0     0
  1992   2   8     0  16.3   6.5  14.7     0     0
  1992   2   9     0  18.7   7.0   0.0     0     0
  1992   2  10     0  19.0   7.4   0.0     0     0
  1992   2  11     0  18.5   7.0   0.0     0     0
  1992   2  12     0  15.0   7.0   2.0     0     0
  1992   2  13     0  13.0   8.0   0.0     0     0
  1992   2  14     0  16.0   7.2   0.5     0     0
  1992   2  15     0  16.3   8.4   0.0     0     0
  1992   2  16     0  18.5   8.2   0.0     0     0
  1992   2  17     0  19.0   7.0   0.0     0     0
  1992   2  18     0  19.6   8.2   0.0     0     0
  1992   2  19     0  20.5   9.0   0.0     0     0
  1992   2  20     0  20.8   9.5   0.0     0     0
  1992   2  21     0  21.0   9.6   0.0     0     0
  1992   2  22     0  13.0   8.8   0.0     0     0
  1992   2  23     0  17.0   7.0   9.0     0     0
  1992   2  24     0  20.0   9.5   0.0     0     0
  1992   2  25     0  18.5   9.7   0.0     0     0
  1992   2  26     0  20.3  10.0   0.0     0     0
  1992   2  27     0  22.0  10.5   0.0     0     0
  1992   2  28     0  21.8  11.0   0.0     0     0
  1992   2  29     0  22.0  11.0   0.0     0     0
  1992   3   1     0  23.0  11.0   0.0     0     0
  1992   3   2     0  24.0  11.6   0.0     0     0
  1992   3   3     0  23.7  11.5   0.0     0     0
  1992   3   4     0  24.0  12.6   0.0     0     0
  1992   3   5     0  24.3  12.8   0.0     0     0
  1992   3   6     0  25.5  13.2   0.0     0     0
  1992   3   7     0  24.5  13.3   0.0     0     0
  1992   3   8     0  24.5  12.5   0.0     0     0
  1992   3   9     0  24.0  12.4   0.0     0     0
  1992   3  10     0  23.5  12.4   0.0     0     0
  1992   3  11     0  25.4  11.8   0.0     0     0
  1992   3  12     0  25.8  13.0   0.0     0     0
  1992   3  13     0  26.0  13.2   0.0     0     0
  1992   3  14     0  26.5  13.6   0.0     0     0
  1992   3  15     0  28.5  16.5   0.0     0     0
  1992   3  16     0  27.0  13.0   0.0     0     0
  1992   3  17     0  24.5  12.7   0.0     0     0
  1992   3  18     0  20.5  13.8   0.0     0     0
  1992   3  19     0  26.0  13.2   0.0     0     0
  1992   3  20     0  26.5  14.5   0.0     0     0
  1992   3  21     0  28.0  14.5   0.0     0     0
  1992   3  22     0  29.5  16.4   0.0     0     0
  1992   3  23     0  33.0  16.5   0.0     0     0
  1992   3  24     0  32.8  16.8   0.0     0     0
  1992   3  25     0  31.0  17.5   0.0     0     0
  1992   3  26     0  28.6  16.8   0.0     0     0
  1992   3  27     0  28.5  16.4   0.0     0     0
  1992   3  28     0  29.0  17.0   0.0     0     0
  1992   3  29     0  30.0  18.0   0.0     0     0
  1992   3  30     0  31.0  17.5   0.0     0     0
  1992   3  31     0  28.0  17.2   0.0     0     0
  1992   4   1     0  27.5  15.3   0.0     0     0
  1992   4   2     0  26.5  15.0   0.0     0     0
  1992   4   3     0  26.6  15.0   0.0     0     0
  1992   4   4     0  26.3  16.5   0.0     0     0
  1992   4   5     0  28.0  16.0   0.0     0     0
  1992   4   6     0  27.4  16.2   0.0     0     0
  1992   4   7     0  28.0  14.4  12.5     0     0
  1992   4   8     0  28.0  17.0   0.0     0     0
  1992   4   9     0  28.5  17.5   0.0     0     0
  1992   4  10     0  30.8  18.5   0.0     0     0
  1992   4  11     0  31.8  18.5   0.0     0     0
  1992   4  12     0  33.2  20.5   0.0     0     0
  1992   4  13     0  35.5  20.8   0.0     0     0
  1992   4  14     0  34.0  20.5   0.0     0     0
  1992   4  15     0  33.0  20.5   0.0     0     0
  1992   4  16     0  32.4  19.5   0.0     0     0
  1992   4  17     0  30.5  18.5   0.0     0     0
  1992   4  18     0  29.5  19.0   0.0     0     0
  1992   4  19     0  29.5  16.5   0.0     0     0
  1992   4  20     0  29.5  17.0     T     0     0
  1992   4  21     0  29.6  17.2   2.3     0     0
  1992   4  22     0  30.5  19.0     T     0     0
  1992   4  23     0  31.8  18.5   0.0     0     0
  1992   4  24     0  31.5  19.5   0.0     0     0
  1992   4  25     0  31.5  19.0   0.0     0     0
  1992   4  26     0  30.5  18.3   0.0     0     0
  1992   4  27     0  22.0  14.8   3.0     0     0
  1992   4  28     0  26.0  14.2   7.3     0     0
  1992   4  29     0  29.0  15.0   0.0     0     0
  1992   4  30     0  27.0  13.0   0.0     0     0
  1992   5   1     0  27.5  14.8   0.0     0     0
  1992   5   2     0  25.5  13.0  25.0     0     0
  1992   5   3     0  24.0  12.0   8.5     0     0
  1992   5   4     0  23.0  13.0   0.0     0     0
  1992   5   5     0  27.0  12.0   3.5     0     0
  1992   5   6     0  28.0  14.0   2.7     0     0
  1992   5   7     0  30.0  14.3   0.0     0     0
  1992   5   8     0  30.5  16.0   0.0     0     0
  1992   5   9     0  30.0  15.0   0.0     0     0
  1992   5  10     0  26.0  14.3   2.5     0     0
  1992   5  11     0  28.7  14.0   7.8     0     0
  1992   5  12     0  29.6  15.0   0.0     0     0
  1992   5  13     0  30.0  18.5   0.0     0     0
  1992   5  14     0  27.0  15.0   0.0     0     0
  1992   5  15     0  29.7  13.0  67.5     0     0
  1992   5  16     0  28.0  18.5   0.0     0     0
  1992   5  17     0  29.0  15.0   0.0     0     0
  1992   5  18     0  29.0  18.0   0.0     0     0
  1992   5  19     0  30.0  17.5   0.0     0     0
  1992   5  20     0  29.5  13.7   0.0     0     0
  1992   5  21     0  27.0  13.0   7.2     0     0
  1992   5  22     0  23.0  14.0   2.6     0     0
  1992   5  23     0  29.0  14.0   1.3     0     0
  1992   5  24     0  28.0  15.0   0.0     0     0
  1992   5  25     0  20.5  15.0   0.0     0     0
  1992   5  26     0  25.2  13.5   3.0     0     0
  1992   5  27     0  28.5  15.8   0.0     0     0
  1992   5  28     0  28.8  17.0   0.0     0     0
  1992   5  29     0  28.5  18.5   0.0     0     0
  1992   5  30     0  31.0  19.0   5.2     0     0
  1992   5  31     0  30.5  18.5   0.0     0     0
  1992   6   1     0  32.5  19.6   0.0     0     0
  1992   6   2     0  33.6  18.6   0.0     0     0
  1992   6   3     0  32.5  21.0   0.0     0     0
  1992   6   4     0  32.5  18.6   0.0     0     0
  1992   6   5     0  32.0  19.8   0.0     0     0
  1992   6   6     0  32.5  19.5   3.4     0     0
  1992   6   7     0  31.0  19.5   0.6     0     0
  1992   6   8     0  29.8  18.2   1.8     0     0
  1992   6   9     0  29.0  18.0   0.0     0     0
  1992   6  10     0  27.0  16.4  32.0     0     0
  1992   6  11     0  28.5  16.0  11.8     0     0
  1992   6  12     0  29.8  19.0   0.0     0     0
  1992   6  13     0  28.5  19.0   0.0     0     0
  1992   6  14     0  30.0  19.0   6.1     0     0
  1992   6  15     0  27.5  18.0  43.4     0     0
  1992   6  16     0  30.0  21.0   0.0     0     0
  1992   6  17     0  31.5  21.0   0.0     0     0
  1992   6  18     0  28.0  21.0   4.1     0     0
  1992   6  19     0  30.5  20.5   0.0     0     0
  1992   6  20     0  31.5  20.5   2.3     0     0
  1992   6  21     0  29.5  21.0   0.0     0     0
  1992   6  22     0  30.5  20.2   0.0     0     0
  1992   6  23     0  25.0  20.0  32.4     0     0
  1992   6  24     0  29.0  20.5   1.4     0     0
  1992   6  25     0  26.5  19.0   1.3     0     0
  1992   6  26     0  27.5  20.0   2.4     0     0
  1992   6  27     0  28.3  19.5   0.6     0     0
  1992   6  28     0  29.5  19.7   0.0     0     0
  1992   6  29     0  30.1  20.0   0.0     0     0
  1992   6  30     0  31.0  20.0   0.0     0     0
  1992   7   1     0  30.2  20.5   0.0     0     0
  1992   7   2     0  29.0  19.5   2.7     0     0
  1992   7   3     0  29.0  20.0   4.5     0     0
  1992   7   4     0  28.0  20.0   7.5     0     0
  1992   7   5     0  28.0  20.0   5.0     0     0
  1992   7   6     0  29.0  19.8   2.0     0     0
  1992   7   7     0  29.0  20.0   3.5     0     0
  1992   7   8     0  28.0  20.0   2.0     0     0
  1992   7   9     0  28.5  19.0  20.0     0     0
  1992   7  10     0  25.5  19.5   8.5     0     0
  1992   7  11     0  25.0  19.0  11.5     0     0
  1992   7  12     0  29.0  18.2  16.0     0     0
  1992   7  13     0  26.0  19.0  21.0     0     0
  1992   7  14     0  28.0  19.0  12.0     0     0
  1992   7  15     0  26.0  19.5  26.0     0     0
  1992   7  16     0  25.4  18.8  38.0     0     0
  1992   7  17     0  23.0  19.0   8.0     0     0
  1992   7  18     0  27.0  19.3   9.5     0     0
  1992   7  19     0  27.0  19.5   4.5     0     0
  1992   7  20     0  27.5  19.8   5.0     0     0
  1992   7  21     0  27.0  20.0  18.0     0     0
  1992   7  22     0  27.5  20.0   0.0     0     0
  1992   7  23     0  28.0  20.2   0.0     0     0
  1992   7  24     0  28.5  18.5  31.0     0     0
  1992   7  25     0  29.0  20.0   0.0     0     0
  1992   7  26     0  27.5  20.8   8.0     0     0
  1992   7  27     0  26.0  20.5   2.0     0     0
  1992   7  28     0  28.0  20.5   2.0     0     0
  1992   7  29     0  28.0  20.5   0.0     0     0
  1992   7  30     0  25.0  19.5  10.5     0     0
  1992   7  31     0  25.8  19.0  23.0     0     0
  1992   8   1     0  25.5  18.5   6.5     0     0
  1992   8   2     0  26.5  20.0   2.0     0     0
  1992   8   3     0  28.0  18.0  38.5     0     0
  1992   8   4     0  25.7  19.5  29.0     0     0
  1992   8   5     0  26.5  19.0   9.5     0     0
  1992   8   6     0  28.0  19.2   1.0     0     0
  1992   8   7     0  26.8  19.5   9.0     0     0
  1992   8   8     0  27.5  20.6   0.0     0     0
  1992   8   9     0  29.0  20.0   1.7     0     0
  1992   8  10     0  29.0  19.5   0.6     0     0
  1992   8  11     0  30.5  20.2     T     0     0
  1992   8  12     0  27.0  20.6   3.8     0     0
  1992   8  13     0  30.0  21.0  18.4     0     0
  1992   8  14     0  28.2  19.0  14.6     0     0
  1992   8  15     0  28.0  20.0   7.4     0     0
  1992   8  16     0  29.8  19.8   0.0     0     0
  1992   8  17     0  29.0  20.5   7.7     0     0
  1992   8  18     0  28.5  20.0   0.0     0     0
  1992   8  19     0  29.2  20.3   5.4     0     0
  1992   8  20     0  28.4  20.2  12.2     0     0
  1992   8  21     0  29.0  20.3  21.7     0     0
  1992   8  22     0  26.5  20.2   8.0     0     0
  1992   8  23     0  27.0  19.5   7.8     0     0
  1992   8  24     0  28.0  19.4   3.2     0     0
  1992   8  25     0  26.0  20.0   4.3     0     0
  1992   8  26     0  25.5  19.4   0.0     0     0
  1992   8  27     0  27.0  19.5   4.8     0     0
  1992   8  28     0  26.0  19.8   6.8     0     0
  1992   8  29     0  29.4  20.5   0.0     0     0
  1992   8  30     0  30.2  21.4   0.0     0     0
  1992   8  31     0  27.5  20.0   0.0     0     0
  1992   9   1     0  30.2  21.4   0.0     0     0
  1992   9   2     0  31.5  22.4   0.0     0     0
  1992   9   3     0  29.0  21.6   3.0     0     0
  1992   9   4     0  29.0  22.0   0.0     0     0
  1992   9   5     0  29.5  19.5   0.0     0     0
  1992   9   6     0  29.0  19.5   0.0     0     0
  1992   9   7     0  29.5  20.0  11.0     0     0
  1992   9   8     0  28.0  19.5   6.9     0     0
  1992   9   9     0  28.0  19.8  12.6     0     0
  1992   9  10     0  29.0  19.5   3.0     0     0
  1992   9  11     0  29.5  20.0   0.6     0     0
  1992   9  12     0  25.5  20.0   5.0     0     0
  1992   9  13     0  22.5  19.0   2.4     0     0
  1992   9  14     0  27.3  18.8  11.7     0     0
  1992   9  15     0  26.6  18.6     T     0     0
  1992   9  16     0  27.0  19.0   1.7     0     0
  1992   9  17     0  26.5  17.0  65.4     0     0
  1992   9  18     0  26.3  18.2   0.0     0     0
  1992   9  19     0  27.0  18.2   0.0     0     0
  1992   9  20     0  28.0  18.5   0.0     0     0
  1992   9  21     0  27.8  19.2   0.0     0     0
  1992   9  22     0  28.5  19.5   0.0     0     0
  1992   9  23     0  27.5  18.8   0.0     0     0
  1992   9  24     0  28.6  18.6   0.0     0     0
  1992   9  25     0  28.0  18.0   0.0     0     0
  1992   9  26     0  26.8  18.5   0.0     0     0
  1992   9  27     0  28.5  19.4   0.0     0     0
  1992   9  28     0  24.5  18.4   0.0     0     0
  1992   9  29     0  20.0  16.0  41.3     0     0
  1992   9  30     0  23.5  17.5   0.8     0     0
  1992  10   1     0  25.0  17.7   1.0     0     0
  1992  10   2     0  23.5  18.0   4.1     0     0
  1992  10   3     0  26.0  17.9   0.4     0     0
  1992  10   4     0  26.0  17.8   0.0     0     0
  1992  10   5     0  25.0  16.5   0.0     0     0
  1992  10   6     0  25.3  15.5   0.0     0     0
  1992  10   7     0  25.5  16.5   0.0     0     0
  1992  10   8     0  26.5  17.0   0.0     0     0
  1992  10   9     0  25.0  17.5   0.0     0     0
  1992  10  10     0  26.0  17.0   0.0     0     0
  1992  10  11     0  25.6  18.0   0.0     0     0
  1992  10  12     0  21.5  17.0   6.5     0     0
  1992  10  13     0  23.0  17.0   4.0     0     0
  1992  10  14     0  25.5  17.6   0.3     0     0
  1992  10  15     0  25.0  17.0   0.0     0     0
  1992  10  16     0  20.0  16.0   0.2     0     0
  1992  10  17     0  23.0  16.0   0.0     0     0
  1992  10  18     0  22.3  16.2   0.0     0     0
  1992  10  19     0  25.0  16.0   0.0     0     0
  1992  10  20     0  24.0  14.5  10.3     0     0
  1992  10  21     0  24.2  15.6   5.2     0     0
  1992  10  22     0  24.0  15.0   0.5     0     0
  1992  10  23     0  23.5  14.5   0.0     0     0
  1992  10  24     0  23.5  13.5   0.0     0     0
  1992  10  25     0  22.8  13.8   0.0     0     0
  1992  10  26     0  22.5  13.3   0.0     0     0
  1992  10  27     0  23.0  12.2   0.0     0     0
  1992  10  28     0  23.0  13.8   0.0     0     0
  1992  10  29     0  25.5  15.0   0.0     0     0
  1992  10  30     0  25.7  14.5   0.0     0     0
  1992  10  31     0  25.2  14.8   0.0     0     0
  1992  11   1     0  25.0  15.3   0.0     0     0
  1992  11   2     0  24.7  14.5   0.0     0     0
  1992  11   3     0  25.0  14.0   0.0     0     0
  1992  11   4     0  23.5  13.7   0.0     0     0
  1992  11   5     0  24.5  13.3   0.0     0     0
  1992  11   6     0  22.5  13.0   0.0     0     0
  1992  11   7     0  22.5  12.5   0.0     0     0
  1992  11   8     0  22.6  12.8   0.0     0     0
  1992  11   9     0  24.6  12.5   0.0     0     0
  1992  11  10     0  23.8  13.3   0.0     0     0
  1992  11  11     0  23.0  13.0   5.4     0     0
  1992  11  12     0  22.5  13.0   0.0     0     0
  1992  11  13     0  22.6  13.0   0.0     0     0
  1992  11  14     0  22.3  12.5   0.0     0     0
  1992  11  15     0  23.0  12.4   0.0     0     0
  1992  11  16     0  23.0  12.0   0.0     0     0
  1992  11  17     0  22.3  11.8   0.0     0     0
  1992  11  18     0  22.5  12.0   0.0     0     0
  1992  11  19     0  21.5  11.0   0.0     0     0
  1992  11  20     0  22.0  11.5   0.0     0     0
  1992  11  21     0  21.5  11.8   0.0     0     0
  1992  11  22     0  22.0  12.3   0.0     0     0
  1992  11  23     0  16.8  11.5   0.0     0     0
  1992  11  24     0  19.5   8.8   4.0     0     0
  1992  11  25     0  18.8   9.7   0.0     0     0
  1992  11  26     0  20.0  11.0   0.0     0     0
  1992  11  27     0  19.5  10.0   0.0     0     0
  1992  11  28     0  19.5  10.2   0.0     0     0
  1992  11  29     0  20.6  10.5   0.0     0     0
  1992  11  30     0  20.3  11.0   0.0     0     0
  1992  12   1     0  19.0  10.5   0.0     0     0
  1992  12   2     0  15.6   9.7   0.0     0     0
  1992  12   3     0  17.0   7.5   6.2     0     0
  1992  12   4     0  16.5   8.2   3.5     0     0
  1992  12   5     0  16.0   7.3   0.0     0     0
  1992  12   6     0  17.0   7.5   0.0     0     0
  1992  12   7     0  18.0   8.0   0.0     0     0
  1992  12   8     0  17.5   8.5   0.0     0     0
  1992  12   9     0  18.5   8.5   0.0     0     0
  1992  12  10     0  17.8   8.3   0.0     0     0
  1992  12  11     0  18.5   8.0   0.0     0     0
  1992  12  12     0  19.3   7.5   0.0     0     0
  1992  12  13     0  17.0   8.2   0.0     0     0
  1992  12  14     0  17.0   9.5   0.0     0     0
  1992  12  15     0  16.6   8.0   0.0     0     0
  1992  12  16     0  19.5   8.6   0.0     0     0
  1992  12  17     0  17.8   8.5   0.0     0     0
  1992  12  18     0  17.0   8.3   0.0     0     0
  1992  12  19     0  18.0   7.6   0.0     0     0
  1992  12  20     0  17.5   8.0   0.0     0     0
  1992  12  21     0  18.0   9.2   0.0     0     0
  1992  12  22     0  18.5   8.7   0.0     0     0
  1992  12  23     0  18.0   8.6   0.0     0     0
  1992  12  24     0  18.3   9.0   0.0     0     0
  1992  12  25     0  18.0   9.0   0.0     0     0
  1992  12  26     0  17.5   8.8   0.0     0     0
  1992  12  27     0  17.0   8.5   0.0     0     0
  1992  12  28     0  17.0   9.0   0.0     0     0
  1992  12  29     0  17.5   8.5   0.0     0     0
  1992  12  30     0  19.0   8.8   0.0     0     0
  1992  12  31     0  18.2   9.2   0.0     0     0
