  1978   1   1     0  16.6   2.0   0.0     0     0
  1978   1   2     0  14.6   4.2   0.0     0     0
  1978   1   3     0  14.2   4.4   1.4     0     0
  1978   1   4     0  14.0   4.5   0.0     0     0
  1978   1   5     0  16.7   2.8     T     0     0
  1978   1   6     0  17.0   2.5   0.0     0     0
  1978   1   7     0  17.8   3.7   0.0     0     0
  1978   1   8     0  17.2   2.5   0.8     0     0
  1978   1   9     0  15.0   2.6   0.0     0     0
  1978   1  10     0  16.2  -0.9   0.0     0     0
  1978   1  11     0  18.0  -0.2   0.0     0     0
  1978   1  12     0  16.8   1.7   0.0     0     0
  1978   1  13     0  16.1   2.5   0.0     0     0
  1978   1  14     0  17.0   4.0   0.0     0     0
  1978   1  15     0  18.5   4.0   0.0     0     0
  1978   1  16     0  18.7   4.5   0.0     0     0
  1978   1  17     0  20.1   4.3   0.0     0     0
  1978   1  18     0  18.8   4.0   0.0     0     0
  1978   1  19     0  18.5   3.3   0.0     0     0
  1978   1  20     0  18.0   3.4   0.0     0     0
  1978   1  21     0  13.4   2.2   0.0     0     0
  1978   1  22     0  16.7   5.5  10.8     0     0
  1978   1  23     0  18.3   4.0   0.0     0     0
  1978   1  24     0  19.0   4.4   0.0     0     0
  1978   1  25     0  19.3   4.0   0.0     0     0
  1978   1  26     0  18.5   4.3   0.0     0     0
  1978   1  27     0  19.1   2.5   0.0     0     0
  1978   1  28     0  19.0   3.7   0.0     0     0
  1978   1  29     0  19.5   4.5   0.0     0     0
  1978   1  30     0  20.5   6.0   0.0     0     0
  1978   1  31     0  20.8   5.0     T     0     0
  1978   2   1     0  21.0   4.0   0.0     0     0
  1978   2   2     0  20.1   4.9   0.0     0     0
  1978   2   3     0  19.5   3.5   0.0     0     0
  1978   2   4     0  19.0   2.3   0.0     0     0
  1978   2   5     0  19.0   2.7   0.0     0     0
  1978   2   6     0  20.2   4.0   0.0     0     0
  1978   2   7     0  19.4   5.3   0.0     0     0
  1978   2   8     0  18.0   3.4  10.9     0     0
  1978   2   9     0  18.8   3.5   0.0     0     0
  1978   2  10     0  17.5   3.8   0.0     0     0
  1978   2  11     0  20.7   5.7   0.0     0     0
  1978   2  12     0  20.0   6.7   0.0     0     0
  1978   2  13     0  21.5   6.5   0.0     0     0
  1978   2  14     0  21.9   7.2   3.5     0     0
  1978   2  15     0  20.5   8.7   0.0     0     0
  1978   2  16     0  18.7  10.5   0.0     0     0
  1978   2  17     0  20.4   9.5     T     0     0
  1978   2  18     0  20.5   6.2   2.4     0     0
  1978   2  19     0  18.9   5.7  14.5     0     0
  1978   2  20     0  18.7   4.0   7.5     0     0
  1978   2  21     0  18.7   3.2   0.0     0     0
  1978   2  22     0  19.0   4.2   0.0     0     0
  1978   2  23     0  20.5   6.4   0.0     0     0
  1978   2  24     0  22.1   6.0     T     0     0
  1978   2  25     0  23.5   7.5   0.0     0     0
  1978   2  26     0  25.7   8.2   0.0     0     0
  1978   2  27     0  25.9   9.0   0.0     0     0
  1978   2  28     0  26.6   9.0   0.0     0     0
  1978   3   1     0  26.2  10.0   0.0     0     0
  1978   3   2     0  23.5  10.7   0.0     0     0
  1978   3   3     0  23.2   7.5   0.0     0     0
  1978   3   4     0  25.0   9.5     T     0     0
  1978   3   5     0  25.2  11.0   0.0     0     0
  1978   3   6     0  25.1   9.8   0.0     0     0
  1978   3   7     0  26.5   8.4   0.0     0     0
  1978   3   8     0  25.4   8.0   0.0     0     0
  1978   3   9     0  25.5   9.0   0.0     0     0
  1978   3  10     0  22.1  11.2   0.0     0     0
  1978   3  11     0  16.7  10.6   0.0     0     0
  1978   3  12     0  18.5   5.0  38.9     0     0
  1978   3  13     0  19.2   2.7  46.5     0     0
  1978   3  14     0  22.0   6.5   0.0     0     0
  1978   3  15     0  22.5   8.0   0.0     0     0
  1978   3  16     0  26.0   8.5   0.0     0     0
  1978   3  17     0  25.0  10.2   0.0     0     0
  1978   3  18     0  19.1  10.0  15.5     0     0
  1978   3  19     0  22.7   7.9   3.0     0     0
  1978   3  20     0  24.5   8.4   0.0     0     0
  1978   3  21     0  25.5   8.0   0.0     0     0
  1978   3  22     0  25.0  10.0   0.0     0     0
  1978   3  23     0  25.6   7.8   0.0     0     0
  1978   3  24     0  26.1  10.0   0.0     0     0
  1978   3  25     0  25.5  11.5   0.0     0     0
  1978   3  26     0  27.4  10.5     T     0     0
  1978   3  27     0  26.5  10.5   0.0     0     0
  1978   3  28     0  27.5  11.5   0.0     0     0
  1978   3  29     0  25.0  10.0  12.5     0     0
  1978   3  30     0  20.5   8.7   8.2     0     0
  1978   3  31     0  22.4   5.5   4.0     0     0
  1978   4   1     0  26.0  10.2   0.4     0     0
  1978   4   2     0  27.4  10.7   0.0     0     0
  1978   4   3     0  27.2  11.2   0.0     0     0
  1978   4   4     0  27.0  13.6   0.0     0     0
  1978   4   5     0  28.5  11.5     T     0     0
  1978   4   6     0  28.8  13.5   0.0     0     0
  1978   4   7     0  28.8  12.5   0.0     0     0
  1978   4   8     0  30.2  14.0   0.0     0     0
  1978   4   9     0  30.8  15.4   0.0     0     0
  1978   4  10     0  30.0  16.4   0.0     0     0
  1978   4  11     0  31.0  15.1   0.0     0     0
  1978   4  12     0  29.5  16.1   0.0     0     0
  1978   4  13     0  27.3  13.7   1.4     0     0
  1978   4  14     0  29.0  14.2   0.0     0     0
  1978   4  15     0  28.1  16.3   0.0     0     0
  1978   4  16     0  29.5  12.6  10.3     0     0
  1978   4  17     0  26.3  15.8   0.0     0     0
  1978   4  18     0  25.3  12.5   3.6     0     0
  1978   4  19     0  27.7  13.7   3.7     0     0
  1978   4  20     0  26.8  12.0  26.5     0     0
  1978   4  21     0  27.5  12.7     T     0     0
  1978   4  22     0  28.5  16.5   0.0     0     0
  1978   4  23     0  30.5  14.3   0.0     0     0
  1978   4  24     0  28.3  13.5   1.4     0     0
  1978   4  25     0  25.5  16.0   0.0     0     0
  1978   4  26     0  29.1  12.4   0.0     0     0
  1978   4  27     0  30.5  15.5   0.0     0     0
  1978   4  28     0  30.3  15.1  10.2     0     0
  1978   4  29     0  29.8  13.5   1.2     0     0
  1978   4  30     0  29.4  16.0   0.0     0     0
  1978   5   1     0  28.0  16.6   1.8     0     0
  1978   5   2     0  30.0  17.0   0.0     0     0
  1978   5   3     0  30.7  14.5   0.0     0     0
  1978   5   4     0  29.5  14.3   0.0     0     0
  1978   5   5     0  30.0  15.7   0.0     0     0
  1978   5   6     0  23.5  15.0  27.0     0     0
  1978   5   7     0  29.0  16.0   1.0     0     0
  1978   5   8     0  28.0  15.0   0.8     0     0
  1978   5   9     0  29.0  16.7   2.5     0     0
  1978   5  10     0  28.0  16.7   0.0     0     0
  1978   5  11     0  27.1  16.0   2.0     0     0
  1978   5  12     0  29.0  15.0   1.5     0     0
  1978   5  13     0  28.2  16.2  13.0     0     0
  1978   5  14     0  29.4  16.5   1.0     0     0
  1978   5  15     0  28.5  17.5  11.0     0     0
  1978   5  16     0  29.0  17.5  10.0     0     0
  1978   5  17     0  27.8  18.0   0.0     0     0
  1978   5  18     0  30.0  16.5   3.8     0     0
  1978   5  19     0  31.4  18.5   5.0     0     0
  1978   5  20     0  31.5  17.5   0.4     0     0
  1978   5  21     0  31.0  18.5   1.0     0     0
  1978   5  22     0  28.6  14.5   5.8     0     0
  1978   5  23     0  28.5  15.5   0.0     0     0
  1978   5  24     0  27.0  15.8   0.3     0     0
  1978   5  25     0  25.5  16.5   0.5     0     0
  1978   5  26     0  27.0  17.0   4.0     0     0
  1978   5  27     0  28.7  16.7   1.5     0     0
  1978   5  28     0  29.2  16.0  12.7     0     0
  1978   5  29     0  29.2  15.2   5.0     0     0
  1978   5  30     0  30.7  17.5   2.5     0     0
  1978   5  31     0  29.0  17.7   0.7     0     0
  1978   6   1     0  28.3  16.6   5.5     0     0
  1978   6   2     0  29.0  16.5     T     0     0
  1978   6   3     0  30.0  17.0   0.0     0     0
  1978   6   4     0  30.3  17.8   0.0     0     0
  1978   6   5     0  29.7  19.2   0.0     0     0
  1978   6   6     0  29.2  18.0  38.0     0     0
  1978   6   7     0  29.0  18.5  17.6     0     0
  1978   6   8     0  28.3  18.5   2.0     0     0
  1978   6   9     0  25.8  17.4  30.0     0     0
  1978   6  10     0  27.6  17.0  62.8     0     0
  1978   6  11     0  28.5  17.0  31.0     0     0
  1978   6  12     0  29.7  15.5  41.0     0     0
  1978   6  13     0  29.4  17.6   0.0     0     0
  1978   6  14     0  29.0  16.8  13.0     0     0
  1978   6  15     0  29.5  19.0   0.0     0     0
  1978   6  16     0  28.5  20.0   0.0     0     0
  1978   6  17     0  30.5  20.4   0.0     0     0
  1978   6  18     0  30.5  19.2     T     0     0
  1978   6  19     0  27.6  18.5  36.0     0     0
  1978   6  20     0  29.8  18.5   0.0     0     0
  1978   6  21     0  30.1  18.0  46.7     0     0
  1978   6  22     0  31.0  18.5  67.0     0     0
  1978   6  23     0  31.3  18.0  10.5     0     0
  1978   6  24     0  29.0  19.0   8.2     0     0
  1978   6  25     0  26.7  19.0  19.6     0     0
  1978   6  26     0  27.5  17.8   7.5     0     0
  1978   6  27     0  29.5  18.2  30.7     0     0
  1978   6  28     0  25.5  19.0  13.5     0     0
  1978   6  29     0  29.5  18.0  56.5     0     0
  1978   6  30     0  29.5  18.2  31.5     0     0
  1978   7   1     0  29.3  17.8  24.0     0     0
  1978   7   2     0  27.3  18.0  14.0     0     0
  1978   7   3     0  27.3  17.6  16.5     0     0
  1978   7   4     0  27.7  18.7   1.5     0     0
  1978   7   5     0  28.1  18.0  10.0     0     0
  1978   7   6     0  28.0  16.5  31.0     0     0
  1978   7   7     0  27.0  18.5  17.0     0     0
  1978   7   8     0  27.5  17.8  85.0     0     0
  1978   7   9     0  29.7  17.2  40.5     0     0
  1978   7  10     0  30.7  18.7   0.0     0     0
  1978   7  11     0  29.5  17.5  37.0     0     0
  1978   7  12     0  29.8  18.0  46.5     0     0
  1978   7  13     0  30.5  18.0   1.4     0     0
  1978   7  14     0  30.5  19.2   4.0     0     0
  1978   7  15     0  26.5  18.7   3.1     0     0
  1978   7  16     0  24.4  18.1  39.5     0     0
  1978   7  17     0  26.0  17.8   5.0     0     0
  1978   7  18     0  27.3  17.5  14.0     0     0
  1978   7  19     0  27.0  18.0  16.2     0     0
  1978   7  20     0  27.0  18.2  32.0     0     0
  1978   7  21     0  29.0  19.0   3.6     0     0
  1978   7  22     0  30.0  18.1  29.5     0     0
  1978   7  23     0  30.3  18.1  17.4     0     0
  1978   7  24     0  29.4  18.0  71.0     0     0
  1978   7  25     0  30.2  18.4  12.4     0     0
  1978   7  26     0  30.0  22.0   0.0     0     0
  1978   7  27     0  28.5  21.2  18.8     0     0
  1978   7  28     0  26.8  20.8  35.0     0     0
  1978   7  29     0  29.6  20.2  41.4     0     0
  1978   7  30     0  28.8  20.6   9.1     0     0
  1978   7  31     0  29.5  20.8  22.8     0     0
  1978   8   1     0  27.5  21.1  84.5     0     0
  1978   8   2     0  28.6  20.5  53.0     0     0
  1978   8   3     0  28.5  21.0   5.8     0     0
  1978   8   4     0  28.5  20.4  16.2     0     0
  1978   8   5     0  29.6  20.0  18.0     0     0
  1978   8   6     0  28.5  20.5  18.3     0     0
  1978   8   7     0  29.5  21.0   2.4     0     0
  1978   8   8     0  29.2  21.0  15.5     0     0
  1978   8   9     0  30.2  21.0  44.4     0     0
  1978   8  10     0  29.5  21.2  23.2     0     0
  1978   8  11     0  30.0  20.6  95.0     0     0
  1978   8  12     0  29.5  21.0  25.4     0     0
  1978   8  13     0  31.0  21.0  24.0     0     0
  1978   8  14     0  32.5  21.4   0.0     0     0
  1978   8  15     0  29.0  19.5  36.5     0     0
  1978   8  16     0  31.5  21.5  21.0     0     0
  1978   8  17     0  29.4  21.0  54.0     0     0
  1978   8  18     0  29.1  20.5  46.5     0     0
  1978   8  19     0  29.2  20.2  23.0     0     0
  1978   8  20     0  29.0  20.2   0.6     0     0
  1978   8  21     0  29.0  21.0  32.5     0     0
  1978   8  22     0  28.8  20.8   2.0     0     0
  1978   8  23     0  27.8  19.8  20.0     0     0
  1978   8  24     0  29.3  20.5   1.5     0     0
  1978   8  25     0  28.9  19.6  13.0     0     0
  1978   8  26     0  29.0  21.0  17.4     0     0
  1978   8  27     0  29.8  20.0   0.0     0     0
  1978   8  28     0  30.7  20.0  13.5     0     0
  1978   8  29     0  30.7  21.2   0.0     0     0
  1978   8  30     0  30.5  21.0   0.0     0     0
  1978   8  31     0  30.8  20.2   8.5     0     0
  1978   9   1     0  30.7  19.8   0.0     0     0
  1978   9   2     0  29.5  21.0   0.0     0     0
  1978   9   3     0  30.0  20.8   6.0     0     0
  1978   9   4     0  28.5  20.5  14.2     0     0
  1978   9   5     0  29.0  20.0  24.0     0     0
  1978   9   6     0  28.7  20.0   4.1     0     0
  1978   9   7     0  25.5  20.2  15.0     0     0
  1978   9   8     0  29.2  18.8  13.2     0     0
  1978   9   9     0  25.7  20.4  35.4     0     0
  1978   9  10     0  26.8  20.5  10.6     0     0
  1978   9  11     0  28.5  19.5   6.0     0     0
  1978   9  12     0  27.4  19.8  31.2     0     0
  1978   9  13     0  27.0  19.5  26.6     0     0
  1978   9  14     0  25.0  19.0  22.0     0     0
  1978   9  15     0  27.5  18.9   9.5     0     0
  1978   9  16     0  28.0  20.2  15.0     0     0
  1978   9  17     0  29.0  19.0  40.0     0     0
  1978   9  18     0  30.0  19.0   0.2     0     0
  1978   9  19     0  27.7  17.5  27.2     0     0
  1978   9  20     0  28.2  18.4   0.0     0     0
  1978   9  21     0  29.0  17.8   7.3     0     0
  1978   9  22     0  27.5  19.5   0.0     0     0
  1978   9  23     0  29.0  18.5   4.5     0     0
  1978   9  24     0  29.8  19.0   1.0     0     0
  1978   9  25     0  28.8  20.2     T     0     0
  1978   9  26     0  28.0  19.6   8.8     0     0
  1978   9  27     0  23.5  19.4  68.5     0     0
  1978   9  28     0  28.0  18.0  13.2     0     0
  1978   9  29     0  28.2  19.4   0.4     0     0
  1978   9  30     0  27.0  16.5  12.4     0     0
  1978  10   1     0  28.0  17.0  10.6     0     0
  1978  10   2     0  27.3  15.0   0.0     0     0
  1978  10   3     0  28.3  16.3   0.0     0     0
  1978  10   4     0  28.0  16.8   0.0     0     0
  1978  10   5     0  23.2  19.0   2.5     0     0
  1978  10   6     0  21.5  18.0   5.5     0     0
  1978  10   7     0  27.2  16.0   1.2     0     0
  1978  10   8     0  28.5  18.4   0.0     0     0
  1978  10   9     0  28.4  17.6   0.0     0     0
  1978  10  10     0  28.4  16.8   4.2     0     0
  1978  10  11     0  28.4  16.5   1.5     0     0
  1978  10  12     0  26.4  17.0   0.0     0     0
  1978  10  13     0  27.0  16.2   0.0     0     0
  1978  10  14     0  28.0  14.5   6.0     0     0
  1978  10  15     0  27.0  15.0   0.0     0     0
  1978  10  16     0  27.7  15.7   0.0     0     0
  1978  10  17     0  27.0  15.0   0.0     0     0
  1978  10  18     0  26.0  15.8   0.0     0     0
  1978  10  19     0  24.5  16.5  12.5     0     0
  1978  10  20     0  26.0  15.5     T     0     0
  1978  10  21     0  25.0  15.5   0.0     0     0
  1978  10  22     0  24.5  15.4   1.0     0     0
  1978  10  23     0  25.0  16.2   0.0     0     0
  1978  10  24     0  26.5  15.5   0.0     0     0
  1978  10  25     0  24.5  15.8   1.3     0     0
  1978  10  26     0  26.2  16.0   0.0     0     0
  1978  10  27     0  27.0  14.2   0.0     0     0
  1978  10  28     0  24.5  14.6   0.0     0     0
  1978  10  29     0  24.7  14.8   2.0     0     0
  1978  10  30     0  26.1  13.0   0.0     0     0
  1978  10  31     0  26.8  12.0   0.0     0     0
  1978  11   1     0  26.8  11.0   0.0     0     0
  1978  11   2     0  25.5  11.3   0.0     0     0
  1978  11   3     0  24.9  11.3     T     0     0
  1978  11   4     0  24.7  11.5   0.0     0     0
  1978  11   5     0  24.0  14.5   0.0     0     0
  1978  11   6     0  25.0  13.6   0.0     0     0
  1978  11   7     0  24.2  13.2   0.0     0     0
  1978  11   8     0  24.3  12.8     T     0     0
  1978  11   9     0  24.0  12.6   0.0     0     0
  1978  11  10     0  23.4  15.5   0.0     0     0
  1978  11  11     0  22.8  16.0   0.0     0     0
  1978  11  12     0  21.5  15.0   0.5     0     0
  1978  11  13     0  25.5  14.8   0.5     0     0
  1978  11  14     0  21.7  13.5   0.0     0     0
  1978  11  15     0  22.2  12.5   0.0     0     0
  1978  11  16     0  25.0  11.7   0.0     0     0
  1978  11  17     0  22.8  13.0   0.0     0     0
  1978  11  18     0  22.7  10.7   0.3     0     0
  1978  11  19     0  21.5  13.8   0.6     0     0
  1978  11  20     0  21.5  12.1   3.5     0     0
  1978  11  21     0  21.5  13.0   0.0     0     0
  1978  11  22     0  20.5  12.1   0.0     0     0
  1978  11  23     0  21.5  11.4   2.4     0     0
  1978  11  24     0  22.0  12.0   1.0     0     0
  1978  11  25     0  23.0   9.5   0.0     0     0
  1978  11  26     0  23.0  10.0   0.0     0     0
  1978  11  27     0  21.4   9.5   0.0     0     0
  1978  11  28     0  20.0   9.0   0.0     0     0
  1978  11  29     0  19.4   7.5   0.0     0     0
  1978  11  30     0  18.5  10.0   0.0     0     0
  1978  12   1     0  17.0   8.7   0.0     0     0
  1978  12   2     0  18.0   8.0  12.0     0     0
  1978  12   3     0  19.0   8.0   9.0     0     0
  1978  12   4     0  20.3   6.7     T     0     0
  1978  12   5     0  19.9   6.2   0.0     0     0
  1978  12   6     0  23.5   6.8   0.0     0     0
  1978  12   7     0  23.2   7.3   0.0     0     0
  1978  12   8     0  21.4   7.0   0.0     0     0
  1978  12   9     0  20.8   7.5   0.0     0     0
  1978  12  10     0  23.1   9.0   0.0     0     0
  1978  12  11     0  23.8   7.4   0.0     0     0
  1978  12  12     0  24.0   7.2   0.0     0     0
  1978  12  13     0  24.1   7.3   0.0     0     0
  1978  12  14     0  22.8   7.0   0.0     0     0
  1978  12  15     0  24.1   7.0   0.0     0     0
  1978  12  16     0  22.0   7.5   0.0     0     0
  1978  12  17     0  22.0   6.7   0.0     0     0
  1978  12  18     0  19.5   7.5   0.0     0     0
  1978  12  19     0  19.5   8.0   0.0     0     0
  1978  12  20     0  20.0   7.5   0.0     0     0
  1978  12  21     0  20.4   8.0   0.0     0     0
  1978  12  22     0  21.1   8.5   0.0     0     0
  1978  12  23     0  20.3   7.5   0.0     0     0
  1978  12  24     0  20.2   7.0   0.0     0     0
  1978  12  25     0  20.3   7.5   0.0     0     0
  1978  12  26     0  19.5   8.0   0.0     0     0
  1978  12  27     0  19.0   9.0   0.0     0     0
  1978  12  28     0  20.6   6.5   0.0     0     0
  1978  12  29     0  20.0   6.8   0.0     0     0
  1978  12  30     0  19.7   6.0   0.0     0     0
  1978  12  31     0  20.0   7.0   0.0     0     0
