  1974   1   1     0  18.3   6.3   0.0     0     0
  1974   1   2     0  19.4   6.5   0.0     0     0
  1974   1   3     0  19.7   7.2   0.0     0     0
  1974   1   4     0  20.1   7.9   0.0     0     0
  1974   1   5     0  19.9   6.7   0.0     0     0
  1974   1   6     0  19.9   7.1   0.0     0     0
  1974   1   7     0  19.3   7.2   0.0     0     0
  1974   1   8     0  19.3   7.2   0.0     0     0
  1974   1   9     0  19.1   6.1   0.0     0     0
  1974   1  10     0  18.6   7.9   0.0     0     0
  1974   1  11     0  17.9   9.6   0.0     0     0
  1974   1  12     0  16.6   7.3   0.0     0     0
  1974   1  13     0  17.7   6.4   0.0     0     0
  1974   1  14     0  19.5   6.3   0.0     0     0
  1974   1  15     0  16.9   3.7  19.2     0     0
  1974   1  16     0  14.1   3.2   0.0     0     0
  1974   1  17     0  15.6   4.8   0.0     0     0
  1974   1  18     0  15.6   6.1   0.0     0     0
  1974   1  19     0  16.9   4.9   0.0     0     0
  1974   1  20     0  17.6   5.6   0.0     0     0
  1974   1  21     0  16.9   5.8   0.0     0     0
  1974   1  22     0  19.4   6.9   0.0     0     0
  1974   1  23     0  19.9   6.9   0.0     0     0
  1974   1  24     0  18.7  10.4   0.0     0     0
  1974   1  25     0  17.6   9.6   0.6     0     0
  1974   1  26     0  18.9   8.7   0.0     0     0
  1974   1  27     0  21.1   9.4   0.0     0     0
  1974   1  28     0  19.4   7.7     T     0     0
  1974   1  29     0  19.9   7.4   0.0     0     0
  1974   1  30     0  19.7   6.9   0.0     0     0
  1974   1  31     0  18.9   7.4   0.0     0     0
  1974   2   1     0  18.4   6.3   0.0     0     0
  1974   2   2     0  20.3   7.9   0.0     0     0
  1974   2   3     0  18.4   8.6   0.0     0     0
  1974   2   4     0  18.1   7.9   0.0     0     0
  1974   2   5     0  20.9   6.6   0.0     0     0
  1974   2   6     0  19.9   5.9   0.0     0     0
  1974   2   7     0  19.1   3.9   0.0     0     0
  1974   2   8     0  18.0   4.9   0.0     0     0
  1974   2   9     0  17.5   4.4   0.0     0     0
  1974   2  10     0  17.7   4.9   0.0     0     0
  1974   2  11     0  18.3   6.6   0.0     0     0
  1974   2  12     0  18.1   8.7   0.0     0     0
  1974   2  13     0  13.4   7.9   0.0     0     0
  1974   2  14     0  18.9   7.7   0.0     0     0
  1974   2  15     0  19.9   8.3   0.0     0     0
  1974   2  16     0  20.9   7.9   0.0     0     0
  1974   2  17     0  20.9   8.1   0.0     0     0
  1974   2  18     0  21.7   9.8   0.0     0     0
  1974   2  19     0  22.4   9.9   0.0     0     0
  1974   2  20     0  23.4   8.9   0.0     0     0
  1974   2  21     0  23.3   9.7   0.0     0     0
  1974   2  22     0  23.9  10.4   0.0     0     0
  1974   2  23     0  26.9  11.6   0.0     0     0
  1974   2  24     0  28.2  11.4   0.0     0     0
  1974   2  25     0  27.2  10.3   0.0     0     0
  1974   2  26     0  26.8  13.2   0.0     0     0
  1974   2  27     0  26.2   9.8   0.0     0     0
  1974   2  28     0  26.4   9.9   0.0     0     0
  1974   3   1     0  25.9  10.9   0.0     0     0
  1974   3   2     0  26.4  11.4   0.0     0     0
  1974   3   3     0  24.9  12.4   0.0     0     0
  1974   3   4     0  20.2  12.1   0.0     0     0
  1974   3   5     0  23.6  13.6   0.0     0     0
  1974   3   6     0  24.6  12.4   0.0     0     0
  1974   3   7     0  25.9  13.1   0.0     0     0
  1974   3   8     0  26.7  13.9   0.0     0     0
  1974   3   9     0  27.6  15.3   0.0     0     0
  1974   3  10     0  28.3  15.7   0.0     0     0
  1974   3  11     0  29.7  14.4   0.0     0     0
  1974   3  12     0  27.9  12.9   0.0     0     0
  1974   3  13     0  28.3  11.9   0.0     0     0
  1974   3  14     0  27.5  12.9   0.0     0     0
  1974   3  15     0  28.4  14.9   0.0     0     0
  1974   3  16     0  29.4  14.9   0.0     0     0
  1974   3  17     0  29.9  15.4   0.0     0     0
  1974   3  18     0  30.5  11.2   0.0     0     0
  1974   3  19     0  25.4  12.1   0.0     0     0
  1974   3  20     0  26.4  13.9   0.0     0     0
  1974   3  21     0  28.2  13.2   0.0     0     0
  1974   3  22     0  26.9  15.9   0.0     0     0
  1974   3  23     0  25.9  16.7   0.0     0     0
  1974   3  24     0  25.9  13.4   7.6     0     0
  1974   3  25     0  24.3  12.1   4.6     0     0
  1974   3  26     0  23.2  10.1  11.8     0     0
  1974   3  27     0  22.9  12.3   1.2     0     0
  1974   3  28     0  23.7  13.9     T     0     0
  1974   3  29     0  23.2  13.7   0.0     0     0
  1974   3  30     0  22.9  13.9   2.8     0     0
  1974   3  31     0  23.9  14.2   6.0     0     0
  1974   4   1     0  24.9  14.9   0.0     0     0
  1974   4   2     0  24.7  14.4   1.2     0     0
  1974   4   3     0  25.2  16.3   0.0     0     0
  1974   4   4     0  27.4  14.7   1.0     0     0
  1974   4   5     0  26.9  15.2   0.0     0     0
  1974   4   6     0  27.6  11.4   0.0     0     0
  1974   4   7     0  27.7  16.3   0.0     0     0
  1974   4   8     0  28.6  16.4   0.0     0     0
  1974   4   9     0  29.1  15.9   2.0     0     0
  1974   4  10     0  28.7  13.4   0.4     0     0
  1974   4  11     0  26.7  14.3   3.2     0     0
  1974   4  12     0  26.6  16.4   0.0     0     0
  1974   4  13     0  26.4  15.2   2.8     0     0
  1974   4  14     0  26.1  16.2   6.1     0     0
  1974   4  15     0  26.4  17.3   0.0     0     0
  1974   4  16     0  29.9  19.9   0.0     0     0
  1974   4  17     0  27.4  19.4   0.0     0     0
  1974   4  18     0  28.5  18.3   3.2     0     0
  1974   4  19     0  28.2  18.7  19.2     0     0
  1974   4  20     0  30.4  20.3   0.0     0     0
  1974   4  21     0  31.4  19.9   0.0     0     0
  1974   4  22     0  31.6  19.9   0.0     0     0
  1974   4  23     0  29.9  19.2  46.0     0     0
  1974   4  24     0  31.6  20.5   0.0     0     0
  1974   4  25     0  32.9  20.5   0.0     0     0
  1974   4  26     0  32.6  21.3   0.0     0     0
  1974   4  27     0  33.6  20.4   0.0     0     0
  1974   4  28     0  30.4  15.9   1.0     0     0
  1974   4  29     0  28.9  16.7   9.5     0     0
  1974   4  30     0  28.9  17.3   4.0     0     0
  1974   5   1     0  27.5  19.6   7.4     0     0
  1974   5   2     0  27.9  20.4   0.0     0     0
  1974   5   3     0  32.7  18.4   2.2     0     0
  1974   5   4     0  26.9  18.0   0.4     0     0
  1974   5   5     0  29.4  21.4   0.0     0     0
  1974   5   6     0  29.6  19.4   8.0     0     0
  1974   5   7     0  29.4  19.4   6.4     0     0
  1974   5   8     0  31.0  19.4   0.8     0     0
  1974   5   9     0  31.2  18.9   3.0     0     0
  1974   5  10     0  30.2  18.3   0.0     0     0
  1974   5  11     0  27.6  17.9   2.2     0     0
  1974   5  12     0  27.9  19.9  12.4     0     0
  1974   5  13     0  26.1  16.9  17.2     0     0
  1974   5  14     0  28.2  18.9   4.2     0     0
  1974   5  15     0  26.9  16.9   1.6     0     0
  1974   5  16     0  28.7  16.1   3.8     0     0
  1974   5  17     0  27.9  14.9   2.4     0     0
  1974   5  18     0  28.9  17.7   0.0     0     0
  1974   5  19     0  26.7  14.6   8.8     0     0
  1974   5  20     0  27.6  17.4   1.8     0     0
  1974   5  21     0  27.6  16.9  31.8     0     0
  1974   5  22     0  26.9  16.9   2.8     0     0
  1974   5  23     0  27.9  14.9   0.0     0     0
  1974   5  24     0  28.9  18.4   0.0     0     0
  1974   5  25     0  31.4  20.1   0.0     0     0
  1974   5  26     0  31.9  21.6   0.0     0     0
  1974   5  27     0  31.6  20.7   0.0     0     0
  1974   5  28     0  32.4  20.9   0.0     0     0
  1974   5  29     0  32.4  18.1  28.8     0     0
  1974   5  30     0  30.4  19.1  17.2     0     0
  1974   5  31     0  30.6  19.7   9.2     0     0
  1974   6   1     0  30.9  18.9   8.2     0     0
  1974   6   2     0  29.6  19.9   0.0     0     0
  1974   6   3     0  28.8  18.4  20.4     0     0
  1974   6   4     0  30.4  18.0   8.6     0     0
  1974   6   5     0  30.4  20.4   0.0     0     0
  1974   6   6     0  28.7  18.1  21.2     0     0
  1974   6   7     0  27.7  17.1   9.2     0     0
  1974   6   8     0  25.6  16.1   1.2     0     0
  1974   6   9     0  28.7  19.9   0.0     0     0
  1974   6  10     0  28.7  18.1   0.0     0     0
  1974   6  11     0  30.3  19.9   0.0     0     0
  1974   6  12     0  30.3  21.1   0.0     0     0
  1974   6  13     0  30.9  21.2   0.0     0     0
  1974   6  14     0  32.1  21.4  22.4     0     0
  1974   6  15     0  31.7  20.4  77.6     0     0
  1974   6  16     0  28.7  21.2   0.4     0     0
  1974   6  17     0  31.4  21.6  13.8     0     0
  1974   6  18     0  26.9  20.9  11.0     0     0
  1974   6  19     0  28.9  21.1  11.2     0     0
  1974   6  20     0  27.4  20.7  17.8     0     0
  1974   6  21     0  28.9  20.3  44.4     0     0
  1974   6  22     0  27.6  20.5 150.0     0     0
  1974   6  23     0  27.7  19.1  16.2     0     0
  1974   6  24     0  29.1  19.0  20.4     0     0
  1974   6  25     0  29.6  19.4   0.4     0     0
  1974   6  26     0  29.9  19.9   0.3     0     0
  1974   6  27     0  29.6  21.1   0.3     0     0
  1974   6  28     0  30.3  21.6   0.0     0     0
  1974   6  29     0  28.7  21.2  48.8     0     0
  1974   6  30     0  28.6  20.6  77.6     0     0
  1974   7   1     0  27.7  20.4  32.8     0     0
  1974   7   2     0  26.9  19.9  56.0     0     0
  1974   7   3     0  25.9  19.4  25.0     0     0
  1974   7   4     0  25.9  20.4  31.6     0     0
  1974   7   5     0  29.3  20.3  46.0     0     0
  1974   7   6     0  28.3  20.4  28.4     0     0
  1974   7   7     0  28.6  20.9  20.8     0     0
  1974   7   8     0  29.7  21.1   1.4     0     0
  1974   7   9     0  28.9  21.1   7.8     0     0
  1974   7  10     0  28.9  20.2  77.8     0     0
  1974   7  11     0  28.8  21.6  18.4     0     0
  1974   7  12     0  29.9  20.6  38.6     0     0
  1974   7  13     0  30.4  21.4  76.4     0     0
  1974   7  14     0  28.2  20.2  84.2     0     0
  1974   7  15     0  27.9  21.2  10.0     0     0
  1974   7  16     0  27.9  20.1  45.2     0     0
  1974   7  17     0  27.9  20.3  13.4     0     0
  1974   7  18     0  27.1  20.9  12.8     0     0
  1974   7  19     0  27.6  20.9  31.8     0     0
  1974   7  20     0  27.4  20.9   4.8     0     0
  1974   7  21     0  27.4  21.4  20.8     0     0
  1974   7  22     0  28.5  21.1  68.8     0     0
  1974   7  23     0  25.4  20.3  18.4     0     0
  1974   7  24     0  26.9  20.6  28.8     0     0
  1974   7  25     0  28.6  21.1  13.2     0     0
  1974   7  26     0  28.0  20.4  32.4     0     0
  1974   7  27     0  27.1  20.9   7.2     0     0
  1974   7  28     0  29.9  21.2  10.4     0     0
  1974   7  29     0  26.9  20.4  44.0     0     0
  1974   7  30     0  27.6  20.4  42.6     0     0
  1974   7  31     0  25.9  20.4  81.4     0     0
  1974   8   1     0  25.6  20.3  13.0     0     0
  1974   8   2     0  26.9  19.9  88.4     0     0
  1974   8   3     0  25.9  20.4  22.4     0     0
  1974   8   4     0  26.6  20.4  38.8     0     0
  1974   8   5     0  25.3  19.4 232.4     0     0
  1974   8   6     0  24.4  19.6   9.2     0     0
  1974   8   7     0  23.7  19.9  11.4     0     0
  1974   8   8     0  29.1  20.6  15.4     0     0
  1974   8   9     0  29.2  20.6  48.0     0     0
  1974   8  10     0  29.9  21.2   0.0     0     0
  1974   8  11     0  30.0  20.5  94.2     0     0
  1974   8  12     0  29.0  21.4   2.0     0     0
  1974   8  13     0  30.5  20.4   2.4     0     0
  1974   8  14     0  30.4  20.3  76.4     0     0
  1974   8  15     0  29.9  20.6   6.0     0     0
  1974   8  16     0  30.4  21.0   0.0     0     0
  1974   8  17     0  30.8  20.2  31.4     0     0
  1974   8  18     0  29.9  21.6   0.0     0     0
  1974   8  19     0  30.0  21.3   3.6     0     0
  1974   8  20     0  29.3  20.4  47.8     0     0
  1974   8  21     0  28.7  20.4  34.0     0     0
  1974   8  22     0  26.2  19.9  56.4     0     0
  1974   8  23     0  27.9  20.9   8.7     0     0
  1974   8  24     0  28.7  20.9  44.0     0     0
  1974   8  25     0  29.4  20.9  10.0     0     0
  1974   8  26     0  27.4  19.3  11.6     0     0
  1974   8  27     0  29.4  21.1   4.6     0     0
  1974   8  28     0  25.1  20.2  51.2     0     0
  1974   8  29     0  27.4  20.3  30.6     0     0
  1974   8  30     0  26.5  20.7  13.6     0     0
  1974   8  31     0  26.9  20.5  56.8     0     0
  1974   9   1     0  27.0  20.3   3.6     0     0
  1974   9   2     0  27.0  19.9  26.8     0     0
  1974   9   3     0  22.9  19.4  26.0     0     0
  1974   9   4     0  25.3  19.2  27.2     0     0
  1974   9   5     0  26.5  19.4   3.6     0     0
  1974   9   6     0  28.6  19.9   0.0     0     0
  1974   9   7     0  29.3  21.2   6.4     0     0
  1974   9   8     0  29.2  20.6   4.0     0     0
  1974   9   9     0  30.9  19.6  21.6     0     0
  1974   9  10     0  25.9  19.3  33.7     0     0
  1974   9  11     0  21.9  16.5  50.8     0     0
  1974   9  12     0  20.9  16.4   0.3     0     0
  1974   9  13     0  26.9  17.9   0.0     0     0
  1974   9  14     0  28.4  18.9   0.0     0     0
  1974   9  15     0  27.5  20.4   0.0     0     0
  1974   9  16     0  25.3  19.9   6.0     0     0
  1974   9  17     0  27.4  19.9  41.6     0     0
  1974   9  18     0  21.9  18.0  28.8     0     0
  1974   9  19     0  22.6  17.9   7.2     0     0
  1974   9  20     0  27.0  18.6   0.0     0     0
  1974   9  21     0  27.6  17.7  41.2     0     0
  1974   9  22     0  26.4  17.9  12.8     0     0
  1974   9  23     0  27.6  18.1  14.6     0     0
  1974   9  24     0  27.4  19.0  10.0     0     0
  1974   9  25     0  26.7  18.9   4.2     0     0
  1974   9  26     0  27.6  18.9   0.0     0     0
  1974   9  27     0  28.6  19.4   0.0     0     0
  1974   9  28     0  29.9  18.7   0.0     0     0
  1974   9  29     0  28.4  18.7  18.4     0     0
  1974   9  30     0  28.9  18.4  16.0     0     0
  1974  10   1     0  27.0  17.9  55.4     0     0
  1974  10   2     0  27.9  17.4   0.4     0     0
  1974  10   3     0  27.7  17.4   8.3     0     0
  1974  10   4     0  27.8  18.9   0.0     0     0
  1974  10   5     0  27.8  19.6   0.0     0     0
  1974  10   6     0  28.0  19.4   4.8     0     0
  1974  10   7     0  28.7  19.4  12.9     0     0
  1974  10   8     0  26.9  17.2   9.4     0     0
  1974  10   9     0  27.7  19.1  23.0     0     0
  1974  10  10     0  28.4  17.9   0.0     0     0
  1974  10  11     0  28.4  18.4   0.0     0     0
  1974  10  12     0  28.3  20.5   4.0     0     0
  1974  10  13     0  27.7  18.9   0.6     0     0
  1974  10  14     0  29.1  20.0   9.2     0     0
  1974  10  15     0  29.1  18.6   1.8     0     0
  1974  10  16     0  28.6  18.9   6.6     0     0
  1974  10  17     0  28.2  19.4   1.0     0     0
  1974  10  18     0  27.7  20.5     T     0     0
  1974  10  19     0  28.9  19.8   0.0     0     0
  1974  10  20     0  27.8  19.9   0.0     0     0
  1974  10  21     0  28.3  18.1   0.0     0     0
  1974  10  22     0  28.4  17.9   0.0     0     0
  1974  10  23     0  27.7  15.6   0.0     0     0
  1974  10  24     0  27.0  16.9   3.4     0     0
  1974  10  25     0  20.7  13.3   0.4     0     0
  1974  10  26     0  27.1  12.9   0.0     0     0
  1974  10  27     0  25.4  13.9   0.0     0     0
  1974  10  28     0  26.4  13.9   0.0     0     0
  1974  10  29     0  25.9  12.3   0.0     0     0
  1974  10  30     0  26.9  11.4   0.0     0     0
  1974  10  31     0  26.9  13.4   0.0     0     0
  1974  11   1     0  26.9  12.9   0.0     0     0
  1974  11   2     0  26.2  13.5   0.0     0     0
  1974  11   3     0  25.9  11.9   0.0     0     0
  1974  11   4     0  25.4  11.7   0.0     0     0
  1974  11   5     0  25.9  12.1   0.0     0     0
  1974  11   6     0  24.9  11.7   0.0     0     0
  1974  11   7     0  25.9  11.4   0.0     0     0
  1974  11   8     0  25.1  10.9   0.0     0     0
  1974  11   9     0  25.3  11.1   0.0     0     0
  1974  11  10     0  24.9  10.4   0.0     0     0
  1974  11  11     0  25.1  11.6   0.0     0     0
  1974  11  12     0  25.0  11.9   0.0     0     0
  1974  11  13     0  24.6  10.2   0.0     0     0
  1974  11  14     0  23.4  12.4   0.0     0     0
  1974  11  15     0  23.6  10.0   0.0     0     0
  1974  11  16     0  23.5  10.0   0.0     0     0
  1974  11  17     0  23.6   9.4   0.0     0     0
  1974  11  18     0  24.7  10.6   0.0     0     0
  1974  11  19     0  23.1   9.7   0.0     0     0
  1974  11  20     0  23.0   9.6   0.0     0     0
  1974  11  21     0  23.1   9.9   0.0     0     0
  1974  11  22     0  23.9   9.8   0.0     0     0
  1974  11  23     0  23.8  10.2   0.0     0     0
  1974  11  24     0  24.2   9.9   0.0     0     0
  1974  11  25     0  22.9   8.7   0.0     0     0
  1974  11  26     0  24.4   9.7   0.0     0     0
  1974  11  27     0  22.9  10.4   0.0     0     0
  1974  11  28     0  24.4   9.8   0.0     0     0
  1974  11  29     0  23.4   9.6   0.0     0     0
  1974  11  30     0  23.4   8.6   0.0     0     0
  1974  12   1     0  22.6   8.1   0.0     0     0
  1974  12   2     0  20.4   7.3   0.0     0     0
  1974  12   3     0  20.5   7.2   0.0     0     0
  1974  12   4     0  19.4   5.6   0.0     0     0
  1974  12   5     0  20.2   6.4   0.0     0     0
  1974  12   6     0  19.9   5.4   0.0     0     0
  1974  12   7     0  18.9   4.9   0.0     0     0
  1974  12   8     0  18.8   5.9   0.0     0     0
  1974  12   9     0  14.9   4.7   0.0     0     0
  1974  12  10     0  17.2   5.2   0.0     0     0
  1974  12  11     0  17.8   5.7   0.0     0     0
  1974  12  12     0  16.6   5.4   0.0     0     0
  1974  12  13     0  16.5   4.9   0.0     0     0
  1974  12  14     0  16.9   4.4   0.0     0     0
  1974  12  15     0  17.6   6.3   0.0     0     0
  1974  12  16     0  16.9   5.7  12.0     0     0
  1974  12  17     0  14.9   4.9   0.0     0     0
  1974  12  18     0  15.1   4.5   0.0     0     0
  1974  12  19     0  15.4   2.6   0.0     0     0
  1974  12  20     0  15.7   2.4   0.0     0     0
  1974  12  21     0  16.6   2.1   0.0     0     0
  1974  12  22     0  16.9   3.2   0.0     0     0
  1974  12  23     0  17.9   4.3   0.0     0     0
  1974  12  24     0  17.9   3.7   0.0     0     0
  1974  12  25     0  17.6   4.8   0.0     0     0
  1974  12  26     0  18.5   4.9   0.0     0     0
  1974  12  27     0  18.7   5.9   0.0     0     0
  1974  12  28     0  18.7   5.4   0.0     0     0
  1974  12  29     0  18.7   5.3   0.0     0     0
  1974  12  30     0  20.0   5.4   0.0     0     0
  1974  12  31     0  18.9   4.9   0.0     0     0
