  1986   1   1     0  16.5   2.4   0.0     0     0
  1986   1   2     0  14.5  -0.1   0.0     0     0
  1986   1   3     0  17.5  -0.1   0.0     0     0
  1986   1   4     0  18.0  -0.2   0.0     0     0
  1986   1   5     0  17.1  -0.3   0.0     0     0
  1986   1   6     0  19.3  -0.5   0.0     0     0
  1986   1   7     0  20.8  -1.7   0.0     0     0
  1986   1   8     0  20.0   0.0   0.0     0     0
  1986   1   9     0  19.6  -0.2   0.0     0     0
  1986   1  10     0  19.8   0.0   0.0     0     0
  1986   1  11     0  20.5  -0.5   0.0     0     0
  1986   1  12     0  20.0   0.5   0.0     0     0
  1986   1  13     0  19.8  -0.1   0.0     0     0
  1986   1  14     0  20.0  -0.4   0.0     0     0
  1986   1  15     0  19.9  -9.0   0.0     0     0
  1986   1  16     0  18.8  -4.6   0.0     0     0
  1986   1  17     0  18.3  -9.0   0.0     0     0
  1986   1  18     0  18.8   0.3   0.0     0     0
  1986   1  19     0  18.6  -1.0   0.0     0     0
  1986   1  20     0  19.0  -4.0   0.0     0     0
  1986   1  21     0  20.0  -8.5   0.0     0     0
  1986   1  22     0  20.2  -9.5   0.0     0     0
  1986   1  23     0  20.7  -8.0   0.0     0     0
  1986   1  24     0  20.3  -8.8   0.0     0     0
  1986   1  25     0  20.0   1.7   0.0     0     0
  1986   1  26     0  18.8   0.1   0.0     0     0
  1986   1  27     0  20.6   0.1   0.0     0     0
  1986   1  28     0  19.3  -1.4   0.0     0     0
  1986   1  29     0  20.4   1.8   0.0     0     0
  1986   1  30     0  20.8   0.6   0.0     0     0
  1986   1  31     0  21.4   1.6   0.0     0     0
  1986   2   1     0  21.3   1.4   0.0     0     0
  1986   2   2     0  20.8   1.5   0.0     0     0
  1986   2   3     0  20.0   1.6   0.0     0     0
  1986   2   4     0  21.3   1.5   0.0     0     0
  1986   2   5     0  21.3   2.0     T     0     0
  1986   2   6     0  21.7   1.6     T     0     0
  1986   2   7     0  21.2  -0.1   0.0     0     0
  1986   2   8     0  22.2   1.4   0.0     0     0
  1986   2   9     0  22.2   1.2   0.0     0     0
  1986   2  10     0  14.4   3.6     T     0     0
  1986   2  11     0  19.3   2.2   8.6     0     0
  1986   2  12     0  21.4   1.0   0.0     0     0
  1986   2  13     0  24.5   1.7   0.0     0     0
  1986   2  14     0  14.4   2.5   0.0     0     0
  1986   2  15     0  18.5   1.0  18.5     0     0
  1986   2  16     0  19.6   7.5     T     0     0
  1986   2  17     0  20.3   0.0   0.0     0     0
  1986   2  18     0  20.4   0.0   0.0     0     0
  1986   2  19     0  21.0  -0.2     T     0     0
  1986   2  20     0  21.4   2.0   0.0     0     0
  1986   2  21     0  23.1   2.2   0.0     0     0
  1986   2  22     0  24.4   3.6   0.0     0     0
  1986   2  23     0  24.5   4.4   0.8     0     0
  1986   2  24     0  23.7   1.4   0.0     0     0
  1986   2  25     0  23.7   1.0   0.0     0     0
  1986   2  26     0  23.5   1.5   0.0     0     0
  1986   2  27     0  22.5   1.0   0.0     0     0
  1986   2  28     0  23.5   2.0   0.0     0     0
  1986   3   1     0  23.5   1.5   0.0     0     0
  1986   3   2     0  23.0   0.5     T     0     0
  1986   3   3     0  23.6   2.5   0.0     0     0
  1986   3   4     0  23.4   4.0   0.0     0     0
  1986   3   5     0  18.5   4.0  18.8     0     0
  1986   3   6     0  22.0   3.5   8.7     0     0
  1986   3   7     0  19.5   4.5   0.0     0     0
  1986   3   8     0  22.5   5.0   0.0     0     0
  1986   3   9     0  22.5   5.0     T     0     0
  1986   3  10     0  25.0   5.5   0.0     0     0
  1986   3  11     0  25.0   6.5   0.0     0     0
  1986   3  12     0  27.6   4.5  40.0     0     0
  1986   3  13     0  27.1   3.5   9.0     0     0
  1986   3  14     0  27.5   6.0   0.0     0     0
  1986   3  15     0  27.5   7.5     T     0     0
  1986   3  16     0  28.1   4.5   5.5     0     0
  1986   3  17     0  27.5   3.5   0.0     0     0
  1986   3  18     0  28.0   5.0   0.0     0     0
  1986   3  19     0  27.8   5.5     T     0     0
  1986   3  20     0  29.5   4.5     T     0     0
  1986   3  21     0  27.5   4.0   0.0     0     0
  1986   3  22     0  27.1   5.3   0.0     0     0
  1986   3  23     0  27.5   5.0   4.7     0     0
  1986   3  24     0  29.5   6.5   0.0     0     0
  1986   3  25     0  29.0   7.0   0.0     0     0
  1986   3  26     0  29.5   6.5   0.0     0     0
  1986   3  27     0  29.0   8.5   0.0     0     0
  1986   3  28     0  29.7   7.0   0.0     0     0
  1986   3  29     0  31.5   8.5   0.0     0     0
  1986   3  30     0  33.5   9.0   0.0     0     0
  1986   3  31     0  33.5   9.0   0.0     0     0
  1986   4   1     0  29.7   9.0   0.0     0     0
  1986   4   2     0  33.0   9.5   0.0     0     0
  1986   4   3     0  32.5   7.0   0.0     0     0
  1986   4   4     0  33.3   5.0   3.4     0     0
  1986   4   5     0  24.5   4.0   0.0     0     0
  1986   4   6     0  27.5   5.0   0.0     0     0
  1986   4   7     0  28.0   8.0   0.0     0     0
  1986   4   8     0  31.8  10.7   0.0     0     0
  1986   4   9     0  27.9   8.0   0.0     0     0
  1986   4  10     0  23.0   8.5   1.0     0     0
  1986   4  11     0  27.9   9.9   1.0     0     0
  1986   4  12     0  28.1   8.8   8.6     0     0
  1986   4  13     0  31.2   7.0  98.0     0     0
  1986   4  14     0  29.0   7.3   1.0     0     0
  1986   4  15     0  31.2   7.5  11.5     0     0
  1986   4  16     0  33.5   8.4   1.4     0     0
  1986   4  17     0  30.0   8.8   1.6     0     0
  1986   4  18     0  31.0  15.5   0.0     0     0
  1986   4  19     0  32.5  10.5   0.0     0     0
  1986   4  20     0  30.5  12.0   0.0     0     0
  1986   4  21     0  29.5   9.0   0.0     0     0
  1986   4  22     0  30.5   8.0   5.0     0     0
  1986   4  23     0  26.5   DNA     T     0     0
  1986   4  24     0  29.5   DNA   0.0     0     0
  1986   4  25     0  31.5   DNA   0.0     0     0
  1986   4  26     0  25.5   DNA   9.8     0     0
  1986   4  27     0  27.5   DNA   0.0     0     0
  1986   4  28     0  28.5   DNA     T     0     0
  1986   4  29     0  26.5   DNA   0.0     0     0
  1986   4  30     0  27.5   DNA   0.0     0     0
  1986   5   1     0  30.0   DNA   0.0     0     0
  1986   5   2     0  26.0   DNA   2.0     0     0
  1986   5   3     0  28.5   DNA   1.5     0     0
  1986   5   4     0  28.1   DNA  14.2     0     0
  1986   5   5     0  27.6   DNA   6.2     0     0
  1986   5   6     0  28.5   DNA   0.0     0     0
  1986   5   7     0  28.6   DNA     T     0     0
  1986   5   8     0  28.0   DNA   0.0     0     0
  1986   5   9     0  29.6   DNA   0.0     0     0
  1986   5  10     0  30.0   DNA   0.0     0     0
  1986   5  11     0  29.0   DNA  12.6     0     0
  1986   5  12     0  28.0   DNA  30.8     0     0
  1986   5  13     0  29.0   DNA     T     0     0
  1986   5  14     0  26.5   DNA   2.6     0     0
  1986   5  15     0  28.7   DNA  12.0     0     0
  1986   5  16     0  27.0   DNA  12.0     0     0
  1986   5  17     0  27.5   DNA   0.0     0     0
  1986   5  18     0  24.7   DNA  26.2     0     0
  1986   5  19     0  26.7   DNA   1.2     0     0
  1986   5  20     0  30.0   DNA     T     0     0
  1986   5  21     0  29.5   DNA   0.0     0     0
  1986   5  22     0  30.4   DNA   0.0     0     0
  1986   5  23     0  30.5   DNA     T     0     0
  1986   5  24     0  29.5   DNA   0.0     0     0
  1986   5  25     0  30.2   DNA   0.0     0     0
  1986   5  26     0  31.2   DNA   0.0     0     0
  1986   5  27     0  29.6   DNA   0.0     0     0
  1986   5  28     0  29.6   DNA   0.5     0     0
  1986   5  29     0  30.5   DNA   0.0     0     0
  1986   5  30     0  30.5   DNA   0.0     0     0
  1986   5  31     0  32.5   DNA   0.0     0     0
  1986   6   1     0  31.0   DNA   6.4     0     0
  1986   6   2     0  31.3   DNA   0.0     0     0
  1986   6   3     0  31.9   DNA   0.0     0     0
  1986   6   4     0  30.6   DNA   0.0     0     0
  1986   6   5     0  35.2   DNA   0.0     0     0
  1986   6   6     0  33.2   DNA   0.0     0     0
  1986   6   7     0  33.8   DNA   0.0     0     0
  1986   6   8     0  31.4   DNA   8.8     0     0
  1986   6   9     0  33.7   DNA     T     0     0
  1986   6  10     0  32.4   DNA   1.8     0     0
  1986   6  11     0  25.9   DNA  29.4     0     0
  1986   6  12     0  27.9   DNA   6.0     0     0
  1986   6  13     0  28.4   DNA  11.0     0     0
  1986   6  14     0  30.2   DNA   4.2     0     0
  1986   6  15     0  30.6   DNA   9.0     0     0
  1986   6  16     0  30.5   DNA  57.0     0     0
  1986   6  17     0  29.6   DNA  14.8     0     0
  1986   6  18     0  28.2   DNA  21.0     0     0
  1986   6  19     0  30.2   DNA   1.8     0     0
  1986   6  20     0  29.4   DNA   8.8     0     0
  1986   6  21     0  31.4   DNA   5.2     0     0
  1986   6  22     0  30.6   DNA  63.4     0     0
  1986   6  23     0  29.5   DNA   5.4     0     0
  1986   6  24     0  31.8   DNA  59.0     0     0
  1986   6  25     0  31.2   DNA  49.0     0     0
  1986   6  26     0  29.0   DNA  82.0     0     0
  1986   6  27     0  30.0   DNA 101.0     0     0
  1986   6  28     0  26.4   DNA  90.2     0     0
  1986   6  29     0  26.8   DNA   4.2     0     0
  1986   6  30     0  30.2   DNA   2.2     0     0
  1986   7   1     0  24.6   DNA  65.5     0     0
  1986   7   2     0  32.5   DNA   5.8     0     0
  1986   7   3     0  30.5   DNA   0.0     0     0
  1986   7   4     0  30.5   DNA  20.0     0     0
  1986   7   5     0  30.5   DNA  11.5     0     0
  1986   7   6     0  30.0   DNA  37.0     0     0
  1986   7   7     0  31.0   DNA   2.0     0     0
  1986   7   8     0  29.5   DNA  11.3     0     0
  1986   7   9     0  30.0   DNA   7.4     0     0
  1986   7  10     0  31.0   DNA  28.2     0     0
  1986   7  11     0  30.5   DNA   5.7     0     0
  1986   7  12     0  30.5   DNA   0.4     0     0
  1986   7  13     0  31.0   DNA  14.0     0     0
  1986   7  14     0  29.3   DNA 134.0     0     0
  1986   7  15     0  30.5   DNA  35.5     0     0
  1986   7  16     0  31.0   DNA  26.5     0     0
  1986   7  17     0  29.5   DNA  30.5     0     0
  1986   7  18     0  29.0   DNA   8.0     0     0
  1986   7  19     0  30.0   DNA   8.7     0     0
  1986   7  20     0  30.5   DNA 101.5     0     0
  1986   7  21     0  31.5   DNA  50.5     0     0
  1986   7  22     0  30.0   DNA  25.4     0     0
  1986   7  23     0  30.5   DNA  16.0     0     0
  1986   7  24     0  29.5   DNA  34.0     0     0
  1986   7  25     0  26.0   DNA  37.0     0     0
  1986   7  26     0  26.0   DNA  28.5     0     0
  1986   7  27     0  29.5   DNA  24.0     0     0
  1986   7  28     0  29.5   DNA   1.5     0     0
  1986   7  29     0  27.0   DNA   4.0     0     0
  1986   7  30     0  29.0   DNA  44.5     0     0
  1986   7  31     0  29.0   DNA  41.5     0     0
  1986   8   1     0  27.1   DNA  28.0     0     0
  1986   8   2     0  28.5   DNA   8.5     0     0
  1986   8   3     0  28.7   DNA  26.5     0     0
  1986   8   4     0  30.5   DNA  21.0     0     0
  1986   8   5     0  29.5   DNA   6.5     0     0
  1986   8   6     0  29.5   DNA   0.0     0     0
  1986   8   7     0  31.3   DNA   4.0     0     0
  1986   8   8     0  30.0   DNA  30.0     0     0
  1986   8   9     0  30.7   DNA     T     0     0
  1986   8  10     0  31.0   DNA  49.3     0     0
  1986   8  11     0  31.5   DNA  18.4     0     0
  1986   8  12     0  31.8   DNA  20.0     0     0
  1986   8  13     0  31.0   DNA     T     0     0
  1986   8  14     0  30.0   DNA   0.0     0     0
  1986   8  15     0  30.5   DNA  20.0     0     0
  1986   8  16     0  29.0   DNA  41.4     0     0
  1986   8  17     0  29.0   DNA  27.0     0     0
  1986   8  18     0  30.5   DNA  36.3     0     0
  1986   8  19     0  31.0   DNA  20.0     0     0
  1986   8  20     0  30.4   DNA  69.0     0     0
  1986   8  21     0  29.5   DNA  14.5     0     0
  1986   8  22     0  29.5   DNA  31.0     0     0
  1986   8  23     0  30.0   DNA  40.0     0     0
  1986   8  24     0  29.5   DNA  12.0     0     0
  1986   8  25     0  29.0   DNA  21.8     0     0
  1986   8  26     0  29.5   DNA  13.5     0     0
  1986   8  27     0  29.0   DNA  14.2     0     0
  1986   8  28     0  29.5   DNA   1.8     0     0
  1986   8  29     0  30.0   DNA  12.0     0     0
  1986   8  30     0  29.5   DNA   9.0     0     0
  1986   8  31     0  29.5   DNA   0.0     0     0
  1986   9   1     0  29.0   DNA  47.0     0     0
  1986   9   2     0  28.3   DNA  26.0     0     0
  1986   9   3     0  29.0   DNA  12.4     0     0
  1986   9   4     0  25.4   DNA  30.6     0     0
  1986   9   5     0  29.7   DNA  35.4     0     0
  1986   9   6     0  28.7   DNA  52.2     0     0
  1986   9   7     0  28.2   DNA   0.8     0     0
  1986   9   8     0  30.4   DNA   0.0     0     0
  1986   9   9     0  27.8   DNA  85.3     0     0
  1986   9  10     0  29.2   DNA  16.0     0     0
  1986   9  11     0  27.4   DNA  51.8     0     0
  1986   9  12     0  22.5   DNA  48.0     0     0
  1986   9  13     0  24.1   DNA  48.0     0     0
  1986   9  14     0  20.4   DNA  45.5     0     0
  1986   9  15     0  27.8   DNA  18.4     0     0
  1986   9  16     0  28.0   DNA  18.2     0     0
  1986   9  17     0  28.7   DNA   0.0     0     0
  1986   9  18     0  29.4   DNA   6.0     0     0
  1986   9  19     0  29.0   DNA   0.0     0     0
  1986   9  20     0  29.1   DNA   0.0     0     0
  1986   9  21     0  28.8   DNA  47.8     0     0
  1986   9  22     0  28.8   DNA   0.0     0     0
  1986   9  23     0  27.2   DNA  18.2     0     0
  1986   9  24     0  28.3   DNA   0.0     0     0
  1986   9  25     0  27.4   DNA  17.2     0     0
  1986   9  26     0  27.3   DNA  18.5     0     0
  1986   9  27     0  26.2   DNA  13.7     0     0
  1986   9  28     0  21.0   DNA 281.0     0     0
  1986   9  29     0  26.7   DNA   0.0     0     0
  1986   9  30     0  23.0   DNA  11.8     0     0
  1986  10   1     0  27.7   DNA   5.0     0     0
  1986  10   2     0  28.0   DNA  28.0     0     0
  1986  10   3     0  28.1   DNA   0.0     0     0
  1986  10   4     0  28.2   DNA   0.0     0     0
  1986  10   5     0  26.0   DNA  14.6     0     0
  1986  10   6     0  28.0   DNA     T     0     0
  1986  10   7     0  26.6   DNA   2.0     0     0
  1986  10   8     0  27.7   DNA   0.0     0     0
  1986  10   9     0  26.7   DNA   0.0     0     0
  1986  10  10     0  25.0   DNA   0.0     0     0
  1986  10  11     0  26.0   DNA     T     0     0
  1986  10  12     0  24.0   DNA   7.0     0     0
  1986  10  13     0  24.3   DNA   4.2     0     0
  1986  10  14     0  24.3   DNA   4.6     0     0
  1986  10  15     0  26.1   DNA   0.0     0     0
  1986  10  16     0  26.5   DNA   2.8     0     0
  1986  10  17     0  24.6   DNA   0.0     0     0
  1986  10  18     0  25.2   DNA   0.0     0     0
  1986  10  19     0  25.5   DNA   0.0     0     0
  1986  10  20     0  27.0   DNA   0.0     0     0
  1986  10  21     0  26.4   DNA   0.0     0     0
  1986  10  22     0  26.3   DNA   0.0     0     0
  1986  10  23     0  27.1   DNA   0.0     0     0
  1986  10  24     0  26.0   DNA   0.0     0     0
  1986  10  25     0  25.4   DNA   0.0     0     0
  1986  10  26     0  25.8   DNA   0.0     0     0
  1986  10  27     0  25.5   DNA   0.0     0     0
  1986  10  28     0  25.4   DNA   0.0     0     0
  1986  10  29     0  24.4   DNA   0.8     0     0
  1986  10  30     0  26.0   DNA   0.0     0     0
  1986  10  31     0  25.7   DNA   0.0     0     0
  1986  11   1     0  25.5   DNA   0.0     0     0
  1986  11   2     0  25.3   DNA   0.0     0     0
  1986  11   3     0  25.4   DNA   0.0     0     0
  1986  11   4     0  22.5   DNA   0.0     0     0
  1986  11   5     0  24.8   DNA   0.0     0     0
  1986  11   6     0  24.5   DNA   0.0     0     0
  1986  11   7     0  24.7   DNA   0.0     0     0
  1986  11   8     0  25.0   DNA   0.0     0     0
  1986  11   9     0  24.7   DNA   0.0     0     0
  1986  11  10     0  23.5   DNA   0.0     0     0
  1986  11  11     0  23.0   DNA   0.0     0     0
  1986  11  12     0  22.0   DNA   4.0     0     0
  1986  11  13     0  24.0   DNA   0.0     0     0
  1986  11  14     0  28.0   DNA   0.0     0     0
  1986  11  15     0  24.5   DNA   0.0     0     0
  1986  11  16     0  24.4   DNA   0.0     0     0
  1986  11  17     0  22.0   DNA   0.0     0     0
  1986  11  18     0  24.0   DNA   5.1     0     0
  1986  11  19     0  25.2   DNA   0.0     0     0
  1986  11  20     0  22.6   DNA   0.0     0     0
  1986  11  21     0  23.5   DNA   0.0     0     0
  1986  11  22     0  24.0   DNA   0.0     0     0
  1986  11  23     0  23.0   DNA   0.0     0     0
  1986  11  24     0  22.7   DNA   0.0     0     0
  1986  11  25     0  22.6   DNA   0.0     0     0
  1986  11  26     0  21.0   DNA   0.0     0     0
  1986  11  27     0  22.0   DNA   0.0     0     0
  1986  11  28     0  22.5   DNA   0.0     0     0
  1986  11  29     0  22.0   DNA   0.0     0     0
  1986  11  30     0  23.0   DNA  45.2     0     0
  1986  12   1     0  22.5   DNA   0.0     0     0
  1986  12   2     0  21.5   DNA   0.0     0     0
  1986  12   3     0  24.0   DNA   0.0     0     0
  1986  12   4     0  25.5   DNA   0.0     0     0
  1986  12   5     0  22.5   DNA   0.0     0     0
  1986  12   6     0  21.0   DNA   0.0     0     0
  1986  12   7     0  21.5   DNA   0.0     0     0
  1986  12   8     0  21.5   DNA   0.0     0     0
  1986  12   9     0  23.0   DNA   0.0     0     0
  1986  12  10     0  20.2   DNA   0.0     0     0
  1986  12  11     0  20.5   DNA   0.0     0     0
  1986  12  12     0  21.5   DNA   0.0     0     0
  1986  12  13     0  22.0   DNA     T     0     0
  1986  12  14     0  18.5   DNA  11.0     0     0
  1986  12  15     0  18.0   DNA   0.0     0     0
  1986  12  16     0  19.0   DNA   0.0     0     0
  1986  12  17     0  18.5   DNA   0.0     0     0
  1986  12  18     0  18.4   DNA     T     0     0
  1986  12  19     0  16.2   DNA  32.0     0     0
  1986  12  20     0  18.3   DNA   0.0     0     0
  1986  12  21     0  18.5   DNA   0.0     0     0
  1986  12  22     0  19.0   DNA   0.0     0     0
  1986  12  23     0  18.0   DNA   0.0     0     0
  1986  12  24     0  18.5   DNA   0.0     0     0
  1986  12  25     0  20.0   DNA   0.0     0     0
  1986  12  26     0  19.5   DNA   0.0     0     0
  1986  12  27     0  20.2   DNA   0.0     0     0
  1986  12  28     0  20.0   DNA   0.0     0     0
  1986  12  29     0  20.2   DNA   0.0     0     0
  1986  12  30     0  18.5   DNA   0.0     0     0
  1986  12  31     0  18.5   DNA   0.0     0     0
