  1988   1   1     0  20.2  10.6   0.0     0     0
  1988   1   2     0  21.0   9.0   0.0     0     0
  1988   1   3     0  21.4   9.5   0.0     0     0
  1988   1   4     0  20.2   9.0   0.0     0     0
  1988   1   5     0  17.5  12.0   0.0     0     0
  1988   1   6     0  20.7   9.3   0.0     0     0
  1988   1   7     0  20.3   8.5   0.0     0     0
  1988   1   8     0  20.5   8.5   0.0     0     0
  1988   1   9     0  20.0   8.0   0.0     0     0
  1988   1  10     0  19.8  10.5   0.0     0     0
  1988   1  11     0  18.7   9.0   0.0     0     0
  1988   1  12     0  17.6  12.1   0.0     0     0
  1988   1  13     0  22.2   9.8   0.0     0     0
  1988   1  14     0  21.3   7.5   0.0     0     0
  1988   1  15     0  20.2   7.9   0.0     0     0
  1988   1  16     0  19.4   8.2   0.0     0     0
  1988   1  17     0  19.7   8.2   0.0     0     0
  1988   1  18     0  19.6   8.6   0.0     0     0
  1988   1  19     0  17.7  11.6   0.0     0     0
  1988   1  20     0  19.0  11.2   0.0     0     0
  1988   1  21     0  20.5   9.2   0.0     0     0
  1988   1  22     0  20.5   8.0   0.0     0     0
  1988   1  23     0  20.5   9.5   0.0     0     0
  1988   1  24     0  21.0   7.1   0.0     0     0
  1988   1  25     0  21.0   7.0   0.0     0     0
  1988   1  26     0  20.0   6.0   0.0     0     0
  1988   1  27     0  19.0   6.2   0.0     0     0
  1988   1  28     0  19.0   7.0   0.0     0     0
  1988   1  29     0  19.5   8.0   0.0     0     0
  1988   1  30     0  20.5   8.0   0.0     0     0
  1988   1  31     0  20.0   8.0   0.0     0     0
  1988   2   1     0  20.5   8.0   0.0     0     0
  1988   2   2     0  21.5  11.0   0.0     0     0
  1988   2   3     0  22.0  11.2   0.0     0     0
  1988   2   4     0  23.5   9.5   0.0     0     0
  1988   2   5     0  24.0  10.5   0.0     0     0
  1988   2   6     0  22.2  11.0   0.0     0     0
  1988   2   7     0  22.5  11.0   0.0     0     0
  1988   2   8     0  23.0  12.5   0.0     0     0
  1988   2   9     0  23.0  11.5   0.0     0     0
  1988   2  10     0  24.5  12.0   0.0     0     0
  1988   2  11     0  23.5  11.9   0.0     0     0
  1988   2  12     0  23.7  12.0   0.0     0     0
  1988   2  13     0  23.2  12.5     T     0     0
  1988   2  14     0  23.0   9.0   0.5     0     0
  1988   2  15     0  22.2  10.5   0.0     0     0
  1988   2  16     0  19.3  10.0   4.0     0     0
  1988   2  17     0  21.5  10.0   0.0     0     0
  1988   2  18     0  23.5   8.5   1.5     0     0
  1988   2  19     0  23.0  10.7   0.0     0     0
  1988   2  20     0  20.5  13.0   0.0     0     0
  1988   2  21     0  23.0  13.0   0.0     0     0
  1988   2  22     0  22.6  10.5  13.3     0     0
  1988   2  23     0  21.5  13.0   0.0     0     0
  1988   2  24     0  21.0   9.5   8.5     0     0
  1988   2  25     0  21.0  10.5   0.5     0     0
  1988   2  26     0  21.0  11.0   0.0     0     0
  1988   2  27     0  23.0  13.0   0.0     0     0
  1988   2  28     0  19.0  13.5     T     0     0
  1988   2  29     0  22.5  10.5   9.5     0     0
  1988   3   1     0  23.5  11.5   0.0     0     0
  1988   3   2     0  25.8  10.5   1.3     0     0
  1988   3   3     0  25.0   9.5   0.0     0     0
  1988   3   4     0  24.5  11.5   0.0     0     0
  1988   3   5     0  23.5  15.0   0.0     0     0
  1988   3   6     0  24.5  13.2   0.5     0     0
  1988   3   7     0  25.5  15.0   0.0     0     0
  1988   3   8     0  25.5  14.5   0.0     0     0
  1988   3   9     0  22.1  14.5   7.0     0     0
  1988   3  10     0  23.0  14.0   1.1     0     0
  1988   3  11     0  25.6  14.2   0.0     0     0
  1988   3  12     0  18.5  15.0  20.0     0     0
  1988   3  13     0  21.0  10.5   8.6     0     0
  1988   3  14     0  22.0  12.0   0.0     0     0
  1988   3  15     0  24.5  10.5   0.0     0     0
  1988   3  16     0  24.5  13.2   0.0     0     0
  1988   3  17     0  29.0  15.5   0.0     0     0
  1988   3  18     0  25.5  16.5     T     0     0
  1988   3  19     0  22.0  11.0   4.1     0     0
  1988   3  20     0  22.0   9.5  10.3     0     0
  1988   3  21     0  22.5  12.0   0.0     0     0
  1988   3  22     0  25.0  13.0   0.0     0     0
  1988   3  23     0  26.5  14.5   0.0     0     0
  1988   3  24     0  25.5  14.5   5.3     0     0
  1988   3  25     0  26.5  16.0   0.0     0     0
  1988   3  26     0  30.0  16.5   0.0     0     0
  1988   3  27     0  25.5  15.0   2.5     0     0
  1988   3  28     0  28.5  15.5   6.7     0     0
  1988   3  29     0  28.5  14.5   0.0     0     0
  1988   3  30     0  28.5  15.5   0.0     0     0
  1988   3  31     0  26.5  17.0   0.0     0     0
  1988   4   1     0  29.0  15.7   0.0     0     0
  1988   4   2     0  30.5  17.5   0.0     0     0
  1988   4   3     0  31.6  17.2   0.0     0     0
  1988   4   4     0  31.4  17.0   0.0     0     0
  1988   4   5     0  33.0  19.5   0.0     0     0
  1988   4   6     0  33.5  21.2   0.0     0     0
  1988   4   7     0  34.0  20.7   0.0     0     0
  1988   4   8     0  33.2  21.2   0.0     0     0
  1988   4   9     0  32.2  19.0   0.0     0     0
  1988   4  10     0  32.4  19.5   0.0     0     0
  1988   4  11     0  33.0  20.0   0.0     0     0
  1988   4  12     0  31.2  22.0   0.0     0     0
  1988   4  13     0  31.0  20.4   0.0     0     0
  1988   4  14     0  29.5  15.5     T     0     0
  1988   4  15     0  29.5  15.5  14.6     0     0
  1988   4  16     0  24.5  18.0   0.0     0     0
  1988   4  17     0  31.5  15.8   1.7     0     0
  1988   4  18     0  27.0  15.5   1.2     0     0
  1988   4  19     0  28.7  18.5   0.6     0     0
  1988   4  20     0  28.0  16.7   5.3     0     0
  1988   4  21     0  28.5  16.5   0.0     0     0
  1988   4  22     0  28.5  13.4   3.2     0     0
  1988   4  23     0  26.5  18.0     T     0     0
  1988   4  24     0  27.5  17.0   2.4     0     0
  1988   4  25     0  28.4  17.0   1.2     0     0
  1988   4  26     0  30.5  16.0   4.8     0     0
  1988   4  27     0  30.5  16.0   0.0     0     0
  1988   4  28     0  29.5  19.4   0.0     0     0
  1988   4  29     0  30.0  16.5   5.2     0     0
  1988   4  30     0  30.0  16.5   0.0     0     0
  1988   5   1     0  30.5  22.5     T     0     0
  1988   5   2     0  30.5  19.5   4.1     0     0
  1988   5   3     0  28.0  17.0  12.1     0     0
  1988   5   4     0  29.5  17.0   0.0     0     0
  1988   5   5     0  29.5  18.0   0.0     0     0
  1988   5   6     0  28.5  15.5   0.0     0     0
  1988   5   7     0  29.5  18.0   0.0     0     0
  1988   5   8     0  29.5  20.5     T     0     0
  1988   5   9     0  29.5  18.5   2.6     0     0
  1988   5  10     0  33.0  20.2   0.0     0     0
  1988   5  11     0  33.5  21.5   0.0     0     0
  1988   5  12     0  33.5  19.5   3.5     0     0
  1988   5  13     0  30.5  19.5   0.0     0     0
  1988   5  14     0  30.5  15.5   2.5     0     0
  1988   5  15     0  29.0  17.0   4.6     0     0
  1988   5  16     0  29.5  17.5     T     0     0
  1988   5  17     0  29.5  19.8   0.2     0     0
  1988   5  18     0  27.5  18.0   5.6     0     0
  1988   5  19     0  29.0  17.5   6.3     0     0
  1988   5  20     0  30.4  17.0   9.3     0     0
  1988   5  21     0  30.4  20.4   0.0     0     0
  1988   5  22     0  29.5  20.0   0.0     0     0
  1988   5  23     0  29.5  18.0   6.2     0     0
  1988   5  24     0  30.5  16.5   6.1     0     0
  1988   5  25     0  30.5  20.0   6.0     0     0
  1988   5  26     0  31.5  19.5   0.0     0     0
  1988   5  27     0  32.0  20.0   2.4     0     0
  1988   5  28     0  32.0  20.5  16.2     0     0
  1988   5  29     0  32.0  20.5   4.0     0     0
  1988   5  30     0  30.7  21.2   7.4     0     0
  1988   5  31     0  31.4  22.5   0.0     0     0
  1988   6   1     0  29.5  20.2  25.0     0     0
  1988   6   2     0  30.6  21.0   0.0     0     0
  1988   6   3     0  33.0  19.5   9.5     0     0
  1988   6   4     0  31.5  20.5   2.0     0     0
  1988   6   5     0  29.5  20.6   1.5     0     0
  1988   6   6     0  31.0  20.0   0.0     0     0
  1988   6   7     0  32.5  20.5   0.0     0     0
  1988   6   8     0  31.0  19.0   0.0     0     0
  1988   6   9     0  31.5  21.2   0.0     0     0
  1988   6  10     0  29.0  20.5  42.0     0     0
  1988   6  11     0  32.5  21.5  43.0     0     0
  1988   6  12     0  30.0  21.5  41.5     0     0
  1988   6  13     0  25.5  20.6  37.0     0     0
  1988   6  14     0  28.0  21.1   4.5     0     0
  1988   6  15     0  29.5  20.6   3.5     0     0
  1988   6  16     0  28.0  20.5  30.0     0     0
  1988   6  17     0  29.0  21.2  12.7     0     0
  1988   6  18     0  30.5  21.8  22.0     0     0
  1988   6  19     0  30.5  20.5  60.5     0     0
  1988   6  20     0  30.5  22.0   2.0     0     0
  1988   6  21     0  30.5  21.5  29.0     0     0
  1988   6  22     0  30.0  20.8  87.0     0     0
  1988   6  23     0  31.5  21.5  25.0     0     0
  1988   6  24     0  26.5  21.5  73.0     0     0
  1988   6  25     0  29.5  21.2   3.5     0     0
  1988   6  26     0  31.0  23.2   0.0     0     0
  1988   6  27     0  32.0  21.0   0.0     0     0
  1988   6  28     0  30.0  23.5   8.0     0     0
  1988   6  29     0  30.5  23.8   0.0     0     0
  1988   6  30     0  32.5  20.5  29.0     0     0
  1988   7   1     0  30.5  23.5   0.0     0     0
  1988   7   2     0  28.5  21.5 111.0     0     0
  1988   7   3     0  30.4  22.5   5.5     0     0
  1988   7   4     0  28.4  22.6  31.0     0     0
  1988   7   5     0  27.5  22.3  28.8     0     0
  1988   7   6     0  25.0  21.0  64.5     0     0
  1988   7   7     0  28.3  21.2  13.0     0     0
  1988   7   8     0  28.5  22.0     T     0     0
  1988   7   9     0  29.7  22.0  56.5     0     0
  1988   7  10     0  29.2  22.0  14.8     0     0
  1988   7  11     0  29.3  23.0   4.5     0     0
  1988   7  12     0  28.5  22.0 107.5     0     0
  1988   7  13     0  30.0  22.0  51.1     0     0
  1988   7  14     0  31.2  22.0  26.8     0     0
  1988   7  15     0  29.7  22.5   3.1     0     0
  1988   7  16     0  30.0  22.0  70.6     0     0
  1988   7  17     0  31.2  22.4  28.0     0     0
  1988   7  18     0  30.5  21.5 130.0     0     0
  1988   7  19     0  29.5  22.0  10.0     0     0
  1988   7  20     0  31.2  22.4   4.8     0     0
  1988   7  21     0  28.0  22.5  46.4     0     0
  1988   7  22     0  29.0  22.0   7.7     0     0
  1988   7  23     0  29.2  22.0  35.8     0     0
  1988   7  24     0  31.0  22.7   4.8     0     0
  1988   7  25     0  27.5  22.2   3.0     0     0
  1988   7  26     0  29.7  22.5   6.0     0     0
  1988   7  27     0  30.5  22.0  31.1     0     0
  1988   7  28     0  29.5  21.5  40.7     0     0
  1988   7  29     0  29.0  22.5  52.0     0     0
  1988   7  30     0  28.6  23.0     T     0     0
  1988   7  31     0  27.6  22.7  49.6     0     0
  1988   8   1     0  26.4  21.0  59.6     0     0
  1988   8   2     0  30.4  21.7  25.0     0     0
  1988   8   3     0  32.0  22.0   0.0     0     0
  1988   8   4     0  29.8  23.0  40.3     0     0
  1988   8   5     0  31.0  21.7 107.0     0     0
  1988   8   6     0  29.0  22.5  82.8     0     0
  1988   8   7     0  32.1  21.6  59.1     0     0
  1988   8   8     0  32.2  22.0   1.2     0     0
  1988   8   9     0  30.5  22.0  26.0     0     0
  1988   8  10     0  29.5  22.0  92.3     0     0
  1988   8  11     0  28.5  22.0  52.4     0     0
  1988   8  12     0  29.0  21.8  42.4     0     0
  1988   8  13     0  30.5  22.0  28.0     0     0
  1988   8  14     0  31.0  22.5   1.5     0     0
  1988   8  15     0  25.5  22.5  38.0     0     0
  1988   8  16     0  30.5  21.8  10.0     0     0
  1988   8  17     0  30.5  23.0   2.5     0     0
  1988   8  18     0  29.5  22.0  25.5     0     0
  1988   8  19     0  30.0  21.8  64.5     0     0
  1988   8  20     0  30.0  22.0  58.5     0     0
  1988   8  21     0  29.0  22.0  47.0     0     0
  1988   8  22     0  27.4  22.0  29.0     0     0
  1988   8  23     0  28.5  21.5  92.0     0     0
  1988   8  24     0  29.0  21.5  57.5     0     0
  1988   8  25     0  28.0  21.5   8.0     0     0
  1988   8  26     0  31.0  21.2  40.5     0     0
  1988   8  27     0  28.0  21.0  30.8     0     0
  1988   8  28     0  27.5  21.5  15.5     0     0
  1988   8  29     0  24.5  21.5  15.0     0     0
  1988   8  30     0  28.0  21.0   3.0     0     0
  1988   8  31     0  29.0  21.5   2.5     0     0
  1988   9   1     0  29.5  21.8  51.0     0     0
  1988   9   2     0  29.5  21.0  19.0     0     0
  1988   9   3     0  29.5  21.5  53.0     0     0
  1988   9   4     0  28.0  22.2   1.5     0     0
  1988   9   5     0  29.5  22.0  18.5     0     0
  1988   9   6     0  27.0  22.0   6.0     0     0
  1988   9   7     0  26.0  21.5  35.5     0     0
  1988   9   8     0  29.0  21.0  42.8     0     0
  1988   9   9     0  29.0  20.0  24.0     0     0
  1988   9  10     0  29.0  20.5  12.0     0     0
  1988   9  11     0  29.5  19.5   0.0     0     0
  1988   9  12     0  29.5  20.0   0.0     0     0
  1988   9  13     0  30.0  21.6   2.5     0     0
  1988   9  14     0  30.5  21.0   1.5     0     0
  1988   9  15     0  30.0  20.5   0.0     0     0
  1988   9  16     0  29.0  19.0  15.5     0     0
  1988   9  17     0  25.0  19.5   7.5     0     0
  1988   9  18     0  26.5  20.0   9.9     0     0
  1988   9  19     0  30.5  20.0   1.5     0     0
  1988   9  20     0  30.5  20.6   0.0     0     0
  1988   9  21     0  30.2  20.8   1.0     0     0
  1988   9  22     0  29.5  21.2   0.8     0     0
  1988   9  23     0  30.5  21.5   0.5     0     0
  1988   9  24     0  30.5  20.5  27.0     0     0
  1988   9  25     0  31.0  21.0   0.0     0     0
  1988   9  26     0  29.8  21.5   7.5     0     0
  1988   9  27     0  30.5  22.0   0.0     0     0
  1988   9  28     0  29.5  21.6  20.0     0     0
  1988   9  29     0  30.0  22.0  10.0     0     0
  1988   9  30     0  29.0  19.0  11.5     0     0
  1988  10   1     0  29.5  18.2   0.0     0     0
  1988  10   2     0  29.0  18.5   0.0     0     0
  1988  10   3     0  29.5  19.2   0.0     0     0
  1988  10   4     0  30.0  19.0   2.0     0     0
  1988  10   5     0  23.0  20.8   1.5     0     0
  1988  10   6     0  31.0  17.0   9.0     0     0
  1988  10   7     0  28.3  17.3   0.0     0     0
  1988  10   8     0  28.6  17.8   2.8     0     0
  1988  10   9     0  28.2  15.8   0.0     0     0
  1988  10  10     0  28.8  15.0   0.0     0     0
  1988  10  11     0  28.8  15.9   0.0     0     0
  1988  10  12     0  29.7  16.4   0.0     0     0
  1988  10  13     0  30.3  16.2   0.0     0     0
  1988  10  14     0  28.4  11.6   0.0     0     0
  1988  10  15     0  28.5  15.0   0.0     0     0
  1988  10  16     0  28.3  15.7   0.0     0     0
  1988  10  17     0  28.2   DNA   0.0     0     0
  1988  10  18     0  28.9  18.7   0.0     0     0
  1988  10  19     0  28.8  14.6   0.0     0     0
  1988  10  20     0  28.0  16.0   0.0     0     0
  1988  10  21     0  26.7  15.4   0.0     0     0
  1988  10  22     0  26.8  15.8   0.0     0     0
  1988  10  23     0  27.3  14.5   0.0     0     0
  1988  10  24     0  27.7  18.2   0.0     0     0
  1988  10  25     0  27.5  14.0   0.0     0     0
  1988  10  26     0  28.0  14.5   0.0     0     0
  1988  10  27     0  27.7  14.9   0.0     0     0
  1988  10  28     0  28.0  15.0   0.0     0     0
  1988  10  29     0  27.8  14.5   0.0     0     0
  1988  10  30     0  26.5  13.0   0.0     0     0
  1988  10  31     0  26.8  13.2   0.0     0     0
  1988  11   1     0  27.1  12.9   0.0     0     0
  1988  11   2     0  27.0  13.0   0.0     0     0
  1988  11   3     0  29.0  13.6   0.0     0     0
  1988  11   4     0  26.4  14.0   0.0     0     0
  1988  11   5     0  24.4  13.6   2.4     0     0
  1988  11   6     0  24.4  10.5     T     0     0
  1988  11   7     0  25.7  11.5   0.0     0     0
  1988  11   8     0  26.0  11.5   0.0     0     0
  1988  11   9     0  25.8  11.5   0.0     0     0
  1988  11  10     0  25.8  11.0   0.0     0     0
  1988  11  11     0  25.7  11.6   0.0     0     0
  1988  11  12     0  26.8  11.5   0.0     0     0
  1988  11  13     0  26.0  11.2   0.0     0     0
  1988  11  14     0  25.4  11.5   0.0     0     0
  1988  11  15     0  25.2  11.0   0.0     0     0
  1988  11  16     0  25.4  11.4   0.0     0     0
  1988  11  17     0  24.5  12.5   0.0     0     0
  1988  11  18     0  25.4  12.0   0.0     0     0
  1988  11  19     0  25.5  12.5   0.0     0     0
  1988  11  20     0  25.0  12.0   0.0     0     0
  1988  11  21     0  25.0  11.5   0.0     0     0
  1988  11  22     0  24.5  11.0   0.0     0     0
  1988  11  23     0  24.5  11.2   0.0     0     0
  1988  11  24     0  24.5  12.0   0.0     0     0
  1988  11  25     0  23.5   9.5   0.0     0     0
  1988  11  26     0  23.3  10.5   0.0     0     0
  1988  11  27     0  23.6   9.5   0.0     0     0
  1988  11  28     0  25.5  10.2   0.0     0     0
  1988  11  29     0  22.5  11.5   0.0     0     0
  1988  11  30     0  24.0   6.5   0.0     0     0
  1988  12   1     0  24.0  11.0   0.0     0     0
  1988  12   2     0  23.5  11.0   0.0     0     0
  1988  12   3     0  24.5  10.5   0.0     0     0
  1988  12   4     0  23.5  11.5   0.0     0     0
  1988  12   5     0  23.0  12.5   0.0     0     0
  1988  12   6     0  20.0  14.0   0.0     0     0
  1988  12   7     0  20.5  14.0   0.0     0     0
  1988  12   8     0  20.0  13.0   0.0     0     0
  1988  12   9     0  21.5  10.5   0.0     0     0
  1988  12  10     0  19.5  10.0   0.0     0     0
  1988  12  11     0  22.5  10.0   0.0     0     0
  1988  12  12     0  20.0  11.0   0.0     0     0
  1988  12  13     0  20.0  11.5   0.0     0     0
  1988  12  14     0  20.5  10.5   0.0     0     0
  1988  12  15     0  22.0  11.0   0.0     0     0
  1988  12  16     0  21.5  11.5   5.1     0     0
  1988  12  17     0  18.0  10.0   0.0     0     0
  1988  12  18     0  20.0  11.0   1.5     0     0
  1988  12  19     0  21.0   8.0   0.0     0     0
  1988  12  20     0  21.0   7.8   0.0     0     0
  1988  12  21     0  21.0   8.5   0.0     0     0
  1988  12  22     0  21.0   9.5   0.0     0     0
  1988  12  23     0  22.0  10.0   0.0     0     0
  1988  12  24     0  20.0  11.5   0.0     0     0
  1988  12  25     0  16.5  11.5     T     0     0
  1988  12  26     0  12.5  10.5  61.0     0     0
  1988  12  27     0  17.5   9.5  26.0     0     0
  1988  12  28     0  18.5   7.5   0.0     0     0
  1988  12  29     0  21.5   7.5   0.0     0     0
  1988  12  30     0  20.0   7.2   0.0     0     0
  1988  12  31     0  19.5   8.5   0.0     0     0
