      1    0.0
      2    0.0
      3    0.0
      4    0.0
      5    0.0
      6    0.0
      7    0.0
      8    0.0
      9    0.0
     10    0.0
     11    0.0
     12    0.0
     13    0.0
     14    0.0
     15    0.0
     16    0.0
     17    0.0
     18    0.0
     19    0.0
     20    0.0
     21    0.0
     22    0.4
     23    0.0
     24    0.0
     25    0.0
     26    0.0
     27    0.0
     28    0.0
     29    0.0
     30    0.0
     31    0.0
     32    0.0
     33    0.0
     34    0.0
     35    0.0
     36    0.0
     37    0.0
     38    0.0
     39    0.0
     40    0.0
     41    0.0
     42    0.0
     43    0.0
     44    0.0
     45    0.0
     46    0.0
     47    0.0
     48    0.0
     49    0.0
     50    0.0
     51    0.0
     52    0.0
     53    0.0
     54    0.0
     55    0.4
     56    0.0
     57    0.0
     58    0.0
     59    7.6
     60   12.5
     61    0.0
     62    0.0
     63    0.0
     64   15.8
     65    0.0
     66    0.0
     67    0.0
     68    0.0
     69    0.0
     70    0.0
     71    0.0
     72    0.0
     73    5.2
     74    0.0
     75    0.0
     76    0.0
     77    0.0
     78    0.0
     79    0.0
     80    0.0
     81    0.0
     82    0.7
     83    0.0
     84    0.0
     85    0.0
     86    0.0
     87    5.2
     88    0.0
     89    0.0
     90   23.6
     91    0.0
     92    2.0
     93    0.0
     94    0.0
     95    0.0
     96    2.4
     97    0.0
     98    0.0
     99    0.0
    100    8.4
    101    0.0
    102   10.4
    103    6.8
    104    0.0
    105    0.0
    106    2.6
    107   12.4
    108    2.0
    109   26.8
    110   22.0
    111   10.4
    112   11.2
    113   26.4
    114   14.0
    115    0.0
    116    0.0
    117    0.0
    118    0.0
    119    2.0
    120    0.0
    121   11.0
    122    3.2
    123    2.0
    124    0.0
    125    0.0
    126    6.4
    127    2.4
    128    0.0
    129    0.0
    130    0.0
    131    0.0
    132   20.0
    133   16.0
    134    8.4
    135    6.8
    136    2.4
    137    0.0
    138    1.2
    139    0.0
    140    0.0
    141    0.0
    142    0.0
    143    0.0
    144    0.0
    145    0.0
    146    0.0
    147    2.0
    148    1.2
    149    8.4
    150    0.0
    151    0.0
    152   10.4
    153    2.8
    154   12.0
    155   22.4
    156   29.2
    157   38.8
    158   51.6
    159    4.8
    160   24.4
    161    3.6
    162   38.0
    163   49.6
    164   36.0
    165   49.6
    166   45.6
    167    1.2
    168    2.8
    169    1.6
    170   47.6
    171   52.0
    172   48.4
    173    0.0
    174   21.2
    175   25.6
    176   24.0
    177    3.2
    178    5.2
    179   25.6
    180    7.6
    181    9.2
    182   28.0
    183   18.4
    184   11.2
    185    6.4
    186   11.6
    187   12.0
    188    0.0
    189   15.6
    190   14.4
    191   19.2
    192   22.4
    193   18.4
    194   23.6
    195   38.8
    196    0.0
    197    0.0
    198    4.0
    199    9.2
    200    0.0
    201    2.0
    202   14.0
    203   28.0
    204    6.4
    205   63.2
    206   36.0
    207   32.4
    208   42.0
    209   38.4
    210   26.0
    211   30.4
    212   35.2
    213   40.0
    214   52.4
    215   18.8
    216   24.0
    217   29.2
    218   36.8
    219   56.4
    220   22.0
    221   18.4
    222   16.8
    223    8.4
    224   12.8
    225   15.6
    226    6.8
    227   12.0
    228    4.8
    229    4.8
    230    6.4
    231   12.0
    232    2.4
    233    0.0
    234    0.0
    235   28.4
    236   22.0
    237    2.8
    238   46.4
    239   36.0
    240    7.6
    241    4.8
    242    6.4
    243   10.0
    244   11.2
    245    2.8
    246    8.4
    247   12.4
    248    8.0
    249   14.4
    250   10.8
    251    6.4
    252    0.0
    253   12.4
    254    0.0
    255    0.0
    256    0.0
    257   16.4
    258    0.0
    259    0.0
    260    0.0
    261    0.0
    262    0.0
    263    0.0
    264    8.4
    265    2.8
    266    8.0
    267    6.8
    268    5.6
    269    0.0
    270    0.0
    271    6.8
    272    0.0
    273    0.0
    274    0.0
    275    4.8
    276   10.4
    277   23.2
    278    0.0
    279    0.0
    280    0.0
    281    0.0
    282    0.0
    283    0.0
    284    0.0
    285    0.0
    286    0.0
    287    0.0
    288    0.0
    289    0.0
    290   24.4
    291   22.8
    292   14.0
    293    0.0
    294    0.0
    295    0.0
    296    0.0
    297    0.0
    298    0.0
    299    0.0
    300    0.0
    301    0.0
    302    0.0
    303    0.0
    304    0.0
    305    0.0
    306    0.0
    307    0.0
    308    0.0
    309    0.0
    310   15.6
    311    8.4
    312   12.8
    313    0.0
    314    0.0
    315    0.0
    316    0.0
    317    0.0
    318    0.0
    319    0.0
    320    0.0
    321    2.4
    322    3.2
    323    0.0
    324    0.0
    325    0.0
    326    0.0
    327    0.0
    328    0.0
    329    0.0
    330    0.0
    331    0.0
    332    0.0
    333    0.0
    334    0.0
    335    0.0
    336    0.0
    337    0.0
    338    0.0
    339    0.0
    340    0.0
    341    0.0
    342    0.0
    343    0.0
    344    0.0
    345    0.0
    346    0.0
    347    0.0
    348    0.0
    349    0.0
    350    0.0
    351    0.0
    352    0.0
    353    0.0
    354    0.0
    355    0.0
    356    0.0
    357    0.0
    358    0.0
    359    0.0
    360    0.0
    361    0.0
    362    0.0
    363    0.0
    364    0.0
    365    0.0
