2008.0 1.0 1.0   0.0  24.0   7.5   0.0   0.0   0.0
2008.0 1.0 2.0   0.0  25.2   8.5   0.0   0.0   0.0
2008.0 1.0 3.0   0.0  26.6   9.2   0.0   0.0   0.0
2008.0 1.0 4.0   0.0  25.6   9.6   0.0   0.0   0.0
2008.0 1.0 5.0   0.0  25.4   8.5   0.0   0.0   0.0
2008.0 1.0 6.0   0.0  23.6   8.4   0.0   0.0   0.0
2008.0 1.0 7.0   0.0  26.0   9.5   0.0   0.0   0.0
2008.0 1.0 8.0   0.0  25.8   9.5   0.0   0.0   0.0
2008.0 1.0 9.0   0.0  26.6  10.0   0.0   0.0   0.0
2008.0 1.010.0   0.0  25.2  10.0   0.0   0.0   0.0
2008.0 1.011.0   0.0  24.6  11.5   0.0   0.0   0.0
2008.0 1.012.0   0.0  23.0  10.2   0.0   0.0   0.0
2008.0 1.013.0   0.0  20.8   8.5   0.0   0.0   0.0
2008.0 1.014.0   0.0  22.5   8.4   0.0   0.0   0.0
2008.0 1.015.0   0.0  22.6   8.5   0.0   0.0   0.0
2008.0 1.016.0   0.0  22.8   9.5   0.0   0.0   0.0
2008.0 1.017.0   0.0  24.5   9.4   0.0   0.0   0.0
2008.0 1.018.0   0.0  24.5  12.0   0.0   0.0   0.0
2008.0 1.019.0   0.0  26.2  15.2   2.5   0.0   0.0
2008.0 1.020.0   0.0  25.5  13.0   0.0   0.0   0.0
2008.0 1.021.0   0.0  22.2   9.5   0.0   0.0   0.0
2008.0 1.022.0   0.0  19.2   8.2   0.0   0.0   0.0
2008.0 1.023.0   0.0  16.0  12.0   0.0   0.0   0.0
2008.0 1.024.0   0.0  21.0  12.0   0.0   0.0   0.0
2008.0 1.025.0   0.0  21.0  12.5   0.0   0.0   0.0
2008.0 1.026.0   0.0  22.5  10.5   0.0   0.0   0.0
2008.0 1.027.0   0.0  21.0   9.5   0.0   0.0   0.0
2008.0 1.028.0   0.0  19.0  11.4   0.0   0.0   0.0
2008.0 1.029.0   0.0  17.6  10.6   0.0   0.0   0.0
2008.0 1.030.0   0.0  17.8  10.6   0.0   0.0   0.0
2008.0 1.031.0   0.0  17.2   9.0   0.0   0.0   0.0
2008.0 2.0 1.0   0.0  14.6   9.6   0.0   0.0   0.0
2008.0 2.0 2.0   0.0  20.4   6.0   0.0   0.0   0.0
2008.0 2.0 3.0   0.0  22.4   5.5   0.0   0.0   0.0
2008.0 2.0 4.0   0.0  24.0   7.0   0.0   0.0   0.0
2008.0 2.0 5.0   0.0  24.5  11.0   0.0   0.0   0.0
2008.0 2.0 6.0   0.0  26.0  11.0   0.0   0.0   0.0
2008.0 2.0 7.0   0.0  26.2  11.5   0.0   0.0   0.0
2008.0 2.0 8.0   0.0  20.4  16.2   0.0   0.0   0.0
2008.0 2.0 9.0   0.0  26.0  11.8   0.0   0.0   0.0
2008.0 2.010.0   0.0  22.0   9.6   0.0   0.0   0.0
2008.0 2.011.0   0.0  22.8   9.2   0.0   0.0   0.0
2008.0 2.012.0   0.0  23.5   7.0   0.0   0.0   0.0
2008.0 2.013.0   0.0  22.0   6.5   0.0   0.0   0.0
2008.0 2.014.0   0.0  22.4   6.0   0.0   0.0   0.0
2008.0 2.015.0   0.0  23.4   7.4   0.0   0.0   0.0
2008.0 2.016.0   0.0  23.5   7.0   0.0   0.0   0.0
2008.0 2.017.0   0.0  25.0  10.5   0.0   0.0   0.0
2008.0 2.018.0   0.0  25.6  11.4   0.0   0.0   0.0
2008.0 2.019.0   0.0  25.6  11.5   0.0   0.0   0.0
2008.0 2.020.0   0.0  21.6  11.5   0.0   0.0   0.0
2008.0 2.021.0   0.0  26.5  10.5   0.0   0.0   0.0
2008.0 2.022.0   0.0  27.5  11.0   0.0   0.0   0.0
2008.0 2.023.0   0.0  27.6  12.0   0.0   0.0   0.0
2008.0 2.024.0   0.0  28.4  15.0   0.0   0.0   0.0
2008.0 2.025.0   0.0  28.8  14.5   0.0   0.0   0.0
2008.0 2.026.0   0.0  26.0  10.5   0.0   0.0   0.0
2008.0 2.027.0   0.0  28.8  16.4   0.0   0.0   0.0
2008.0 2.028.0   0.0  27.8  12.6   0.0   0.0   0.0
2008.0 2.029.0   0.0  28.5  13.0   0.0   0.0   0.0
2008.0 3.0 1.0   0.0  29.0  14.0   0.0   0.0   0.0
2008.0 3.0 2.0   0.0  30.0  13.5   0.0   0.0   0.0
2008.0 3.0 3.0   0.0  30.2  15.5   7.0   0.0   0.0
2008.0 3.0 4.0   0.0  25.8  13.2   5.0   0.0   0.0
2008.0 3.0 5.0   0.0  26.0  15.0   0.0   0.0   0.0
2008.0 3.0 6.0   0.0  27.5  16.5   0.0   0.0   0.0
2008.0 3.0 7.0   0.0  29.5  16.5   0.0   0.0   0.0
2008.0 3.0 8.0   0.0  30.5  16.0   0.0   0.0   0.0
2008.0 3.0 9.0   0.0  30.0  18.0   0.0   0.0   0.0
2008.0 3.010.0   0.0  32.0  17.0   0.0   0.0   0.0
2008.0 3.011.0   0.0  28.6  16.0   0.0   0.0   0.0
2008.0 3.012.0   0.0  28.0  17.0   0.0   0.0   0.0
2008.0 3.013.0   0.0  29.0  16.5   0.0   0.0   0.0
2008.0 3.014.0   0.0  32.5  16.5   0.0   0.0   0.0
2008.0 3.015.0   0.0  30.5  15.0   0.0   0.0   0.0
2008.0 3.016.0   0.0  32.0  16.8   0.0   0.0   0.0
2008.0 3.017.0   0.0  32.0  16.0   0.0   0.0   0.0
2008.0 3.018.0   0.0  30.5  18.5   0.5   0.0   0.0
2008.0 3.019.0   0.0  32.2  17.5   0.0   0.0   0.0
2008.0 3.020.0   0.0  33.5  20.5   0.0   0.0   0.0
2008.0 3.021.0   0.0  32.6  20.2   0.0   0.0   0.0
2008.0 3.022.0   0.0  33.0  19.0   0.0   0.0   0.0
2008.0 3.023.0   0.0  34.0  19.0   0.0   0.0   0.0
2008.0 3.024.0   0.0  32.5  16.2   0.0   0.0   0.0
2008.0 3.025.0   0.0  34.4  19.0   0.0   0.0   0.0
2008.0 3.026.0   0.0  35.0  21.0   0.0   0.0   0.0
2008.0 3.027.0   0.0  34.5  16.0   0.0   0.0   0.0
2008.0 3.028.0   0.0  35.6  17.5   0.0   0.0   0.0
2008.0 3.029.0   0.0  36.0  17.0   0.0   0.0   0.0
2008.0 3.030.0   0.0  35.8  18.5   0.0   0.0   0.0
2008.0 3.031.0   0.0  35.2  19.0   0.0   0.0   0.0
2008.0 4.0 1.0   0.0  31.2  20.5   0.0   0.0   0.0
2008.0 4.0 2.0   0.0  30.2  16.0  18.5   0.0   0.0
2008.0 4.0 3.0   0.0  32.5  19.5   0.0   0.0   0.0
2008.0 4.0 4.0   0.0  31.0  19.5   0.0   0.0   0.0
2008.0 4.0 5.0   0.0  32.0  16.5  21.0   0.0   0.0
2008.0 4.0 6.0   0.0  32.5  16.6   7.4   0.0   0.0
2008.0 4.0 7.0   0.0  32.5  16.4   0.0   0.0   0.0
2008.0 4.0 8.0   0.0  33.6  15.6   0.0   0.0   0.0
2008.0 4.0 9.0   0.0  34.0  16.0   0.0   0.0   0.0
2008.0 4.010.0   0.0  35.0  17.0   0.0   0.0   0.0
2008.0 4.011.0   0.0  35.5  17.2   0.0   0.0   0.0
2008.0 4.012.0   0.0  36.0  16.0   0.0   0.0   0.0
2008.0 4.013.0   0.0  34.0  16.0   1.6   0.0   0.0
2008.0 4.014.0   0.0  33.6  22.0   0.0   0.0   0.0
2008.0 4.015.0   0.0  34.5  23.0   0.0   0.0   0.0
2008.0 4.016.0   0.0  34.0  24.0   0.0   0.0   0.0
2008.0 4.017.0   0.0  37.0  23.5   0.0   0.0   0.0
2008.0 4.018.0   0.0  38.0  24.0   0.0   0.0   0.0
2008.0 4.019.0   0.0  38.0  18.5   0.0   0.0   0.0
2008.0 4.020.0   0.0  38.5  18.5   0.0   0.0   0.0
2008.0 4.021.0   0.0  37.4  21.0   0.0   0.0   0.0
2008.0 4.022.0   0.0  37.5  24.0   0.0   0.0   0.0
2008.0 4.023.0   0.0  37.5  24.0   0.0   0.0   0.0
2008.0 4.024.0   0.0  38.5  25.0   0.0   0.0   0.0
2008.0 4.025.0   0.0  36.0  21.6   0.0   0.0   0.0
2008.0 4.026.0   0.0  37.5  25.5   0.0   0.0   0.0
2008.0 4.027.0   0.0  36.5  25.5   0.0   0.0   0.0
2008.0 4.028.0   0.0  35.0  25.0   0.0   0.0   0.0
2008.0 4.029.0   0.0  35.0  24.5   0.0   0.0   0.0
2008.0 4.030.0   0.0  35.0  25.5   0.0   0.0   0.0
2008.0 5.0 1.0   0.0  36.0  25.5   0.0   0.0   0.0
2008.0 5.0 2.0   0.0  33.6  19.2  25.0   0.0   0.0
2008.0 5.0 3.0   0.0  33.0  24.0   0.0   0.0   0.0
2008.0 5.0 4.0   0.0  32.0  24.2   0.0   0.0   0.0
2008.0 5.0 5.0   0.0  35.2  23.2   0.0   0.0   0.0
2008.0 5.0 6.0   0.0  35.0  22.0   0.0   0.0   0.0
2008.0 5.0 7.0   0.0  35.6  23.0   0.0   0.0   0.0
2008.0 5.0 8.0   0.0  32.0  19.5  32.8   0.0   0.0
2008.0 5.0 9.0   0.0  34.0  23.5   0.0   0.0   0.0
2008.0 5.010.0   0.0  34.0  22.2   0.0   0.0   0.0
2008.0 5.011.0   0.0  35.4  24.5   0.0   0.0   0.0
2008.0 5.012.0   0.0  35.2  22.0   7.2   0.0   0.0
2008.0 5.013.0   0.0  36.2  21.0  42.0   0.0   0.0
2008.0 5.014.0   0.0  35.8  19.8   0.0   0.0   0.0
2008.0 5.015.0   0.0  36.6  19.5   6.6   0.0   0.0
2008.0 5.016.0   0.0  35.6  24.0   0.0   0.0   0.0
2008.0 5.017.0   0.0  33.0  21.5   5.2   0.0   0.0
2008.0 5.018.0   0.0  32.5  25.0   0.0   0.0   0.0
2008.0 5.019.0   0.0  29.2  20.2  18.5   0.0   0.0
2008.0 5.020.0   0.0  31.5  23.0   0.2   0.0   0.0
2008.0 5.021.0   0.0  33.0  24.0   0.0   0.0   0.0
2008.0 5.022.0   0.0  33.0  23.5   0.0   0.0   0.0
2008.0 5.023.0   0.0  30.5  23.4   0.0   0.0   0.0
2008.0 5.024.0   0.0  29.8  22.8  17.4   0.0   0.0
2008.0 5.025.0   0.0  33.0  23.5   0.0   0.0   0.0
2008.0 5.026.0   0.0  34.5  22.5   0.0   0.0   0.0
2008.0 5.027.0   0.0  35.5  24.0   6.2   0.0   0.0
2008.0 5.028.0   0.0  36.5  25.5   0.0   0.0   0.0
2008.0 5.029.0   0.0  36.5  26.0   0.0   0.0   0.0
2008.0 5.030.0   0.0  37.0  27.2   0.0   0.0   0.0
2008.0 5.031.0   0.0  33.8  25.0   0.0   0.0   0.0
2008.0 6.0 1.0   0.0  35.0  25.5   0.0   0.0   0.0
2008.0 6.0 2.0   0.0  35.2  25.0   0.0   0.0   0.0
2008.0 6.0 3.0   0.0  33.0  25.0   0.0   0.0   0.0
2008.0 6.0 4.0   0.0  34.0  23.5   0.0   0.0   0.0
2008.0 6.0 5.0   0.0  32.0  23.5  42.2   0.0   0.0
2008.0 6.0 6.0   0.0  31.4  25.0   0.0   0.0   0.0
2008.0 6.0 7.0   0.0  32.4  24.5  23.2   0.0   0.0
2008.0 6.0 8.0   0.0  33.2  26.0   0.0   0.0   0.0
2008.0 6.0 9.0   0.0  33.5  26.5   0.0   0.0   0.0
2008.0 6.010.0   0.0  34.0  25.5   0.0   0.0   0.0
2008.0 6.011.0   0.0  32.6  25.5   1.6   0.0   0.0
2008.0 6.012.0   0.0  33.8  25.0  12.8   0.0   0.0
2008.0 6.013.0   0.0  34.6  27.5   0.0   0.0   0.0
2008.0 6.014.0   0.0  27.8  25.0  74.5   0.0   0.0
2008.0 6.015.0   0.0  34.5  25.0   0.0   0.0   0.0
2008.0 6.016.0   0.0  36.0  26.5   0.0   0.0   0.0
2008.0 6.017.0   0.0  34.0  27.0   0.0   0.0   0.0
2008.0 6.018.0   0.0  32.0  26.5   0.0   0.0   0.0
2008.0 6.019.0   0.0  29.6  26.0   0.0   0.0   0.0
2008.0 6.020.0   0.0  31.5  24.5   4.2   0.0   0.0
2008.0 6.021.0   0.0  32.0  26.0   0.0   0.0   0.0
2008.0 6.022.0   0.0  33.5  26.0   0.0   0.0   0.0
2008.0 6.023.0   0.0  34.0  26.8   0.0   0.0   0.0
2008.0 6.024.0   0.0  34.5  26.5   0.0   0.0   0.0
2008.0 6.025.0   0.0  35.5  27.2   0.0   0.0   0.0
2008.0 6.026.0   0.0  34.5  26.0   4.2   0.0   0.0
2008.0 6.027.0   0.0  33.2  25.3  35.2   0.0   0.0
2008.0 6.028.0   0.0  33.4  27.0   1.4   0.0   0.0
2008.0 6.029.0   0.0  33.0  25.4   5.2   0.0   0.0
2008.0 6.030.0   0.0  30.6  25.5   2.5   0.0   0.0
2008.0 7.0 1.0   0.0  33.0  25.8   0.0   0.0   0.0
2008.0 7.0 2.0   0.0  30.4  25.6   1.4   0.0   0.0
2008.0 7.0 3.0   0.0  33.0  25.5   1.4   0.0   0.0
2008.0 7.0 4.0   0.0  30.6  26.0   0.0   0.0   0.0
2008.0 7.0 5.0   0.0  34.0  26.5  40.5   0.0   0.0
2008.0 7.0 6.0   0.0  31.6  26.0   0.0   0.0   0.0
2008.0 7.0 7.0   0.0  34.6  26.6  14.5   0.0   0.0
2008.0 7.0 8.0   0.0  33.4  24.0   0.0   0.0   0.0
2008.0 7.0 9.0   0.0  34.6  25.4   3.5   0.0   0.0
2008.0 7.010.0   0.0  35.0  26.0   0.0   0.0   0.0
2008.0 7.011.0   0.0  32.0  26.5   0.0   0.0   0.0
2008.0 7.012.0   0.0  32.4  25.6   1.5   0.0   0.0
2008.0 7.013.0   0.0  29.2  24.5  83.6   0.0   0.0
2008.0 7.014.0   0.0  31.5  26.5   0.5   0.0   0.0
2008.0 7.015.0   0.0  31.5  25.0  98.5   0.0   0.0
2008.0 7.016.0   0.0  32.5  25.0   0.0   0.0   0.0
2008.0 7.017.0   0.0  33.0  25.2   0.0   0.0   0.0
2008.0 7.018.0   0.0  34.0  27.5   0.0   0.0   0.0
2008.0 7.019.0   0.0  33.5  26.0  31.5   0.0   0.0
2008.0 7.020.0   0.0  32.5  26.5  14.2   0.0   0.0
2008.0 7.021.0   0.0  30.8  26.0   0.0   0.0   0.0
2008.0 7.022.0   0.0  31.4  25.0   8.6   0.0   0.0
2008.0 7.023.0   0.0  30.5  24.5  15.4   0.0   0.0
2008.0 7.024.0   0.0  32.0  25.0  37.7   0.0   0.0
2008.0 7.025.0   0.0  34.0  27.0   0.0   0.0   0.0
2008.0 7.026.0   0.0  32.5  27.5   0.0   0.0   0.0
2008.0 7.027.0   0.0  34.0  27.0   0.0   0.0   0.0
2008.0 7.028.0   0.0  34.5  27.0   0.0   0.0   0.0
2008.0 7.029.0   0.0  33.6  27.4   0.0   0.0   0.0
2008.0 7.030.0   0.0  34.6  26.8   0.0   0.0   0.0
2008.0 7.031.0   0.0  34.8  27.6   0.0   0.0   0.0
2008.0 8.0 1.0   0.0  34.5  25.0   0.0   0.0   0.0
2008.0 8.0 2.0   0.0  34.8  25.6   0.0   0.0   0.0
2008.0 8.0 3.0   0.0  31.8  25.5  23.4   0.0   0.0
2008.0 8.0 4.0   0.0  33.8  26.5   0.0   0.0   0.0
2008.0 8.0 5.0   0.0  36.0  26.5   0.0   0.0   0.0
2008.0 8.0 6.0   0.0  33.8  26.2   0.0   0.0   0.0
2008.0 8.0 7.0   0.0  30.0  27.0   0.0   0.0   0.0
2008.0 8.0 8.0   0.0  36.0  26.5  33.5   0.0   0.0
2008.0 8.0 9.0   0.0  36.5  28.6   0.0   0.0   0.0
2008.0 8.010.0   0.0  32.5  28.0   0.0   0.0   0.0
2008.0 8.011.0   0.0  30.2  26.5   0.0   0.0   0.0
2008.0 8.012.0   0.0  29.8  26.4   0.0   0.0   0.0
2008.0 8.013.0   0.0  31.4  26.2   0.0   0.0   0.0
2008.0 8.014.0   0.0  32.5  26.0   0.0   0.0   0.0
2008.0 8.015.0   0.0  29.8  26.0   6.8   0.0   0.0
2008.0 8.016.0   0.0  30.0  25.8   0.0   0.0   0.0
2008.0 8.017.0   0.0  31.5  26.0   0.0   0.0   0.0
2008.0 8.018.0   0.0  31.2  26.0  17.5   0.0   0.0
2008.0 8.019.0   0.0  30.5  26.0   2.2   0.0   0.0
2008.0 8.020.0   0.0  32.0  25.8   2.2   0.0   0.0
2008.0 8.021.0   0.0  33.0  26.5   0.0   0.0   0.0
2008.0 8.022.0   0.0  34.0  26.6   0.0   0.0   0.0
2008.0 8.023.0   0.0  34.5  26.6   0.0   0.0   0.0
2008.0 8.024.0   0.0  32.5  27.0   0.0   0.0   0.0
2008.0 8.025.0   0.0  32.0  25.6  73.2   0.0   0.0
2008.0 8.026.0   0.0  32.5  26.5   0.0   0.0   0.0
2008.0 8.027.0   0.0  31.5  26.5   8.5   0.0   0.0
2008.0 8.028.0   0.0  30.0  25.0  52.7   0.0   0.0
2008.0 8.029.0   0.0  27.5  24.0  17.5   0.0   0.0
2008.0 8.030.0   0.0  32.5  25.0  21.5   0.0   0.0
2008.0 8.031.0   0.0  32.5  25.5   2.5   0.0   0.0
2008.0 9.0 1.0   0.0  33.5  24.4  31.8   0.0   0.0
2008.0 9.0 2.0   0.0  34.5  26.0   4.2   0.0   0.0
2008.0 9.0 3.0   0.0  35.0  26.6  13.3   0.0   0.0
2008.0 9.0 4.0   0.0  32.4  25.0   0.5   0.0   0.0
2008.0 9.0 5.0   0.0  32.6  24.0   3.6   0.0   0.0
2008.0 9.0 6.0   0.0  31.0  24.5   0.0   0.0   0.0
2008.0 9.0 7.0   0.0  32.6  24.8   0.0   0.0   0.0
2008.0 9.0 8.0   0.0  34.0  25.0   0.0   0.0   0.0
2008.0 9.0 9.0   0.0  33.0  26.5   0.0   0.0   0.0
2008.0 9.010.0   0.0  32.6  26.5   0.0   0.0   0.0
2008.0 9.011.0   0.0  35.0  26.0   0.0   0.0   0.0
2008.0 9.012.0   0.0  34.4  26.4   0.0   0.0   0.0
2008.0 9.013.0   0.0  35.5  26.2   0.0   0.0   0.0
2008.0 9.014.0   0.0  36.5  25.5   0.0   0.0   0.0
2008.0 9.015.0   0.0  36.8  26.0   0.0   0.0   0.0
2008.0 9.016.0   0.0  33.6  24.5   3.4   0.0   0.0
2008.0 9.017.0   0.0  31.0  26.0   0.0   0.0   0.0
2008.0 9.018.0   0.0  32.5  26.5   0.0   0.0   0.0
2008.0 9.019.0   0.0  33.0  26.5   0.0   0.0   0.0
2008.0 9.020.0   0.0  35.5  26.2   0.0   0.0   0.0
2008.0 9.021.0   0.0  34.0  27.0   0.0   0.0   0.0
2008.0 9.022.0   0.0  32.5  26.8   0.0   0.0   0.0
2008.0 9.023.0   0.0  33.0  23.5  22.2   0.0   0.0
2008.0 9.024.0   0.0  33.4  23.0   0.0   0.0   0.0
2008.0 9.025.0   0.0  32.6  25.0   0.0   0.0   0.0
2008.0 9.026.0   0.0  34.0  24.5   0.0   0.0   0.0
2008.0 9.027.0   0.0  33.5  25.0   0.0   0.0   0.0
2008.0 9.028.0   0.0  30.4  25.0   0.0   0.0   0.0
2008.0 9.029.0   0.0  25.8  24.4  11.8   0.0   0.0
2008.0 9.030.0   0.0  32.0  23.0   9.7   0.0   0.0
2008.010.0 1.0   0.0  34.0  24.2   0.0   0.0   0.0
2008.010.0 2.0   0.0  34.5  24.5   0.0   0.0   0.0
2008.010.0 3.0   0.0  32.8  24.0   0.0   0.0   0.0
2008.010.0 4.0   0.0  34.0  25.0   0.0   0.0   0.0
2008.010.0 5.0   0.0  30.0  23.0  45.3   0.0   0.0
2008.010.0 6.0   0.0  28.4  24.0   8.2   0.0   0.0
2008.010.0 7.0   0.0  31.0  24.0   0.0   0.0   0.0
2008.010.0 8.0   0.0  31.5  23.0   4.5   0.0   0.0
2008.010.0 9.0   0.0  31.4  22.5   4.2   0.0   0.0
2008.010.010.0   0.0  31.8  22.0   2.0   0.0   0.0
2008.010.011.0   0.0  32.5  23.2   0.0   0.0   0.0
2008.010.012.0   0.0  32.0  22.6   0.0   0.0   0.0
2008.010.013.0   0.0  33.0  22.5   0.0   0.0   0.0
2008.010.014.0   0.0  31.6  23.0   0.0   0.0   0.0
2008.010.015.0   0.0  33.5  22.8   0.0   0.0   0.0
2008.010.016.0   0.0  32.8  22.2   0.0   0.0   0.0
2008.010.017.0   0.0  33.0  22.0   0.0   0.0   0.0
2008.010.018.0   0.0  31.6  22.2   0.0   0.0   0.0
2008.010.019.0   0.0  33.0  19.8   0.0   0.0   0.0
2008.010.020.0   0.0  32.0  21.0   0.0   0.0   0.0
2008.010.021.0   0.0  33.0  20.5   0.0   0.0   0.0
2008.010.022.0   0.0  32.5  20.6   0.0   0.0   0.0
2008.010.023.0   0.0  33.0  21.0   0.0   0.0   0.0
2008.010.024.0   0.0  32.0  20.0   0.0   0.0   0.0
2008.010.025.0   0.0  32.0  19.6   0.0   0.0   0.0
2008.010.026.0   0.0  32.0  19.0   0.0   0.0   0.0
2008.010.027.0   0.0  28.5  19.0   0.0   0.0   0.0
2008.010.028.0   0.0  30.0  19.5   0.0   0.0   0.0
2008.010.029.0   0.0  31.0  19.5   0.0   0.0   0.0
2008.010.030.0   0.0  32.0  19.5   0.0   0.0   0.0
2008.010.031.0   0.0  32.4  19.0   0.0   0.0   0.0
2008.011.0 1.0   0.0  31.4  19.0   0.0   0.0   0.0
2008.011.0 2.0   0.0  32.0  19.0   0.0   0.0   0.0
2008.011.0 3.0   0.0  31.4  19.2   0.0   0.0   0.0
2008.011.0 4.0   0.0  31.2  18.0   0.0   0.0   0.0
2008.011.0 5.0   0.0  31.0  18.0   0.0   0.0   0.0
2008.011.0 6.0   0.0  30.5  17.8   0.0   0.0   0.0
2008.011.0 7.0   0.0  32.0  17.2   0.0   0.0   0.0
2008.011.0 8.0   0.0  31.2  18.0   0.0   0.0   0.0
2008.011.0 9.0   0.0  31.5  18.5   0.0   0.0   0.0
2008.011.010.0   0.0  31.5  17.4   0.0   0.0   0.0
2008.011.011.0   0.0  31.2  17.0   0.0   0.0   0.0
2008.011.012.0   0.0  30.2  17.0   0.0   0.0   0.0
2008.011.013.0   0.0  29.8  17.0   0.0   0.0   0.0
2008.011.014.0   0.0  29.6  17.2   0.0   0.0   0.0
2008.011.015.0   0.0  28.8  17.5   0.0   0.0   0.0
2008.011.016.0   0.0  29.0  16.0   0.0   0.0   0.0
2008.011.017.0   0.0  28.5  16.5   0.0   0.0   0.0
2008.011.018.0   0.0  30.0  15.0   0.0   0.0   0.0
2008.011.019.0   0.0  29.0  14.0   0.0   0.0   0.0
2008.011.020.0   0.0  30.5  14.0   0.0   0.0   0.0
2008.011.021.0   0.0  29.5  16.0   0.0   0.0   0.0
2008.011.022.0   0.0  27.0  13.2   0.0   0.0   0.0
2008.011.023.0   0.0  27.5  11.6   0.0   0.0   0.0
2008.011.024.0   0.0  27.5  12.5   0.0   0.0   0.0
2008.011.025.0   0.0  28.4  13.5   0.0   0.0   0.0
2008.011.026.0   0.0  30.0  13.2   0.0   0.0   0.0
2008.011.027.0   0.0  30.0  13.0   0.0   0.0   0.0
2008.011.028.0   0.0  29.8  13.2   0.0   0.0   0.0
2008.011.029.0   0.0  29.4  12.5   0.0   0.0   0.0
2008.011.030.0   0.0  29.5  12.5   0.0   0.0   0.0
2008.012.0 1.0   0.0  30.0  12.6   0.0   0.0   0.0
2008.012.0 2.0   0.0  29.5  14.5   0.0   0.0   0.0
2008.012.0 3.0   0.0  28.0  14.2   0.0   0.0   0.0
2008.012.0 4.0   0.0  27.0  14.0   0.0   0.0   0.0
2008.012.0 5.0   0.0  29.6  12.5   0.0   0.0   0.0
2008.012.0 6.0   0.0  28.8  14.0   0.0   0.0   0.0
2008.012.0 7.0   0.0  28.5  13.5   0.0   0.0   0.0
2008.012.0 8.0   0.0  27.2  15.5   0.0   0.0   0.0
2008.012.0 9.0   0.0  28.5  15.2   0.0   0.0   0.0
2008.012.010.0   0.0  28.0  14.2   0.0   0.0   0.0
2008.012.011.0   0.0  25.6  14.0   0.0   0.0   0.0
2008.012.012.0   0.0  23.2  15.0   0.0   0.0   0.0
2008.012.013.0   0.0  22.8  17.5   0.0   0.0   0.0
2008.012.014.0   0.0  22.2  14.8   0.0   0.0   0.0
2008.012.015.0   0.0  19.4  14.0   0.0   0.0   0.0
2008.012.016.0   0.0  22.0  15.0   0.0   0.0   0.0
2008.012.017.0   0.0  18.0  14.5   0.0   0.0   0.0
2008.012.018.0   0.0  22.0  14.0   0.0   0.0   0.0
2008.012.019.0   0.0  18.0  13.4   0.0   0.0   0.0
2008.012.020.0   0.0  18.2  12.5   0.0   0.0   0.0
2008.012.021.0   0.0  18.0  15.0   0.0   0.0   0.0
2008.012.022.0   0.0  22.5  14.5   0.0   0.0   0.0
2008.012.023.0   0.0  24.0  13.0   0.0   0.0   0.0
2008.012.024.0   0.0  22.0  14.5   0.0   0.0   0.0
2008.012.025.0   0.0  20.0  12.6   0.0   0.0   0.0
2008.012.026.0   0.0  22.5  12.0   0.0   0.0   0.0
2008.012.027.0   0.0  25.0  11.8   0.0   0.0   0.0
2008.012.028.0   0.0  25.6  11.4   0.0   0.0   0.0
2008.012.029.0   0.0  24.0  10.0   0.0   0.0   0.0
2008.012.030.0   0.0  23.2  13.5   0.0   0.0   0.0
2008.012.031.0   0.0  23.4   9.0   0.0   0.0   0.0
