  2012   1   1     0  19.0  14.0   0.0     0     0
  2012   1   2     0  21.5  14.2   9.8     0     0
  2012   1   3     0  22.6  12.8   0.0     0     0
  2012   1   4     0  16.4  12.4   0.0     0     0
  2012   1   5     0  17.2  11.4   0.0     0     0
  2012   1   6     0  15.6  13.0   0.0     0     0
  2012   1   7     0  21.2   9.6   0.0     0     0
  2012   1   8     0  23.0  10.5   0.0     0     0
  2012   1   9     0  20.4  10.5   0.0     0     0
  2012   1  10     0  19.6   8.8  10.5     0     0
  2012   1  11     0  15.8  12.6   0.0     0     0
  2012   1  12     0  17.6  11.8   0.0     0     0
  2012   1  13     0  20.6   9.4   0.0     0     0
  2012   1  14     0  18.8   6.4   0.0     0     0
  2012   1  15     0  22.2   5.6   0.0     0     0
  2012   1  16     0  22.3   8.2   0.0     0     0
  2012   1  17     0  23.4  10.4     T     0     0
  2012   1  18     0  23.0   9.5   0.0     0     0
  2012   1  19     0  22.5  10.0   0.0     0     0
  2012   1  20     0  21.0  11.0   0.0     0     0
  2012   1  21     0  20.7  11.0   0.0     0     0
  2012   1  22     0  20.8  10.8   0.0     0     0
  2012   1  23     0  21.6   7.4   0.0     0     0
  2012   1  24     0  22.5   7.0   0.0     0     0
  2012   1  25     0  24.5   7.2   0.0     0     0
  2012   1  26     0  21.8   7.5   0.0     0     0
  2012   1  27     0  22.6   8.8   0.0     0     0
  2012   1  28     0  24.4   4.8   0.0     0     0
  2012   1  29     0  23.8   5.0   0.0     0     0
  2012   1  30     0  25.0   5.5   0.0     0     0
  2012   1  31     0  25.3   6.0   0.0     0     0
  2012   2   1     0  27.6   6.0   0.0     0     0
  2012   2   2     0  23.5   6.2   0.0     0     0
  2012   2   3     0  25.0   5.8   0.0     0     0
  2012   2   4     0  25.6   7.8   0.0     0     0
  2012   2   5     0  26.5  10.2   0.0     0     0
  2012   2   6     0  28.0  12.4   0.0     0     0
  2012   2   7     0  26.6  12.6   0.0     0     0
  2012   2   8     0  24.5  14.6   0.0     0     0
  2012   2   9     0  23.4  13.0   0.7     0     0
  2012   2  10     0  21.8   6.5   3.2     0     0
  2012   2  11     0  23.2   6.6   0.0     0     0
  2012   2  12     0  25.0   7.7   0.0     0     0
  2012   2  13     0  24.5   9.6   0.0     0     0
  2012   2  14     0  27.5  11.6     T     0     0
  2012   2  15     0  27.2  12.4   0.0     0     0
  2012   2  16     0  27.4  11.0   0.0     0     0
  2012   2  17     0  28.4  14.4   0.5     0     0
  2012   2  18     0  27.2  11.0   0.0     0     0
  2012   2  19     0  25.0   9.8   0.0     0     0
  2012   2  20     0  25.0  10.8   0.0     0     0
  2012   2  21     0  27.5  11.8   0.0     0     0
  2012   2  22     0  28.4  12.2   0.0     0     0
  2012   2  23     0  30.0  13.6   0.0     0     0
  2012   2  24     0  30.5  11.8   0.0     0     0
  2012   2  25     0  30.2  12.0   0.0     0     0
  2012   2  26     0  27.5  10.8   0.0     0     0
  2012   2  27     0  25.0  10.0   0.0     0     0
  2012   2  28     0  26.6  11.4   0.0     0     0
  2012   2  29     0  27.6  13.5   0.0     0     0
  2012   3   1     0  28.5   9.8   0.0     0     0
  2012   3   2     0  28.2  10.0   0.0     0     0
  2012   3   3     0  28.6  10.8   0.0     0     0
  2012   3   4     0  28.0  12.2   0.0     0     0
  2012   3   5     0  28.5  15.5   0.0     0     0
  2012   3   6     0  28.8  11.5   0.0     0     0
  2012   3   7     0  31.4  11.0   0.0     0     0
  2012   3   8     0  30.2  10.6   0.0     0     0
  2012   3   9     0  30.6  10.6   0.0     0     0
  2012   3  10     0  31.0  10.8   0.0     0     0
  2012   3  11     0  31.0   8.8   0.0     0     0
  2012   3  12     0  31.5   9.8   0.0     0     0
  2012   3  13     0  20.8   8.2   0.8     0     0
  2012   3  14     0  27.8  13.5   5.4     0     0
  2012   3  15     0  28.8  12.8   0.0     0     0
  2012   3  16     0  29.5  12.6   0.0     0     0
  2012   3  17     0  29.6  14.2   0.0     0     0
  2012   3  18     0  32.5  16.0   0.0     0     0
  2012   3  19     0  33.0  16.2   0.0     0     0
  2012   3  20     0  33.6  16.4   0.0     0     0
  2012   3  21     0  34.6  17.2   0.0     0     0
  2012   3  22     0  30.5  17.0   0.0     0     0
  2012   3  23     0  30.5  13.6   0.0     0     0
  2012   3  24     0  31.6  16.5   0.0     0     0
  2012   3  25     0  33.0  18.2   0.0     0     0
  2012   3  26     0  34.5  19.0   0.0     0     0
  2012   3  27     0  36.0  18.8   0.0     0     0
  2012   3  28     0  37.0  17.8   0.0     0     0
  2012   3  29     0  35.5  16.8   0.0     0     0
  2012   3  30     0  34.5  16.6   0.0     0     0
  2012   3  31     0  35.5  20.0   0.0     0     0
  2012   4   1     0  37.0  19.8   0.0     0     0
  2012   4   2     0  38.0  20.6   0.0     0     0
  2012   4   3     0  37.6  22.5   0.0     0     0
  2012   4   4     0  34.0  21.2   0.0     0     0
  2012   4   5     0  34.5  21.6   0.0     0     0
  2012   4   6     0  32.0  18.4  38.5     0     0
  2012   4   7     0  30.0  20.8   0.0     0     0
  2012   4   8     0  31.4  21.6   0.0     0     0
  2012   4   9     0  29.0  21.8   0.4     0     0
  2012   4  10     0  28.2  18.6   6.2     0     0
  2012   4  11     0  31.5  20.4     T     0     0
  2012   4  12     0  34.0  21.2   0.0     0     0
  2012   4  13     0  35.0  22.4   0.0     0     0
  2012   4  14     0  33.6  22.8   0.0     0     0
  2012   4  15     0  33.0  22.6   0.0     0     0
  2012   4  16     0  35.6  19.4   0.0     0     0
  2012   4  17     0  36.8  18.8   0.0     0     0
  2012   4  18     0  37.5  19.6   0.0     0     0
  2012   4  19     0  37.4  20.5   0.0     0     0
  2012   4  20     0  34.5  18.8   0.0     0     0
  2012   4  21     0  35.6  24.4   0.0     0     0
  2012   4  22     0  37.6  21.6   0.0     0     0
  2012   4  23     0  38.0  21.4   0.0     0     0
  2012   4  24     0  39.4  20.8   0.0     0     0
  2012   4  25     0  37.5  19.5     T     0     0
  2012   4  26     0  38.0  22.2   0.0     0     0
  2012   4  27     0  38.5  22.8   0.0     0     0
  2012   4  28     0  38.5  22.2   0.0     0     0
  2012   4  29     0  38.5  20.6   0.0     0     0
  2012   4  30     0  39.4  21.5   0.0     0     0
  2012   5   1     0  37.0  21.6   0.0     0     0
  2012   5   2     0  34.8  20.4   0.0     0     0
  2012   5   3     0  34.0  23.2   0.0     0     0
  2012   5   4     0  33.5  20.8   2.4     0     0
  2012   5   5     0  35.5  19.2   2.3     0     0
  2012   5   6     0  37.0  20.0   0.0     0     0
  2012   5   7     0  39.0  20.8   0.0     0     0
  2012   5   8     0  39.4  24.0   0.0     0     0
  2012   5   9     0  38.5  21.5   0.0     0     0
  2012   5  10     0  34.5  21.4  17.5     0     0
  2012   5  11     0  35.5  24.8   2.0     0     0
  2012   5  12     0  36.6  24.6   0.0     0     0
  2012   5  13     0  37.2  25.5   0.0     0     0
  2012   5  14     0  40.0  26.4   0.0     0     0
  2012   5  15     0  41.2  23.0   0.0     0     0
  2012   5  16     0  39.5  22.4   0.0     0     0
  2012   5  17     0  36.5  25.0   0.0     0     0
  2012   5  18     0  36.5  26.6   0.0     0     0
  2012   5  19     0  39.2  26.6   0.0     0     0
  2012   5  20     0  36.5  22.8  20.2     0     0
  2012   5  21     0  38.5  21.4   0.0     0     0
  2012   5  22     0  39.5  26.4   0.0     0     0
  2012   5  23     0  40.0  26.0   0.0     0     0
  2012   5  24     0  39.0  26.6   0.0     0     0
  2012   5  25     0  37.0  29.0   0.0     0     0
  2012   5  26     0  37.4  28.0   0.0     0     0
  2012   5  27     0  36.0  26.5   0.0     0     0
  2012   5  28     0  39.4  28.0   0.0     0     0
  2012   5  29     0  38.6  29.2   0.0     0     0
  2012   5  30     0  40.5  28.8   0.0     0     0
  2012   5  31     0  37.6  28.5   0.0     0     0
  2012   6   1     0  36.2  27.0   2.4     0     0
  2012   6   2     0  32.8  26.4  45.0     0     0
  2012   6   3     0  37.4  26.4   0.0     0     0
  2012   6   4     0  39.0  28.5   0.0     0     0
  2012   6   5     0  35.0  25.8   0.0     0     0
  2012   6   6     0  34.0  23.8  16.4     0     0
  2012   6   7     0  36.2  27.5   0.0     0     0
  2012   6   8     0  35.5  27.5   0.0     0     0
  2012   6   9     0  37.5  27.8   0.0     0     0
  2012   6  10     0  37.5  28.5   0.0     0     0
  2012   6  11     0  35.2  25.2   0.0     0     0
  2012   6  12     0  35.5  25.2  12.5     0     0
  2012   6  13     0  36.5  28.5   0.0     0     0
  2012   6  14     0  36.0  28.4   0.0     0     0
  2012   6  15     0  34.8  27.9   0.0     0     0
  2012   6  16     0  31.4  27.5   0.0     0     0
  2012   6  17     0  31.2  26.5   0.0     0     0
  2012   6  18     0  33.4  26.2   0.0     0     0
  2012   6  19     0  36.6  26.8   0.0     0     0
  2012   6  20     0  37.5  27.6   0.0     0     0
  2012   6  21     0  35.0  26.9   7.8     0     0
  2012   6  22     0  35.0  26.4   0.8     0     0
  2012   6  23     0  35.0  27.0   0.0     0     0
  2012   6  24     0  31.2  25.8   0.0     0     0
  2012   6  25     0  34.7  25.0  46.1     0     0
  2012   6  26     0  36.8  25.0     T     0     0
  2012   6  27     0  35.2  28.0   0.0     0     0
  2012   6  28     0  34.4  23.8  31.4     0     0
  2012   6  29     0  33.5  27.0   0.0     0     0
  2012   6  30     0  35.8  27.2     T     0     0
  2012   7   1     0  36.0  28.6   0.0     0     0
  2012   7   2     0  36.4  27.8   0.0     0     0
  2012   7   3     0  32.6  27.5   0.0     0     0
  2012   7   4     0  33.4  27.6   0.0     0     0
  2012   7   5     0  32.6  26.6   0.8     0     0
  2012   7   6     0  32.3  26.0   2.4     0     0
  2012   7   7     0  33.8  26.8   0.0     0     0
  2012   7   8     0  35.6  26.5   0.0     0     0
  2012   7   9     0  33.8  26.8   0.8     0     0
  2012   7  10     0  34.4  26.4   4.0     0     0
  2012   7  11     0  35.6  28.0   0.0     0     0
  2012   7  12     0  32.3  26.8   0.0     0     0
  2012   7  13     0  34.6  26.5   1.4     0     0
  2012   7  14     0  34.4  26.4     T     0     0
  2012   7  15     0  29.2  25.8  28.2     0     0
  2012   7  16     0  31.4  25.8   5.0     0     0
  2012   7  17     0  32.6  25.4  19.5     0     0
  2012   7  18     0  31.2  24.8  20.2     0     0
  2012   7  19     0  29.8  25.2  32.0     0     0
  2012   7  20     0  32.8  26.6  20.4     0     0
  2012   7  21     0  34.2  27.4     T     0     0
  2012   7  22     0  33.2  27.5   0.0     0     0
  2012   7  23     0  33.2  27.4   5.0     0     0
  2012   7  24     0  33.0  27.6   0.0     0     0
  2012   7  25     0  33.5  27.2     T     0     0
  2012   7  26     0  34.4  27.8   0.0     0     0
  2012   7  27     0  33.0  28.0   0.0     0     0
  2012   7  28     0  33.2  27.4   0.0     0     0
  2012   7  29     0  33.4  26.8   0.0     0     0
  2012   7  30     0  34.0  27.4   0.7     0     0
  2012   7  31     0  33.5  27.4   0.0     0     0
  2012   8   1     0  35.4  27.4   0.0     0     0
  2012   8   2     0  32.8  25.2 230.5     0     0
  2012   8   3     0  34.0  26.2  24.3     0     0
  2012   8   4     0  34.4  27.4     T     0     0
  2012   8   5     0  33.6  28.4   0.0     0     0
  2012   8   6     0  33.8  27.6   0.0     0     0
  2012   8   7     0  31.8  27.4   0.0     0     0
  2012   8   8     0  33.6  27.2  18.2     0     0
  2012   8   9     0  33.3  27.2   1.8     0     0
  2012   8  10     0  34.2  23.2  32.2     0     0
  2012   8  11     0  33.4  28.0   2.4     0     0
  2012   8  12     0  32.8  26.6   0.0     0     0
  2012   8  13     0  34.2  25.6   8.2     0     0
  2012   8  14     0  34.6  27.0   0.4     0     0
  2012   8  15     0  35.1  27.5   0.4     0     0
  2012   8  16     0  36.5  27.6   2.2     0     0
  2012   8  17     0  35.4  28.4   0.0     0     0
  2012   8  18     0  35.2  27.6   1.3     0     0
  2012   8  19     0  34.6  28.4   0.0     0     0
  2012   8  20     0  33.4  27.8   0.0     0     0
  2012   8  21     0  33.2  27.4   1.4     0     0
  2012   8  22     0  31.6  26.5   4.5     0     0
  2012   8  23     0  31.6  25.6   0.4     0     0
  2012   8  24     0  32.8  26.4   0.2     0     0
  2012   8  25     0  34.5  26.4   3.6     0     0
  2012   8  26     0  34.8  26.0   0.0     0     0
  2012   8  27     0  33.6  26.4  30.4     0     0
  2012   8  28     0  34.2  27.6   0.0     0     0
  2012   8  29     0  33.6  28.0     T     0     0
  2012   8  30     0  34.4  28.2   0.0     0     0
  2012   8  31     0  35.0  26.4  11.2     0     0
  2012   9   1     0  35.2  27.4   0.0     0     0
  2012   9   2     0  32.4  25.8  29.4     0     0
  2012   9   3     0  33.4  27.6   0.0     0     0
  2012   9   4     0  33.2  26.0     T     0     0
  2012   9   5     0  32.2  26.2   0.0     0     0
  2012   9   6     0  32.4  26.5     T     0     0
  2012   9   7     0  34.0  26.0   0.0     0     0
  2012   9   8     0  36.2  27.5   0.0     0     0
  2012   9   9     0  34.1  27.8   0.0     0     0
  2012   9  10     0  33.2  26.8   0.0     0     0
  2012   9  11     0  34.0  26.2     T     0     0
  2012   9  12     0  31.8  24.8  48.7     0     0
  2012   9  13     0  33.0  27.0   1.2     0     0
  2012   9  14     0  29.8  25.0  65.0     0     0
  2012   9  15     0  29.2  26.0     T     0     0
  2012   9  16     0  28.2  24.0  15.2     0     0
  2012   9  17     0  28.0  24.5   9.6     0     0
  2012   9  18     0  31.3  25.4  25.4     0     0
  2012   9  19     0  32.5  25.0     T     0     0
  2012   9  20     0  34.0  26.0   1.0     0     0
  2012   9  21     0  34.7  26.8   0.0     0     0
  2012   9  22     0  32.7  26.8   4.4     0     0
  2012   9  23     0  33.7  26.4   0.0     0     0
  2012   9  24     0  34.0  26.4   0.0     0     0
  2012   9  25     0  33.0  26.0   0.0     0     0
  2012   9  26     0  33.7  25.8   0.0     0     0
  2012   9  27     0  34.4  25.8   0.0     0     0
  2012   9  28     0  35.0  25.8   0.0     0     0
  2012   9  29     0  35.3  26.4   0.0     0     0
  2012   9  30     0  34.8  26.6   0.0     0     0
  2012  10   1     0  35.2  27.0   0.0     0     0
  2012  10   2     0  35.0  26.4   0.0     0     0
  2012  10   3     0  34.1  25.2   0.0     0     0
  2012  10   4     0  32.6  25.2     T     0     0
  2012  10   5     0  33.2  23.8     T     0     0
  2012  10   6     0  33.2  24.2   0.0     0     0
  2012  10   7     0  34.0  25.0   3.5     0     0
  2012  10   8     0  34.8  24.5   0.0     0     0
  2012  10   9     0  25.2  22.6  41.4     0     0
  2012  10  10     0  31.2  23.2   0.6     0     0
  2012  10  11     0  32.8  23.2   0.0     0     0
  2012  10  12     0  32.2  23.2   0.0     0     0
  2012  10  13     0  32.8  21.5   0.0     0     0
  2012  10  14     0  32.2  25.3   0.0     0     0
  2012  10  15     0  32.0  21.2   0.0     0     0
  2012  10  16     0  32.0  21.8   0.0     0     0
  2012  10  17     0  31.8  21.6   0.0     0     0
  2012  10  18     0  32.3  21.8   0.0     0     0
  2012  10  19     0  32.3  21.4   0.0     0     0
  2012  10  20     0  32.3  19.8   0.0     0     0
  2012  10  21     0  31.6  19.8   0.0     0     0
  2012  10  22     0  31.8  19.8   0.0     0     0
  2012  10  23     0  31.2  17.6   0.0     0     0
  2012  10  24     0  31.2  17.6   0.0     0     0
  2012  10  25     0  30.8  17.6   0.0     0     0
  2012  10  26     0  30.5  15.6   0.0     0     0
  2012  10  27     0  30.8  15.4   0.0     0     0
  2012  10  28     0  31.4  15.5   0.0     0     0
  2012  10  29     0  32.4  15.8   0.0     0     0
  2012  10  30     0  32.8  15.6   0.0     0     0
  2012  10  31     0  32.2  15.4   0.0     0     0
  2012  11   1     0  30.4  15.4   0.0     0     0
  2012  11   2     0  29.1  15.4   0.0     0     0
  2012  11   3     0  30.4  14.2   0.0     0     0
  2012  11   4     0  30.0  16.4   0.0     0     0
  2012  11   5     0  30.2  17.5   0.0     0     0
  2012  11   6     0  31.0  18.5   0.0     0     0
  2012  11   7     0  29.3  15.8   0.0     0     0
  2012  11   8     0  27.4  15.6   0.0     0     0
  2012  11   9     0  27.6  14.4   0.0     0     0
  2012  11  10     0  29.0  14.6   0.0     0     0
  2012  11  11     0  28.4  14.0   0.0     0     0
  2012  11  12     0  30.0  14.5   0.0     0     0
  2012  11  13     0  29.8  12.8   0.0     0     0
  2012  11  14     0  29.6  12.8   0.0     0     0
  2012  11  15     0  29.6  12.4   0.0     0     0
  2012  11  16     0  30.8  11.5   0.0     0     0
  2012  11  17     0  31.6  12.5   0.0     0     0
  2012  11  18     0  31.2  13.2   0.0     0     0
  2012  11  19     0  29.8  13.4   0.0     0     0
  2012  11  20     0  29.0  12.2   0.0     0     0
  2012  11  21     0  29.0  12.4   0.0     0     0
  2012  11  22     0  27.2  11.5   0.0     0     0
  2012  11  23     0  28.4  11.6   0.0     0     0
  2012  11  24     0  26.8  13.0   0.0     0     0
  2012  11  25     0  26.2  11.2   0.0     0     0
  2012  11  26     0  27.2  11.0   0.0     0     0
  2012  11  27     0  26.8  10.0   0.0     0     0
  2012  11  28     0  26.4  10.2   0.0     0     0
  2012  11  29     0  26.8  10.8   0.0     0     0
  2012  11  30     0  26.8  10.6   0.0     0     0
  2012  12   1     0  28.0  10.4   0.0     0     0
  2012  12   2     0  26.4   9.6   0.0     0     0
  2012  12   3     0  27.6   9.6   0.0     0     0
  2012  12   4     0  26.6  10.4   0.0     0     0
  2012  12   5     0  26.4  10.4   0.0     0     0
  2012  12   6     0  26.6  10.2   0.0     0     0
  2012  12   7     0  26.4  11.2   0.0     0     0
  2012  12   8     0  25.6  11.8   0.0     0     0
  2012  12   9     0  26.2  12.6   0.0     0     0
  2012  12  10     0  24.4  11.8   0.0     0     0
  2012  12  11     0  24.4  14.4   0.0     0     0
  2012  12  12     0  21.6  14.8   0.0     0     0
  2012  12  13     0  23.4  13.5   0.0     0     0
  2012  12  14     0  25.0  11.6   0.0     0     0
  2012  12  15     0  24.4  12.2   0.0     0     0
  2012  12  16     0  19.2  11.4   0.0     0     0
  2012  12  17     0  20.0  13.6   0.0     0     0
  2012  12  18     0  19.6  12.4   0.0     0     0
  2012  12  19     0  18.0  14.2   0.0     0     0
  2012  12  20     0  15.0  12.6   0.0     0     0
  2012  12  21     0  20.4  11.8   0.0     0     0
  2012  12  22     0  13.2  11.0   0.0     0     0
  2012  12  23     0  19.4  12.2   0.0     0     0
  2012  12  24     0  13.6  10.8   0.0     0     0
  2012  12  25     0  13.4  10.6   0.0     0     0
  2012  12  26     0  15.0  10.0   0.0     0     0
  2012  12  27     0  20.7   8.5   0.0     0     0
  2012  12  28     0  18.0   8.4   0.0     0     0
  2012  12  29     0  13.6   8.5   0.0     0     0
  2012  12  30     0  20.0   5.8   0.0     0     0
  2012  12  31     0  20.0   9.4   0.0     0     0
