  2007   1   1     0  14.0   7.0   0.0     0     0
  2007   1   2     0  16.0   9.0   0.0     0     0
  2007   1   3     0  17.0   9.8   0.0     0     0
  2007   1   4     0  15.6   9.0   0.0     0     0
  2007   1   5     0  16.0   8.6   0.0     0     0
  2007   1   6     0  20.0   8.0   0.0     0     0
  2007   1   7     0  21.5   9.5   0.0     0     0
  2007   1   8     0  22.5   6.5   0.0     0     0
  2007   1   9     0  23.5   7.0   0.0     0     0
  2007   1  10     0  24.5   7.8   0.0     0     0
  2007   1  11     0  23.0   7.5   0.0     0     0
  2007   1  12     0  23.8   5.6   0.0     0     0
  2007   1  13     0  21.0   4.5   0.0     0     0
  2007   1  14     0  21.8   4.4   0.0     0     0
  2007   1  15     0  22.6   4.4   0.0     0     0
  2007   1  16     0  21.0   7.0   0.0     0     0
  2007   1  17     0  20.8   8.0   0.0     0     0
  2007   1  18     0  22.0   6.5   0.0     0     0
  2007   1  19     0  21.6   6.5   0.0     0     0
  2007   1  20     0  22.0   6.0   0.0     0     0
  2007   1  21     0  22.8  10.8   0.0     0     0
  2007   1  22     0  21.5   6.5   0.0     0     0
  2007   1  23     0  21.8   8.5   0.0     0     0
  2007   1  24     0  23.5   7.5   0.0     0     0
  2007   1  25     0  24.5   9.0   0.0     0     0
  2007   1  26     0  25.0   8.8   0.0     0     0
  2007   1  27     0  26.8   9.0   0.0     0     0
  2007   1  28     0  28.0  10.6   0.0     0     0
  2007   1  29     0  27.0  10.5   0.0     0     0
  2007   1  30     0  27.6  13.0   0.0     0     0
  2007   1  31     0  26.0  12.5   0.0     0     0
  2007   2   1     0  25.6  13.5   0.0     0     0
  2007   2   2     0  25.4  13.8   0.0     0     0
  2007   2   3     0  26.5  12.0   0.0     0     0
  2007   2   4     0  23.6  12.2   0.0     0     0
  2007   2   5     0  23.2  14.8   0.0     0     0
  2007   2   6     0  22.6  13.5   0.0     0     0
  2007   2   7     0  23.0  14.5   0.0     0     0
  2007   2   8     0  25.0  13.6   0.0     0     0
  2007   2   9     0  25.0  14.0   0.0     0     0
  2007   2  10     0  25.5  14.5   0.0     0     0
  2007   2  11     0  21.5  16.0   0.0     0     0
  2007   2  12     0  24.5  14.0   0.0     0     0
  2007   2  13     0  26.6  13.0   0.0     0     0
  2007   2  14     0  25.0  13.4   0.0     0     0
  2007   2  15     0  25.4  12.6   0.0     0     0
  2007   2  16     0  23.0  13.0   0.0     0     0
  2007   2  17     0  24.0  12.0   0.0     0     0
  2007   2  18     0  25.0  13.0   0.0     0     0
  2007   2  19     0  26.0  11.6   0.0     0     0
  2007   2  20     0  25.0  12.0   0.0     0     0
  2007   2  21     0  24.6  13.4   0.0     0     0
  2007   2  22     0  27.0  12.6   0.0     0     0
  2007   2  23     0  28.0  10.0   0.0     0     0
  2007   2  24     0  29.0  15.4   0.0     0     0
  2007   2  25     0  18.4  13.5   0.0     0     0
  2007   2  26     0  24.0  14.0   0.0     0     0
  2007   2  27     0  27.0  12.0   0.0     0     0
  2007   2  28     0  27.6  13.0   0.0     0     0
  2007   3   1     0  24.6  14.0   0.0     0     0
  2007   3   2     0  27.0  13.5   0.0     0     0
  2007   3   3     0  27.0  12.2   0.0     0     0
  2007   3   4     0  27.4  12.5   0.0     0     0
  2007   3   5     0  28.0  12.5   0.0     0     0
  2007   3   6     0  28.0  13.0   0.0     0     0
  2007   3   7     0  27.2  10.5   0.0     0     0
  2007   3   8     0  28.5  11.5   0.0     0     0
  2007   3   9     0  28.5  11.8   0.0     0     0
  2007   3  10     0  31.0  12.0   0.0     0     0
  2007   3  11     0  31.2  14.0   0.0     0     0
  2007   3  12     0  31.2  14.5   0.0     0     0
  2007   3  13     0  25.8  14.2   7.8     0     0
  2007   3  14     0  27.0  16.5   1.5     0     0
  2007   3  15     0  28.0  15.5   0.0     0     0
  2007   3  16     0  27.5  11.6   0.0     0     0
  2007   3  17     0  27.5  11.2   0.0     0     0
  2007   3  18     0  29.5  14.2   0.0     0     0
  2007   3  19     0  31.5  15.5   0.0     0     0
  2007   3  20     0  32.8  17.0   0.0     0     0
  2007   3  21     0  30.8  17.5   0.0     0     0
  2007   3  22     0  33.5  18.5   0.0     0     0
  2007   3  23     0  32.4  20.0   0.0     0     0
  2007   3  24     0  32.2  15.5   0.0     0     0
  2007   3  25     0  31.0  15.2   0.0     0     0
  2007   3  26     0  31.8  14.0   0.0     0     0
  2007   3  27     0  33.5  15.2   0.0     0     0
  2007   3  28     0  34.2  19.5   0.0     0     0
  2007   3  29     0  35.6  19.5   0.0     0     0
  2007   3  30     0  37.5  20.5   0.0     0     0
  2007   3  31     0  37.5  20.0   0.0     0     0
  2007   4   1     0  38.0  23.0   0.0     0     0
  2007   4   2     0  37.5  17.0   0.0     0     0
  2007   4   3     0  36.0  15.5   0.0     0     0
  2007   4   4     0  35.5  18.0   0.0     0     0
  2007   4   5     0  36.0  21.0   0.0     0     0
  2007   4   6     0  36.0  21.0   0.0     0     0
  2007   4   7     0  34.0  21.0   0.0     0     0
  2007   4   8     0  35.4  20.0   0.0     0     0
  2007   4   9     0  35.5  22.2   0.0     0     0
  2007   4  10     0  33.6  22.2   0.0     0     0
  2007   4  11     0  34.0  21.4   0.0     0     0
  2007   4  12     0  32.0  21.0   0.0     0     0
  2007   4  13     0  33.0  23.0   0.0     0     0
  2007   4  14     0  34.5  24.0   0.0     0     0
  2007   4  15     0  36.2  24.0   0.0     0     0
  2007   4  16     0  36.2  26.0   0.0     0     0
  2007   4  17     0  33.5  21.6  42.7     0     0
  2007   4  18     0  36.0  24.5   0.0     0     0
  2007   4  19     0  37.0  24.0   0.0     0     0
  2007   4  20     0  36.4  24.0   0.0     0     0
  2007   4  21     0  36.0  22.2   0.0     0     0
  2007   4  22     0  36.0  22.5   0.0     0     0
  2007   4  23     0  35.0  24.5   0.0     0     0
  2007   4  24     0  32.5  20.0   0.0     0     0
  2007   4  25     0  32.0  22.0   4.4     0     0
  2007   4  26     0  33.0  24.5   0.0     0     0
  2007   4  27     0  33.4  24.5   0.0     0     0
  2007   4  28     0  34.0  24.5   0.0     0     0
  2007   4  29     0  35.5  25.5   0.0     0     0
  2007   4  30     0  34.0  21.2  18.2     0     0
  2007   5   1     0  35.2  20.5   2.5     0     0
  2007   5   2     0  36.5  24.4   0.0     0     0
  2007   5   3     0  37.2  26.0   0.0     0     0
  2007   5   4     0  37.2  26.5   0.0     0     0
  2007   5   5     0  38.8  27.0   0.0     0     0
  2007   5   6     0  39.2  27.5   0.0     0     0
  2007   5   7     0  36.0  26.0   0.0     0     0
  2007   5   8     0  34.0  24.5   0.0     0     0
  2007   5   9     0  35.0  24.5   0.0     0     0
  2007   5  10     0  35.0  24.5   0.0     0     0
  2007   5  11     0  35.4  23.0   1.0     0     0
  2007   5  12     0  32.5  21.5  14.2     0     0
  2007   5  13     0  35.5  24.0   0.0     0     0
  2007   5  14     0  36.0  25.0   0.0     0     0
  2007   5  15     0  33.0  24.5   0.0     0     0
  2007   5  16     0  34.0  25.8   0.0     0     0
  2007   5  17     0  36.0  24.0   0.0     0     0
  2007   5  18     0  34.0  22.2  19.5     0     0
  2007   5  19     0  35.5  25.5  36.7     0     0
  2007   5  20     0  35.5  23.5   0.0     0     0
  2007   5  21     0  31.6  23.5  48.5     0     0
  2007   5  22     0  35.0  23.5   0.0     0     0
  2007   5  23     0  38.2  26.5   0.0     0     0
  2007   5  24     0  37.5  25.5   0.0     0     0
  2007   5  25     0  34.0  26.5   0.0     0     0
  2007   5  26     0  35.0  26.4   0.0     0     0
  2007   5  27     0  36.5  26.5   0.0     0     0
  2007   5  28     0  37.0  23.0  28.5     0     0
  2007   5  29     0  38.0  23.6   0.0     0     0
  2007   5  30     0  38.5  24.0   0.0     0     0
  2007   5  31     0  40.0  24.5   0.0     0     0
  2007   6   1     0  40.2  24.0   0.0     0     0
  2007   6   2     0  37.0  27.5   0.0     0     0
  2007   6   3     0  35.0  28.0   0.0     0     0
  2007   6   4     0  31.0  21.4  26.6     0     0
  2007   6   5     0  32.5  23.0   0.0     0     0
  2007   6   6     0  32.0  23.5  31.5     0     0
  2007   6   7     0  31.5  27.0   0.0     0     0
  2007   6   8     0  31.4  26.6   0.0     0     0
  2007   6   9     0  28.6  25.0  99.5     0     0
  2007   6  10     0  28.5  24.0  86.5     0     0
  2007   6  11     0  32.5  25.0   0.0     0     0
  2007   6  12     0  33.5  25.0   0.0     0     0
  2007   6  13     0  30.0  27.2   0.0     0     0
  2007   6  14     0  33.0  25.0   0.0     0     0
  2007   6  15     0  27.4  25.2   4.2     0     0
  2007   6  16     0  32.2  25.0  67.2     0     0
  2007   6  17     0  32.0  23.5  26.0     0     0
  2007   6  18     0  35.5  24.0  28.8     0     0
  2007   6  19     0  32.4  25.8   0.0     0     0
  2007   6  20     0  34.0  25.5   0.0     0     0
  2007   6  21     0  35.5  27.4   0.0     0     0
  2007   6  22     0  35.5  27.5   0.0     0     0
  2007   6  23     0  34.6  27.0   0.0     0     0
  2007   6  24     0  34.4  26.5   0.0     0     0
  2007   6  25     0  34.6  27.0   0.0     0     0
  2007   6  26     0  35.0  28.0   0.0     0     0
  2007   6  27     0  32.5  23.2  67.8     0     0
  2007   6  28     0  35.0  25.5   0.0     0     0
  2007   6  29     0  34.0  27.5   0.0     0     0
  2007   6  30     0  33.5  27.5   0.0     0     0
  2007   7   1     0  34.2  27.2   0.0     0     0
  2007   7   2     0  35.4  27.0   0.0     0     0
  2007   7   3     0  35.2  28.0   0.0     0     0
  2007   7   4     0  36.0  28.2   0.0     0     0
  2007   7   5     0  34.8  28.0   0.0     0     0
  2007   7   6     0  33.0  27.4   0.0     0     0
  2007   7   7     0  34.5  28.0   0.0     0     0
  2007   7   8     0  33.8  26.6   0.0     0     0
  2007   7   9     0  36.5  26.8   0.0     0     0
  2007   7  10     0  31.4  27.5   0.0     0     0
  2007   7  11     0  27.5  25.4  10.2     0     0
  2007   7  12     0  35.0  27.5   0.0     0     0
  2007   7  13     0  35.0  25.5  22.2     0     0
  2007   7  14     0  33.6  25.0  44.2     0     0
  2007   7  15     0  34.0  27.5   0.0     0     0
  2007   7  16     0  33.4  26.0   0.0     0     0
  2007   7  17     0  31.0  26.0   0.0     0     0
  2007   7  18     0  33.4  26.5   5.0     0     0
  2007   7  19     0  32.2  25.5  20.5     0     0
  2007   7  20     0  27.4  26.0   3.7     0     0
  2007   7  21     0  27.2  25.0  31.0     0     0
  2007   7  22     0  30.0  25.0  34.8     0     0
  2007   7  23     0  28.2  24.5  71.9     0     0
  2007   7  24     0  26.4  24.2  72.5     0     0
  2007   7  25     0  25.5  23.4  69.2     0     0
  2007   7  26     0  25.8  24.2 115.6     0     0
  2007   7  27     0  25.5  24.0 163.8     0     0
  2007   7  28     0  26.4  24.5 255.3     0     0
  2007   7  29     0  27.5  24.2  42.2     0     0
  2007   7  30     0  29.4  25.2  11.5     0     0
  2007   7  31     0  27.6  25.6   3.2     0     0
  2007   8   1     0  27.4  23.8  69.3     0     0
  2007   8   2     0  31.0  25.0  57.2     0     0
  2007   8   3     0  33.0  25.5   2.5     0     0
  2007   8   4     0  35.0  26.5   8.2     0     0
  2007   8   5     0  36.0  28.5   0.0     0     0
  2007   8   6     0  34.0  29.0   0.0     0     0
  2007   8   7     0  34.4  28.4   0.0     0     0
  2007   8   8     0  33.4  27.5   0.0     0     0
  2007   8   9     0  35.0  28.0   0.0     0     0
  2007   8  10     0  36.6  28.0   0.0     0     0
  2007   8  11     0  37.5  30.0   0.0     0     0
  2007   8  12     0  30.2  26.0  27.2     0     0
  2007   8  13     0  33.5  26.0   3.7     0     0
  2007   8  14     0  27.0  25.0  62.1     0     0
  2007   8  15     0  28.2  25.4  19.8     0     0
  2007   8  16     0  28.0  24.6  32.7     0     0
  2007   8  17     0  28.2  25.4 111.5     0     0
  2007   8  18     0  32.2  26.5   0.0     0     0
  2007   8  19     0  31.5  27.5   2.1     0     0
  2007   8  20     0  32.2  27.5   0.0     0     0
  2007   8  21     0  33.5  26.5   0.0     0     0
  2007   8  22     0  35.0  27.0   0.0     0     0
  2007   8  23     0  33.4  27.5   0.0     0     0
  2007   8  24     0  31.2  24.5  65.0     0     0
  2007   8  25     0  34.0  26.2   0.0     0     0
  2007   8  26     0  33.5  27.6   0.0     0     0
  2007   8  27     0  33.4  25.0   9.5     0     0
  2007   8  28     0  32.2  25.0  51.5     0     0
  2007   8  29     0  32.8  26.5   0.0     0     0
  2007   8  30     0  29.4  26.6   1.5     0     0
  2007   8  31     0  33.4  26.5   0.0     0     0
  2007   9   1     0  33.5  26.0   1.7     0     0
  2007   9   2     0  30.5  24.2  46.2     0     0
  2007   9   3     0  30.6  27.5   0.0     0     0
  2007   9   4     0  33.5  26.0   4.2     0     0
  2007   9   5     0  30.5  26.0  18.2     0     0
  2007   9   6     0   DNA  24.6  18.5     0     0
  2007   9   7     0  33.0  25.0   2.2     0     0
  2007   9   8     0  29.5  24.8   4.5     0     0
  2007   9   9     0  31.0  25.5  38.6     0     0
  2007   9  10     0  34.0  26.6   3.1     0     0
  2007   9  11     0  34.5  27.0   0.0     0     0
  2007   9  12     0  33.5  28.0   0.0     0     0
  2007   9  13     0  34.0  25.0  41.0     0     0
  2007   9  14     0  34.0  27.0   0.0     0     0
  2007   9  15     0  34.5  26.5   0.0     0     0
  2007   9  16     0  32.0  25.8   0.0     0     0
  2007   9  17     0  31.6  26.5   6.8     0     0
  2007   9  18     0  33.5  27.5   0.0     0     0
  2007   9  19     0  34.2  27.0   0.0     0     0
  2007   9  20     0  35.0  26.0   0.0     0     0
  2007   9  21     0  35.0  27.0   0.0     0     0
  2007   9  22     0  34.8  24.6   0.0     0     0
  2007   9  23     0  30.0  24.5   0.0     0     0
  2007   9  24     0  26.8  24.4   0.0     0     0
  2007   9  25     0  24.6  23.0   8.5     0     0
  2007   9  26     0  34.6  22.0  87.7     0     0
  2007   9  27     0  31.6  23.5   1.5     0     0
  2007   9  28     0  28.0  24.0  12.5     0     0
  2007   9  29     0  30.0  23.6  50.5     0     0
  2007   9  30     0  29.0  24.8  53.2     0     0
  2007  10   1     0  32.2  24.5   0.0     0     0
  2007  10   2     0  33.8  25.5   0.0     0     0
  2007  10   3     0  34.0  26.0   0.0     0     0
  2007  10   4     0  34.5  26.2   0.0     0     0
  2007  10   5     0  35.2  26.0   0.0     0     0
  2007  10   6     0  34.6  27.5   0.0     0     0
  2007  10   7     0  35.0  26.5   0.0     0     0
  2007  10   8     0  32.0  24.5   0.0     0     0
  2007  10   9     0  30.8  24.0   0.0     0     0
  2007  10  10     0  29.5  24.8   0.0     0     0
  2007  10  11     0  30.2  24.5   0.0     0     0
  2007  10  12     0  28.2  25.0   0.0     0     0
  2007  10  13     0  31.8  24.5   0.0     0     0
  2007  10  14     0  32.4  24.6   0.0     0     0
  2007  10  15     0  32.2  22.4   0.0     0     0
  2007  10  16     0  27.6  24.0   0.0     0     0
  2007  10  17     0  30.0  24.4   0.0     0     0
  2007  10  18     0  30.6  22.6   0.0     0     0
  2007  10  19     0  31.0  22.4   0.0     0     0
  2007  10  20     0  30.5  21.0   0.0     0     0
  2007  10  21     0  30.4  22.5   0.0     0     0
  2007  10  22     0  29.4  21.5   0.0     0     0
  2007  10  23     0  29.0  22.0   0.0     0     0
  2007  10  24     0  30.0  22.0   0.0     0     0
  2007  10  25     0  31.0  22.0   0.0     0     0
  2007  10  26     0  31.5  21.5   0.0     0     0
  2007  10  27     0  31.4  20.5   0.0     0     0
  2007  10  28     0  31.0  21.0   0.0     0     0
  2007  10  29     0  31.0  20.6   0.0     0     0
  2007  10  30     0  31.2  21.0   0.0     0     0
  2007  10  31     0  31.2  21.0   0.0     0     0
  2007  11   1     0  31.4  21.8   0.0     0     0
  2007  11   2     0  32.0  20.5   0.0     0     0
  2007  11   3     0  31.0  18.5   0.0     0     0
  2007  11   4     0  31.5  18.5   0.0     0     0
  2007  11   5     0  31.0  19.0   0.0     0     0
  2007  11   6     0  31.4  20.0   0.0     0     0
  2007  11   7     0  31.5  20.0   0.0     0     0
  2007  11   8     0  30.0  19.6   0.0     0     0
  2007  11   9     0  30.0  20.0   0.0     0     0
  2007  11  10     0  30.0  16.0   0.0     0     0
  2007  11  11     0  29.8  16.4   0.0     0     0
  2007  11  12     0  29.0  16.0   0.0     0     0
  2007  11  13     0  29.0  17.5   0.0     0     0
  2007  11  14     0  30.0  16.0   0.0     0     0
  2007  11  15     0  30.6  16.4   0.0     0     0
  2007  11  16     0  30.2  15.0   0.0     0     0
  2007  11  17     0  30.4  15.6   0.0     0     0
  2007  11  18     0  28.8  16.2   0.0     0     0
  2007  11  19     0  30.0  15.5   0.0     0     0
  2007  11  20     0  29.4  15.5   0.0     0     0
  2007  11  21     0  29.5  14.6   0.0     0     0
  2007  11  22     0  30.5  15.0   0.0     0     0
  2007  11  23     0  30.8  16.5   0.0     0     0
  2007  11  24     0  30.5  15.0   0.0     0     0
  2007  11  25     0  28.8  14.5   0.0     0     0
  2007  11  26     0  28.6  15.6   0.0     0     0
  2007  11  27     0  28.5  13.0   0.0     0     0
  2007  11  28     0  28.0  13.5   0.0     0     0
  2007  11  29     0  27.8  14.5   0.0     0     0
  2007  11  30     0  28.0  14.5   0.0     0     0
  2007  12   1     0  27.4  13.5   0.0     0     0
  2007  12   2     0  27.5  14.4   0.0     0     0
  2007  12   3     0  25.4  14.8   0.0     0     0
  2007  12   4     0  27.0  12.5   0.0     0     0
  2007  12   5     0  25.5  12.6   0.0     0     0
  2007  12   6     0  25.4  12.4   0.0     0     0
  2007  12   7     0  26.0  11.6   0.0     0     0
  2007  12   8     0  24.8  10.0   0.0     0     0
  2007  12   9     0  25.0  10.4   0.0     0     0
  2007  12  10     0  25.6  13.4   0.0     0     0
  2007  12  11     0  26.0  11.5   0.0     0     0
  2007  12  12     0  25.4  11.8   0.0     0     0
  2007  12  13     0  24.6  13.5   0.0     0     0
  2007  12  14     0  25.0  11.0   0.0     0     0
  2007  12  15     0  24.4   9.2   0.0     0     0
  2007  12  16     0  23.6   7.5   0.0     0     0
  2007  12  17     0  24.4   8.5   0.0     0     0
  2007  12  18     0  24.4   7.5   0.0     0     0
  2007  12  19     0  24.2   7.0   0.0     0     0
  2007  12  20     0  24.0   7.8   0.0     0     0
  2007  12  21     0  21.0   8.0   0.0     0     0
  2007  12  22     0  22.5   8.2   0.0     0     0
  2007  12  23     0  24.4  10.5   0.0     0     0
  2007  12  24     0  25.0   9.2   0.0     0     0
  2007  12  25     0  25.0   8.8   0.0     0     0
  2007  12  26     0  20.2  10.5   0.0     0     0
  2007  12  27     0  27.4  13.5   0.0     0     0
  2007  12  28     0  20.2  11.8   0.0     0     0
  2007  12  29     0  23.8   8.5   0.0     0     0
  2007  12  30     0  24.0   8.4   0.0     0     0
  2007  12  31     0  22.6   8.5   0.0     0     0
