  2003   1   1     0  23.5  11.0   0.0     0     0
  2003   1   2     0  23.6  11.5   0.0     0     0
  2003   1   3     0  25.5   8.0   0.0     0     0
  2003   1   4     0  24.0   9.5   0.0     0     0
  2003   1   5     0  14.5   DNA   0.0     0     0
  2003   1   6     0  17.8  12.0   0.0     0     0
  2003   1   7     0  13.0   9.0   0.0     0     0
  2003   1   8     0  12.2   7.0   0.0     0     0
  2003   1   9     0  15.0   6.0   0.0     0     0
  2003   1  10     0  18.6   6.5   0.0     0     0
  2003   1  11     0  18.8   6.0   0.0     0     0
  2003   1  12     0  11.6   8.5   0.0     0     0
  2003   1  13     0  16.4   9.2   0.0     0     0
  2003   1  14     0  10.8   8.4   0.0     0     0
  2003   1  15     0  13.0   8.5   0.0     0     0
  2003   1  16     0  16.6   6.5   0.0     0     0
  2003   1  17     0  13.2   8.0   0.0     0     0
  2003   1  18     0  20.5   6.5   0.0     0     0
  2003   1  19     0  18.5   5.2   0.0     0     0
  2003   1  20     0  10.2   6.0   0.0     0     0
  2003   1  21     0  13.2   7.5   0.0     0     0
  2003   1  22     0  18.2   7.0   0.0     0     0
  2003   1  23     0  14.6   6.0   0.0     0     0
  2003   1  24     0  13.0   8.0   0.0     0     0
  2003   1  25     0  20.5   7.0   0.0     0     0
  2003   1  26     0  22.5   5.5   0.0     0     0
  2003   1  27     0  23.0   7.0   0.0     0     0
  2003   1  28     0  25.0   9.5   0.0     0     0
  2003   1  29     0  20.5  13.0  16.2     0     0
  2003   1  30     0  22.8  14.0   5.7     0     0
  2003   1  31     0  21.5  11.5   0.0     0     0
  2003   2   1     0  21.2  14.0   6.2     0     0
  2003   2   2     0  21.5  14.0   0.0     0     0
  2003   2   3     0  21.8  12.2   0.0     0     0
  2003   2   4     0  18.5  13.4   0.0     0     0
  2003   2   5     0  23.5  13.0   0.0     0     0
  2003   2   6     0  25.0  12.5   0.0     0     0
  2003   2   7     0  25.6  10.8   0.0     0     0
  2003   2   8     0  26.8  10.5   0.0     0     0
  2003   2   9     0  27.5  12.5   0.0     0     0
  2003   2  10     0  27.4  13.0   0.0     0     0
  2003   2  11     0  28.0  13.2   0.0     0     0
  2003   2  12     0  27.0  13.5   0.0     0     0
  2003   2  13     0  24.5   9.5   0.0     0     0
  2003   2  14     0  25.0   9.5   0.0     0     0
  2003   2  15     0  25.2  10.5   0.0     0     0
  2003   2  16     0  25.5  11.5   0.0     0     0
  2003   2  17     0  26.8  12.5   0.0     0     0
  2003   2  18     0  27.8  15.5   0.0     0     0
  2003   2  19     0  18.5  16.4   6.4     0     0
  2003   2  20     0  24.0  13.6   6.3     0     0
  2003   2  21     0  24.5  10.6   0.0     0     0
  2003   2  22     0  25.5  11.0   0.0     0     0
  2003   2  23     0  27.4  12.5   0.0     0     0
  2003   2  24     0  27.6  13.0   0.0     0     0
  2003   2  25     0  28.2  14.5   0.0     0     0
  2003   2  26     0  25.5  15.5   0.0     0     0
  2003   2  27     0  27.5  16.0   3.3     0     0
  2003   2  28     0  28.0  18.0   0.0     0     0
  2003   3   1     0  29.4  16.5   0.0     0     0
  2003   3   2     0  31.2  16.6   0.0     0     0
  2003   3   3     0  31.6  17.0   0.0     0     0
  2003   3   4     0  27.0  17.4   0.0     0     0
  2003   3   5     0  21.6   9.0   0.0     0     0
  2003   3   6     0  25.5   9.5   0.0     0     0
  2003   3   7     0  27.4  11.0   0.0     0     0
  2003   3   8     0  26.8   8.8   0.0     0     0
  2003   3   9     0  27.6  11.8   0.0     0     0
  2003   3  10     0  29.6  13.5   0.0     0     0
  2003   3  11     0  30.6  15.6   0.0     0     0
  2003   3  12     0  25.4  20.0   0.0     0     0
  2003   3  13     0  25.6  13.2  21.2     0     0
  2003   3  14     0  28.8  14.5   0.0     0     0
  2003   3  15     0  28.5  17.0   0.0     0     0
  2003   3  16     0  28.8  18.8   0.0     0     0
  2003   3  17     0  30.0  19.0   1.7     0     0
  2003   3  18     0  30.5  20.0   0.0     0     0
  2003   3  19     0  30.6  17.0   0.0     0     0
  2003   3  20     0  29.2  15.0   0.0     0     0
  2003   3  21     0  29.8  18.5   0.0     0     0
  2003   3  22     0  30.6  18.5   0.0     0     0
  2003   3  23     0  32.8  18.2   0.0     0     0
  2003   3  24     0  32.5  20.0   0.0     0     0
  2003   3  25     0  32.0  18.6  12.4     0     0
  2003   3  26     0  33.0  18.5   0.0     0     0
  2003   3  27     0  31.5  18.8   0.0     0     0
  2003   3  28     0  33.5  20.4   0.0     0     0
  2003   3  29     0  33.6  22.2   0.0     0     0
  2003   3  30     0  34.5  20.6   0.0     0     0
  2003   3  31     0  33.2  21.5   0.0     0     0
  2003   4   1     0  33.5  19.6   0.0     0     0
  2003   4   2     0  32.5  21.0   0.0     0     0
  2003   4   3     0  32.2  21.2   0.0     0     0
  2003   4   4     0  34.0  23.5   0.0     0     0
  2003   4   5     0  30.6  19.5  19.2     0     0
  2003   4   6     0  34.8  20.0   0.0     0     0
  2003   4   7     0  36.5  19.2   0.0     0     0
  2003   4   8     0  36.6  17.5   0.0     0     0
  2003   4   9     0  36.8  18.4   0.0     0     0
  2003   4  10     0  36.8  19.5   0.0     0     0
  2003   4  11     0  37.0  19.5   0.0     0     0
  2003   4  12     0  37.0  20.0   0.0     0     0
  2003   4  13     0  34.5  22.0   0.0     0     0
  2003   4  14     0  34.0  23.6   0.0     0     0
  2003   4  15     0  33.0  19.8   8.1     0     0
  2003   4  16     0  32.6  23.0   0.0     0     0
  2003   4  17     0  35.5  22.0   3.5     0     0
  2003   4  18     0  37.0  21.5   0.0     0     0
  2003   4  19     0  35.5  23.0   0.0     0     0
  2003   4  20     0  36.0  18.5  11.3     0     0
  2003   4  21     0  33.5  22.0   0.0     0     0
  2003   4  22     0  35.5  21.0   0.0     0     0
  2003   4  23     0  32.8  20.5   0.0     0     0
  2003   4  24     0  34.0  18.0   0.0     0     0
  2003   4  25     0  35.8  25.0   0.0     0     0
  2003   4  26     0  35.2  26.2   0.0     0     0
  2003   4  27     0  34.2  22.4  29.7     0     0
  2003   4  28     0  33.5  15.0     T     0     0
  2003   4  29     0  33.2  25.0   0.0     0     0
  2003   4  30     0  32.5  22.4   0.0     0     0
  2003   5   1     0  33.5  22.0   0.0     0     0
  2003   5   2     0  29.4  22.5   2.3     0     0
  2003   5   3     0  32.6  22.4   0.0     0     0
  2003   5   4     0  30.5   DNA  52.8     0     0
  2003   5   5     0  33.0   DNA   0.0     0     0
  2003   5   6     0  34.0   DNA   0.0     0     0
  2003   5   7     0  34.8   DNA   0.0     0     0
  2003   5   8     0  35.0  20.0   0.0     0     0
  2003   5   9     0  32.6  25.0   0.0     0     0
  2003   5  10     0  32.2  19.8   7.7     0     0
  2003   5  11     0  31.4  22.0   0.0     0     0
  2003   5  12     0  33.4  23.0   0.0     0     0
  2003   5  13     0  35.2  23.5   0.0     0     0
  2003   5  14     0  35.6  24.2   0.0     0     0
  2003   5  15     0  34.4  21.0  11.8     0     0
  2003   5  16     0  34.0  22.2   3.3     0     0
  2003   5  17     0  35.5  24.5   0.0     0     0
  2003   5  18     0  33.5  25.0   0.0     0     0
  2003   5  19     0  33.0  20.5   2.0     0     0
  2003   5  20     0  35.2  24.2   0.0     0     0
  2003   5  21     0  27.8  20.0  15.4     0     0
  2003   5  22     0  29.5   DNA  27.4     0     0
  2003   5  23     0  32.5  24.4   2.2     0     0
  2003   5  24     0  34.6  22.0   4.7     0     0
  2003   5  25     0  34.8  25.6   0.0     0     0
  2003   5  26     0  34.0  24.0   0.0     0     0
  2003   5  27     0  36.0  25.0   0.0     0     0
  2003   5  28     0  35.6  24.8   0.0     0     0
  2003   5  29     0  36.0  27.0   0.0     0     0
  2003   5  30     0  36.4  27.5   0.0     0     0
  2003   5  31     0  37.0  27.5   0.0     0     0
  2003   6   1     0  37.0  29.0   0.0     0     0
  2003   6   2     0  38.4  28.5   0.0     0     0
  2003   6   3     0  36.8  22.0  35.4     0     0
  2003   6   4     0  32.2  20.5 100.2     0     0
  2003   6   5     0  32.2  23.0   1.3     0     0
  2003   6   6     0  30.4  20.5  25.8     0     0
  2003   6   7     0  29.8  23.0   3.1     0     0
  2003   6   8     0  30.5  25.2   0.0     0     0
  2003   6   9     0  33.4  25.4   0.0     0     0
  2003   6  10     0  31.6  25.0  43.0     0     0
  2003   6  11     0  30.8  24.5   7.5     0     0
  2003   6  12     0  32.8  21.8  28.8     0     0
  2003   6  13     0  34.6  26.5   0.0     0     0
  2003   6  14     0  31.8  26.0   0.0     0     0
  2003   6  15     0  32.5  23.0  31.4     0     0
  2003   6  16     0  31.5  22.6  39.7     0     0
  2003   6  17     0  34.4  26.5   0.0     0     0
  2003   6  18     0  31.8  25.4  13.2     0     0
  2003   6  19     0  34.5  26.2   0.0     0     0
  2003   6  20     0  34.0  25.8  15.0     0     0
  2003   6  21     0  34.5  27.5   0.0     0     0
  2003   6  22     0  33.6  27.8   0.0     0     0
  2003   6  23     0  27.8  25.6  33.4     0     0
  2003   6  24     0  29.8  24.8 200.4     0     0
  2003   6  25     0  32.8  26.0   0.7     0     0
  2003   6  26     0  34.5  26.2  35.7     0     0
  2003   6  27     0  31.0  26.5   2.2     0     0
  2003   6  28     0  29.0  25.4 128.0     0     0
  2003   6  29     0  31.0  24.8  23.6     0     0
  2003   6  30     0  32.4  24.5   5.6     0     0
  2003   7   1     0  32.2  24.2  79.2     0     0
  2003   7   2     0  32.5  25.5   0.0     0     0
  2003   7   3     0  33.4  27.2   0.0     0     0
  2003   7   4     0  29.6  26.4   1.3     0     0
  2003   7   5     0  31.6  25.5   7.8     0     0
  2003   7   6     0  34.4  26.6   0.0     0     0
  2003   7   7     0  35.0  27.6   2.2     0     0
  2003   7   8     0  28.4  24.5   6.7     0     0
  2003   7   9     0  27.2  24.5  75.8     0     0
  2003   7  10     0  30.6  24.5   5.2     0     0
  2003   7  11     0  33.8  26.5   0.0     0     0
  2003   7  12     0  33.6  27.4   2.7     0     0
  2003   7  13     0  33.0  26.4  43.0     0     0
  2003   7  14     0  31.8  23.4  46.2     0     0
  2003   7  15     0  33.0  25.2  12.0     0     0
  2003   7  16     0  34.2  27.6   0.0     0     0
  2003   7  17     0  33.6  27.8   0.0     0     0
  2003   7  18     0  34.5  26.5   0.0     0     0
  2003   7  19     0  32.5  27.4   0.0     0     0
  2003   7  20     0  31.0  25.0  98.7     0     0
  2003   7  21     0  33.5  27.5   0.0     0     0
  2003   7  22     0  33.6  27.5   0.0     0     0
  2003   7  23     0  35.0  27.8   1.0     0     0
  2003   7  24     0  36.8  28.6   0.0     0     0
  2003   7  25     0  35.0  26.2   1.1     0     0
  2003   7  26     0  35.0  27.5   0.0     0     0
  2003   7  27     0  34.8  28.8   0.0     0     0
  2003   7  28     0  34.0  27.5   0.0     0     0
  2003   7  29     0  32.5  27.8   0.1     0     0
  2003   7  30     0  27.0  25.0  84.6     0     0
  2003   7  31     0  31.4  25.4  58.3     0     0
  2003   8   1     0  32.4  27.0   0.0     0     0
  2003   8   2     0  30.4  27.0   0.0     0     0
  2003   8   3     0  33.2  26.5   0.0     0     0
  2003   8   4     0  35.5  27.5   0.0     0     0
  2003   8   5     0  36.6  28.5   0.0     0     0
  2003   8   6     0  35.4  26.0   2.8     0     0
  2003   8   7     0  36.0  28.0   0.0     0     0
  2003   8   8     0  33.4  28.4   0.0     0     0
  2003   8   9     0  34.4  25.5  42.3     0     0
  2003   8  10     0  33.0  28.5   0.0     0     0
  2003   8  11     0  33.6  27.5   0.6     0     0
  2003   8  12     0  33.8  26.5   7.5     0     0
  2003   8  13     0  32.8  27.2   0.0     0     0
  2003   8  14     0  34.0  26.0  17.2     0     0
  2003   8  15     0  33.5  27.5   0.0     0     0
  2003   8  16     0  33.5  27.0   0.2     0     0
  2003   8  17     0  33.0  27.5   0.0     0     0
  2003   8  18     0  28.2  25.4  67.2     0     0
  2003   8  19     0  29.0  26.0  11.2     0     0
  2003   8  20     0  28.8  23.6  40.2     0     0
  2003   8  21     0  33.5  25.0   0.0     0     0
  2003   8  22     0  35.2  27.8   0.0     0     0
  2003   8  23     0  32.5  27.6   0.0     0     0
  2003   8  24     0  32.5  26.0   2.2     0     0
  2003   8  25     0  33.5  27.5   0.0     0     0
  2003   8  26     0  35.5  27.5   0.0     0     0
  2003   8  27     0  33.5  24.4  47.2     0     0
  2003   8  28     0  33.5  27.6   0.0     0     0
  2003   8  29     0  32.2  27.0   0.0     0     0
  2003   8  30     0  33.5  27.2   0.0     0     0
  2003   8  31     0  33.4  27.0   0.0     0     0
  2003   9   1     0  32.5  26.5   0.0     0     0
  2003   9   2     0  32.5  26.5   0.0     0     0
  2003   9   3     0  32.8  26.0   0.0     0     0
  2003   9   4     0  33.4  26.5   0.0     0     0
  2003   9   5     0  33.6  26.8   0.0     0     0
  2003   9   6     0  33.8  26.0   3.7     0     0
  2003   9   7     0  32.6  26.2   0.0     0     0
  2003   9   8     0  32.8  26.4   0.0     0     0
  2003   9   9     0  33.2  26.5   0.0     0     0
  2003   9  10     0  34.2  26.4   0.0     0     0
  2003   9  11     0  35.0  27.0   0.0     0     0
  2003   9  12     0  33.4  27.0  14.6     0     0
  2003   9  13     0  33.5  26.5   0.0     0     0
  2003   9  14     0  34.0  26.0   2.4     0     0
  2003   9  15     0  28.4  26.0   0.0     0     0
  2003   9  16     0  33.6  25.5   0.0     0     0
  2003   9  17     0  32.4  26.5   0.0     0     0
  2003   9  18     0  33.0  25.5   3.4     0     0
  2003   9  19     0  33.8  26.2   0.0     0     0
  2003   9  20     0  33.5  26.0   0.0     0     0
  2003   9  21     0  33.2  25.8   0.0     0     0
  2003   9  22     0  31.6  25.5   1.8     0     0
  2003   9  23     0  33.5  25.0   2.7     0     0
  2003   9  24     0  29.5  24.5  19.4     0     0
  2003   9  25     0  31.6  23.6   0.0     0     0
  2003   9  26     0  33.4  23.5   0.0     0     0
  2003   9  27     0  33.2  25.0   0.0     0     0
  2003   9  28     0  32.6  24.0   5.7     0     0
  2003   9  29     0  29.6  22.6  34.8     0     0
  2003   9  30     0  30.5  24.0  19.2     0     0
  2003  10   1     0  32.5  25.2   0.0     0     0
  2003  10   2     0  33.0  25.0   0.0     0     0
  2003  10   3     0  33.4  25.2   0.0     0     0
  2003  10   4     0  33.6  24.0   0.0     0     0
  2003  10   5     0  33.0  23.5   0.0     0     0
  2003  10   6     0  32.5  24.5   0.0     0     0
  2003  10   7     0  31.8  24.5   0.0     0     0
  2003  10   8     0  26.2  24.4     T     0     0
  2003  10   9     0  26.8  22.0  30.2     0     0
  2003  10  10     0  31.0  23.0   4.2     0     0
  2003  10  11     0  31.0  24.0   1.5     0     0
  2003  10  12     0  31.6  24.2   0.0     0     0
  2003  10  13     0  31.8  23.0   0.0     0     0
  2003  10  14     0  31.8  20.0   0.0     0     0
  2003  10  15     0  32.5  21.4   0.0     0     0
  2003  10  16     0  32.8  23.8   0.0     0     0
  2003  10  17     0  32.6  23.5   0.0     0     0
  2003  10  18     0  32.8  22.4   0.0     0     0
  2003  10  19     0  33.0  21.0   0.0     0     0
  2003  10  20     0  32.0  21.5   0.0     0     0
  2003  10  21     0  31.5  19.0   0.0     0     0
  2003  10  22     0  32.0  17.6   0.0     0     0
  2003  10  23     0  30.4  19.5   0.0     0     0
  2003  10  24     0  27.8  22.8   0.0     0     0
  2003  10  25     0  22.4  20.6  27.3     0     0
  2003  10  26     0  26.0  20.5   4.3     0     0
  2003  10  27     0  27.5  21.4   1.6     0     0
  2003  10  28     0  31.5  21.0   0.0     0     0
  2003  10  29     0  31.6  21.0   0.0     0     0
  2003  10  30     0  31.5  20.8   0.0     0     0
  2003  10  31     0  31.8  19.5   0.0     0     0
  2003  11   1     0  32.0  17.6   0.0     0     0
  2003  11   2     0  31.0  18.0   0.0     0     0
  2003  11   3     0  30.5  17.0   0.0     0     0
  2003  11   4     0  30.4  19.0   0.0     0     0
  2003  11   5     0  29.6  19.2   0.0     0     0
  2003  11   6     0  29.6  18.5   0.0     0     0
  2003  11   7     0  30.8  18.6   0.0     0     0
  2003  11   8     0  27.6  18.5   0.0     0     0
  2003  11   9     0  27.2  18.0   0.0     0     0
  2003  11  10     0  27.8  19.0   0.0     0     0
  2003  11  11     0  27.4  18.6   0.0     0     0
  2003  11  12     0  28.4  18.2   0.0     0     0
  2003  11  13     0  29.4  17.0   0.0     0     0
  2003  11  14     0  30.2  17.5   0.0     0     0
  2003  11  15     0  29.5  17.4   0.0     0     0
  2003  11  16     0  28.6  16.2   0.0     0     0
  2003  11  17     0  28.4  15.0   0.0     0     0
  2003  11  18     0  28.5  16.0   0.0     0     0
  2003  11  19     0  28.8  15.6   0.0     0     0
  2003  11  20     0  28.4  12.2   0.0     0     0
  2003  11  21     0  26.6  11.0   0.0     0     0
  2003  11  22     0  27.0  13.5   0.0     0     0
  2003  11  23     0  27.4  14.4   0.0     0     0
  2003  11  24     0  28.5  14.2   0.0     0     0
  2003  11  25     0  28.0  13.6   0.0     0     0
  2003  11  26     0  26.8  13.0   0.0     0     0
  2003  11  27     0  26.6  12.8   0.0     0     0
  2003  11  28     0  25.6  12.5   0.0     0     0
  2003  11  29     0  25.0  13.0   0.0     0     0
  2003  11  30     0  26.4  13.4   0.0     0     0
  2003  12   1     0  26.4  10.0   0.0     0     0
  2003  12   2     0  26.4  11.2   0.0     0     0
  2003  12   3     0  26.2  11.5   0.0     0     0
  2003  12   4     0  26.0  12.0   0.0     0     0
  2003  12   5     0  24.6  12.5   0.0     0     0
  2003  12   6     0  23.4  13.5   0.0     0     0
  2003  12   7     0  23.8  12.8   0.0     0     0
  2003  12   8     0  26.4  13.0   0.0     0     0
  2003  12   9     0  27.4  14.5   0.0     0     0
  2003  12  10     0  27.6  14.0   0.0     0     0
  2003  12  11     0  27.6  13.6   0.0     0     0
  2003  12  12     0  28.4  12.5   0.0     0     0
  2003  12  13     0  28.5  11.6   0.0     0     0
  2003  12  14     0  28.4  12.5   0.0     0     0
  2003  12  15     0  27.0  11.8   0.0     0     0
  2003  12  16     0  22.0  15.0   0.0     0     0
  2003  12  17     0  26.6  11.5   0.0     0     0
  2003  12  18     0  27.0  11.0   0.0     0     0
  2003  12  19     0  27.5  10.8   0.0     0     0
  2003  12  20     0  26.6  10.6   0.0     0     0
  2003  12  21     0  26.0   9.5   0.0     0     0
  2003  12  22     0  24.5   9.4   0.0     0     0
  2003  12  23     0  25.8   8.5   0.0     0     0
  2003  12  24     0  25.0   8.4   0.0     0     0
  2003  12  25     0  23.8   8.0   0.0     0     0
  2003  12  26     0  19.0   9.5   0.0     0     0
  2003  12  27     0  24.5   6.6   0.0     0     0
  2003  12  28     0  15.6   8.6  12.2     0     0
  2003  12  29     0  17.6   9.0   0.0     0     0
  2003  12  30     0  18.0  11.4   0.0     0     0
  2003  12  31     0  12.6   8.2   0.0     0     0
