      1    0.0
      2    0.0
      3    0.0
      4    0.0
      5    0.0
      6    0.0
      7    0.0
      8    0.0
      9    0.0
     10    T  
     11    5.1
     12    0.0
     13    0.0
     14    0.0
     15    0.0
     16    0.0
     17    0.0
     18    0.0
     19    0.0
     20    0.0
     21    0.0
     22    0.0
     23    0.0
     24    0.0
     25    0.0
     26    0.0
     27    0.0
     28    0.0
     29    0.0
     30    0.0
     31    0.0
     32    0.0
     33    0.0
     34    0.0
     35    0.0
     36    0.0
     37    0.0
     38    0.0
     39    0.0
     40    0.0
     41   10.1
     42   16.0
     43    0.0
     44    0.0
     45    0.0
     46    0.0
     47    0.0
     48    0.0
     49    0.0
     50    0.0
     51    0.0
     52    0.0
     53    T  
     54    T  
     55    3.4
     56    5.2
     57    0.0
     58    5.3
     59    T  
     60    0.0
     61    0.0
     62    0.0
     63    0.0
     64    0.0
     65    0.0
     66    0.0
     67    0.0
     68   10.4
     69    0.0
     70    0.0
     71   13.4
     72    0.0
     73    0.0
     74    0.0
     75    0.0
     76    0.0
     77    0.0
     78    0.0
     79    0.0
     80    0.0
     81    0.0
     82    0.0
     83    0.0
     84    0.0
     85   10.0
     86    T  
     87    0.0
     88    0.0
     89    0.0
     90    0.0
     91    0.0
     92    0.0
     93    0.0
     94    0.0
     95    0.0
     96    0.0
     97    0.0
     98    0.0
     99    8.0
    100    T  
    101    0.0
    102    0.0
    103    T  
    104    T  
    105    0.0
    106    6.2
    107    9.1
    108   12.0
    109   29.5
    110    0.0
    111    0.0
    112    8.2
    113    T  
    114    5.4
    115    0.0
    116    T  
    117    0.0
    118    5.2
    119    0.0
    120    T  
    121   12.0
    122    0.0
    123    0.0
    124    3.2
    125    T  
    126    0.0
    127    T  
    128    0.0
    129    0.0
    130    0.0
    131    0.0
    132    T  
    133   38.2
    134    T  
    135   11.1
    136    7.0
    137   13.3
    138   48.2
    139    T  
    140    0.0
    141    0.0
    142    0.0
    143    T  
    144    5.4
    145   24.0
    146   27.0
    147    0.0
    148    0.0
    149    T  
    150    6.2
    151   10.0
    152    0.0
    153   11.2
    154    T  
    155    5.2
    156    T  
    157    0.0
    158    0.0
    159    0.0
    160    0.0
    161    3.4
    162    0.0
    163    0.0
    164    0.0
    165    T  
    166   38.5
    167    0.0
    168    T  
    169    9.3
    170    0.0
    171    0.0
    172    5.3
    173    0.0
    174    T  
    175   18.3
    176    T  
    177    0.0
    178    0.0
    179    0.0
    180    0.0
    181    0.0
    182    9.2
    183    0.0
    184    0.0
    185    0.0
    186    0.0
    187    0.0
    188    0.0
    189    6.6
    190   14.3
    191    0.0
    192    T  
    193   22.4
    194   55.0
    195    7.5
    196   75.5
    197   38.0
    198   76.1
    199    T  
    200   74.5
    201   11.0
    202    7.5
    203    0.0
    204    T  
    205   37.0
    206    0.0
    207    0.0
    208    T  
    209    0.0
    210    7.2
    211    9.4
    212    T  
    213    0.0
    214    0.0
    215    0.0
    216    0.0
    217    0.0
    218    0.0
    219    0.0
    220    0.0
    221   19.0
    222   16.2
    223   38.0
    224    0.0
    225    0.0
    226   85.5
    227    T  
    228    0.0
    229    0.0
    230    0.0
    231   15.0
    232    9.3
    233    0.0
    234    0.0
    235    0.0
    236   15.5
    237    0.0
    238    T  
    239    0.0
    240    0.0
    241    0.0
    242   10.2
    243   25.5
    244   47.1
    245   13.1
    246    5.4
    247    0.0
    248    0.0
    249    T  
    250   27.0
    251   38.0
    252    T  
    253    9.3
    254    T  
    255   10.3
    256    0.0
    257    0.0
    258    T  
    259    0.0
    260    0.0
    261    0.0
    262    0.0
    263    0.0
    264    0.0
    265    0.0
    266    0.0
    267    T  
    268    5.2
    269    4.9
    270    T  
    271    3.4
    272    0.0
    273    0.0
    274    T  
    275    T  
    276    5.3
    277    9.1
    278    7.0
    279   72.3
    280   12.0
    281    T  
    282    0.0
    283    0.0
    284    0.0
    285    0.0
    286    0.0
    287    0.0
    288    0.0
    289    0.0
    290    0.0
    291    0.0
    292    0.0
    293    0.0
    294    0.0
    295    0.0
    296    0.0
    297    0.0
    298    0.0
    299    T  
    300    0.0
    301    0.0
    302    0.0
    303    0.0
    304    0.0
    305    0.0
    306    0.0
    307    0.0
    308    0.0
    309    0.0
    310    0.0
    311    0.0
    312    0.0
    313    0.0
    314    0.0
    315    0.0
    316    0.0
    317    0.0
    318    0.0
    319    0.0
    320    0.0
    321    0.0
    322    0.0
    323    0.0
    324    0.0
    325    0.0
    326    0.0
    327    0.0
    328    0.0
    329    0.0
    330    0.0
    331    0.0
    332    0.0
    333    0.0
    334    0.0
    335    0.0
    336    0.0
    337    0.0
    338    0.0
    339    0.0
    340    0.0
    341    0.0
    342    0.0
    343    0.0
    344    0.0
    345    0.0
    346    0.0
    347    0.0
    348    0.0
    349    0.0
    350    0.0
    351    0.0
    352    0.0
    353    0.0
    354    0.0
    355    0.0
    356    0.0
    357    0.0
    358    0.0
    359    0.0
    360    0.0
    361    0.0
    362    0.0
    363    0.0
    364    0.0
    365    0.0
    366    0.0
