      1    0.0
      2    0.0
      3    0.0
      4    0.0
      5    0.0
      6    0.0
      7    0.0
      8    0.0
      9    0.0
     10    0.0
     11    0.0
     12    0.0
     13    0.0
     14    0.0
     15    0.0
     16    0.0
     17    0.0
     18    0.0
     19    0.0
     20    0.0
     21    0.0
     22    0.0
     23    0.0
     24    0.0
     25    0.0
     26    0.0
     27    0.0
     28    0.0
     29    0.0
     30    0.0
     31    0.0
     32    0.0
     33    0.0
     34    4.0
     35    T  
     36    0.0
     37    0.0
     38    0.0
     39    0.0
     40    0.0
     41    0.0
     42    0.0
     43    0.0
     44    0.0
     45    0.0
     46    0.0
     47    0.0
     48    0.0
     49    0.0
     50    0.0
     51    0.0
     52    0.0
     53    0.0
     54    0.0
     55    0.0
     56    0.0
     57    0.0
     58    0.0
     59    0.0
     60    6.8
     61    2.4
     62    0.0
     63    0.0
     64    0.0
     65    0.0
     66    T  
     67    6.4
     68    0.0
     69    0.0
     70    T  
     71    6.5
     72    0.0
     73    0.0
     74    0.0
     75    0.0
     76    0.0
     77    2.4
     78    5.6
     79    0.0
     80    2.5
     81    0.0
     82    0.0
     83    0.0
     84    0.0
     85    0.0
     86    0.0
     87    0.0
     88    0.0
     89    0.0
     90    5.3
     91    0.0
     92    0.0
     93    0.0
     94    0.0
     95    0.0
     96    0.0
     97    0.0
     98    0.0
     99    0.0
    100    0.0
    101    0.0
    102    0.0
    103    0.0
    104    0.0
    105    0.0
    106    0.0
    107    0.0
    108    0.0
    109    0.0
    110    0.0
    111    0.0
    112    0.0
    113    3.4
    114    0.0
    115    0.0
    116    0.0
    117    0.0
    118    0.0
    119    0.0
    120    3.3
    121    2.4
    122    0.0
    123    0.0
    124    3.4
    125    4.9
    126    2.7
    127   24.4
    128    T  
    129    4.5
    130    3.0
    131   23.0
    132   18.2
    133   24.6
    134    T  
    135    T  
    136    0.0
    137   20.6
    138   11.3
    139    0.0
    140   11.8
    141    4.6
    142    4.4
    143   20.6
    144    5.5
    145    0.0
    146   18.0
    147    9.5
    148    4.8
    149    3.0
    150    7.0
    151    0.0
    152    6.8
    153    7.3
    154   15.8
    155    3.7
    156    6.8
    157    0.0
    158    0.0
    159   14.5
    160  114.5
    161    4.3
    162    T  
    163    0.0
    164  146.0
    165    9.7
    166    0.0
    167    3.3
    168    0.0
    169    0.0
    170    0.0
    171    0.0
    172    9.3
    173   19.0
    174   43.0
    175   19.0
    176   11.0
    177    1.3
    178    0.0
    179   25.4
    180    3.5
    181    2.7
    182    0.0
    183    2.3
    184    7.2
    185    0.0
    186    T  
    187    3.5
    188   43.9
    189    3.2
    190   17.5
    191   22.2
    192    9.9
    193   20.2
    194    0.0
    195    T  
    196   41.0
    197   26.5
    198   56.5
    199    4.6
    200   19.4
    201    0.0
    202   14.3
    203    6.5
    204    6.4
    205   15.5
    206   35.0
    207   11.3
    208    T  
    209   17.5
    210   20.0
    211   11.4
    212    6.3
    213   37.4
    214   36.5
    215    7.6
    216   34.5
    217    0.0
    218    9.7
    219   14.5
    220   50.0
    221    9.3
    222    T  
    223    4.1
    224    7.4
    225    0.0
    226    1.3
    227    T  
    228   45.7
    229   26.3
    230    0.0
    231    0.0
    232    0.0
    233    0.0
    234    1.7
    235   48.5
    236    0.0
    237   35.4
    238    0.0
    239   17.3
    240    7.5
    241    7.3
    242    0.0
    243    0.0
    244    0.0
    245   83.7
    246    7.8
    247    6.2
    248    0.0
    249   35.7
    250    0.0
    251   25.0
    252    3.2
    253    0.0
    254    0.0
    255    0.0
    256   17.2
    257    1.3
    258    5.7
    259    0.0
    260    0.0
    261    0.0
    262    3.0
    263    1.5
    264    0.0
    265    7.7
    266    0.0
    267    0.0
    268    0.0
    269    0.0
    270    0.0
    271    0.0
    272    0.0
    273    2.4
    274    0.0
    275    0.0
    276    0.0
    277    0.0
    278    0.0
    279    1.3
    280    7.2
    281    3.4
    282    0.0
    283    0.0
    284    0.0
    285    0.0
    286    0.0
    287    0.0
    288    0.0
    289    0.0
    290    0.0
    291    0.0
    292    0.0
    293    0.0
    294    0.0
    295    0.0
    296    0.0
    297    0.0
    298    0.0
    299   10.3
    300    0.0
    301    0.0
    302    0.0
    303    0.0
    304    0.0
    305    0.0
    306    0.0
    307    0.0
    308    0.0
    309    0.0
    310    0.0
    311    0.0
    312    0.0
    313    0.0
    314    0.0
    315    0.0
    316    0.0
    317    0.0
    318    0.0
    319    0.0
    320    0.0
    321    0.0
    322    0.0
    323    0.0
    324    0.0
    325    0.0
    326    0.0
    327    0.0
    328    0.0
    329    0.0
    330    0.0
    331    0.0
    332    0.0
    333    0.0
    334    0.0
    335    0.0
    336    0.0
    337    0.0
    338    0.0
    339    0.0
    340    0.0
    341    0.0
    342    0.0
    343    0.0
    344    0.0
    345    0.0
    346    0.0
    347    0.0
    348    0.0
    349    0.0
    350    0.0
    351    0.0
    352    0.0
    353    0.0
    354    0.0
    355    0.0
    356    0.0
    357    0.0
    358    0.0
    359    0.0
    360    0.0
    361    0.0
    362    0.0
    363    0.0
    364    0.0
    365    0.0
    366    0.0
