      1    0.0
      2    0.0
      3    0.0
      4    0.0
      5    0.0
      6    0.0
      7    0.0
      8    0.0
      9    0.0
     10    0.0
     11    0.0
     12    0.0
     13    0.0
     14    0.0
     15    0.0
     16    0.0
     17    0.0
     18    0.0
     19    0.0
     20    0.0
     21    5.3
     22   44.0
     23   12.0
     24    0.0
     25    0.0
     26    0.0
     27    0.0
     28    0.0
     29    0.0
     30    0.0
     31    0.0
     32    0.0
     33    0.0
     34    0.0
     35    0.0
     36    0.0
     37    0.0
     38    0.0
     39    0.0
     40    0.0
     41    0.0
     42    0.0
     43    0.0
     44    0.0
     45    0.0
     46    0.0
     47    0.0
     48    0.0
     49    0.0
     50    0.0
     51    0.0
     52    0.0
     53    0.0
     54    0.0
     55    0.0
     56    0.0
     57    0.0
     58    0.0
     59    0.0
     60    T  
     61    0.0
     62    0.0
     63    0.0
     64    0.0
     65    0.0
     66    0.0
     67    0.0
     68    0.0
     69    0.0
     70    0.0
     71    0.0
     72    T  
     73    0.0
     74    T  
     75    0.0
     76    0.0
     77    0.0
     78    0.0
     79    0.0
     80    3.2
     81    0.0
     82    0.0
     83    0.0
     84    0.0
     85    0.0
     86    0.0
     87    0.0
     88    0.0
     89    0.0
     90    0.0
     91    0.0
     92    0.0
     93    0.0
     94   16.2
     95   22.0
     96    T  
     97    0.0
     98    2.1
     99    5.4
    100    9.5
    101    T  
    102    3.1
    103    5.0
    104   30.3
    105    0.0
    106    0.0
    107    0.0
    108    0.0
    109    0.0
    110    0.0
    111    0.0
    112    T  
    113    0.0
    114   19.0
    115    0.0
    116    0.0
    117    0.0
    118    0.0
    119   22.0
    120    T  
    121    5.3
    122    T  
    123    0.0
    124    0.0
    125    5.1
    126    T  
    127    0.0
    128    0.0
    129    0.0
    130    0.0
    131    0.0
    132   27.0
    133    T  
    134   16.4
    135    T  
    136    9.5
    137    5.0
    138   15.2
    139   16.0
    140   10.4
    141    8.0
    142    0.0
    143    T  
    144   11.0
    145    T  
    146   34.6
    147   12.0
    148    T  
    149   38.0
    150   19.0
    151   24.0
    152    0.0
    153   22.0
    154   82.5
    155   22.1
    156    7.5
    157    T  
    158    0.0
    159    T  
    160    3.4
    161    0.0
    162    0.0
    163    7.1
    164    0.0
    165    0.0
    166    0.0
    167    T  
    168   12.1
    169    8.4
    170   42.2
    171    3.0
    172    9.1
    173    T  
    174   34.0
    175    5.4
    176    T  
    177    0.0
    178    0.0
    179    0.0
    180    0.0
    181    0.0
    182    0.0
    183   12.0
    184    0.0
    185   11.0
    186    0.0
    187    0.0
    188   61.0
    189   37.0
    190   13.5
    191   10.2
    192   26.1
    193   36.1
    194   38.4
    195   76.0
    196   65.2
    197    8.6
    198    7.5
    199    T  
    200   26.0
    201    0.0
    202    0.0
    203    0.0
    204    0.0
    205   11.0
    206   26.1
    207   13.4
    208   24.5
    209   53.0
    210   22.0
    211   16.2
    212    0.0
    213    0.0
    214    0.0
    215    T  
    216    5.1
    217    T  
    218   34.0
    219    T  
    220    5.1
    221    T  
    222    9.0
    223    T  
    224    0.0
    225    T  
    226    0.0
    227   10.0
    228   11.0
    229   24.0
    230   26.3
    231   11.5
    232    9.2
    233   30.4
    234    T  
    235    5.3
    236    T  
    237    0.0
    238    0.0
    239    0.0
    240    0.0
    241    0.0
    242    0.0
    243   10.6
    244    T  
    245    3.1
    246    0.0
    247   11.0
    248   19.0
    249    0.0
    250    0.0
    251    T  
    252    5.1
    253   10.0
    254   62.5
    255    0.0
    256    0.0
    257    T  
    258    0.0
    259    5.3
    260    T  
    261   10.1
    262    0.0
    263    T  
    264    6.3
    265    0.0
    266    0.0
    267    0.0
    268    0.0
    269    0.0
    270    0.0
    271    5.4
    272    T  
    273   10.6
    274   15.3
    275    9.1
    276    5.0
    277   21.5
    278    0.0
    279    0.0
    280    0.0
    281    0.0
    282    0.0
    283    0.0
    284    0.0
    285    0.0
    286    0.0
    287   10.3
    288    0.0
    289   19.5
    290    0.0
    291    0.0
    292    0.0
    293    0.0
    294    0.0
    295    0.0
    296    0.0
    297    0.0
    298    0.0
    299    0.0
    300    0.0
    301    0.0
    302    0.0
    303    0.0
    304    0.0
    305    0.0
    306    0.0
    307    0.0
    308    0.0
    309    0.0
    310    0.0
    311    0.0
    312    0.0
    313    0.0
    314    0.0
    315    0.0
    316    0.0
    317    0.0
    318    0.0
    319    0.0
    320    0.0
    321    0.0
    322    0.0
    323    0.0
    324    0.0
    325    0.0
    326    0.0
    327    0.0
    328    0.0
    329    9.4
    330    0.0
    331    0.0
    332    0.0
    333    0.0
    334    0.0
    335    0.0
    336    0.0
    337    0.0
    338    0.0
    339    0.0
    340    0.0
    341    0.0
    342    0.0
    343    0.0
    344    0.0
    345    0.0
    346    0.0
    347    0.0
    348    0.0
    349    0.0
    350    0.0
    351    0.0
    352    0.0
    353    0.0
    354    0.0
    355    0.0
    356    0.0
    357    0.0
    358    0.0
    359    0.0
    360    0.0
    361    0.0
    362    0.0
    363    0.0
    364    0.0
    365    0.0
    366    0.0
