      1    0.0
      2    0.0
      3    0.0
      4    0.0
      5    0.0
      6    0.0
      7    0.0
      8    0.0
      9    0.0
     10    0.0
     11    0.0
     12    0.0
     13    0.0
     14    0.0
     15    0.0
     16    0.0
     17   32.7
     18    0.0
     19    0.0
     20    0.0
     21    0.0
     22    0.0
     23    0.0
     24    0.0
     25    0.0
     26    0.0
     27    0.0
     28    0.0
     29    0.0
     30    0.0
     31    0.0
     32    0.0
     33    0.0
     34    0.0
     35    0.0
     36    0.0
     37    0.0
     38    0.0
     39    0.0
     40    0.0
     41    0.0
     42    0.0
     43    0.0
     44    0.0
     45    0.0
     46    0.0
     47    0.0
     48    0.0
     49    0.0
     50    2.2
     51    0.0
     52    0.0
     53    0.0
     54    0.0
     55    0.0
     56    0.0
     57    0.0
     58    0.0
     59    0.0
     60    0.0
     61    0.0
     62    0.0
     63    0.0
     64    0.0
     65    0.0
     66    0.0
     67    0.0
     68    0.0
     69    0.0
     70    0.0
     71    0.0
     72    0.0
     73    0.0
     74    0.0
     75    0.0
     76    0.0
     77    0.0
     78    0.0
     79    0.0
     80    0.0
     81    0.0
     82    0.0
     83    0.0
     84    0.0
     85    0.0
     86    0.0
     87    0.0
     88    0.0
     89    0.0
     90   11.7
     91    0.0
     92   21.4
     93   11.3
     94    0.0
     95    0.0
     96    0.0
     97    0.0
     98    0.0
     99    0.0
    100    0.0
    101    0.0
    102    0.0
    103    0.0
    104    0.0
    105    0.0
    106    0.0
    107    2.2
    108    3.1
    109   12.7
    110   31.2
    111    0.0
    112    2.9
    113    6.7
    114    0.0
    115    0.0
    116    3.4
    117    0.0
    118    2.4
    119   24.2
    120   28.7
    121   17.8
    122   11.7
    123    T  
    124    T  
    125    0.0
    126    0.0
    127   73.7
    128  115.3
    129    3.2
    130   17.4
    131   34.2
    132   63.6
    133  103.7
    134   62.7
    135   23.7
    136   36.2
    137   26.2
    138    0.0
    139    0.0
    140    0.0
    141    0.0
    142    0.0
    143    0.0
    144   32.4
    145   36.2
    146    0.0
    147    0.0
    148   27.4
    149   34.5
    150    0.0
    151    0.0
    152    0.0
    153    0.0
    154   14.8
    155   23.4
    156   17.8
    157    0.0
    158   32.7
    159   34.7
    160   30.1
    161   28.1
    162   24.7
    163   44.2
    164   37.8
    165   27.4
    166   29.2
    167    0.0
    168    0.0
    169   42.4
    170   21.7
    171   43.5
    172    0.0
    173   19.7
    174   23.4
    175   29.4
    176    0.0
    177   52.7
    178   32.4
    179   21.7
    180   17.5
    181    0.0
    182   28.2
    183   17.1
    184    T  
    185   28.7
    186   27.9
    187    0.0
    188   73.7
    189   15.3
    190    3.2
    191   17.4
    192   34.2
    193   63.6
    194  103.7
    195   42.7
    196   23.7
    197   37.2
    198   23.7
    199   73.5
    200   49.5
    201   48.7
    202    0.0
    203    0.0
    204    0.0
    205   27.7
    206   12.8
    207    0.0
    208    0.0
    209   23.2
    210   17.4
    211   29.4
    212   34.5
    213   42.7
    214   12.7
    215    0.0
    216    0.0
    217   14.8
    218   23.4
    219    0.0
    220    0.0
    221   20.2
    222   10.5
    223    0.0
    224    0.0
    225    0.0
    226    0.0
    227   14.5
    228   15.6
    229    0.0
    230    0.0
    231   14.7
    232    0.3
    233   14.3
    234   11.7
    235    0.0
    236    0.0
    237    4.5
    238   13.7
    239   12.5
    240    0.0
    241   21.7
    242   12.3
    243   14.3
    244   13.7
    245    0.0
    246   22.7
    247   21.5
    248   14.5
    249    0.0
    250    0.0
    251   12.3
    252   23.7
    253    0.0
    254   17.7
    255   18.3
    256    0.0
    257   14.4
    258   15.3
    259   11.7
    260    0.0
    261   13.7
    262    0.0
    263    0.0
    264    0.0
    265   14.7
    266    0.0
    267    0.0
    268    0.0
    269    0.0
    270    0.0
    271    0.0
    272    0.0
    273    0.0
    274    0.0
    275    0.0
    276    0.0
    277    0.0
    278    0.0
    279    0.0
    280    0.0
    281    0.0
    282    0.0
    283    0.0
    284    0.0
    285    0.0
    286    0.0
    287    0.0
    288    0.0
    289    0.0
    290    0.0
    291    0.0
    292    0.0
    293    0.0
    294    0.0
    295    0.0
    296    0.0
    297    0.0
    298    0.0
    299    0.0
    300    0.0
    301    0.0
    302    0.0
    303    0.0
    304    0.0
    305    0.0
    306    0.0
    307    0.0
    308    0.0
    309    0.0
    310    0.0
    311    0.0
    312    0.0
    313    0.0
    314    0.0
    315    0.0
    316    0.0
    317    0.0
    318    0.0
    319    0.0
    320    0.0
    321    0.0
    322    0.0
    323    0.0
    324    0.0
    325    0.0
    326    0.0
    327    0.0
    328    0.0
    329    0.0
    330    0.0
    331    0.0
    332    0.0
    333    0.0
    334    0.0
    335    0.0
    336    0.0
    337    0.0
    338    0.0
    339    0.0
    340    0.0
    341    0.0
    342    0.0
    343    0.0
    344    0.0
    345    0.0
    346    0.0
    347    0.0
    348    0.0
    349    0.0
    350    0.0
    351    0.0
    352    0.0
    353    0.0
    354    0.0
    355    0.0
    356    0.0
    357    0.0
    358    0.0
    359    1.1
    360    0.0
    361    0.0
    362    0.0
    363    0.0
    364    0.0
    365    2.4
    366    0.0
