      1    0.0
      2    0.0
      3    0.0
      4    0.0
      5    0.0
      6    0.0
      7    0.0
      8    0.0
      9    0.0
     10    0.0
     11    0.0
     12    0.0
     13    0.0
     14    0.0
     15    0.0
     16    0.0
     17    0.0
     18    0.0
     19    0.0
     20    0.0
     21    0.0
     22    0.0
     23    0.0
     24    0.0
     25    0.0
     26    0.0
     27    0.0
     28    0.0
     29    0.0
     30    0.0
     31    0.0
     32    0.0
     33    0.0
     34    0.0
     35    0.8
     36    0.0
     37    0.0
     38    0.0
     39    0.0
     40    0.0
     41    0.0
     42    0.0
     43    0.0
     44    0.0
     45    0.0
     46    0.0
     47    0.0
     48    0.0
     49    0.0
     50    0.0
     51    0.0
     52    0.0
     53    0.0
     54    0.0
     55    0.0
     56    0.0
     57    0.0
     58    0.8
     59    4.1
     60    0.0
     61    0.0
     62    0.0
     63    0.0
     64    0.0
     65    0.0
     66    0.0
     67    0.0
     68    0.0
     69    0.0
     70   11.0
     71   15.6
     72    0.3
     73    0.0
     74    2.5
     75    0.0
     76    5.8
     77    0.3
     78    0.0
     79    0.0
     80    0.0
     81    0.0
     82    0.0
     83    0.0
     84    0.0
     85    0.0
     86    0.0
     87    0.0
     88    0.0
     89    0.0
     90    0.0
     91    0.0
     92    0.0
     93    0.0
     94    0.0
     95    0.0
     96    0.0
     97    0.0
     98    0.0
     99   12.4
    100    1.1
    101    0.0
    102    0.0
    103    0.0
    104    0.0
    105    0.0
    106    0.0
    107    0.0
    108    0.0
    109    1.4
    110    0.0
    111    0.0
    112    0.0
    113   18.4
    114    0.0
    115   16.4
    116    0.0
    117    8.2
    118    0.0
    119    0.0
    120    0.2
    121   10.3
    122   12.7
    123   12.0
    124    0.8
    125    0.0
    126   22.8
    127    0.0
    128    0.0
    129   29.6
    130    0.0
    131    0.0
    132    0.0
    133    0.0
    134    0.0
    135    0.0
    136    0.0
    137    0.0
    138    0.0
    139    0.0
    140    0.0
    141    0.0
    142    0.0
    143   24.6
    144    0.0
    145    0.0
    146    0.0
    147    0.0
    148    0.0
    149    0.0
    150    0.0
    151    7.1
    152    0.0
    153    5.6
    154    0.0
    155    0.0
    156    0.0
    157    0.0
    158    0.0
    159   80.7
    160    0.0
    161    6.6
    162    0.3
    163    0.3
    164    0.0
    165    0.0
    166    0.0
    167   37.7
    168    0.0
    169    0.0
    170    3.5
    171    1.2
    172    6.8
    173    7.6
    174   14.0
    175   47.5
    176    0.5
    177    0.0
    178   21.4
    179   44.8
    180   23.7
    181   22.8
    182   11.9
    183  185.2
    184   85.5
    185    8.5
    186    T  
    187   20.5
    188    3.7
    189    4.0
    190   14.0
    191   25.4
    192    2.1
    193    1.5
    194    5.7
    195    8.5
    196    0.1
    197   18.7
    198    0.0
    199   10.6
    200    5.1
    201    0.1
    202    0.0
    203    0.0
    204    3.2
    205   17.0
    206   62.1
    207   21.4
    208    7.1
    209    6.4
    210   61.2
    211    3.9
    212   53.8
    213   76.2
    214  136.8
    215   42.5
    216    3.4
    217    7.5
    218    1.9
    219    0.2
    220    1.3
    221   66.9
    222   85.7
    223    0.0
    224    0.0
    225  219.1
    226   50.2
    227    0.0
    228    0.0
    229    3.6
    230    0.0
    231    0.0
    232   18.0
    233    1.3
    234    9.8
    235    1.8
    236    0.0
    237    4.8
    238    7.3
    239    0.0
    240    0.3
    241   10.0
    242    0.0
    243    0.0
    244   19.0
    245    5.5
    246    0.0
    247   15.1
    248   12.9
    249    0.9
    250    0.0
    251  206.8
    252    0.3
    253   21.0
    254   19.0
    255   54.4
    256    7.1
    257    0.0
    258    0.0
    259    0.0
    260    0.5
    261    0.0
    262   43.6
    263    0.0
    264    0.0
    265    0.0
    266    0.0
    267    0.7
    268    6.1
    269   14.8
    270   24.7
    271    0.0
    272   24.8
    273    2.7
    274   23.5
    275    4.7
    276    0.0
    277   17.5
    278    0.1
    279    T  
    280    0.0
    281    0.3
    282    0.1
    283    0.0
    284    0.0
    285    T  
    286    0.0
    287    0.0
    288    0.0
    289    0.0
    290    0.0
    291    4.6
    292    5.6
    293   80.7
    294    1.2
    295    0.0
    296    0.0
    297    0.0
    298    0.0
    299    0.0
    300    0.0
    301    0.0
    302    0.0
    303    0.0
    304    0.0
    305   12.0
    306    0.0
    307    0.0
    308    0.0
    309    0.0
    310    0.0
    311    0.0
    312    0.0
    313    0.0
    314    0.0
    315    0.0
    316    0.0
    317    0.0
    318    0.0
    319    0.0
    320    0.0
    321    0.0
    322    0.0
    323    0.0
    324    0.0
    325    0.0
    326    0.0
    327    0.0
    328    0.0
    329    0.0
    330    0.0
    331    0.0
    332    0.0
    333    0.0
    334    0.0
    335    0.0
    336    0.0
    337    0.0
    338    0.0
    339    0.0
    340    0.0
    341    0.0
    342    0.0
    343    0.0
    344    0.0
    345    0.0
    346    0.0
    347    0.6
    348    0.0
    349    0.0
    350    0.0
    351    0.0
    352    0.0
    353    0.0
    354    0.0
    355    0.0
    356    0.0
    357    0.0
    358    0.0
    359    0.0
    360    0.0
    361    0.0
    362    0.0
    363    0.0
    364    0.0
    365    0.0
