  1966   1   1     0  17.1   5.7   0.0     0     0
  1966   1   2     0  15.9   5.2   0.0     0     0
  1966   1   3     0  14.9   5.7   0.0     0     0
  1966   1   4     0  13.1   6.6  17.2     0     0
  1966   1   5     0   8.4   3.9  31.1     0     0
  1966   1   6     0  10.3   5.5   0.0     0     0
  1966   1   7     0  13.0   4.9   0.0     0     0
  1966   1   8     0  15.6   6.3   0.0     0     0
  1966   1   9     0  15.6   5.8   0.0     0     0
  1966   1  10     0  14.8   5.5   0.0     0     0
  1966   1  11     0  13.6   6.2   0.0     0     0
  1966   1  12     0  15.6   6.3   0.0     0     0
  1966   1  13     0  14.4   5.2   0.0     0     0
  1966   1  14     0  14.3   4.7   0.0     0     0
  1966   1  15     0  14.4   4.3   0.0     0     0
  1966   1  16     0  15.7   5.6   0.0     0     0
  1966   1  17     0  15.2   5.3   0.0     0     0
  1966   1  18     0  15.8   4.7   0.0     0     0
  1966   1  19     0  14.5   5.3   0.0     0     0
  1966   1  20     0  16.4   5.3   0.0     0     0
  1966   1  21     0  16.8   5.8   0.0     0     0
  1966   1  22     0  17.7   5.2   0.0     0     0
  1966   1  23     0  17.1   6.1   0.0     0     0
  1966   1  24     0  15.2   5.5   0.0     0     0
  1966   1  25     0  15.3   5.5   0.0     0     0
  1966   1  26     0  14.1   5.1   0.0     0     0
  1966   1  27     0  14.2   4.4   5.6     0     0
  1966   1  28     0  14.2   4.3     T     0     0
  1966   1  29     0  13.9   5.7   0.0     0     0
  1966   1  30     0  16.5   6.6   0.0     0     0
  1966   1  31     0  15.1   5.8   0.0     0     0
  1966   2   1     0  16.5   6.1   0.0     0     0
  1966   2   2     0  15.8   6.5   0.0     0     0
  1966   2   3     0  17.3   6.3   0.0     0     0
  1966   2   4     0  15.2   7.3   0.0     0     0
  1966   2   5     0  13.6   7.3   0.0     0     0
  1966   2   6     0  15.3   8.7   0.0     0     0
  1966   2   7     0  20.2   9.5   0.0     0     0
  1966   2   8     0  19.7   8.8   0.0     0     0
  1966   2   9     0  18.9   9.2   0.0     0     0
  1966   2  10     0  16.6   8.9   0.0     0     0
  1966   2  11     0  17.1   8.3     T     0     0
  1966   2  12     0  18.1   9.1   0.0     0     0
  1966   2  13     0  17.9   8.8   2.4     0     0
  1966   2  14     0  10.6   6.8   9.5     0     0
  1966   2  15     0  13.2   6.4   0.0     0     0
  1966   2  16     0  17.0   9.9   0.0     0     0
  1966   2  17     0  16.9   7.3   0.0     0     0
  1966   2  18     0  17.1   6.5   0.0     0     0
  1966   2  19     0  17.0   7.4   0.0     0     0
  1966   2  20     0  14.7   6.5   0.0     0     0
  1966   2  21     0  14.9   5.8   0.0     0     0
  1966   2  22     0  15.6   8.3   0.0     0     0
  1966   2  23     0  16.9   7.3   0.0     0     0
  1966   2  24     0  18.6   7.0   0.0     0     0
  1966   2  25     0  15.6   8.8   0.0     0     0
  1966   2  26     0  19.5   9.2   0.0     0     0
  1966   2  27     0  17.7   9.0   0.0     0     0
  1966   2  28     0  19.0  11.4   0.0     0     0
  1966   3   1     0  20.3   9.2   0.0     0     0
  1966   3   2     0  20.1   9.6   0.0     0     0
  1966   3   3     0  17.3   9.4   0.0     0     0
  1966   3   4     0  17.5  10.2   0.0     0     0
  1966   3   5     0  21.6  11.4   0.0     0     0
  1966   3   6     0  21.7   9.6   2.2     0     0
  1966   3   7     0  21.2   8.5   0.0     0     0
  1966   3   8     0  19.5   7.1   0.0     0     0
  1966   3   9     0  19.6   6.4   0.0     0     0
  1966   3  10     0  18.6   7.3   0.0     0     0
  1966   3  11     0  19.3   9.1   0.0     0     0
  1966   3  12     0  19.9   8.8   0.0     0     0
  1966   3  13     0  17.4   8.5   0.0     0     0
  1966   3  14     0  18.6   9.0   0.0     0     0
  1966   3  15     0  20.6  10.8   0.0     0     0
  1966   3  16     0  20.7  11.3   0.0     0     0
  1966   3  17     0  22.1  12.4   0.0     0     0
  1966   3  18     0  23.6  10.7   0.0     0     0
  1966   3  19     0  21.6  10.1   0.0     0     0
  1966   3  20     0  20.6  11.6   0.0     0     0
  1966   3  21     0  19.9   7.3   0.0     0     0
  1966   3  22     0  20.7   9.1   0.0     0     0
  1966   3  23     0  21.2  10.1   0.0     0     0
  1966   3  24     0  21.5  11.4   0.0     0     0
  1966   3  25     0  23.3  11.6   0.0     0     0
  1966   3  26     0  23.7  12.7   0.0     0     0
  1966   3  27     0  24.6  13.6   0.0     0     0
  1966   3  28     0  24.6  15.8   0.0     0     0
  1966   3  29     0  25.3  14.8   0.0     0     0
  1966   3  30     0  22.2  11.7   0.0     0     0
  1966   3  31     0  24.6   2.7   0.0     0     0
  1966   4   1     0   DNA   DNA   DNA     0     0
  1966   4   2     0   DNA   DNA   DNA     0     0
  1966   4   3     0   DNA   DNA   DNA     0     0
  1966   4   4     0   DNA   DNA   DNA     0     0
  1966   4   5     0   DNA   DNA   DNA     0     0
  1966   4   6     0   DNA   DNA   DNA     0     0
  1966   4   7     0   DNA   DNA   DNA     0     0
  1966   4   8     0   DNA   DNA   DNA     0     0
  1966   4   9     0   DNA   DNA   DNA     0     0
  1966   4  10     0   DNA   DNA   DNA     0     0
  1966   4  11     0   DNA   DNA   DNA     0     0
  1966   4  12     0   DNA   DNA   DNA     0     0
  1966   4  13     0   DNA   DNA   DNA     0     0
  1966   4  14     0   DNA   DNA   DNA     0     0
  1966   4  15     0   DNA   DNA   DNA     0     0
  1966   4  16     0   DNA   DNA   DNA     0     0
  1966   4  17     0   DNA   DNA   DNA     0     0
  1966   4  18     0   DNA   DNA   DNA     0     0
  1966   4  19     0   DNA   DNA   DNA     0     0
  1966   4  20     0   DNA   DNA   DNA     0     0
  1966   4  21     0   DNA   DNA   DNA     0     0
  1966   4  22     0   DNA   DNA   DNA     0     0
  1966   4  23     0   DNA   DNA   DNA     0     0
  1966   4  24     0   DNA   DNA   DNA     0     0
  1966   4  25     0   DNA   DNA   DNA     0     0
  1966   4  26     0   DNA   DNA   DNA     0     0
  1966   4  27     0   DNA   DNA   DNA     0     0
  1966   4  28     0   DNA   DNA   DNA     0     0
  1966   4  29     0   DNA   DNA   DNA     0     0
  1966   4  30     0   DNA   DNA   DNA     0     0
  1966   5   1     0  27.5  19.1   0.0     0     0
  1966   5   2     0  29.1  18.7   0.0     0     0
  1966   5   3     0  29.3  17.4   0.0     0     0
  1966   5   4     0  28.7  17.6   0.0     0     0
  1966   5   5     0  28.3  17.4   0.0     0     0
  1966   5   6     0  27.1  16.1   0.0     0     0
  1966   5   7     0  27.0  11.9  45.3     0     0
  1966   5   8     0  19.4  13.3   3.6     0     0
  1966   5   9     0  20.4  12.7   9.7     0     0
  1966   5  10     0  19.6  12.8   0.0     0     0
  1966   5  11     0  22.5  12.5   3.0     0     0
  1966   5  12     0  22.8  16.5   0.0     0     0
  1966   5  13     0  23.9  16.9   0.0     0     0
  1966   5  14     0  24.1  15.2   0.0     0     0
  1966   5  15     0  25.6  16.3   0.0     0     0
  1966   5  16     0  24.8  15.3   0.0     0     0
  1966   5  17     0  24.4  15.2   0.0     0     0
  1966   5  18     0  25.5  16.7   0.0     0     0
  1966   5  19     0  25.3  17.1   0.0     0     0
  1966   5  20     0  26.4  16.5   0.0     0     0
  1966   5  21     0  26.0  16.5   0.6     0     0
  1966   5  22     0  23.0  15.8   2.0     0     0
  1966   5  23     0  23.7  16.8   0.2     0     0
  1966   5  24     0  23.6  16.8   0.0     0     0
  1966   5  25     0  23.7  16.7   2.2     0     0
  1966   5  26     0  22.4  16.8   0.4     0     0
  1966   5  27     0  24.1  15.8   4.1     0     0
  1966   5  28     0  23.7  17.1   0.0     0     0
  1966   5  29     0  24.2  16.6   0.0     0     0
  1966   5  30     0  23.6  16.8   1.1     0     0
  1966   5  31     0  23.4  15.9   0.0     0     0
  1966   6   1     0  27.1  17.7   0.0     0     0
  1966   6   2     0  26.2  15.9  20.3     0     0
  1966   6   3     0  23.1  16.8   0.0     0     0
  1966   6   4     0  23.6  16.2   7.0     0     0
  1966   6   5     0  21.7  17.3   0.0     0     0
  1966   6   6     0  23.1  17.6     T     0     0
  1966   6   7     0  25.5  17.3     T     0     0
  1966   6   8     0  27.8  18.4     T     0     0
  1966   6   9     0  25.6  18.6   0.0     0     0
  1966   6  10     0  27.5  20.4   0.0     0     0
  1966   6  11     0  27.7  21.8   0.0     0     0
  1966   6  12     0  28.2  20.1   0.0     0     0
  1966   6  13     0  25.8  15.6  17.2     0     0
  1966   6  14     0  23.1  17.2     T     0     0
  1966   6  15     0  25.9  16.2   3.6     0     0
  1966   6  16     0  23.7  15.8   3.0     0     0
  1966   6  17     0   DNA  16.1  34.6     0     0
  1966   6  18     0   DNA  16.6  14.9     0     0
  1966   6  19     0   DNA  14.9  54.8     0     0
  1966   6  20     0   DNA  14.5  37.8     0     0
  1966   6  21     0   DNA  16.2   0.6     0     0
  1966   6  22     0   DNA  16.7  15.3     0     0
  1966   6  23     0   DNA  16.9   2.7     0     0
  1966   6  24     0   DNA  17.8  16.0     0     0
  1966   6  25     0   DNA  16.7   8.2     0     0
  1966   6  26     0   DNA  17.6   1.0     0     0
  1966   6  27     0   DNA  16.7  24.0     0     0
  1966   6  28     0   DNA  17.3  13.2     0     0
  1966   6  29     0   DNA  17.7  24.7     0     0
  1966   6  30     0   DNA  18.8   0.0     0     0
  1966   7   1     0   DNA  17.7  37.7     0     0
  1966   7   2     0   DNA  16.8  34.3     0     0
  1966   7   3     0   DNA  16.3  76.0     0     0
  1966   7   4     0   DNA  17.3  19.4     0     0
  1966   7   5     0   DNA  17.6     T     0     0
  1966   7   6     0   DNA  17.4   2.7     0     0
  1966   7   7     0   DNA  16.6   4.2     0     0
  1966   7   8     0   DNA  17.1   0.0     0     0
  1966   7   9     0   DNA  17.8   2.8     0     0
  1966   7  10     0   DNA  17.6  34.4     0     0
  1966   7  11     0   DNA  15.6  13.6     0     0
  1966   7  12     0   DNA  16.7  32.8     0     0
  1966   7  13     0   DNA  16.5  22.6     0     0
  1966   7  14     0   DNA  16.8     T     0     0
  1966   7  15     0   DNA  16.8   2.2     0     0
  1966   7  16     0   DNA  16.6  43.8     0     0
  1966   7  17     0   DNA  17.0   0.0     0     0
  1966   7  18     0   DNA  17.3  31.4     0     0
  1966   7  19     0   DNA  18.1   0.8     0     0
  1966   7  20     0   DNA  17.3   0.8     0     0
  1966   7  21     0   DNA  17.2   7.8     0     0
  1966   7  22     0   DNA  17.2   1.6     0     0
  1966   7  23     0   DNA  17.3   6.4     0     0
  1966   7  24     0   DNA  17.6  50.8     0     0
  1966   7  25     0   DNA  17.8   3.4     0     0
  1966   7  26     0   DNA  17.4  22.8     0     0
  1966   7  27     0   DNA  17.4  22.4     0     0
  1966   7  28     0   DNA  17.3  67.0     0     0
  1966   7  29     0   DNA  17.8  23.6     0     0
  1966   7  30     0   DNA  18.1     T     0     0
  1966   7  31     0   DNA  17.8   0.0     0     0
  1966   8   1     0   DNA  17.3   0.0     0     0
  1966   8   2     0   DNA  17.4   0.4     0     0
  1966   8   3     0   DNA  17.4   0.2     0     0
  1966   8   4     0   DNA  17.7   1.8     0     0
  1966   8   5     0   DNA  17.1  28.0     0     0
  1966   8   6     0   DNA  17.3   3.5     0     0
  1966   8   7     0   DNA  17.9   6.8     0     0
  1966   8   8     0   DNA  17.6   0.0     0     0
  1966   8   9     0   DNA  17.5     T     0     0
  1966   8  10     0   DNA  17.0   2.8     0     0
  1966   8  11     0   DNA  17.4  34.0     0     0
  1966   8  12     0   DNA  17.2  10.4     0     0
  1966   8  13     0   DNA  17.2  17.7     0     0
  1966   8  14     0   DNA  17.3   1.0     0     0
  1966   8  15     0   DNA  18.6     T     0     0
  1966   8  16     0   DNA  17.6  17.6     0     0
  1966   8  17     0   DNA  17.4  47.8     0     0
  1966   8  18     0   DNA  16.7   8.9     0     0
  1966   8  19     0   DNA  16.8   0.0     0     0
  1966   8  20     0   DNA  17.6     T     0     0
  1966   8  21     0   DNA  17.7  13.6     0     0
  1966   8  22     0   DNA  17.3  14.9     0     0
  1966   8  23     0   DNA  17.8  10.3     0     0
  1966   8  24     0   DNA  16.4  82.4     0     0
  1966   8  25     0   DNA  13.9   2.6     0     0
  1966   8  26     0   DNA  16.1   2.6     0     0
  1966   8  27     0   DNA  16.2  13.2     0     0
  1966   8  28     0   DNA  16.2  20.0     0     0
  1966   8  29     0   DNA  16.7   0.6     0     0
  1966   8  30     0   DNA  16.3  45.6     0     0
  1966   8  31     0   DNA  16.5   7.8     0     0
  1966   9   1     0   DNA  16.1   2.8     0     0
  1966   9   2     0   DNA  16.1  30.0     0     0
  1966   9   3     0   DNA  16.2   7.4     0     0
  1966   9   4     0   DNA  17.1   5.8     0     0
  1966   9   5     0   DNA  16.8   0.0     0     0
  1966   9   6     0   DNA  16.2   0.0     0     0
  1966   9   7     0   DNA  16.6   0.4     0     0
  1966   9   8     0   DNA  16.2  10.8     0     0
  1966   9   9     0   DNA  16.4   0.8     0     0
  1966   9  10     0   DNA  16.8  20.8     0     0
  1966   9  11     0   DNA  15.8  20.6     0     0
  1966   9  12     0   DNA  15.7  23.0     0     0
  1966   9  13     0   DNA  15.7   1.8     0     0
  1966   9  14     0   DNA  16.7   0.4     0     0
  1966   9  15     0   DNA  16.5     T     0     0
  1966   9  16     0   DNA  13.8 113.8     0     0
  1966   9  17     0   DNA  14.8   1.8     0     0
  1966   9  18     0   DNA  14.9   0.0     0     0
  1966   9  19     0   DNA  14.8   0.0     0     0
  1966   9  20     0   DNA  15.3   0.2     0     0
  1966   9  21     0   DNA  15.2   0.0     0     0
  1966   9  22     0   DNA  14.9   7.6     0     0
  1966   9  23     0   DNA  14.7   0.0     0     0
  1966   9  24     0   DNA  14.8   0.0     0     0
  1966   9  25     0   DNA  14.8   0.0     0     0
  1966   9  26     0   DNA  14.4   0.0     0     0
  1966   9  27     0   DNA  14.7   0.0     0     0
  1966   9  28     0   DNA  14.7   0.0     0     0
  1966   9  29     0   DNA  13.1   0.0     0     0
  1966   9  30     0   DNA  12.7   0.0     0     0
  1966  10   1     0   DNA  13.2   1.2     0     0
  1966  10   2     0   DNA  12.0   0.0     0     0
  1966  10   3     0   DNA  11.8  11.4     0     0
  1966  10   4     0   DNA  12.8     T     0     0
  1966  10   5     0   DNA  12.3     T     0     0
  1966  10   6     0   DNA  11.5   7.2     0     0
  1966  10   7     0   DNA  11.5   1.6     0     0
  1966  10   8     0   DNA  11.3   0.0     0     0
  1966  10   9     0   DNA  13.3   0.0     0     0
  1966  10  10     0   DNA  12.8   0.0     0     0
  1966  10  11     0   DNA  12.7   0.0     0     0
  1966  10  12     0   DNA  13.3   0.0     0     0
  1966  10  13     0   DNA  12.5   0.0     0     0
  1966  10  14     0   DNA  12.2   0.0     0     0
  1966  10  15     0   DNA  11.7   0.0     0     0
  1966  10  16     0   DNA  12.7   0.0     0     0
  1966  10  17     0   DNA  11.7   0.0     0     0
  1966  10  18     0   DNA  10.8   4.3     0     0
  1966  10  19     0   DNA  11.6   3.4     0     0
  1966  10  20     0   DNA  14.0   0.0     0     0
  1966  10  21     0   DNA  11.9     T     0     0
  1966  10  22     0   DNA  11.8   0.0     0     0
  1966  10  23     0   DNA  11.6   0.0     0     0
  1966  10  24     0   DNA  10.3   0.0     0     0
  1966  10  25     0   DNA  10.7   0.0     0     0
  1966  10  26     0   DNA  10.7   0.0     0     0
  1966  10  27     0   DNA  11.6   0.0     0     0
  1966  10  28     0   DNA  11.8   0.0     0     0
  1966  10  29     0   DNA  11.7   0.0     0     0
  1966  10  30     0   DNA  11.3   0.0     0     0
  1966  10  31     0   DNA  10.7   0.0     0     0
  1966  11   1     0   DNA  11.3   0.0     0     0
  1966  11   2     0   DNA  11.1   0.0     0     0
  1966  11   3     0   DNA  10.5   0.0     0     0
  1966  11   4     0   DNA   8.7   0.0     0     0
  1966  11   5     0   DNA  10.5   0.0     0     0
  1966  11   6     0   DNA  10.7   0.0     0     0
  1966  11   7     0   DNA   8.8   0.0     0     0
  1966  11   8     0   DNA   9.9   0.0     0     0
  1966  11   9     0   DNA   9.4   0.0     0     0
  1966  11  10     0   DNA  10.2   0.0     0     0
  1966  11  11     0   DNA   8.8   0.0     0     0
  1966  11  12     0   DNA   8.0   0.0     0     0
  1966  11  13     0   DNA   8.3   0.0     0     0
  1966  11  14     0   DNA   9.8   0.0     0     0
  1966  11  15     0   DNA   9.6   0.0     0     0
  1966  11  16     0   DNA   9.1     T     0     0
  1966  11  17     0   DNA   9.7     T     0     0
  1966  11  18     0   DNA   9.7   0.8     0     0
  1966  11  19     0   DNA   9.3   0.0     0     0
  1966  11  20     0   DNA   8.3   0.0     0     0
  1966  11  21     0   DNA   9.4   0.0     0     0
  1966  11  22     0   DNA  10.2   0.0     0     0
  1966  11  23     0   DNA  11.2   0.0     0     0
  1966  11  24     0   DNA  10.5   0.0     0     0
  1966  11  25     0   DNA   9.6   0.0     0     0
  1966  11  26     0   DNA   9.8   0.0     0     0
  1966  11  27     0   DNA  10.3   0.0     0     0
  1966  11  28     0   DNA   8.8   0.0     0     0
  1966  11  29     0   DNA   6.5   0.0     0     0
  1966  11  30     0   DNA   5.3   0.0     0     0
  1966  12   1     0   DNA   6.0   0.0     0     0
  1966  12   2     0   DNA   6.2   0.0     0     0
  1966  12   3     0   DNA   6.3  11.0     0     0
  1966  12   4     0   DNA   6.4   0.0     0     0
  1966  12   5     0   DNA   6.6   0.0     0     0
  1966  12   6     0   DNA   7.2   0.0     0     0
  1966  12   7     0   DNA   6.6   0.0     0     0
  1966  12   8     0   DNA   5.7   0.0     0     0
  1966  12   9     0   DNA   6.1   0.0     0     0
  1966  12  10     0   DNA   6.3   0.0     0     0
  1966  12  11     0   DNA   5.6   0.0     0     0
  1966  12  12     0   DNA   6.4   0.0     0     0
  1966  12  13     0   DNA   3.8   0.0     0     0
  1966  12  14     0   DNA   4.2   0.0     0     0
  1966  12  15     0   DNA   5.8   0.0     0     0
  1966  12  16     0   DNA   5.0   0.0     0     0
  1966  12  17     0   DNA   4.4   0.0     0     0
  1966  12  18     0   DNA   4.2   0.0     0     0
  1966  12  19     0   DNA   4.1   0.0     0     0
  1966  12  20     0   DNA   4.8   0.0     0     0
  1966  12  21     0   DNA   4.4   0.0     0     0
  1966  12  22     0   DNA   5.6   0.0     0     0
  1966  12  23     0   DNA   6.2   0.0     0     0
  1966  12  24     0   DNA   4.7   0.0     0     0
  1966  12  25     0   DNA   4.9   0.0     0     0
  1966  12  26     0   DNA   4.0   0.0     0     0
  1966  12  27     0   DNA   4.3   0.0     0     0
  1966  12  28     0   DNA   5.0   0.0     0     0
  1966  12  29     0   DNA   4.8   0.0     0     0
  1966  12  30     0   DNA   5.7   0.5     0     0
  1966  12  31     0   DNA   4.6   0.0     0     0
