1972.0 1.0 1.0   0.0  17.3   6.4   0.0   0.0   0.0
1972.0 1.0 2.0   0.0  17.9   5.5   0.0   0.0   0.0
1972.0 1.0 3.0   0.0  15.9   4.9   0.0   0.0   0.0
1972.0 1.0 4.0   0.0  16.3   4.8   0.0   0.0   0.0
1972.0 1.0 5.0   0.0  16.2   6.0   0.0   0.0   0.0
1972.0 1.0 6.0   0.0  12.6   5.6   0.0   0.0   0.0
1972.0 1.0 7.0   0.0  16.0   5.6   0.0   0.0   0.0
1972.0 1.0 8.0   0.0  13.0   3.6   0.0   0.0   0.0
1972.0 1.0 9.0   0.0  14.8   4.7   0.0   0.0   0.0
1972.0 1.010.0   0.0  14.4   5.3   0.0   0.0   0.0
1972.0 1.011.0   0.0  15.3   5.1   0.0   0.0   0.0
1972.0 1.012.0   0.0  14.3   4.0   0.0   0.0   0.0
1972.0 1.013.0   0.0  13.2   4.8   0.0   0.0   0.0
1972.0 1.014.0   0.0  16.5   5.8   0.0   0.0   0.0
1972.0 1.015.0   0.0  16.2   4.8   0.0   0.0   0.0
1972.0 1.016.0   0.0  15.6   3.1   0.7   0.0   0.0
1972.0 1.017.0   0.0  15.0   4.3   0.0   0.0   0.0
1972.0 1.018.0   0.0  14.3   4.4   0.0   0.0   0.0
1972.0 1.019.0   0.0  11.9   5.6   0.0   0.0   0.0
1972.0 1.020.0   0.0  17.1   6.1   0.0   0.0   0.0
1972.0 1.021.0   0.0  17.5   6.6   0.0   0.0   0.0
1972.0 1.022.0   0.0  13.3   6.3   0.0   0.0   0.0
1972.0 1.023.0   0.0  16.1   5.3   0.0   0.0   0.0
1972.0 1.024.0   0.0  18.0   5.5   0.0   0.0   0.0
1972.0 1.025.0   0.0  12.8   6.3   0.0   0.0   0.0
1972.0 1.026.0   0.0  15.4   6.6   0.0   0.0   0.0
1972.0 1.027.0   0.0  16.3   6.4   0.0   0.0   0.0
1972.0 1.028.0   0.0  14.1   5.7   0.0   0.0   0.0
1972.0 1.029.0   0.0  13.1   3.3   0.0   0.0   0.0
1972.0 1.030.0   0.0  14.3   4.3   0.0   0.0   0.0
1972.0 1.031.0   0.0  16.0   5.4   0.0   0.0   0.0
1972.0 2.0 1.0   0.0  12.7   6.1   0.0   0.0   0.0
1972.0 2.0 2.0   0.0  17.9   7.3   0.0   0.0   0.0
1972.0 2.0 3.0   0.0  15.4   7.6   0.0   0.0   0.0
1972.0 2.0 4.0   0.0  14.3   4.8   1.6   0.0   0.0
1972.0 2.0 5.0   0.0  11.1   4.1   0.0   0.0   0.0
1972.0 2.0 6.0   0.0  11.3   4.1   0.0   0.0   0.0
1972.0 2.0 7.0   0.0  10.5   1.1   0.0   0.0   0.0
1972.0 2.0 8.0   0.0  13.9   2.5   0.0   0.0   0.0
1972.0 2.0 9.0   0.0   5.9   1.9   0.0   0.0   0.0
1972.0 2.010.0   0.0   8.1   2.4   0.0   0.0   0.0
1972.0 2.011.0   0.0  11.9   1.6   0.0   0.0   0.0
1972.0 2.012.0   0.0  19.8   3.1   0.0   0.0   0.0
1972.0 2.013.0   0.0  14.1   5.3   0.0   0.0   0.0
1972.0 2.014.0   0.0   7.5   3.6  15.3   0.0   0.0
1972.0 2.015.0   0.0  10.5   2.5   0.0   0.0   0.0
1972.0 2.016.0   0.0  13.3   3.1   0.0   0.0   0.0
1972.0 2.017.0   0.0  14.0   4.1   0.0   0.0   0.0
1972.0 2.018.0   0.0  12.5   1.3   2.6   0.0   0.0
1972.0 2.019.0   0.0  14.4   3.5   0.0   0.0   0.0
1972.0 2.020.0   0.0  14.7   3.6   0.0   0.0   0.0
1972.0 2.021.0   0.0  15.0   5.2   0.0   0.0   0.0
1972.0 2.022.0   0.0  15.6   6.4   0.0   0.0   0.0
1972.0 2.023.0   0.0  17.9   7.4   0.0   0.0   0.0
1972.0 2.024.0   0.0  18.0   7.3   0.0   0.0   0.0
1972.0 2.025.0   0.0  18.0   7.1   0.0   0.0   0.0
1972.0 2.026.0   0.0  19.9   8.6   0.0   0.0   0.0
1972.0 2.027.0   0.0  20.5   6.6   0.0   0.0   0.0
1972.0 2.028.0   0.0  20.1   6.3   0.0   0.0   0.0
1972.0 2.029.0   0.0  18.7   7.0   0.0   0.0   0.0
1972.0 3.0 1.0   0.0  18.9   6.4   0.0   0.0   0.0
1972.0 3.0 2.0   0.0  18.4   5.7   0.0   0.0   0.0
1972.0 3.0 3.0   0.0  19.6   7.9   0.0   0.0   0.0
1972.0 3.0 4.0   0.0  20.3   8.8   0.0   0.0   0.0
1972.0 3.0 5.0   0.0  20.0   7.8   1.4   0.0   0.0
1972.0 3.0 6.0   0.0  17.5   4.2  13.0   0.0   0.0
1972.0 3.0 7.0   0.0  16.1   7.0   0.0   0.0   0.0
1972.0 3.0 8.0   0.0  18.5   7.2   0.0   0.0   0.0
1972.0 3.0 9.0   0.0  18.6  10.1   0.0   0.0   0.0
1972.0 3.010.0   0.0  18.9   8.3   0.0   0.0   0.0
1972.0 3.011.0   0.0  20.9   9.3   0.0   0.0   0.0
1972.0 3.012.0   0.0  20.3  10.1   0.0   0.0   0.0
1972.0 3.013.0   0.0  21.9  11.0   0.0   0.0   0.0
1972.0 3.014.0   0.0  22.3  12.0   0.0   0.0   0.0
1972.0 3.015.0   0.0  22.1  10.9   0.0   0.0   0.0
1972.0 3.016.0   0.0  22.1  10.4   0.0   0.0   0.0
1972.0 3.017.0   0.0  21.1  10.1   0.0   0.0   0.0
1972.0 3.018.0   0.0  21.2  11.0   0.0   0.0   0.0
1972.0 3.019.0   0.0  22.9  11.9   0.0   0.0   0.0
1972.0 3.020.0   0.0  24.4  12.4   0.0   0.0   0.0
1972.0 3.021.0   0.0  22.4  12.0   0.0   0.0   0.0
1972.0 3.022.0   0.0  23.3  12.4   0.0   0.0   0.0
1972.0 3.023.0   0.0  22.4  12.3   0.0   0.0   0.0
1972.0 3.024.0   0.0  22.9  12.1   0.0   0.0   0.0
1972.0 3.025.0   0.0  23.1  12.6   0.0   0.0   0.0
1972.0 3.026.0   0.0  22.9  13.5   0.3   0.0   0.0
1972.0 3.027.0   0.0  23.1  10.6  19.4   0.0   0.0
1972.0 3.028.0   0.0  18.7  10.1   8.7   0.0   0.0
1972.0 3.029.0   0.0  20.3  12.1   0.0   0.0   0.0
1972.0 3.030.0   0.0  21.3  12.4   0.0   0.0   0.0
1972.0 3.031.0   0.0  23.9  13.3   0.0   0.0   0.0
1972.0 4.0 1.0   0.0  23.8  15.4   0.0   0.0   0.0
1972.0 4.0 2.0   0.0  23.2  13.6   0.0   0.0   0.0
1972.0 4.0 3.0   0.0  22.5  11.4   0.0   0.0   0.0
1972.0 4.0 4.0   0.0  21.8  12.0   0.0   0.0   0.0
1972.0 4.0 5.0   0.0  21.4  11.8   0.0   0.0   0.0
1972.0 4.0 6.0   0.0  20.9   8.0   6.0   0.0   0.0
1972.0 4.0 7.0   0.0  19.9  11.2   0.0   0.0   0.0
1972.0 4.0 8.0   0.0  22.9  11.7   0.0   0.0   0.0
1972.0 4.0 9.0   0.0  23.1  12.5   0.0   0.0   0.0
1972.0 4.010.0   0.0  23.3  11.6   2.0   0.0   0.0
1972.0 4.011.0   0.0  20.3   9.2   2.8   0.0   0.0
1972.0 4.012.0   0.0  22.0  11.5   0.0   0.0   0.0
1972.0 4.013.0   0.0  21.6  11.6   0.0   0.0   0.0
1972.0 4.014.0   0.0  21.7  10.1   4.0   0.0   0.0
1972.0 4.015.0   0.0  21.5  10.3   5.0   0.0   0.0
1972.0 4.016.0   0.0  20.5  10.6   6.0   0.0   0.0
1972.0 4.017.0   0.0  20.4  11.9   0.0   0.0   0.0
1972.0 4.018.0   0.0  23.1  12.3   0.3   0.0   0.0
1972.0 4.019.0   0.0  22.3  13.6   0.0   0.0   0.0
1972.0 4.020.0   0.0  21.9  14.0   0.0   0.0   0.0
1972.0 4.021.0   0.0  23.6  14.3   0.0   0.0   0.0
1972.0 4.022.0   0.0  24.6  14.3   0.0   0.0   0.0
1972.0 4.023.0   0.0  24.6  14.1   0.0   0.0   0.0
1972.0 4.024.0   0.0  24.5  14.5   0.0   0.0   0.0
1972.0 4.025.0   0.0  24.1  15.1   0.0   0.0   0.0
1972.0 4.026.0   0.0  24.1  15.9   0.0   0.0   0.0
1972.0 4.027.0   0.0  24.5  14.6   0.0   0.0   0.0
1972.0 4.028.0   0.0  25.9  15.6   0.0   0.0   0.0
1972.0 4.029.0   0.0  27.9  15.9   0.0   0.0   0.0
1972.0 4.030.0   0.0  26.0  16.5   0.0   0.0   0.0
1972.0 5.0 1.0   0.0  26.8  16.3   0.0   0.0   0.0
1972.0 5.0 2.0   0.0  27.1  16.5   0.0   0.0   0.0
1972.0 5.0 3.0   0.0  25.5  14.4   2.1   0.0   0.0
1972.0 5.0 4.0   0.0  23.1  12.1   0.6   0.0   0.0
1972.0 5.0 5.0   0.0  22.4  13.0   0.0   0.0   0.0
1972.0 5.0 6.0   0.0  25.3  15.4   0.0   0.0   0.0
1972.0 5.0 7.0   0.0  26.5  16.3   0.0   0.0   0.0
1972.0 5.0 8.0   0.0  24.4  15.0   3.0   0.0   0.0
1972.0 5.0 9.0   0.0  26.9  17.3   0.0   0.0   0.0
1972.0 5.010.0   0.0  27.0  16.1   0.0   0.0   0.0
1972.0 5.011.0   0.0  27.0  16.8   2.9   0.0   0.0
1972.0 5.012.0   0.0  26.8  16.6   0.0   0.0   0.0
1972.0 5.013.0   0.0  26.5  17.1   7.8   0.0   0.0
1972.0 5.014.0   0.0  26.1  16.8   2.9   0.0   0.0
1972.0 5.015.0   0.0  27.0  15.3  23.9   0.0   0.0
1972.0 5.016.0   0.0  26.3  16.8   0.0   0.0   0.0
1972.0 5.017.0   0.0  26.8  18.1   0.0   0.0   0.0
1972.0 5.018.0   0.0  26.1  15.3  12.1   0.0   0.0
1972.0 5.019.0   0.0  26.4  16.3   0.2   0.0   0.0
1972.0 5.020.0   0.0  23.9  13.4   3.5   0.0   0.0
1972.0 5.021.0   0.0  25.0  15.1   0.3   0.0   0.0
1972.0 5.022.0   0.0  23.8  15.6   0.1   0.0   0.0
1972.0 5.023.0   0.0  25.8  15.3   4.5   0.0   0.0
1972.0 5.024.0   0.0  22.5  15.8  17.2   0.0   0.0
1972.0 5.025.0   0.0  24.1  16.1   0.0   0.0   0.0
1972.0 5.026.0   0.0  21.8  15.9  51.3   0.0   0.0
1972.0 5.027.0   0.0  21.9  16.8   2.0   0.0   0.0
1972.0 5.028.0   0.0  24.6  16.9   0.0   0.0   0.0
1972.0 5.029.0   0.0  25.8  16.4   0.0   0.0   0.0
1972.0 5.030.0   0.0  26.1  17.0   0.0   0.0   0.0
1972.0 5.031.0   0.0  26.5  17.1   0.0   0.0   0.0
1972.0 6.0 1.0   0.0  25.9  16.9   3.9   0.0   0.0
1972.0 6.0 2.0   0.0  26.7  17.8  12.0   0.0   0.0
1972.0 6.0 3.0   0.0  25.2  14.7   9.4   0.0   0.0
1972.0 6.0 4.0   0.0  24.4  16.3   0.1   0.0   0.0
1972.0 6.0 5.0   0.0  25.5  16.1   2.1   0.0   0.0
1972.0 6.0 6.0   0.0  24.7  17.1   0.0   0.0   0.0
1972.0 6.0 7.0   0.0  25.0  17.8   0.6   0.0   0.0
1972.0 6.0 8.0   0.0  25.8  16.0   3.2   0.0   0.0
1972.0 6.0 9.0   0.0  26.8  16.7   2.4   0.0   0.0
1972.0 6.010.0   0.0  26.4  17.4   0.0   0.0   0.0
1972.0 6.011.0   0.0  27.9  18.0   0.3   0.0   0.0
1972.0 6.012.0   0.0  27.9  18.3   0.2   0.0   0.0
1972.0 6.013.0   0.0  28.5  17.7   0.0   0.0   0.0
1972.0 6.014.0   0.0  23.6  17.6   2.0   0.0   0.0
1972.0 6.015.0   0.0  25.1  17.1   1.6   0.0   0.0
1972.0 6.016.0   0.0  24.3  17.1  20.2   0.0   0.0
1972.0 6.017.0   0.0  24.4  17.1  32.0   0.0   0.0
1972.0 6.018.0   0.0  20.9  17.5   6.4   0.0   0.0
1972.0 6.019.0   0.0  20.4  16.9   2.1   0.0   0.0
1972.0 6.020.0   0.0  23.4  17.4  20.8   0.0   0.0
1972.0 6.021.0   0.0  25.1  16.1   9.0   0.0   0.0
1972.0 6.022.0   0.0  24.1  16.1   2.9   0.0   0.0
1972.0 6.023.0   0.0  23.1  15.6  14.4   0.0   0.0
1972.0 6.024.0   0.0  19.1  14.7  15.8   0.0   0.0
1972.0 6.025.0   0.0  23.2  15.8   6.8   0.0   0.0
1972.0 6.026.0   0.0  22.7  16.2   0.0   0.0   0.0
1972.0 6.027.0   0.0  23.9  16.6   1.1   0.0   0.0
1972.0 6.028.0   0.0  22.3  17.1  10.9   0.0   0.0
1972.0 6.029.0   0.0  25.4  17.3   8.3   0.0   0.0
1972.0 6.030.0   0.0  25.3  18.1   0.1   0.0   0.0
1972.0 7.0 1.0   0.0  27.8  16.6   7.9   0.0   0.0
1972.0 7.0 2.0   0.0  26.0  16.7   0.0   0.0   0.0
1972.0 7.0 3.0   0.0  26.5  17.3   7.8   0.0   0.0
1972.0 7.0 4.0   0.0  21.4  17.4   6.2   0.0   0.0
1972.0 7.0 5.0   0.0  24.3  17.2   0.4   0.0   0.0
1972.0 7.0 6.0   0.0  27.3  17.8   1.9   0.0   0.0
1972.0 7.0 7.0   0.0  25.7  16.5   0.0   0.0   0.0
1972.0 7.0 8.0   0.0  26.9  17.4   0.0   0.0   0.0
1972.0 7.0 9.0   0.0  27.0  18.1   0.0   0.0   0.0
1972.0 7.010.0   0.0  24.4  17.5   5.5   0.0   0.0
1972.0 7.011.0   0.0  23.8  17.3   0.2   0.0   0.0
1972.0 7.012.0   0.0  25.5  17.8   0.0   0.0   0.0
1972.0 7.013.0   0.0  26.9  18.8   0.0   0.0   0.0
1972.0 7.014.0   0.0  26.3  19.3   0.8   0.0   0.0
1972.0 7.015.0   0.0  28.2  18.8  15.1   0.0   0.0
1972.0 7.016.0   0.0  24.3  18.1   3.7   0.0   0.0
1972.0 7.017.0   0.0  22.0  16.9  26.9   0.0   0.0
1972.0 7.018.0   0.0  21.6  17.6  24.3   0.0   0.0
1972.0 7.019.0   0.0  23.8  18.0   6.2   0.0   0.0
1972.0 7.020.0   0.0  22.1  17.9   8.2   0.0   0.0
1972.0 7.021.0   0.0  24.1  17.8   7.5   0.0   0.0
1972.0 7.022.0   0.0  20.8  15.6  18.6   0.0   0.0
1972.0 7.023.0   0.0  23.4  17.1   3.2   0.0   0.0
1972.0 7.024.0   0.0  23.5  18.5   0.2   0.0   0.0
1972.0 7.025.0   0.0  22.9  16.6  22.1   0.0   0.0
1972.0 7.026.0   0.0  25.3  17.6   2.3   0.0   0.0
1972.0 7.027.0   0.0  20.4  17.8  16.0   0.0   0.0
1972.0 7.028.0   0.0  21.1  17.3  25.0   0.0   0.0
1972.0 7.029.0   0.0  20.6  16.3  20.0   0.0   0.0
1972.0 7.030.0   0.0  19.5  16.9  16.7   0.0   0.0
1972.0 7.031.0   0.0  20.3  17.1   7.6   0.0   0.0
1972.0 8.0 1.0   0.0  22.3  16.6   3.9   0.0   0.0
1972.0 8.0 2.0   0.0  22.3  17.1  22.1   0.0   0.0
1972.0 8.0 3.0   0.0  25.1  16.0  15.2   0.0   0.0
1972.0 8.0 4.0   0.0  26.1  17.1  10.1   0.0   0.0
1972.0 8.0 5.0   0.0  23.5  16.9  10.5   0.0   0.0
1972.0 8.0 6.0   0.0  25.9  15.9  38.9   0.0   0.0
1972.0 8.0 7.0   0.0  21.3  17.3   3.0   0.0   0.0
1972.0 8.0 8.0   0.0  25.9  17.3   0.6   0.0   0.0
1972.0 8.0 9.0   0.0  25.0  16.5   0.0   0.0   0.0
1972.0 8.010.0   0.0  26.4  15.9  89.4   0.0   0.0
1972.0 8.011.0   0.0  23.2  15.4  17.8   0.0   0.0
1972.0 8.012.0   0.0  25.3  16.3   1.6   0.0   0.0
1972.0 8.013.0   0.0  26.5  16.1  49.0   0.0   0.0
1972.0 8.014.0   0.0  25.0  16.6   0.0   0.0   0.0
1972.0 8.015.0   0.0  23.5  16.8   0.0   0.0   0.0
1972.0 8.016.0   0.0  25.8  16.8   0.0   0.0   0.0
1972.0 8.017.0   0.0  24.0  16.1   0.0   0.0   0.0
1972.0 8.018.0   0.0  25.0  15.8   0.0   0.0   0.0
1972.0 8.019.0   0.0  25.0  16.3   2.0   0.0   0.0
1972.0 8.020.0   0.0  24.3  16.4   9.6   0.0   0.0
1972.0 8.021.0   0.0  26.9  17.8   0.0   0.0   0.0
1972.0 8.022.0   0.0  26.1  15.9  25.6   0.0   0.0
1972.0 8.023.0   0.0  24.8  16.3   4.1   0.0   0.0
1972.0 8.024.0   0.0  25.1  17.1   0.0   0.0   0.0
1972.0 8.025.0   0.0  25.0  16.6   0.0   0.0   0.0
1972.0 8.026.0   0.0  25.0  16.9   0.0   0.0   0.0
1972.0 8.027.0   0.0  26.1  17.1   0.0   0.0   0.0
1972.0 8.028.0   0.0  24.6  16.9   1.3   0.0   0.0
1972.0 8.029.0   0.0  24.6  15.8   0.0   0.0   0.0
1972.0 8.030.0   0.0  25.0  16.0   0.0   0.0   0.0
1972.0 8.031.0   0.0  24.5  16.6   0.0   0.0   0.0
1972.0 9.0 1.0   0.0  22.2  15.1  25.9   0.0   0.0
1972.0 9.0 2.0   0.0  19.5  16.1   0.0   0.0   0.0
1972.0 9.0 3.0   0.0  20.1  14.0  17.6   0.0   0.0
1972.0 9.0 4.0   0.0  17.4  15.3  33.4   0.0   0.0
1972.0 9.0 5.0   0.0  18.8  15.8   8.3   0.0   0.0
1972.0 9.0 6.0   0.0  20.2  15.8   6.5   0.0   0.0
1972.0 9.0 7.0   0.0  21.1  15.5  21.3   0.0   0.0
1972.0 9.0 8.0   0.0  23.9  15.9   2.1   0.0   0.0
1972.0 9.0 9.0   0.0  25.0  15.6   5.4   0.0   0.0
1972.0 9.010.0   0.0  25.9  15.8   0.0   0.0   0.0
1972.0 9.011.0   0.0  24.7  15.3   0.5   0.0   0.0
1972.0 9.012.0   0.0  22.5  14.6   1.4   0.0   0.0
1972.0 9.013.0   0.0  17.1  14.3   5.3   0.0   0.0
1972.0 9.014.0   0.0  22.3  15.8   0.0   0.0   0.0
1972.0 9.015.0   0.0  23.7  16.6   0.0   0.0   0.0
1972.0 9.016.0   0.0  21.5  16.7   0.0   0.0   0.0
1972.0 9.017.0   0.0  23.9  16.5   0.0   0.0   0.0
1972.0 9.018.0   0.0  24.1  15.6   0.0   0.0   0.0
1972.0 9.019.0   0.0  24.6  15.9  12.4   0.0   0.0
1972.0 9.020.0   0.0  24.4  16.7   0.0   0.0   0.0
1972.0 9.021.0   0.0  24.3  16.7   0.0   0.0   0.0
1972.0 9.022.0   0.0  26.1  15.8  11.4   0.0   0.0
1972.0 9.023.0   0.0  24.1  15.9   3.6   0.0   0.0
1972.0 9.024.0   0.0  23.9  14.5  28.1   0.0   0.0
1972.0 9.025.0   0.0  19.3  15.1   0.8   0.0   0.0
1972.0 9.026.0   0.0  19.6  12.8  72.8   0.0   0.0
1972.0 9.027.0   0.0  18.4  13.8  21.3   0.0   0.0
1972.0 9.028.0   0.0  20.8  14.8   1.3   0.0   0.0
1972.0 9.029.0   0.0  21.8  13.4   0.0   0.0   0.0
1972.0 9.030.0   0.0  23.0  13.1   0.0   0.0   0.0
1972.010.0 1.0   0.0  23.7  13.3   0.0   0.0   0.0
1972.010.0 2.0   0.0  23.1  13.5   0.0   0.0   0.0
1972.010.0 3.0   0.0  22.5  14.3   0.0   0.0   0.0
1972.010.0 4.0   0.0  24.5  14.4   0.0   0.0   0.0
1972.010.0 5.0   0.0  25.2  15.1   0.0   0.0   0.0
1972.010.0 6.0   0.0  24.3  14.6   0.0   0.0   0.0
1972.010.0 7.0   0.0  20.4  13.4   6.3   0.0   0.0
1972.010.0 8.0   0.0  19.0  13.5  14.0   0.0   0.0
1972.010.0 9.0   0.0  22.1  14.1   0.0   0.0   0.0
1972.010.010.0   0.0  23.8  14.1   0.0   0.0   0.0
1972.010.011.0   0.0  22.9  13.2   0.0   0.0   0.0
1972.010.012.0   0.0  21.2  13.6   0.0   0.0   0.0
1972.010.013.0   0.0  22.0  14.4   0.0   0.0   0.0
1972.010.014.0   0.0  20.1  14.4   0.3   0.0   0.0
1972.010.015.0   0.0  20.1  14.1   0.0   0.0   0.0
1972.010.016.0   0.0  22.1  13.9   0.0   0.0   0.0
1972.010.017.0   0.0  21.7  13.8   0.0   0.0   0.0
1972.010.018.0   0.0  21.6  12.0   0.0   0.0   0.0
1972.010.019.0   0.0  19.7  11.8   0.0   0.0   0.0
1972.010.020.0   0.0  20.4  11.2   0.0   0.0   0.0
1972.010.021.0   0.0  20.5  11.8   0.0   0.0   0.0
1972.010.022.0   0.0  21.9  11.6   0.0   0.0   0.0
1972.010.023.0   0.0  22.7  11.4   0.0   0.0   0.0
1972.010.024.0   0.0  19.3  10.3   0.0   0.0   0.0
1972.010.025.0   0.0  21.1  10.0   0.0   0.0   0.0
1972.010.026.0   0.0  20.3  11.3   0.0   0.0   0.0
1972.010.027.0   0.0  18.2  12.4   0.0   0.0   0.0
1972.010.028.0   0.0  21.7  12.9   0.0   0.0   0.0
1972.010.029.0   0.0  22.2  12.5   1.9   0.0   0.0
1972.010.030.0   0.0  15.4  10.6  24.2   0.0   0.0
1972.010.031.0   0.0  17.5   9.3   0.0   0.0   0.0
1972.011.0 1.0   0.0  18.6   9.5   0.0   0.0   0.0
1972.011.0 2.0   0.0  18.1   9.6   0.0   0.0   0.0
1972.011.0 3.0   0.0  19.1   9.9   0.0   0.0   0.0
1972.011.0 4.0   0.0  19.5  10.5   0.0   0.0   0.0
1972.011.0 5.0   0.0  19.9   9.7   0.0   0.0   0.0
1972.011.0 6.0   0.0  20.7  11.5   0.0   0.0   0.0
1972.011.0 7.0   0.0  21.9  10.9   0.0   0.0   0.0
1972.011.0 8.0   0.0  21.4  10.1   0.0   0.0   0.0
1972.011.0 9.0   0.0  20.3   9.1   0.0   0.0   0.0
1972.011.010.0   0.0  20.6   9.9   0.0   0.0   0.0
1972.011.011.0   0.0  20.7  10.2   0.0   0.0   0.0
1972.011.012.0   0.0  20.2   9.5   0.0   0.0   0.0
1972.011.013.0   0.0  18.0   9.2   0.0   0.0   0.0
1972.011.014.0   0.0  12.1   9.2   1.0   0.0   0.0
1972.011.015.0   0.0  15.1   8.8   0.0   0.0   0.0
1972.011.016.0   0.0  17.3   8.6   0.0   0.0   0.0
1972.011.017.0   0.0  17.3   8.2   0.0   0.0   0.0
1972.011.018.0   0.0  17.7   8.4   0.3   0.0   0.0
1972.011.019.0   0.0  19.2   8.5   0.0   0.0   0.0
1972.011.020.0   0.0  20.0   9.6   0.0   0.0   0.0
1972.011.021.0   0.0  18.9   9.1   0.0   0.0   0.0
1972.011.022.0   0.0  18.1   9.4   0.0   0.0   0.0
1972.011.023.0   0.0  19.6   9.9   0.0   0.0   0.0
1972.011.024.0   0.0  19.0   8.9   0.0   0.0   0.0
1972.011.025.0   0.0  19.0   8.6   0.0   0.0   0.0
1972.011.026.0   0.0  19.3   8.0   5.4   0.0   0.0
1972.011.027.0   0.0  13.8   7.6   5.6   0.0   0.0
1972.011.028.0   0.0  17.3   8.6   0.0   0.0   0.0
1972.011.029.0   0.0  18.6   8.6   0.0   0.0   0.0
1972.011.030.0   0.0  17.6   8.0   0.0   0.0   0.0
1972.012.0 1.0   0.0  19.0   8.4   0.0   0.0   0.0
1972.012.0 2.0   0.0  19.5   8.3   0.0   0.0   0.0
1972.012.0 3.0   0.0  21.0  10.7   0.0   0.0   0.0
1972.012.0 4.0   0.0  22.8  10.4   0.0   0.0   0.0
1972.012.0 5.0   0.0  21.6  10.6   0.0   0.0   0.0
1972.012.0 6.0   0.0  20.4   8.0   0.0   0.0   0.0
1972.012.0 7.0   0.0  18.1   5.5   0.0   0.0   0.0
1972.012.0 8.0   0.0  16.0   5.5   0.0   0.0   0.0
1972.012.0 9.0   0.0  18.0   6.5   0.0   0.0   0.0
1972.012.010.0   0.0  18.3   7.2   0.0   0.0   0.0
1972.012.011.0   0.0  17.0   6.6   0.0   0.0   0.0
1972.012.012.0   0.0  15.7   6.1   0.0   0.0   0.0
1972.012.013.0   0.0  15.3   4.6   0.0   0.0   0.0
1972.012.014.0   0.0  15.6   5.5   0.0   0.0   0.0
1972.012.015.0   0.0  17.1   6.3   0.0   0.0   0.0
1972.012.016.0   0.0  17.3   5.9   0.0   0.0   0.0
1972.012.017.0   0.0  17.2   6.7   0.0   0.0   0.0
1972.012.018.0   0.0  18.8   6.9   0.0   0.0   0.0
1972.012.019.0   0.0  18.3   7.2   0.0   0.0   0.0
1972.012.020.0   0.0  16.5   5.8   0.0   0.0   0.0
1972.012.021.0   0.0  16.0   8.9   0.0   0.0   0.0
1972.012.022.0   0.0  25.6   5.3   0.0   0.0   0.0
1972.012.023.0   0.0  15.9   4.3   0.0   0.0   0.0
1972.012.024.0   0.0  13.9   3.5   0.0   0.0   0.0
1972.012.025.0   0.0  15.1   4.1   0.0   0.0   0.0
1972.012.026.0   0.0  13.1   4.0   0.0   0.0   0.0
1972.012.027.0   0.0  13.1   4.0   0.0   0.0   0.0
1972.012.028.0   0.0  13.0   5.7   0.0   0.0   0.0
1972.012.029.0   0.0  16.0   6.3   0.0   0.0   0.0
1972.012.030.0   0.0  15.7   4.6   0.0   0.0   0.0
1972.012.031.0   0.0  14.9   4.9   0.0   0.0   0.0
