      1    0.0
      2    0.0
      3    0.0
      4    0.0
      5    0.0
      6    0.0
      7    0.0
      8    0.0
      9    0.0
     10    0.0
     11    0.0
     12    0.0
     13    0.0
     14    0.0
     15    0.0
     16    0.0
     17    0.0
     18    0.0
     19    0.0
     20   12.0
     21   35.7
     22    0.0
     23    0.0
     24    0.0
     25    0.5
     26    T  
     27    0.0
     28    0.0
     29    0.0
     30    0.0
     31    0.0
     32    0.0
     33    0.0
     34   12.0
     35    0.8
     36    0.0
     37    0.0
     38    0.0
     39    0.0
     40    0.0
     41    0.0
     42    0.0
     43    0.0
     44    0.0
     45    0.0
     46    0.0
     47    0.0
     48    0.0
     49    0.0
     50    0.0
     51    0.0
     52    0.0
     53    0.0
     54    0.0
     55    0.0
     56    1.2
     57    0.0
     58    0.0
     59    0.0
     60    0.0
     61    0.0
     62    0.0
     63    0.0
     64    0.0
     65    0.0
     66    0.0
     67    0.0
     68    0.0
     69    0.0
     70    0.0
     71    0.0
     72    0.0
     73    0.0
     74    0.0
     75    0.0
     76    0.0
     77    0.5
     78    0.2
     79    T  
     80    1.1
     81    1.0
     82    0.0
     83    0.0
     84    0.0
     85    0.0
     86    T  
     87    0.2
     88    0.5
     89    1.0
     90    T  
     91    0.2
     92    T  
     93   21.7
     94   61.8
     95    0.0
     96    T  
     97    0.0
     98    0.0
     99   20.7
    100   10.0
    101    0.3
    102    0.0
    103   10.0
    104    T  
    105    2.0
    106    1.7
    107    2.5
    108    0.0
    109    0.0
    110    0.0
    111    0.0
    112    0.0
    113    0.9
    114    T  
    115    0.0
    116    0.0
    117   20.7
    118   31.3
    119    0.5
    120    0.0
    121    0.0
    122    0.0
    123    3.5
    124    0.0
    125   31.7
    126   45.1
    127    1.7
    128    0.0
    129    0.0
    130    0.0
    131    0.0
    132    0.0
    133    0.0
    134    0.0
    135    0.0
    136    0.0
    137    0.0
    138    0.0
    139    0.0
    140    0.0
    141    0.0
    142    0.0
    143    0.0
    144    1.7
    145    2.1
    146    T  
    147    0.3
    148    0.1
    149   20.3
    150    1.2
    151    0.1
    152    0.0
    153    T  
    154    0.1
    155   40.2
    156    1.2
    157    0.0
    158    0.0
    159    0.0
    160    0.0
    161    0.0
    162    0.0
    163    0.0
    164    0.0
    165    0.0
    166    0.0
    167    0.0
    168   12.0
    169   10.1
    170   21.3
    171    6.7
    172    0.0
    173    0.0
    174    0.0
    175    1.7
    176    T  
    177    1.4
    178    2.7
    179    0.3
    180    1.6
    181   20.3
    182    0.0
    183    0.0
    184    0.4
    185    T  
    186    1.7
    187    0.0
    188    0.0
    189    0.0
    190   31.4
    191   25.1
    192   13.0
    193    1.0
    194    8.6
    195    0.3
    196   32.6
    197    T  
    198    2.7
    199    1.1
    200    3.7
    201    0.0
    202    0.0
    203  100.3
    204    T  
    205    0.0
    206    0.0
    207    1.6
    208   20.1
    209   11.7
    210    T  
    211   31.4
    212    0.3
    213   36.1
    214   72.3
    215  110.3
    216    T  
    217   21.8
    218   13.1
    219   10.1
    220    0.6
    221    T  
    222    1.5
    223    2.7
    224   81.3
    225   61.1
    226    T  
    227    0.0
    228    0.0
    229    0.0
    230    0.0
    231   26.3
    232    1.3
    233    0.0
    234    0.0
    235   21.3
    236    8.3
    237   11.3
    238    0.0
    239    0.0
    240    0.0
    241    0.0
    242   22.2
    243   21.0
    244    0.0
    245   12.7
    246   20.1
    247   44.3
    248   10.0
    249   12.0
    250    0.7
    251    1.1
    252   21.0
    253    1.7
    254    0.3
    255   32.8
    256    0.3
    257   22.1
    258    0.0
    259    0.8
    260    0.7
    261    0.3
    262    T  
    263   20.0
    264    1.5
    265   10.1
    266    0.3
    267   21.4
    268    0.0
    269    0.0
    270    0.0
    271    T  
    272   20.1
    273   10.3
    274   11.0
    275    0.7
    276    T  
    277   21.1
    278   12.7
    279    T  
    280    0.0
    281    0.0
    282   17.0
    283    0.3
    284    0.0
    285    0.0
    286    0.0
    287    0.0
    288    0.0
    289    0.0
    290    0.0
    291    0.0
    292   20.3
    293    0.3
    294    1.4
    295   10.1
    296    T  
    297    0.7
    298    3.7
    299    0.0
    300    T  
    301    0.0
    302    0.0
    303   14.0
    304    0.0
    305    0.0
    306    0.0
    307    0.0
    308    0.0
    309    0.0
    310    0.0
    311    0.0
    312    0.0
    313    0.0
    314    0.0
    315    0.0
    316    0.0
    317    0.0
    318    0.0
    319    0.0
    320    0.0
    321    0.0
    322    0.0
    323   10.3
    324    T  
    325    0.0
    326    0.0
    327    0.0
    328    0.0
    329    T  
    330   34.5
    331   32.0
    332    0.0
    333    0.0
    334    0.0
    335    2.7
    336    T  
    337    0.0
    338    0.0
    339    0.0
    340    0.0
    341   32.1
    342   47.3
    343    0.0
    344    0.0
    345    0.0
    346   50.3
    347    T  
    348    0.0
    349    0.0
    350    0.0
    351    0.0
    352    0.0
    353    0.0
    354    0.0
    355    0.0
    356    0.0
    357    0.0
    358    0.0
    359    0.0
    360    0.0
    361    0.0
    362    0.0
    363    0.0
    364    0.0
    365    0.0
