      1    0.0
      2    0.0
      3    0.0
      4    0.0
      5    0.0
      6    0.0
      7    0.0
      8    0.0
      9    0.0
     10    0.0
     11    0.0
     12    0.0
     13   12.8
     14    6.5
     15    0.0
     16    0.0
     17    0.0
     18    0.0
     19    0.0
     20    0.0
     21    0.0
     22    0.0
     23    0.0
     24    0.0
     25    0.0
     26    0.0
     27    0.0
     28    0.0
     29    0.0
     30    0.0
     31    0.0
     32    0.0
     33    0.0
     34    0.0
     35    0.0
     36   40.3
     37   41.2
     38    0.0
     39    0.0
     40    0.0
     41    0.0
     42    0.0
     43   20.3
     44    6.5
     45    0.2
     46    T  
     47    0.0
     48    0.0
     49    5.7
     50    0.3
     51    0.0
     52    0.0
     53    0.0
     54    0.0
     55    0.0
     56    0.0
     57    0.0
     58    0.0
     59    0.0
     60    0.0
     61    0.0
     62    0.0
     63    0.0
     64    0.0
     65    3.1
     66    T  
     67    0.0
     68    0.0
     69    0.0
     70    0.0
     71    0.0
     72    0.0
     73    T  
     74    0.0
     75    0.0
     76    0.0
     77    0.0
     78    0.0
     79    0.0
     80    0.0
     81    0.0
     82    0.0
     83   12.3
     84   11.5
     85    0.0
     86    0.0
     87    0.0
     88    0.0
     89    0.0
     90    0.0
     91    0.0
     92    0.0
     93    0.0
     94    0.0
     95    0.0
     96    0.0
     97    0.0
     98    0.0
     99    0.0
    100    0.0
    101    0.0
    102    0.0
    103    0.0
    104    0.0
    105    0.0
    106    7.1
    107    0.0
    108   19.4
    109    0.0
    110    0.0
    111    T  
    112   12.6
    113    0.0
    114    2.3
    115    0.0
    116    T  
    117    0.5
    118    0.0
    119    9.0
    120    0.0
    121    0.0
    122    0.0
    123    0.0
    124    0.0
    125   30.5
    126   16.3
    127    1.4
    128    T  
    129    0.0
    130    0.0
    131    0.0
    132    T  
    133    0.0
    134   26.1
    135    T  
    136    7.5
    137    0.0
    138   26.3
    139    0.7
    140    0.0
    141   21.3
    142    0.0
    143    4.0
    144    0.0
    145    0.0
    146    8.7
    147   10.2
    148    0.0
    149    T  
    150    0.7
    151   21.0
    152   22.7
    153   12.1
    154    T  
    155   20.3
    156   31.7
    157   12.0
    158    4.7
    159  120.1
    160  110.5
    161   89.2
    162   12.1
    163    0.0
    164    0.0
    165    0.0
    166   10.3
    167    0.3
    168   21.3
    169    T  
    170   26.2
    171    T  
    172   35.3
    173    0.1
    174    5.0
    175    1.0
    176    1.3
    177   11.3
    178   11.0
    179   32.0
    180    0.8
    181   51.1
    182    0.4
    183   11.3
    184    0.5
    185   13.2
    186   11.2
    187    0.0
    188   12.1
    189   25.7
    190   13.2
    191   10.2
    192  112.0
    193   12.0
    194   32.2
    195    0.5
    196  102.2
    197   41.0
    198   82.7
    199    1.8
    200    0.2
    201   31.4
    202   24.1
    203   20.8
    204   13.2
    205    0.2
    206    T  
    207    0.8
    208    0.7
    209    9.0
    210    4.0
    211   41.0
    212    2.0
    213   10.4
    214   15.2
    215   23.7
    216    0.0
    217    0.0
    218    0.0
    219    T  
    220    0.0
    221    0.3
    222   35.0
    223  154.3
    224   81.3
    225    0.0
    226    T  
    227   33.3
    228    1.4
    229   26.6
    230   12.0
    231   21.3
    232   23.3
    233   43.8
    234    T  
    235    0.7
    236   21.3
    237    T  
    238   17.3
    239   42.6
    240    4.5
    241    6.7
    242    4.2
    243   28.2
    244   41.6
    245   50.2
    246   10.7
    247    7.0
    248   51.6
    249   17.3
    250    2.4
    251    0.0
    252    T  
    253   34.8
    254   17.8
    255    0.0
    256    0.0
    257    0.0
    258    0.0
    259    0.0
    260    1.7
    261    8.3
    262   15.0
    263   18.4
    264    0.0
    265    0.0
    266    0.0
    267    0.0
    268    0.0
    269    0.0
    270    0.0
    271    0.0
    272    0.0
    273    0.0
    274    5.0
    275    0.0
    276    0.0
    277    0.0
    278    0.0
    279    0.0
    280    0.0
    281    0.0
    282    0.0
    283    0.0
    284    0.0
    285    0.0
    286    0.0
    287    0.0
    288    0.0
    289    0.0
    290    0.0
    291    0.0
    292    0.0
    293    0.0
    294    0.0
    295    0.0
    296    0.0
    297    0.0
    298    0.0
    299    0.0
    300    0.0
    301    0.0
    302    0.0
    303    0.0
    304    0.0
    305    0.0
    306    0.0
    307    0.0
    308    0.0
    309    0.0
    310    0.0
    311    0.0
    312    0.0
    313    0.0
    314    0.0
    315    0.0
    316    0.0
    317    0.0
    318    0.0
    319    0.0
    320    0.0
    321    0.0
    322    0.0
    323    0.0
    324    0.0
    325    0.0
    326    0.0
    327    0.0
    328    0.0
    329    0.0
    330    0.0
    331    0.0
    332    0.6
    333    0.0
    334    0.0
    335    0.0
    336    0.0
    337    0.0
    338    0.0
    339    0.0
    340    0.0
    341    0.0
    342    0.0
    343    0.0
    344    0.0
    345    0.0
    346    0.0
    347    0.0
    348    0.0
    349    0.0
    350    0.0
    351    0.0
    352    0.0
    353    0.0
    354    0.0
    355    0.0
    356    0.0
    357    0.0
    358    0.0
    359    0.0
    360    0.0
    361    0.0
    362    0.0
    363    0.0
    364    0.0
    365    0.0
    366    0.3
