      1    0.0
      2    0.0
      3    0.0
      4    0.0
      5    0.0
      6    0.0
      7    0.0
      8    0.0
      9    0.0
     10    6.0
     11    7.0
     12    0.0
     13    0.0
     14    0.0
     15    0.0
     16    0.0
     17    8.0
     18    3.0
     19   27.0
     20    0.0
     21    0.0
     22    7.0
     23   11.8
     24    0.0
     25    0.0
     26    0.0
     27    0.0
     28    0.0
     29    0.0
     30    0.0
     31    0.0
     32    5.8
     33    4.6
     34    0.0
     35    0.0
     36    0.0
     37    0.0
     38    0.0
     39    0.0
     40    0.0
     41    0.0
     42    0.0
     43    0.0
     44    0.0
     45    0.0
     46    0.0
     47    2.0
     48    0.0
     49    0.0
     50    0.0
     51    0.0
     52    0.0
     53    0.0
     54    0.0
     55    0.0
     56    0.0
     57    0.0
     58    0.0
     59    0.0
     60    0.0
     61    0.0
     62    0.0
     63    0.0
     64    0.0
     65    0.0
     66    0.0
     67    0.0
     68    0.0
     69    0.0
     70   13.0
     71    0.0
     72    0.0
     73    0.0
     74    3.7
     75    3.4
     76    0.0
     77   18.1
     78    2.0
     79    0.0
     80    5.6
     81    0.0
     82    0.0
     83    0.0
     84    0.0
     85    0.0
     86    0.0
     87    0.0
     88    0.0
     89    0.0
     90    0.0
     91    0.0
     92    0.0
     93    0.0
     94    0.0
     95    0.0
     96    0.0
     97    0.0
     98    0.0
     99   10.0
    100    0.0
    101    0.0
    102    0.0
    103    0.0
    104    0.0
    105    0.0
    106    0.0
    107    0.0
    108    0.0
    109    0.0
    110    0.0
    111    0.0
    112   20.9
    113   14.5
    114   30.6
    115    0.0
    116    0.0
    117    2.0
    118    0.0
    119    0.0
    120   17.4
    121    7.3
    122    5.2
    123    0.0
    124    0.0
    125    9.6
    126   11.4
    127   15.9
    128    4.4
    129    2.9
    130    0.0
    131    0.0
    132    0.0
    133    0.0
    134    6.4
    135   39.6
    136    0.0
    137   32.2
    138   16.2
    139    0.0
    140   40.4
    141   12.5
    142    0.0
    143    2.5
    144    0.0
    145   46.2
    146    0.0
    147    0.0
    148    0.0
    149    0.0
    150    0.0
    151    0.0
    152    0.0
    153    0.0
    154    0.0
    155   27.9
    156   32.4
    157    3.7
    158   14.3
    159    0.0
    160    0.0
    161    0.0
    162   26.5
    163    0.0
    164    9.8
    165    0.0
    166    0.0
    167    0.0
    168    0.0
    169    0.0
    170   52.8
    171   20.4
    172   22.6
    173   33.8
    174    0.0
    175   26.8
    176    0.0
    177   27.2
    178   12.3
    179    7.5
    180    0.0
    181    0.0
    182    8.9
    183   25.2
    184   33.8
    185    3.7
    186   18.0
    187    9.0
    188   87.2
    189    0.0
    190    4.6
    191    3.6
    192   52.8
    193   14.0
    194    5.5
    195   43.4
    196   32.7
    197   23.8
    198   23.4
    199   23.2
    200   16.8
    201    8.0
    202   52.4
    203    1.7
    204   24.4
    205    2.0
    206    0.0
    207   38.8
    208    2.3
    209    1.3
    210    5.0
    211    0.0
    212   25.7
    213    0.0
    214   22.6
    215    0.0
    216    0.0
    217    0.0
    218   28.8
    219   55.0
    220   19.8
    221   27.4
    222    0.0
    223    5.9
    224    0.0
    225   99.4
    226    0.0
    227    1.3
    228   80.5
    229    7.2
    230   19.2
    231    0.0
    232   25.7
    233    6.2
    234    2.5
    235    0.0
    236    1.6
    237    9.8
    238    6.9
    239   17.1
    240   30.5
    241    1.9
    242    0.0
    243   23.8
    244    0.0
    245    5.7
    246    0.0
    247   42.3
    248   21.8
    249   28.6
    250    3.3
    251    1.6
    252   22.9
    253    0.0
    254    0.0
    255    0.0
    256    0.0
    257    1.6
    258    0.0
    259    0.0
    260    0.0
    261    0.0
    262    0.0
    263    0.0
    264   67.7
    265    0.0
    266    0.0
    267    0.0
    268    0.0
    269    0.0
    270    0.0
    271    0.0
    272    0.0
    273    1.4
    274    0.0
    275    0.0
    276    0.0
    277    1.1
    278   12.5
    279   29.9
    280    9.5
    281    0.0
    282    0.0
    283    1.1
    284    0.0
    285    0.0
    286    0.0
    287    0.0
    288    0.0
    289    0.0
    290    0.0
    291    0.0
    292    2.3
    293   29.3
    294   73.9
    295    8.4
    296    3.6
    297    0.0
    298    0.0
    299    0.0
    300    2.1
    301    0.0
    302    0.0
    303    0.0
    304    0.0
    305    0.0
    306    0.0
    307    0.0
    308    0.0
    309    0.0
    310    0.0
    311    0.0
    312    0.0
    313    0.0
    314    0.0
    315    0.0
    316    0.0
    317    0.0
    318    0.0
    319    0.0
    320    0.0
    321    0.0
    322    0.0
    323    0.0
    324    0.0
    325    0.0
    326    0.0
    327    0.0
    328    0.0
    329    0.0
    330    0.0
    331    0.0
    332    0.0
    333    0.0
    334    0.0
    335    0.0
    336    0.0
    337    0.0
    338    0.0
    339    0.0
    340    0.0
    341    0.0
    342    0.0
    343    0.0
    344    0.0
    345    0.0
    346    0.0
    347    0.0
    348    0.0
    349    0.0
    350    0.0
    351    0.0
    352    0.0
    353    0.0
    354    0.0
    355    0.0
    356    0.0
    357    0.0
    358    0.0
    359    0.0
    360    0.0
    361    0.0
    362    0.0
    363    0.0
    364    0.0
    365    0.0
