      1    0.0
      2    0.0
      3    0.0
      4    0.0
      5    0.0
      6    0.0
      7    0.0
      8    0.0
      9    0.0
     10    0.0
     11    0.0
     12    0.0
     13    0.0
     14    0.0
     15    0.0
     16    0.0
     17    0.0
     18    0.0
     19    0.0
     20    0.0
     21    0.0
     22    0.0
     23    0.0
     24    0.0
     25    0.0
     26    0.0
     27    0.0
     28    0.0
     29    0.0
     30    0.0
     31    0.0
     32    0.0
     33    0.0
     34    0.0
     35    0.0
     36    0.0
     37    0.0
     38    0.0
     39    0.0
     40    0.0
     41    0.1
     42   25.2
     43    0.0
     44    0.0
     45    0.3
     46   19.5
     47    2.8
     48    0.0
     49    0.0
     50    0.0
     51    0.0
     52    0.0
     53    0.0
     54    0.0
     55    0.0
     56    0.0
     57    0.0
     58    0.0
     59    0.0
     60    0.0
     61    0.0
     62    0.0
     63    0.0
     64    0.0
     65    0.0
     66    5.2
     67    0.0
     68    0.0
     69    0.0
     70    0.0
     71    0.0
     72    0.0
     73    0.0
     74    0.6
     75   17.2
     76    0.0
     77    0.0
     78    0.0
     79    1.0
     80    0.0
     81    0.0
     82    0.0
     83    1.5
     84    0.0
     85    0.2
     86    7.4
     87    0.0
     88    7.0
     89    5.8
     90    0.5
     91    0.0
     92    0.0
     93    5.0
     94    0.4
     95    0.0
     96    0.0
     97    0.0
     98    0.8
     99    0.0
    100    7.6
    101    0.0
    102    0.0
    103    0.0
    104    0.0
    105    0.0
    106    0.0
    107   10.4
    108    0.9
    109    0.0
    110    0.0
    111    0.0
    112    0.0
    113    6.4
    114   20.8
    115    0.7
    116    0.4
    117    0.0
    118    0.0
    119   22.4
    120    0.0
    121    0.0
    122    0.2
    123   13.3
    124   15.2
    125   29.6
    126   17.6
    127    0.0
    128    0.0
    129    0.0
    130    0.0
    131   30.3
    132   25.5
    133    0.0
    134    7.3
    135   18.6
    136   12.8
    137    0.0
    138   27.3
    139    0.0
    140    0.0
    141    0.0
    142    0.0
    143    8.4
    144    0.0
    145    0.0
    146    0.0
    147   22.4
    148    0.2
    149    8.5
    150    0.0
    151    0.0
    152    0.0
    153    0.0
    154    0.0
    155    0.0
    156    0.0
    157    0.0
    158    0.0
    159   35.0
    160    6.5
    161    0.0
    162    7.8
    163   59.4
    164   68.5
    165    9.2
    166    0.0
    167   18.8
    168   10.3
    169    0.0
    170   26.2
    171   48.0
    172   10.2
    173   29.7
    174    7.4
    175   28.8
    176   48.0
    177    0.0
    178   78.3
    179   56.4
    180   21.5
    181   49.0
    182   20.0
    183   12.2
    184   23.5
    185    6.9
    186   51.6
    187    5.0
    188    0.0
    189   10.5
    190   19.2
    191    7.0
    192   19.9
    193    0.0
    194    0.0
    195   31.6
    196   10.4
    197    0.8
    198   14.6
    199    0.0
    200   60.0
    201   21.0
    202   35.5
    203    0.0
    204   21.3
    205    0.0
    206   11.6
    207   40.0
    208   43.0
    209    9.4
    210    0.0
    211    0.0
    212    0.0
    213    0.0
    214    0.1
    215   11.2
    216   28.0
    217    0.0
    218    0.0
    219    0.0
    220   14.5
    221    7.5
    222    0.0
    223    0.0
    224    7.4
    225    0.0
    226   21.4
    227    0.0
    228  100.3
    229   20.4
    230   30.8
    231    0.0
    232   20.4
    233    2.0
    234   40.2
    235   61.4
    236   21.8
    237    0.0
    238    4.6
    239    0.0
    240    0.0
    241    7.6
    242   10.6
    243   14.0
    244    0.6
    245    0.0
    246    0.0
    247    0.0
    248    0.0
    249    0.0
    250    5.6
    251    7.0
    252    0.0
    253    0.1
    254   13.0
    255   17.8
    256    0.0
    257    0.9
    258   30.8
    259   55.0
    260   10.3
    261    0.0
    262    0.0
    263    0.0
    264    0.0
    265    0.0
    266    0.0
    267    0.9
    268    7.2
    269    0.8
    270    0.0
    271    6.5
    272   11.2
    273    2.0
    274   14.7
    275    0.0
    276    1.2
    277    0.0
    278    0.0
    279    9.9
    280    7.5
    281    0.0
    282   18.2
    283    0.0
    284    0.2
    285    0.0
    286    1.5
    287    0.0
    288   21.9
    289    0.0
    290    0.1
    291    0.0
    292    0.0
    293    0.0
    294    0.0
    295    0.0
    296    0.0
    297    0.0
    298    0.0
    299    0.0
    300    0.0
    301    0.0
    302    0.0
    303    0.0
    304    0.0
    305    0.0
    306    0.0
    307    0.0
    308    0.0
    309    0.0
    310    0.0
    311    0.0
    312    0.0
    313    0.0
    314    0.0
    315    0.0
    316    0.0
    317    0.6
    318    0.0
    319    0.0
    320    0.0
    321    0.0
    322    1.5
    323    0.0
    324    0.0
    325    0.0
    326    0.0
    327    0.0
    328    0.0
    329    0.0
    330    0.0
    331    0.0
    332    0.0
    333    0.0
    334    0.0
    335    0.0
    336    0.0
    337    0.0
    338    0.0
    339    0.0
    340    0.0
    341    0.0
    342    0.0
    343    0.0
    344    0.0
    345    0.0
    346    0.0
    347    0.0
    348   19.8
    349    0.0
    350    0.0
    351    0.0
    352    2.5
    353   25.0
    354    0.0
    355    0.0
    356    0.0
    357    0.0
    358    0.0
    359    0.0
    360    0.0
    361    0.0
    362    0.0
    363    0.0
    364    0.0
    365    0.0
