      1    0.0
      2    T  
      3    T  
      4    0.0
      5    0.0
      6   10.2
      7    4.1
      8    3.2
      9    0.0
     10    T  
     11    0.0
     12    0.0
     13    0.0
     14    2.0
     15    0.0
     16    0.0
     17    0.0
     18    0.0
     19    0.0
     20    4.2
     21    1.6
     22    T  
     23    0.0
     24    0.0
     25    0.0
     26    0.0
     27    0.0
     28    T  
     29    0.0
     30    0.0
     31    0.0
     32    0.0
     33    0.0
     34    0.0
     35    0.0
     36    0.0
     37    0.0
     38    0.3
     39    T  
     40    0.0
     41    T  
     42    0.0
     43    0.0
     44    0.0
     45    2.3
     46    3.4
     47    0.0
     48    0.0
     49    0.0
     50    1.2
     51    0.0
     52    0.0
     53    0.0
     54    0.0
     55    0.0
     56    0.0
     57    0.0
     58    0.0
     59    0.0
     60    0.1
     61    0.0
     62    T  
     63    0.0
     64    7.0
     65    0.0
     66    0.1
     67    0.0
     68    0.1
     69    0.0
     70    0.0
     71    0.0
     72    0.0
     73    0.0
     74    0.0
     75   10.2
     76    0.0
     77    0.0
     78    3.2
     79    0.1
     80   12.0
     81    0.1
     82    6.2
     83    T  
     84    0.0
     85    0.1
     86    9.0
     87    0.1
     88    T  
     89    T  
     90    0.0
     91    2.2
     92    0.0
     93    T  
     94    3.2
     95    T  
     96    0.0
     97    2.2
     98    0.1
     99    3.8
    100    T  
    101    0.0
    102    0.0
    103    1.2
    104    T  
    105    0.0
    106    T  
    107    T  
    108    T  
    109    0.1
    110    5.2
    111    5.5
    112    4.7
    113    4.5
    114    3.8
    115    4.5
    116    0.1
    117    0.0
    118    0.0
    119    0.0
    120    0.0
    121    0.1
    122    5.2
    123    5.5
    124    4.7
    125    4.5
    126    3.8
    127    4.5
    128    0.1
    129    0.0
    130    0.0
    131    0.0
    132    0.0
    133    T  
    134    0.0
    135    0.0
    136    T  
    137    0.0
    138    0.0
    139    0.0
    140    2.1
    141    0.0
    142    0.0
    143    0.0
    144    2.0
    145    4.8
    146    6.0
    147    1.6
    148    2.6
    149    0.0
    150   13.8
    151    T  
    152    0.1
    153    2.4
    154    2.0
    155    3.2
    156    0.1
    157    4.3
    158   10.3
    159    0.0
    160    0.0
    161    0.1
    162    0.0
    163    2.2
    164    0.1
    165    T  
    166    0.0
    167    4.0
    168    4.4
    169    4.8
    170    0.0
    171    4.3
    172    3.7
    173    5.0
    174    7.2
    175    3.2
    176    0.1
    177   45.2
    178   40.2
    179   30.2
    180    8.4
    181    9.8
    182    0.0
    183    0.0
    184    0.1
    185    0.0
    186    1.2
    187    2.0
    188    0.2
    189   19.2
    190   24.0
    191   23.0
    192   22.8
    193   17.6
    194   29.4
    195   19.0
    196   28.0
    197   20.4
    198    4.2
    199    5.2
    200   10.4
    201    8.2
    202   17.0
    203    5.0
    204    1.0
    205   15.0
    206    9.0
    207    0.1
    208    2.4
    209    5.0
    210   13.0
    211    2.0
    212    1.2
    213    0.0
    214    0.0
    215    T  
    216    0.0
    217    0.0
    218    0.0
    219    2.1
    220    0.0
    221    0.0
    222    0.0
    223    2.0
    224    4.8
    225    6.0
    226    1.6
    227    2.6
    228    0.0
    229   13.8
    230    T  
    231    0.1
    232    2.4
    233    2.0
    234    3.2
    235    0.1
    236    4.3
    237   10.3
    238    0.0
    239    0.0
    240    0.1
    241    0.0
    242    2.2
    243    1.1
    244    2.2
    245    6.6
    246    2.8
    247    0.0
    248    0.0
    249    0.0
    250    7.4
    251    0.1
    252    4.2
    253    0.1
    254    6.0
    255    2.2
    256   12.2
    257    4.0
    258   16.2
    259    4.2
    260    1.0
    261    7.6
    262    8.6
    263   22.0
    264   10.0
    265   15.2
    266    3.0
    267   16.2
    268   13.6
    269    0.2
    270   12.6
    271    1.6
    272    5.2
    273    0.0
    274    0.0
    275    0.0
    276    2.0
    277    3.0
    278   10.0
    279    5.0
    280    0.0
    281    0.0
    282    2.8
    283    0.0
    284    0.0
    285    0.0
    286    0.0
    287    0.0
    288    4.4
    289    0.2
    290    3.6
    291    1.6
    292    0.0
    293    0.0
    294    1.2
    295    1.4
    296    1.8
    297    0.0
    298    0.0
    299    0.0
    300    0.0
    301    T  
    302    0.0
    303    0.0
    304    0.0
    305    0.0
    306    0.0
    307    0.0
    308    0.0
    309    0.3
    310    0.2
    311    0.0
    312    3.6
    313    0.1
    314    0.0
    315    T  
    316    0.1
    317    1.0
    318    0.0
    319    0.0
    320    0.0
    321    0.0
    322    0.0
    323    0.0
    324    0.0
    325    0.0
    326    0.0
    327    0.0
    328    0.0
    329    2.6
    330    T  
    331    0.0
    332    0.0
    333    0.0
    334    0.0
    335    0.0
    336   20.0
    337    0.0
    338    0.0
    339    0.0
    340    0.0
    341    0.0
    342    0.0
    343   15.2
    344   42.2
    345    0.0
    346    0.0
    347   15.4
    348    T  
    349    0.0
    350    0.0
    351    0.0
    352    0.0
    353    0.0
    354    0.0
    355    0.0
    356    0.0
    357    0.0
    358    0.0
    359    0.0
    360    0.0
    361    0.0
    362    0.0
    363    0.0
    364    0.0
    365    0.0
