      1   DNA   
      2   DNA   
      3   DNA   
      4   DNA   
      5   DNA   
      6   DNA   
      7   DNA   
      8   DNA   
      9   DNA   
     10   DNA   
     11   DNA   
     12   DNA   
     13   DNA   
     14   DNA   
     15   DNA   
     16   DNA   
     17   DNA   
     18   DNA   
     19   DNA   
     20   DNA   
     21   DNA   
     22   DNA   
     23   DNA   
     24   DNA   
     25   DNA   
     26   DNA   
     27   DNA   
     28   DNA   
     29   DNA   
     30   DNA   
     31   DNA   
     32   DNA   
     33   DNA   
     34   DNA   
     35   DNA   
     36   DNA   
     37   DNA   
     38   DNA   
     39   DNA   
     40   DNA   
     41   DNA   
     42   DNA   
     43   DNA   
     44   DNA   
     45   DNA   
     46   DNA   
     47   DNA   
     48   DNA   
     49   DNA   
     50   DNA   
     51   DNA   
     52   DNA   
     53   DNA   
     54   DNA   
     55   DNA   
     56   DNA   
     57   DNA   
     58   DNA   
     59   DNA   
     60    0.0
     61    0.0
     62    0.0
     63    0.0
     64    0.0
     65    0.0
     66    0.0
     67    0.0
     68    0.0
     69    0.0
     70    0.0
     71    0.0
     72    0.0
     73    0.0
     74    0.0
     75    0.0
     76    0.0
     77    0.0
     78    3.8
     79    0.0
     80    0.0
     81    0.0
     82    0.0
     83    0.0
     84    0.0
     85    0.0
     86    0.0
     87    0.0
     88    0.0
     89    4.2
     90    0.0
     91    0.0
     92    0.0
     93    0.0
     94    0.0
     95    0.0
     96    0.0
     97    0.0
     98    0.0
     99    0.0
    100    0.0
    101    0.0
    102    0.0
    103    0.0
    104    0.0
    105    0.0
    106    0.0
    107    0.0
    108    0.0
    109    0.0
    110    0.0
    111    0.0
    112    0.0
    113    0.0
    114    0.0
    115    0.0
    116    0.0
    117    0.0
    118    7.0
    119    0.0
    120    0.0
    121    0.0
    122    0.0
    123    0.0
    124    0.0
    125    0.0
    126    0.0
    127    0.0
    128    0.0
    129    0.0
    130    0.0
    131    0.0
    132    0.0
    133    4.3
    134   26.4
    135    0.0
    136   23.2
    137    0.0
    138   26.6
    139    0.0
    140   20.0
    141    6.0
    142    0.0
    143    2.4
    144    0.0
    145   17.0
    146   20.2
    147   30.4
    148   44.0
    149   36.4
    150   51.0
    151   51.0
    152   12.4
    153   11.8
    154   12.8
    155   65.0
    156   31.2
    157   21.4
    158    9.0
    159    7.5
    160    0.0
    161    0.0
    162    0.0
    163    3.2
    164   28.8
    165    5.2
    166   42.0
    167    7.0
    168   23.0
    169   43.6
    170   30.4
    171    0.0
    172   40.4
    173    8.2
    174    0.0
    175    0.0
    176    0.0
    177    0.0
    178    0.0
    179    4.2
    180    5.6
    181   13.0
    182    0.0
    183    7.2
    184    0.0
    185   33.3
    186   15.2
    187   25.2
    188   14.0
    189    8.4
    190   10.2
    191   19.2
    192    3.2
    193    1.4
    194    3.0
    195    9.4
    196   11.0
    197   16.4
    198   20.4
    199   23.6
    200   21.0
    201   25.2
    202   26.2
    203   35.0
    204   40.2
    205   45.0
    206   47.2
    207   39.6
    208   41.4
    209   33.2
    210   38.0
    211   36.4
    212   20.2
    213    3.2
    214    1.0
    215    0.0
    216   11.2
    217    2.2
    218    2.0
    219    5.0
    220    4.6
    221    0.0
    222    0.0
    223    0.0
    224    0.0
    225    0.0
    226   18.4
    227    3.2
    228    0.0
    229    2.3
    230    0.0
    231    5.2
    232    6.2
    233    2.0
    234    0.0
    235    0.0
    236    0.0
    237    0.0
    238    2.0
    239    0.0
    240   42.4
    241    9.0
    242   25.4
    243   24.0
    244    0.0
    245    5.0
    246    0.0
    247    2.5
    248   25.0
    249    5.8
    250    9.5
    251    3.5
    252    4.0
    253    1.0
    254    0.0
    255    2.0
    256    0.0
    257    0.0
    258    0.0
    259    6.0
    260    5.5
    261    0.0
    262    0.0
    263    0.0
    264    9.5
    265    1.5
    266   12.5
    267    0.0
    268    0.0
    269    6.5
    270    1.0
    271    0.0
    272    0.0
    273    0.0
    274    0.0
    275    0.0
    276    0.0
    277    0.0
    278   67.6
    279    0.0
    280    6.2
    281    2.6
    282    6.2
    283    7.6
    284    0.0
    285   19.4
    286   14.2
    287    8.2
    288    0.0
    289    0.0
    290    0.0
    291    0.0
    292   25.2
    293    0.0
    294    0.0
    295    0.0
    296    0.0
    297    0.0
    298    0.0
    299    0.0
    300    0.0
    301    0.0
    302    0.0
    303    0.0
    304    0.0
    305    0.0
    306    0.0
    307    0.0
    308    0.0
    309    0.0
    310    0.0
    311    0.0
    312    0.0
    313    0.0
    314    0.0
    315    0.0
    316    0.0
    317    0.0
    318    0.0
    319    0.0
    320    0.0
    321    0.0
    322    0.0
    323    0.0
    324    0.0
    325    0.0
    326    0.0
    327    2.2
    328    0.0
    329    0.0
    330    0.0
    331    0.0
    332    0.0
    333    0.0
    334    7.6
    335   DNA   
    336   DNA   
    337   DNA   
    338   DNA   
    339   DNA   
    340   DNA   
    341   DNA   
    342   DNA   
    343   DNA   
    344   DNA   
    345   DNA   
    346   DNA   
    347   DNA   
    348   DNA   
    349   DNA   
    350   DNA   
    351   DNA   
    352   DNA   
    353   DNA   
    354   DNA   
    355   DNA   
    356   DNA   
    357   DNA   
    358   DNA   
    359   DNA   
    360   DNA   
    361   DNA   
    362   DNA   
    363   DNA   
    364   DNA   
    365   DNA   
