2014          Temperature for OKHALDHUNGA             
        Tmax  Tmin
     1  16.6   4.6 
     2  17.2   5.2 
     3  16.2   4.2 
     4  16.6   4.2 
     5  16.6   4.0 
     6  15.6   3.8 
     7  13.6   1.2 
     8  11.6   2.2 
     9  14.9   2.1 
    10  16.6   3.2 
    11  13.4   5.0 
    12  14.0   2.8 
    13  17.4   4.4 
    14  17.8   5.4 
    15  15.1   5.4 
    16  18.3   5.3 
    17  15.9   4.6 
    18  11.3   6.1 
    19  17.6   4.6 
    20  18.8   5.7 
    21  17.6   4.9 
    22  16.9   6.5 
    23  15.4   6.5 
    24  17.7   6.5 
    25  17.6   6.0 
    26  17.4   6.0 
    27  18.2   6.0 
    28  18.0   5.4 
    29  19.0   6.5 
    30  19.0   6.8 
    31  18.0   6.0 
    32  20.2   6.1 
    33  19.2   7.6 
    34  19.6   6.5 
    35  17.5   6.5 
    36  18.8   4.9 
    37  17.6   5.0 
    38  18.4   5.8 
    39  18.2   6.5 
    40  19.7   4.5 
    41  19.4   4.7 
    42  17.5   4.5 
    43  17.0   3.5 
    44  16.6   3.0 
    45   8.1   3.7 
    46  14.6   4.0 
    47   7.1   3.0 
    48  16.0   1.2 
    49  18.5   3.6 
    50  19.2   5.0 
    51  17.6   6.0 
    52  17.6   6.3 
    53  13.3   7.3 
    54  19.6   5.9 
    55  20.2   6.4 
    56  15.0   6.6 
    57  15.5   7.4 
    58  18.8   7.0 
    59  19.2   6.4 
    60  12.7   7.5 
    61  19.5   5.1 
    62  20.2   5.1 
    63  17.0   7.0 
    64  20.2   6.0 
    65  20.0   6.5 
    66  20.6   6.9 
    67  19.9   6.5 
    68  19.0   7.0 
    69  19.6   7.4 
    70  21.7   7.8 
    71  22.8   8.2 
    72  24.4   9.0 
    73  23.2  10.0 
    74  21.0   9.6 
    75  26.2  10.6 
    76  24.6  11.6 
    77  24.8  12.1 
    78  22.4   9.8 
    79  20.6   9.6 
    80  20.7   8.8 
    81  21.0   7.8 
    82  17.0   7.6 
    83  19.8   8.4 
    84  22.9   9.2 
    85  23.0   8.4 
    86  25.6  10.9 
    87  26.1  12.5 
    88  26.4  13.2 
    89  26.8  13.9 
    90  25.2  13.4 
    91  25.3  11.0 
    92  25.4  11.0 
    93  23.5  11.6 
    94  23.5  10.0 
    95  20.5  12.0 
    96  22.6  12.0 
    97  25.4  13.0 
    98  25.6  12.6 
    99  26.6  14.4 
   100  25.4  12.8 
   101  26.2  12.6 
   102  26.2  12.8 
   103  25.6  11.8 
   104  25.2  10.0 
   105  27.2  12.6 
   106  26.2  14.2 
   107  26.6  14.4 
   108  27.4  14.2 
   109  27.6  15.0 
   110  26.4  14.4 
   111  29.2  13.7 
   112  28.3  14.3 
   113  27.6  14.7 
   114  28.3  14.8 
   115  27.7  15.1 
   116  28.2  16.6 
   117  27.6  15.7 
   118  26.7  12.5 
   119  27.0  14.4 
   120   DNA  14.3 
   121  25.6  15.7 
   122  20.6   9.7 
   123  25.3   DNA 
   124  22.2  13.2 
   125  24.2  12.2 
   126  24.5  12.0 
   127  26.2  13.6 
   128  26.2  15.0 
   129  27.2  17.0 
   130  29.2  16.9 
   131  27.8  17.2 
   132  27.8  17.4 
   133  28.6  16.2 
   134  27.6  16.8 
   135  29.5  16.2 
   136  28.6  15.6 
   137  29.4  16.2 
   138  29.9  16.8 
   139  26.2  16.3 
   140  27.2  16.5 
   141  29.6  15.7 
   142  30.0  17.0 
   143  28.8  17.0 
   144  24.1  13.1 
   145  27.3  15.4 
   146  19.4  14.4 
   147  17.7  13.6 
   148  25.0  12.4 
   149  24.2  14.0 
   150  26.0  12.4 
   151  24.7  15.4 
   152  26.2  15.2 
   153  28.2  14.7 
   154  27.5  16.4 
   155  28.8  16.5 
   156  29.7  17.5 
   157  26.5  18.0 
   158  24.2  17.0 
   159  25.7  16.7 
   160  24.7  17.2 
   161  23.3  16.3 
   162  27.4  17.0 
   163  27.0  17.5 
   164  27.0  17.5 
   165  24.2  16.5 
   166  25.6  16.0 
   167  26.8  17.4 
   168  26.8  18.0 
   169  25.8  17.9 
   170  25.7  17.4 
   171  25.0  16.7 
   172  23.6  17.6 
   173  23.0  17.2 
   174  25.4  17.3 
   175  24.8  17.8 
   176  26.4  17.4 
   177  27.0  17.5 
   178  24.2  17.6 
   179  24.8  17.2 
   180  24.0  18.0 
   181  22.7  17.9 
   182  21.7  17.0 
   183  23.6  17.5 
   184  26.0  16.8 
   185  24.5  17.5 
   186  25.0  17.7 
   187  24.5  17.5 
   188  25.8  17.9 
   189  24.7  18.0 
   190  27.0  17.5 
   191  26.4  17.9 
   192  25.6  18.3 
   193  26.8  17.5 
   194  27.2  17.0 
   195  25.0  18.0 
   196  25.2  17.6 
   197  24.2  18.0 
   198  26.8  17.8 
   199  27.0  17.5 
   200  26.7  17.6 
   201  26.2  17.7 
   202  26.5  18.0 
   203  26.0  17.5 
   204  26.0  17.2 
   205  23.0  17.2 
   206  25.3  17.5 
   207  25.2  17.3 
   208  25.0  17.2 
   209  26.5  17.7 
   210  26.7  17.4 
   211  25.5  18.0 
   212  27.1  18.5 
   213  26.8  17.7 
   214  27.3  18.4 
   215  25.2  18.2 
   216  25.2  18.0 
   217  25.7  18.5 
   218  26.5  17.5 
   219  25.7  18.5 
   220  27.2  18.6 
   221  26.6  18.4 
   222  23.7  17.7 
   223  25.8  18.6 
   224  26.3  18.0 
   225  20.6  18.5 
   226  20.0  18.0 
   227  22.5  17.5 
   228  25.5  18.0 
   229  20.7  18.4 
   230  25.0  18.4 
   231  26.7  18.6 
   232  23.0  18.8 
   233  21.0  18.0 
   234  25.7  18.1 
   235  23.9  18.0 
   236  23.0  18.4 
   237  22.4  18.0 
   238  20.6  16.0 
   239  25.8  15.3 
   240  26.2  15.3 
   241  27.2  15.5 
   242  26.7  15.6 
   243  25.2  15.7 
   244  24.2  15.3 
   245  26.0  15.0 
   246  26.0  15.8 
   247  27.0  15.6 
   248  26.0  15.6 
   249  26.2  15.0 
   250  25.5  16.0 
   251  25.2  15.9 
   252  25.2  15.5 
   253  24.0  14.2 
   254  22.8  15.0 
   255  22.9  16.7 
   256  24.0  16.6 
   257  24.3  17.2 
   258  21.2  17.2 
   259  24.2  17.0 
   260  27.0  16.9 
   261  27.9  18.2 
   262  26.2  18.2 
   263  23.2  17.2 
   264  23.5  17.0 
   265  24.7  16.2 
   266  20.7  16.6 
   267  22.2  16.0 
   268  22.2  16.0 
   269  25.5  15.3 
   270  24.7  15.7 
   271  25.2  16.2 
   272  23.7  14.9 
   273  22.3  14.4 
   274  24.4  14.7 
   275  24.6  16.2 
   276  25.4  15.2 
   277  24.8  15.4 
   278  26.2  16.0 
   279  26.5  15.6 
   280  25.2  16.2 
   281  26.7  15.6 
   282  25.7  15.8 
   283  24.5  13.4 
   284  25.2  15.2 
   285  24.5  14.4 
   286  17.5  15.7 
   287  17.8  14.6 
   288  24.7  13.0 
   289  22.5  14.0 
   290  24.2  13.0 
   291  25.6  13.6 
   292  23.7  12.7 
   293  21.7  12.8 
   294  22.6  13.0 
   295  25.7  12.5 
   296  22.9  13.2 
   297  22.8  13.0 
   298  21.2  13.2 
   299  21.3  12.4 
   300  22.7  11.6 
   301  20.5  10.5 
   302  22.0  16.5 
   303  21.9  10.6 
   304  22.0  11.6 
   305  23.5  12.2 
   306  21.0  12.2 
   307  23.1  12.2 
   308  21.8  12.4 
   309  21.9  11.6 
   310  21.8  11.7 
   311  23.8  12.3 
   312  23.3  12.2 
   313  22.0  12.5 
   314  22.4  12.2 
   315  20.3  11.6 
   316  21.7  11.2 
   317  19.0  11.0 
   318  20.0  11.2 
   319  20.7  10.6 
   320  18.5  11.0 
   321  20.2  10.0 
   322  20.2  10.2 
   323  20.2  10.0 
   324  20.2  10.2 
   325  19.7  10.0 
   326  17.7   9.6 
   327  19.7   8.7 
   328  17.7   8.6 
   329  19.3   8.4 
   330  17.7   8.7 
   331  18.5   8.4 
   332  17.9   8.6 
   333  16.5   8.2 
   334  16.5   8.0 
   335  17.7   8.6 
   336  18.0   9.6 
   337  18.9   9.5 
   338  17.2   9.5 
   339  19.4   9.2 
   340  19.9   9.4 
   341  18.9   9.3 
   342  19.5   8.9 
   343  19.5   9.0 
   344  18.7   7.6 
   345  15.2   6.6 
   346  16.5   5.6 
   347  16.4   7.0 
   348  12.7   9.0 
   349  18.0   7.7 
   350  16.0   6.2 
   351  16.4   6.0 
   352  18.6   5.7 
   353  18.2   7.6 
   354  18.0   8.0 
   355  15.5   6.0 
   356  17.0   6.0 
   357  16.7   6.6 
   358  16.3   6.2 
   359  16.4   6.2 
   360  16.7   6.5 
   361  14.7   5.5 
   362  16.8   6.2 
   363  18.0   7.4 
   364  17.8   6.7 
   365  18.5   7.5 
