1970          Temperature for OKHALDHUNGA             
        Tmax  Tmin
     1  15.6   3.9 
     2  17.2   3.1 
     3  17.2   5.3 
     4  16.8   4.6 
     5  16.3   4.3 
     6  15.3   3.9 
     7  15.1   4.1 
     8  12.9   4.0 
     9  15.4   4.3 
    10  13.9   3.8 
    11   9.9   4.0 
    12  14.8   3.7 
    13  11.4   3.1 
    14  15.7   2.8 
    15  12.5   4.1 
    16   9.6   5.1 
    17  12.9   3.9 
    18  13.9   4.3 
    19  14.0   4.3 
    20  16.1   5.1 
    21  10.8   4.9 
    22   7.3   2.0 
    23   9.5   3.3 
    24  11.4   4.6 
    25  10.6   4.1 
    26  11.3   5.1 
    27  12.6   4.0 
    28  12.3   2.2 
    29  13.1   2.3 
    30  12.1   3.3 
    31  16.6   4.8 
    32  15.8   4.4 
    33  14.8   3.3 
    34  15.2   3.6 
    35  15.2   3.6 
    36  15.0   3.7 
    37  15.6   3.7 
    38  15.1   3.7 
    39  14.4   4.1 
    40  12.6   4.0 
    41  16.2   5.3 
    42  15.3   6.1 
    43  17.9   6.8 
    44  17.9   6.6 
    45  17.1   5.7 
    46  18.4   7.3 
    47  20.4   7.8 
    48  19.5   6.5 
    49  17.6   6.8 
    50  17.9   6.3 
    51   9.6   4.7 
    52  14.3   6.1 
    53  14.8   4.6 
    54  12.7   3.9 
    55  13.1   6.6 
    56  12.4   4.6 
    57  14.7   5.8 
    58  15.9   6.5 
    59  18.6   9.1 
    60  15.3   6.8 
    61  18.3   9.5 
    62  17.4   6.6 
    63  17.5   5.8 
    64  16.4   5.1 
    65  18.4   5.9 
    66  18.8   7.8 
    67  18.1   8.1 
    68  21.1   8.6 
    69  20.5  11.1 
    70  20.1   6.1 
    71  15.4   6.5 
    72  16.3   7.7 
    73  18.1   8.5 
    74  20.9  10.3 
    75  21.5  10.6 
    76  21.6   9.8 
    77  21.8  10.3 
    78  21.3  10.6 
    79  20.5  12.3 
    80  21.3   9.9 
    81  22.9  10.6 
    82  21.7  10.7 
    83  20.5   7.7 
    84  19.9  10.7 
    85  20.7  12.9 
    86  19.5  11.9 
    87  21.9  12.1 
    88  22.7  14.5 
    89  23.8  15.0 
    90  22.9  13.7 
    91  23.9  10.3 
    92  22.3  11.5 
    93  23.4  11.1 
    94  21.8  11.9 
    95  22.1  13.1 
    96  22.6  12.3 
    97  23.9  13.2 
    98  23.8  12.9 
    99  23.9  14.7 
   100  23.1  12.7 
   101  24.8  12.1 
   102  25.4  14.3 
   103  25.7  13.3 
   104  23.7  11.7 
   105  22.4  12.6 
   106  20.9  13.6 
   107  21.3  12.0 
   108  22.1  13.0 
   109  23.3  14.3 
   110  24.3  14.1 
   111  24.1  15.1 
   112  25.5  15.5 
   113  26.7  16.1 
   114  24.4  16.7 
   115  26.8  15.1 
   116  24.8  16.5 
   117  23.4  14.1 
   118  24.7  13.9 
   119  22.1  15.1 
   120  15.1  17.1 
   121  26.1  15.9 
   122  25.8  16.1 
   123  25.9  16.5 
   124  25.4  16.3 
   125  25.7  13.7 
   126  23.4  14.1 
   127  23.7  11.9 
   128  23.9  16.1 
   129  25.3  16.2 
   130  26.1  17.3 
   131  25.9  19.5 
   132  26.1  18.5 
   133  26.1  18.6 
   134  27.2  17.6 
   135  25.1  16.0 
   136  25.1  15.8 
   137  25.9  15.4 
   138  24.4  12.3 
   139  26.4  14.1 
   140  23.4  15.6 
   141  24.3  16.5 
   142  22.9  13.1 
   143  22.7  14.5 
   144  25.4  14.5 
   145  25.9  15.6 
   146  21.9  14.1 
   147  24.1  15.1 
   148  22.9  13.6 
   149  22.1  14.1 
   150  24.4  15.5 
   151  25.4  16.0 
   152  24.1  15.3 
   153  23.9  15.7 
   154  23.7  15.6 
   155  20.4  14.9 
   156  23.3  14.7 
   157  23.9  16.3 
   158  24.3  16.6 
   159  24.5  16.1 
   160  22.9  16.9 
   161  21.1  16.6 
   162  24.1  17.1 
   163  26.7  17.3 
   164  24.3  17.5 
   165  23.1  17.5 
   166  24.5  16.1 
   167  27.5  17.3 
   168  24.8  16.7 
   169  19.5  16.0 
   170  21.7  15.3 
   171  24.3  16.7 
   172  25.4  16.3 
   173  24.3  17.0 
   174  22.1  16.6 
   175  22.0  16.5 
   176  23.4  17.1 
   177  24.9  17.5 
   178  24.3  18.0 
   179  25.3  18.3 
   180  24.1  16.4 
   181  28.3  18.4 
   182  26.2  16.9 
   183  26.9  17.1 
   184  26.9  17.0 
   185  25.3  16.5 
   186  25.4  17.8 
   187  25.9  18.0 
   188  25.7  17.6 
   189  26.3  18.8 
   190  26.4  17.8 
   191  28.6  17.6 
   192  26.4  18.2 
   193  24.1  18.5 
   194  25.1  18.0 
   195  22.3  17.8 
   196  21.3  17.5 
   197  20.9  17.0 
   198  20.4  17.3 
   199  23.1  18.6 
   200  24.2  18.1 
   201  20.7  17.2 
   202  19.3  16.8 
   203  23.4  17.3 
   204  22.4  17.1 
   205  20.8  16.3 
   206  22.1  17.4 
   207  24.9  16.1 
   208  22.4  17.1 
   209  26.4  16.7 
   210  23.1  16.6 
   211  23.1  16.9 
   212  23.9  16.6 
   213  25.7  17.1 
   214  26.7  16.7 
   215  27.1  17.1 
   216  24.9  16.1 
   217  23.5  16.3 
   218  20.9  16.4 
   219  20.9  16.8 
   220  20.7  16.6 
   221  23.9  16.0 
   222  24.8  17.1 
   223  23.6  16.4 
   224  25.2  16.7 
   225  26.0  17.8 
   226  24.1  17.1 
   227  25.2  16.6 
   228  24.6  18.2 
   229  26.1  16.1 
   230  25.1  17.5 
   231  27.4  17.8 
   232  27.6  16.8 
   233  27.2  19.3 
   234  29.5  17.8 
   235  26.0  17.4 
   236  23.8  17.4 
   237  25.9  17.4 
   238  26.9  17.3 
   239  27.5  17.1 
   240  27.1  17.7 
   241  26.9  17.3 
   242  23.9  17.4 
   243  24.6  16.3 
   244  26.4  17.4 
   245  24.9  16.5 
   246  24.5  16.2 
   247  27.6  17.3 
   248  26.5  16.3 
   249  26.6  16.3 
   250  26.8  16.6 
   251  26.9  17.3 
   252  28.7  16.9 
   253  24.9  16.3 
   254  23.9  17.1 
   255  25.6  16.1 
   256  24.9  16.4 
   257  23.6  16.6 
   258  23.5  15.6 
   259  23.9  15.7 
   260  22.1  15.6 
   261  21.3  15.9 
   262  22.2  16.0 
   263  23.0  16.7 
   264  22.7  15.8 
   265  26.6  16.4 
   266  24.7  16.1 
   267  21.6  16.2 
   268  23.9  15.9 
   269  22.2  16.4 
   270  24.2  15.5 
   271  22.3  15.9 
   272  21.2  15.8 
   273  19.9  15.2 
   274  21.6  14.2 
   275  23.2  15.6 
   276  22.3  15.9 
   277  21.2  13.3 
   278  24.0  12.6 
   279  23.6  13.8 
   280  22.9  13.9 
   281  22.2  11.3 
   282  23.3  12.2 
   283  23.3  12.6 
   284  22.7  13.3 
   285  22.6  12.9 
   286  24.9  12.8 
   287  24.0  13.6 
   288  22.6  12.9 
   289  24.1  12.6 
   290  24.7  14.1 
   291  26.3  14.7 
   292  25.7  13.5 
   293  26.1  14.6 
   294  25.3  14.1 
   295  24.9  13.9 
   296  24.0  11.6 
   297  20.5  11.5 
   298  24.4  13.5 
   299  21.5  13.8 
   300  21.5  13.6 
   301  24.1  13.9 
   302  23.6  13.1 
   303  23.6  12.3 
   304  21.6  11.6 
   305  21.8  11.5 
   306  21.1  11.3 
   307  22.6  11.9 
   308  21.5  10.7 
   309  21.5  10.1 
   310  22.9  10.3 
   311  19.9  11.4 
   312  23.4  10.9 
   313  21.3  10.3 
   314  23.5  10.1 
   315  23.7  10.7 
   316  20.5  10.4 
   317  21.9   9.5 
   318  20.8   9.6 
   319  20.2   8.6 
   320  20.4   8.9 
   321  19.5   8.8 
   322  17.7   7.6 
   323  19.0   7.8 
   324  19.3   7.6 
   325  19.4   7.4 
   326  17.8   6.6 
   327  17.7   6.4 
   328  18.3   6.1 
   329  18.1   5.6 
   330  17.8   5.4 
   331  16.7   5.1 
   332  17.4   5.2 
   333  18.6   6.6 
   334  21.0   8.1 
   335  18.3   7.6 
   336  19.6   6.7 
   337  15.9   6.3 
   338  18.7   6.1 
   339  18.6   6.6 
   340  17.7   5.3 
   341  17.7   5.6 
   342  19.2   7.6 
   343  17.8   6.9 
   344  17.6   6.1 
   345  18.1   5.6 
   346  17.7   5.8 
   347  17.6   6.3 
   348  19.0   7.2 
   349  20.0   6.8 
   350  19.0   6.3 
   351  17.6   5.6 
   352  17.5   5.2 
   353  17.0   4.6 
   354  14.8   4.1 
   355  17.0   4.6 
   356  16.5   4.4 
   357  16.5   5.3 
   358  16.4   5.6 
   359  17.9   5.4 
   360  16.0   5.1 
   361  17.8   4.6 
   362  16.2   4.4 
   363  15.7   5.4 
   364  14.6   4.8 
   365  15.2   5.1 
