1964          Temperature for OKHALDHUNGA             
        Tmax  Tmin
     1  15.2   4.2 
     2  13.0   4.0 
     3  14.4   4.3 
     4  13.5   5.2 
     5  12.1   5.2 
     6  13.4   4.7 
     7  14.9   5.6 
     8  17.3   6.9 
     9  17.1   7.1 
    10  16.3   6.8 
    11  15.4   5.7 
    12  16.2   7.3 
    13  15.1   5.1 
    14  16.4   6.8 
    15  13.7   4.5 
    16  12.1   1.7 
    17  12.6   1.0 
    18  11.9   0.1 
    19  12.5   0.6 
    20  11.9   0.8 
    21  10.1   1.1 
    22  11.7   5.3 
    23  15.1   4.9 
    24  14.4   3.5 
    25  13.5   4.8 
    26  14.0   3.0 
    27  14.3   0.7 
    28  10.7   0.1 
    29  11.4   0.0 
    30  11.4   1.5 
    31  11.5   1.0 
    32  11.4   0.2 
    33  11.9   1.6 
    34  13.0   2.1 
    35  13.4   1.1 
    36  12.2   0.7 
    37  12.1   2.1 
    38  12.0   1.1 
    39  12.7   1.8 
    40  13.5   3.4 
    41  15.5   5.3 
    42  10.4   4.7 
    43  14.6   6.1 
    44  16.7   6.1 
    45  16.4   6.8 
    46  16.5   6.7 
    47  15.7   6.8 
    48  17.8   7.8 
    49  16.7   8.7 
    50  17.2  10.0 
    51  18.7   9.3 
    52  19.8   8.1 
    53  18.6  12.8 
    54  20.5  11.7 
    55  20.3   8.7 
    56  18.0   5.6 
    57  20.1   5.5 
    58  19.1   6.2 
    59  17.4   7.2 
    60  18.8   8.2 
    61  19.0   7.5 
    62  19.1   7.5 
    63  20.1   7.3 
    64  18.4   9.1 
    65  17.9   8.2 
    66  19.6   8.1 
    67  19.6   7.2 
    68  19.8   7.3 
    69  19.7   8.6 
    70  10.1  10.3 
    71  21.0  10.9 
    72  22.2  11.0 
    73  22.6  11.3 
    74  21.9  11.8 
    75  21.6  11.3 
    76  23.6  12.6 
    77  23.4  11.2 
    78  20.6  12.1 
    79  22.4  10.3 
    80  22.1   8.5 
    81  20.7   9.7 
    82  21.7  10.8 
    83  21.9  11.4 
    84  22.6  11.5 
    85  23.2  11.9 
    86  23.9  12.7 
    87  22.5  12.2 
    88  20.1  10.3 
    89  23.1  12.2 
    90  21.7  12.9 
    91  23.6  12.5 
    92  23.2  14.7 
    93  24.6  14.7 
    94  23.7  13.2 
    95  23.5  14.7 
    96  23.6  12.0 
    97  24.9  13.5 
    98  24.3  12.2 
    99  24.1  14.0 
   100  24.2  16.4 
   101  26.4  15.8 
   102  26.4  15.5 
   103  26.0  15.4 
   104  25.5  13.3 
   105  24.4  12.5 
   106  23.1  12.0 
   107  22.9  11.8 
   108  24.6  10.2 
   109  19.6  10.1 
   110  20.1  10.8 
   111  22.9  11.5 
   112  17.4  11.9 
   113  24.0  11.5 
   114  20.7  11.9 
   115  21.1  11.0 
   116  22.7  13.3 
   117  19.6  12.6 
   118  19.0  11.3 
   119  23.5  14.4 
   120  21.6  14.4 
   121  22.6  15.8 
   122  19.7  13.2 
   123  23.1  15.5 
   124  25.0  16.1 
   125  22.5  16.7 
   126  23.1  13.4 
   127  21.9  13.5 
   128  22.3  16.7 
   129  22.6  11.0 
   130  23.6  13.8 
   131  21.7  10.8 
   132  22.9  12.3 
   133  20.6  11.3 
   134  17.6  12.8 
   135  19.4  13.3 
   136  24.3  13.5 
   137  21.6  13.1 
   138  20.1  12.8 
   139  21.4  11.3 
   140  21.8  11.7 
   141  22.6  14.5 
   142  23.3  14.6 
   143  22.3  13.1 
   144  22.2  13.2 
   145  23.2  14.7 
   146  24.4  13.8 
   147  23.1  14.2 
   148  24.4  14.6 
   149  25.6  15.7 
   150  26.7  17.2 
   151  28.1  17.8 
   152  27.6  16.7 
   153  27.7  17.2 
   154  24.1  15.4 
   155  26.1  17.0 
   156  26.3  19.8 
   157  27.5  19.4 
   158  26.5  17.1 
   159  26.9  17.1 
   160  26.5  17.6 
   161  27.2  17.3 
   162  27.4  17.7 
   163  25.7  18.2 
   164  26.7  18.1 
   165  27.2  18.7 
   166  24.5  18.3 
   167  21.6  16.2 
   168  20.1  16.4 
   169  23.1  17.0 
   170  22.9  17.2 
   171  24.3  16.7 
   172  26.0  17.1 
   173  24.2  18.7 
   174  26.1  17.1 
   175  23.9  16.7 
   176  21.6  17.3 
   177  26.6  17.4 
   178  25.7  17.7 
   179  23.6  17.1 
   180  22.7  16.7 
   181  25.9  17.6 
   182  24.1  17.4 
   183  26.0  18.3 
   184  26.6  18.1 
   185  24.5  18.3 
   186  27.7  18.6 
   187  26.5  18.5 
   188  24.0  16.7 
   189  23.6  17.3 
   190  23.6  17.1 
   191  21.4  16.6 
   192  21.0  16.7 
   193  25.0  17.3 
   194  24.9  16.7 
   195  23.6  16.2 
   196  24.0  16.6 
   197  22.7  16.8 
   198  20.0  16.7 
   199  21.8  17.2 
   200  24.4  16.6 
   201  22.1  16.6 
   202  24.3  17.6 
   203  23.6  17.6 
   204  21.1  16.7 
   205  19.3  17.1 
   206  20.7  16.3 
   207  24.1  16.4 
   208  23.6  15.8 
   209  20.2  16.6 
   210  21.8  17.0 
   211  19.4  16.2 
   212  20.0  16.6 
   213  21.1  16.3 
   214  21.6  15.2 
   215  21.1  16.3 
   216  22.6  17.2 
   217  21.9  16.1 
   218  22.4  17.3 
   219  26.7  17.7 
   220  25.3  17.2 
   221  26.6  17.7 
   222  26.1  18.3 
   223  25.4  18.5 
   224  26.9  17.3 
   225  27.0  16.7 
   226  26.6  17.6 
   227  24.1  17.6 
   228  23.7  17.3 
   229  25.6  18.2 
   230  25.2  16.7 
   231  23.8  16.5 
   232  25.1  17.4 
   233  24.9  16.8 
   234  23.9  17.7 
   235  24.5  17.6 
   236  25.5  16.2 
   237  25.1  16.3 
   238  25.1  17.2 
   239  25.4  17.5 
   240  26.2  17.8 
   241  23.4  16.6 
   242  24.1  17.2 
   243  24.6  16.7 
   244  21.0  15.8 
   245  19.9  15.5 
   246  22.4  16.7 
   247  22.1  16.1 
   248  20.3  14.3 
   249  22.1  15.7 
   250  23.2  15.2 
   251  23.9  10.2 
   252  23.5  16.7 
   253  24.6  16.7 
   254  23.9  16.6 
   255  23.6  16.3 
   256  21.9  17.0 
   257  22.0  16.8 
   258  23.0  17.1 
   259  21.2  15.7 
   260  23.5  16.2 
   261  20.7  15.4 
   262  22.8  16.2 
   263  20.6  15.3 
   264  22.1  15.4 
   265  24.3  15.8 
   266  23.4  15.1 
   267  23.4  16.5 
   268  25.1  17.0 
   269  24.6  16.7 
   270  25.6  17.1 
   271  25.9  17.2 
   272  25.4  15.6 
   273  25.1  15.3 
   274  23.5  15.3 
   275  21.9  15.0 
   276  23.4  15.0 
   277  23.0  16.2 
   278  26.3  14.9 
   279  25.4  14.8 
   280  22.5  14.9 
   281  18.9  14.7 
   282  20.6  14.7 
   283  22.8  15.2 
   284  21.1  14.8 
   285  22.0  14.5 
   286  20.6  14.1 
   287  21.8  13.7 
   288  21.3  13.8 
   289  20.9  15.0 
   290  22.1  14.3 
   291  23.2  14.4 
   292  19.9  13.2 
   293  22.4  13.8 
   294  21.4  14.7 
   295  21.2  14.5 
   296  22.5  13.9 
   297  22.4  13.0 
   298  21.1  13.3 
   299  23.3  14.4 
   300  25.1  15.1 
   301  23.1  13.3 
   302  22.0  13.3 
   303  22.8  13.3 
   304  22.5  13.0 
   305  21.1  13.6 
   306  20.1  14.0 
   307  21.1  12.9 
   308  20.0  12.5 
   309  20.6  11.2 
   310  20.8  11.1 
   311  20.1  10.6 
   312  20.1   9.8 
   313  19.9  10.3 
   314  18.6  10.2 
   315  16.7   9.0 
   316  21.2   9.8 
   317  21.0   9.9 
   318  19.9  10.2 
   319  18.9  10.2 
   320  18.6   9.1 
   321  18.7   9.0 
   322  19.3   8.7 
   323  18.3   7.7 
   324  19.6   9.6 
   325  14.1   7.2 
   326  18.1   7.3 
   327  17.8   8.2 
   328  19.0   8.9 
   329  19.3   8.6 
   330  19.8   9.1 
   331  19.1   8.3 
   332  17.6   7.7 
   333  17.5   7.1 
   334  17.0   6.5 
   335  17.1   7.6 
   336  15.6   6.9 
   337  16.3   7.1 
   338  17.9   7.2 
   339  17.6   7.7 
   340  16.9   7.8 
   341  13.1   7.3 
   342  16.8   6.5 
   343  16.3   5.6 
   344  15.5   6.2 
   345  14.6   6.1 
   346  16.6   7.0 
   347  17.1   7.1 
   348  15.0   7.3 
   349  14.2   4.1 
   350  14.6   2.8 
   351  13.5   2.1 
   352  16.0   5.5 
   353  17.6   7.2 
   354  17.1   3.3 
   355  15.1   5.3 
   356  10.3   4.0 
   357  15.1   5.1 
   358  16.0   6.5 
   359  11.5   6.1 
   360  12.5   5.4 
   361  14.1   6.1 
   362  17.6   8.5 
   363  19.1   6.6 
   364  16.2   4.8 
   365  14.3   4.3 
   366  14.6   4.3 
