2009          Temperature for SILGADHI DOTI           
        Tmax  Tmin
     1  16.2   5.6 
     2  16.0   5.4 
     3  16.2   5.2 
     4  16.5   6.8 
     5  16.0   7.8 
     6  16.2   6.2 
     7  16.5   6.0 
     8  17.0   5.6 
     9  17.8   5.8 
    10  18.8   6.0 
    11  18.8   6.0 
    12  19.3   6.2 
    13  19.0   6.8 
    14  18.8   7.5 
    15  18.3   7.8 
    16  18.0   8.5 
    17  17.3   8.6 
    18  20.0   8.4 
    19  21.4   9.0 
    20  22.0   8.6 
    21  22.4   9.5 
    22  22.8  10.2 
    23  25.8   9.2 
    24  24.5  12.0 
    25  24.0  11.0 
    26  23.5  10.3 
    27  23.0  10.2 
    28  22.2   9.2 
    29  21.8   8.6 
    30  21.5   8.3 
    31   DNA   8.0 
    32  19.2   5.0 
    33  19.2   5.5 
    34  19.2   6.5 
    35  20.3   7.5 
    36  21.0   8.0 
    37  21.5   8.2 
    38  21.8   8.0 
    39  22.0   8.0 
    40  22.5   9.3 
    41  21.0  10.0 
    42  15.0   6.4 
    43  18.5   4.7 
    44  20.5   5.7 
    45  22.5  10.0 
    46  21.3   9.5 
    47  22.0   9.0 
    48  22.0   9.2 
    49  23.2   9.7 
    50  25.1  10.0 
    51  24.0  10.8 
    52  23.0  10.8 
    53  23.6  10.5 
    54  23.8  10.8 
    55  24.0  10.5 
    56  24.0  10.8 
    57  24.5  10.8 
    58  24.5   9.2 
    59   DNA   8.0 
    60  23.5   8.2 
    61  22.5   8.2 
    62  24.6  10.2 
    63  26.0  12.5 
    64  28.0  13.5 
    65  29.4  13.0 
    66  27.2  12.6 
    67  25.4  12.3 
    68  25.8  11.2 
    69  24.2  11.9 
    70  30.0  10.3 
    71  28.0  13.0 
    72  26.0  12.7 
    73  26.4  12.5 
    74  26.5  12.2 
    75  26.0  12.4 
    76  25.5  12.5 
    77  26.5  12.5 
    78  27.0  13.8 
    79  22.2  12.5 
    80  18.2  13.0 
    81  23.0  10.0 
    82  25.5  12.0 
    83  27.0   8.5 
    84  21.3  12.8 
    85  16.0   9.5 
    86  23.0   8.5 
    87  24.2  11.2 
    88  24.8  11.7 
    89  25.5  12.0 
    90  26.5  12.0 
    91  27.0  12.3 
    92  27.7  12.6 
    93  28.8  14.0 
    94  32.0  14.8 
    95  29.8  15.5 
    96  29.5  16.0 
    97  29.0  15.5 
    98  27.8  12.2 
    99  15.6  11.3 
   100  25.2   8.6 
   101  29.0  11.3 
   102  29.0  12.5 
   103  30.8  15.3 
   104  32.5  16.5 
   105  32.8  17.7 
   106  29.4  18.8 
   107  31.8  15.7 
   108  33.4  17.8 
   109  31.2  18.0 
   110  33.8  18.0 
   111  32.8  10.4 
   112  31.5  17.5 
   113  31.5  14.5 
   114  31.5  15.6 
   115  30.3  17.0 
   116  30.5  11.2 
   117  30.2  16.5 
   118  30.4  17.5 
   119  31.0  19.0 
   120  35.2  16.5 
   121  35.4  17.0 
   122  32.5  19.0 
   123  28.0  13.8 
   124  32.0  16.7 
   125  30.5  15.5 
   126  31.2  15.0 
   127  31.8  14.5 
   128  32.4  16.5 
   129  31.6  17.6 
   130  29.7  18.5 
   131  28.2  13.0 
   132  28.2  13.8 
   133  29.5  15.0 
   134  29.4  15.5 
   135  30.5  15.2 
   136  30.5  16.7 
   137  29.0  17.0 
   138  32.7  20.5 
   139  31.2  21.2 
   140  33.2  19.5 
   141  34.0  19.0 
   142  30.8  20.2 
   143  30.6  14.6 
   144  30.5  14.8 
   145  29.7  15.6 
   146  31.0  18.2 
   147  30.8  17.2 
   148  31.2  15.5 
   149  28.5  17.8 
   150  26.5  18.2 
   151  27.2  13.8 
   152  27.8  15.8 
   153  30.8  17.8 
   154  31.2  21.2 
   155  31.7  22.5 
   156  31.0  22.2 
   157  30.3  16.7 
   158  33.8  17.5 
   159  34.0  19.3 
   160  34.5  19.0 
   161  35.0  19.7 
   162  34.4  20.2 
   163  33.0  18.6 
   164  33.6  20.0 
   165  34.0  19.5 
   166  34.2  18.6 
   167  34.2  18.6 
   168  34.8  18.6 
   169  35.1  20.2 
   170  35.8  18.2 
   171  36.2  18.2 
   172  36.5  18.0 
   173  37.3  22.0 
   174  38.0  21.8 
   175  34.2  23.5 
   176  33.0  19.0 
   177  31.3  23.0 
   178  32.2  20.0 
   179  26.0  20.5 
   180  28.5  20.5 
   181  29.8  20.8 
   182  29.7  21.2 
   183  30.2  21.2 
   184  31.0  20.5 
   185  31.8  19.5 
   186  31.5  18.7 
   187  31.8  19.9 
   188  31.8  20.5 
   189  29.3  20.5 
   190  29.2  20.5 
   191  29.0  20.5 
   192  29.0  20.5 
   193  29.0  21.1 
   194  30.5  11.0 
   195  31.2  21.2 
   196  31.8  22.2 
   197  31.8  21.5 
   198  28.5  22.0 
   199  30.5  21.2 
   200  31.3  21.8 
   201  30.6  20.5 
   202  30.0  20.8 
   203  30.1  21.2 
   204  29.0  20.5 
   205  30.3  21.2 
   206  30.8  21.8 
   207  30.2  22.4 
   208  29.2  21.2 
   209  28.0  20.0 
   210  25.0  20.0 
   211  27.5  19.7 
   212  29.0  20.8 
   213  30.5  21.5 
   214  30.0  22.0 
   215  30.2  22.2 
   216  29.5  22.5 
   217  25.5  21.5 
   218  25.0  21.5 
   219  27.0  21.0 
   220  30.0  21.0 
   221  30.6  21.3 
   222  30.8  22.5 
   223  31.0  23.5 
   224  31.0  24.0 
   225  28.5  23.5 
   226  29.0  20.3 
   227  29.2  20.0 
   228  24.5  19.6 
   229  21.0  18.0 
   230  22.0  17.5 
   231  27.5  18.5 
   232  29.0  19.3 
   233  29.0  20.0 
   234  29.2  21.0 
   235  29.5  20.3 
   236  29.3  19.7 
   237  29.0  20.0 
   238  29.5  19.8 
   239  30.0  19.8 
   240  30.0  19.6 
   241  30.0  20.0 
   242  29.7  20.5 
   243  29.2  20.5 
   244  29.5  20.5 
   245  29.8  20.0 
   246  30.0  20.0 
   247  30.0  20.5 
   248  29.0  18.0 
   249  28.0  18.0 
   250  23.5  18.0 
   251  23.5  18.0 
   252  25.5  18.0 
   253  26.5  18.4 
   254  23.5  19.0 
   255  27.7  18.0 
   256  28.0  17.5 
   257  28.2  17.0 
   258  28.1  17.2 
   259  28.5  17.0 
   260  29.0  17.0 
   261  29.0  16.8 
   262  29.5  16.6 
   263  29.5  16.5 
   264  28.0  16.8 
   265  26.0  18.7 
   266  27.2  18.0 
   267  27.6  18.0 
   268  28.0  18.2 
   269  28.8  18.7 
   270  29.5  19.2 
   271  29.8  20.2 
   272  30.2  20.5 
   273  29.8  20.5 
   274  29.0  19.2 
   275  29.5  18.5 
   276  28.0  18.2 
   277  26.5  17.0 
   278  26.0  15.0 
   279  25.5  15.0 
   280  20.2  14.5 
   281  23.5  14.2 
   282  25.5  14.0 
   283  26.0  14.8 
   284  25.5  13.5 
   285  25.0  13.0 
   286  24.5  12.0 
   287  24.2  13.0 
   288  25.0  13.7 
   289  24.5  12.0 
   290  24.2  13.5 
   291  24.0  13.2 
   292  23.5  13.0 
   293  23.0  12.5 
   294  22.6  12.2 
   295  22.0  12.0 
   296  21.2  12.0 
   297  22.8  11.5 
   298  22.5  11.6 
   299  22.5  11.5 
   300  22.7  11.7 
   301  22.8  11.5 
   302  22.8  11.3 
   303  23.5  11.0 
   304  23.2  11.5 
   305  23.0  12.5 
   306  22.7  11.2 
   307  22.5  11.0 
   308  22.2  10.8 
   309  22.2  10.5 
   310  22.6  10.8 
   311  22.0  11.8 
   312  22.0  12.5 
   313  21.5  13.0 
   314  21.5  13.0 
   315  20.0  13.0 
   316  18.0  12.8 
   317  18.0  13.2 
   318  18.0  13.0 
   319  21.5  13.2 
   320  22.2  12.7 
   321  20.2  12.0 
   322  18.8  10.0 
   323  18.0   8.0 
   324  17.0   7.0 
   325  17.2   7.5 
   326  17.5   7.3 
   327  17.7   7.5 
   328  17.5   7.6 
   329  17.8   8.0 
   330  18.0   7.8 
   331  18.0   8.0 
   332  17.8   8.0 
   333  17.8   8.0 
   334  17.5   8.5 
   335  17.5   9.0 
   336  17.8   8.8 
   337  17.8   8.5 
   338  18.0   8.5 
   339  18.5   8.5 
   340  18.8   8.4 
   341  19.0   8.4 
   342  19.5   8.5 
   343  19.0   8.0 
   344  19.0   8.0 
   345  19.0   8.0 
   346  19.0   8.3 
   347  18.5   8.3 
   348  18.5   8.3 
   349  19.0   8.3 
   350  19.0   8.1 
   351  19.0   8.1 
   352  18.5   8.1 
   353  18.5   8.0 
   354  18.5   7.5 
   355  18.5   7.2 
   356  18.0   7.2 
   357  18.0   7.2 
   358  16.5   6.5 
   359  16.0   6.5 
   360  16.0   6.5 
   361  15.5   6.0 
   362  15.5   6.0 
   363  15.8   6.5 
   364  15.7   6.5 
   365  15.5   6.5 
