1987          Temperature for SILGADHI DOTI           
        Tmax  Tmin
     1  15.8   4.2 
     2  15.2   4.5 
     3  15.8   5.0 
     4  15.8   6.5 
     5  16.2   5.5 
     6  16.2   4.0 
     7  16.8   8.5 
     8  17.8   6.0 
     9  16.8   5.5 
    10  18.5   6.0 
    11  17.5   7.5 
    12  16.5   6.5 
    13  16.5   7.0 
    14  16.8   6.5 
    15  17.5   5.8 
    16  17.5   6.2 
    17  16.0   7.5 
    18  17.2   8.2 
    19  17.0   8.0 
    20  17.0   5.7 
    21  17.0   5.5 
    22  16.8   5.5 
    23  16.9   5.0 
    24  17.9   5.6 
    25  17.9   6.0 
    26  17.6   6.1 
    27  18.7   7.0 
    28  18.4   7.2 
    29  18.0   7.5 
    30  18.8   7.3 
    31  19.0   7.7 
    32  16.1   7.9 
    33  13.2   5.6 
    34  13.5   4.3 
    35  12.0   4.6 
    36  20.0   5.4 
    37  19.2   6.6 
    38  20.0   7.6 
    39  20.0   7.7 
    40  19.8   7.1 
    41  20.0   7.0 
    42  20.0   8.1 
    43  20.3   8.6 
    44  20.8   8.8 
    45  21.8   9.3 
    46  14.5   6.3 
    47   8.3   4.2 
    48  10.0   5.0 
    49  14.8   5.6 
    50  18.2   5.1 
    51  20.9   7.5 
    52  21.0   8.1 
    53  21.8  10.8 
    54  22.0   9.2 
    55  21.0  10.5 
    56  22.5  10.1 
    57  21.2   9.8 
    58  20.2   9.2 
    59  20.0   6.3 
    60  20.1   7.8 
    61  21.2   9.9 
    62  21.3  10.4 
    63  20.5   8.1 
    64  19.8   9.7 
    65  22.2  10.8 
    66  22.4   8.8 
    67  22.4   8.7 
    68  22.5   8.5 
    69  22.5   8.5 
    70  22.0   8.5 
    71  17.5  10.6 
    72  21.5   9.3 
    73  22.0   8.5 
    74  22.5  10.2 
    75  22.5  10.8 
    76  21.5  10.2 
    77  24.5  11.5 
    78  26.1  11.2 
    79  19.2  10.5 
    80  24.8   9.9 
    81  26.5  13.2 
    82  26.8  11.5 
    83  28.1  13.2 
    84  29.2  14.5 
    85  21.4  16.4 
    86  27.8  11.7 
    87  28.0  13.5 
    88  28.5  14.5 
    89  30.1  15.6 
    90  29.2  17.7 
    91  29.9  15.6 
    92  29.0  16.1 
    93  29.0  14.1 
    94  30.2  14.2 
    95  30.8  14.0 
    96  31.5  14.5 
    97  32.0  14.8 
    98  25.3  14.3 
    99  18.8  11.2 
   100  20.1  10.7 
   101  26.0  12.0 
   102  26.2  10.5 
   103  26.5  12.2 
   104  26.8  12.2 
   105  27.9  12.1 
   106  28.0  14.2 
   107  28.0  15.3 
   108  25.5  15.5 
   109  28.5  12.7 
   110  29.6  16.0 
   111  30.3  17.4 
   112  30.6  17.7 
   113  25.8  15.3 
   114  22.0  13.5 
   115  27.0  12.1 
   116  27.2  13.4 
   117  27.2  12.2 
   118  26.8  17.5 
   119  23.8  15.2 
   120  22.2  12.2 
   121  22.8  12.6 
   122  19.8  10.8 
   123  20.8  10.2 
   124  23.0   9.2 
   125  24.1  13.2 
   126  22.6  12.7 
   127  22.7  12.5 
   128  23.6  13.2 
   129  21.0  15.6 
   130  25.2  13.0 
   131  26.8  13.2 
   132  28.5  13.6 
   133  24.8  12.3 
   134  29.0  14.5 
   135  28.5  16.2 
   136  30.1  16.6 
   137  30.0  17.2 
   138  30.0  15.2 
   139  32.1  17.2 
   140  33.0  18.4 
   141  33.2  20.5 
   142  34.0  20.5 
   143  30.2  19.8 
   144  29.5  15.2 
   145  30.0  16.5 
   146  31.2  17.2 
   147  32.0  18.3 
   148  32.2  19.6 
   149  33.2  20.6 
   150  34.0  20.1 
   151  34.0  20.1 
   152  32.6  21.8 
   153  33.8  18.0 
   154  34.5  22.7 
   155  34.5  18.2 
   156  34.5  18.7 
   157  34.2  18.8 
   158  34.5  19.2 
   159  29.5  17.8 
   160  23.5  17.6 
   161  25.4  16.8 
   162  30.8  18.0 
   163  32.6  20.0 
   164  32.2  19.5 
   165  33.0  21.5 
   166  32.6  22.2 
   167  31.0  20.8 
   168  30.4  20.8 
   169  32.8  20.2 
   170  33.2  18.0 
   171  34.1  20.3 
   172  34.1  20.5 
   173  33.0  21.5 
   174  30.8  20.2 
   175  33.2  20.7 
   176  34.3  20.5 
   177  35.0  20.9 
   178  34.8  21.5 
   179  35.0  23.5 
   180  34.7  23.5 
   181  36.9  22.5 
   182  35.8  24.8 
   183  34.0  21.2 
   184  35.0  21.4 
   185  32.4  21.5 
   186  27.2  19.5 
   187  27.0  20.8 
   188  27.0  20.8 
   189  30.1  19.8 
   190  30.6  20.5 
   191  27.5  15.5 
   192  29.0  20.6 
   193  28.9  20.0 
   194  27.3  19.7 
   195  27.8  20.2 
   196  24.2  20.5 
   197  29.8  19.0 
   198  31.2  21.6 
   199  31.0  21.4 
   200  29.0  22.0 
   201  28.5  21.5 
   202  29.4   DNA 
   203  29.0  21.8 
   204  26.5  22.0 
   205  26.5  21.5 
   206  26.5   DNA 
   207  27.2  19.5 
   208  27.2  19.5 
   209  28.6  19.5 
   210  27.8  21.3 
   211  28.0  21.7 
   212  30.4  22.3 
   213  29.8  22.6 
   214  30.0  21.2 
   215  30.0  21.5 
   216  25.8  19.3 
   217  27.5  21.0 
   218  30.0  20.2 
   219  29.2  20.8 
   220  29.5  21.5 
   221  30.0  22.0 
   222  30.0  22.6 
   223  28.1  22.2 
   224  26.2  20.6 
   225  25.2  18.0 
   226  27.8  18.5 
   227  28.5  20.5 
   228  29.1  20.5 
   229  29.2  20.5 
   230  28.5  18.6 
   231  29.4  19.1 
   232  30.0  19.6 
   233  28.8  19.7 
   234  27.5  20.5 
   235  27.5  20.6 
   236  30.1  21.0 
   237  31.5  21.5 
   238  27.1  21.3 
   239  27.5  20.5 
   240  27.5  20.6 
   241  29.8  19.4 
   242  30.0  21.2 
   243  30.0  21.2 
   244  30.0  21.3 
   245  30.0  20.0 
   246  29.0  20.2 
   247  30.0  20.8 
   248  29.2  20.2 
   249  30.0  20.7 
   250  30.0  21.2 
   251  28.2  20.5 
   252  25.5  19.5 
   253  28.8  19.2 
   254  27.8  18.5 
   255  28.3  18.5 
   256  29.0  18.6 
   257  29.8  19.8 
   258  29.5  19.8 
   259  29.5  19.6 
   260  28.0  19.6 
   261  29.5  20.5 
   262  30.0  20.6 
   263  29.0  20.2 
   264  28.8  19.5 
   265  27.5  19.5 
   266  28.5  18.2 
   267  28.8  18.8 
   268  29.5  19.1 
   269  30.1  18.2 
   270  30.0  17.0 
   271  29.8  17.2 
   272  29.0  16.9 
   273  28.7  16.7 
   274  28.5  16.5 
   275  28.2  15.2 
   276  26.2  14.3 
   277  26.8  14.5 
   278  27.2  14.2 
   279  27.5  13.8 
   280  27.5  13.5 
   281  25.8  13.2 
   282  26.5  15.0 
   283  26.6  15.5 
   284  26.5  15.5 
   285  27.0  15.4 
   286  27.5  15.4 
   287  27.0  15.0 
   288  27.0  13.8 
   289  26.0  13.7 
   290  25.0  13.6 
   291   DNA  12.8 
   292  21.7  13.5 
   293  22.2  11.5 
   294  23.4  11.8 
   295  23.8  12.0 
   296  24.2  12.2 
   297  25.5  12.2 
   298  25.2  13.2 
   299  24.8  13.7 
   300  25.2  14.5 
   301  24.2  14.5 
   302  24.5  14.6 
   303  24.8  14.8 
   304  25.0  12.8 
   305  24.2  11.6 
   306  24.2  11.2 
   307  24.2  11.5 
   308  24.2  11.2 
   309  24.2  11.4 
   310  24.0  11.2 
   311  23.9  11.5 
   312  24.1  11.8 
   313  24.8  11.7 
   314  24.5  11.7 
   315  24.2  12.2 
   316  24.0  12.0 
   317  24.4  11.8 
   318  23.2  10.5 
   319  22.6   9.6 
   320  21.6  10.2 
   321  22.1  10.1 
   322  22.0   9.8 
   323  22.0   9.8 
   324  21.6   8.2 
   325  21.0   8.2 
   326  21.1   8.7 
   327  21.9   9.6 
   328  21.2   9.6 
   329  21.0   9.2 
   330  21.0   8.9 
   331  22.1   8.2 
   332  22.0   9.0 
   333  21.2  10.2 
   334  21.2   9.5 
   335  21.2   8.8 
   336  21.2   8.8 
   337  21.7   9.2 
   338  22.4  10.2 
   339  21.3   9.5 
   340  19.1   7.2 
   341  18.3   8.2 
   342  19.0   7.6 
   343  19.5   8.5 
   344  20.2   8.5 
   345  15.2  11.6 
   346  11.0   9.2 
   347  17.5   8.8 
   348  19.3   7.6 
   349  18.2   7.5 
   350  19.0   9.5 
   351  18.8   6.7 
   352  18.5   6.7 
   353  18.2   6.8 
   354  19.5   7.2 
   355  19.5   8.1 
   356  19.5   8.3 
   357  19.2   8.1 
   358  18.0   7.7 
   359  18.1   6.8 
   360  19.5   7.7 
   361  18.9   7.7 
   362  19.1   6.7 
   363  18.5   7.3 
   364  19.0   7.1 
   365  19.8   7.3 
