2011          Temperature for DADELDHURA              
        Tmax  Tmin
     1  11.3   DNA 
     2  14.6   DNA 
     3  15.4   DNA 
     4  14.8   1.8 
     5  15.4   1.6 
     6  18.0   4.0 
     7  18.0   4.8 
     8  13.8   5.5 
     9  12.2   2.5 
    10  14.4   2.4 
    11  18.4   4.8 
    12  18.8   5.3 
    13  15.4   3.9 
    14  15.8   3.6 
    15  14.1   3.0 
    16   9.4   0.5 
    17  14.9   1.6 
    18  13.5   2.8 
    19  13.4   0.0 
    20  13.4   1.2 
    21  15.5   2.0 
    22  14.4   5.0 
    23  14.9   4.5 
    24  15.8   3.6 
    25  13.8   2.5 
    26  13.5   1.4 
    27  14.9   2.3 
    28  15.3   3.0 
    29  14.5   3.5 
    30  13.0   4.5 
    31  14.5   2.2 
    32  19.4   4.5 
    33  18.2   6.0 
    34  16.5   5.0 
    35  21.8   7.4 
    36  22.3   9.8 
    37  19.5   9.5 
    38  20.0   9.2 
    39  17.6   3.5 
    40  18.2   4.8 
    41  20.4   6.8 
    42  18.8   6.7 
    43  19.5   8.8 
    44  19.6  10.0 
    45  13.2   6.2 
    46   5.5   1.8 
    47   5.0   2.0 
    48  11.2   1.7 
    49  14.8   1.7 
    50  16.2   3.8 
    51  15.0   3.3 
    52  15.8   3.5 
    53  18.0   5.3 
    54  18.6   6.1 
    55  17.2   5.3 
    56  13.7   2.1 
    57  11.2   3.4 
    58  15.2   2.2 
    59  18.0   4.0 
    60  16.0   6.5 
    61  19.0   6.7 
    62  14.6   7.5 
    63  18.3   5.7 
    64  17.5   4.8 
    65  20.7   7.7 
    66  22.1  10.0 
    67  20.9   9.2 
    68  18.7   6.8 
    69  18.5   5.8 
    70  19.2   6.5 
    71  20.5   6.2 
    72  22.3   8.5 
    73  21.8   8.8 
    74  25.6  11.5 
    75  24.2  12.0 
    76  22.0  11.8 
    77  22.5  11.0 
    78  23.0  12.0 
    79  22.7  11.0 
    80  21.2   7.6 
    81  23.5  10.2 
    82  23.7  11.2 
    83  23.2  11.5 
    84  23.0   9.5 
    85  23.2  10.6 
    86  23.5  10.6 
    87  21.2   9.5 
    88  22.9   9.8 
    89  21.4   9.5 
    90  22.3   9.5 
    91  22.7  10.0 
    92  22.4   9.6 
    93  20.0   9.5 
    94  21.7   7.0 
    95  21.2   9.8 
    96  22.2   9.5 
    97  22.6  11.2 
    98  23.0   9.2 
    99  25.5  10.8 
   100  24.7  12.0 
   101  24.1  10.4 
   102  21.4  13.6 
   103  23.7   9.6 
   104  23.3   8.4 
   105  24.3  10.6 
   106  25.2  11.6 
   107  23.1   8.6 
   108  18.5   8.6 
   109  23.7  11.0 
   110  23.0  10.0 
   111  24.4  10.6 
   112  24.3  11.5 
   113  24.0  12.0 
   114  25.8  13.0 
   115  26.5  14.2 
   116  19.7  11.8 
   117  24.5  13.5 
   118  26.1  14.0 
   119  27.1  14.6 
   120  27.6  14.6 
   121  27.6  13.0 
   122  27.3  14.2 
   123  27.2  14.0 
   124  29.0  15.2 
   125  25.0  12.5 
   126  25.0  14.5 
   127  24.0  14.5 
   128  24.1  11.2 
   129  26.5  13.0 
   130  28.5  13.5 
   131  27.8  13.0 
   132  28.5  15.0 
   133  26.8  11.8 
   134  28.2  14.0 
   135  28.6  15.4 
   136  28.4  13.5 
   137  28.2  17.0 
   138  25.0  13.5 
   139  28.0  15.2 
   140  25.3  14.2 
   141  23.5  14.8 
   142  19.7  12.2 
   143  25.0  12.0 
   144  27.5  14.5 
   145  27.4  17.0 
   146  27.9  17.0 
   147  22.3  14.0 
   148  26.6  14.6 
   149  24.2  15.0 
   150  24.3  13.5 
   151  23.8  13.0 
   152  21.3  13.0 
   153  23.7  12.7 
   154  25.9  15.6 
   155  26.4  15.2 
   156  27.2  15.8 
   157  27.3  13.3 
   158  22.5  13.2 
   159  21.4  12.4 
   160  24.6  14.0 
   161  25.0  14.0 
   162  26.0  14.5 
   163  25.2  14.8 
   164  25.7  14.0 
   165  26.5  13.6 
   166  25.2  15.0 
   167  26.2  16.0 
   168  22.0  15.8 
   169  24.2  17.0 
   170  27.0  17.5 
   171  24.7  16.0 
   172  25.7  17.0 
   173  25.7  16.8 
   174  26.6  18.0 
   175  27.2  18.5 
   176  25.5  17.0 
   177  25.3  17.0 
   178  24.5  17.5 
   179  22.8  16.5 
   180  21.6  17.0 
   181  22.0  17.2 
   182  24.8  16.5 
   183  25.6  15.0 
   184  26.1  16.8 
   185  26.3  17.8 
   186  20.8  17.0 
   187  23.9  17.2 
   188  21.3  17.2 
   189  22.3  17.0 
   190  25.1  17.0 
   191  23.1  17.4 
   192  27.0  17.8 
   193  27.5  17.2 
   194  25.5  18.2 
   195  25.0  15.3 
   196  24.0  17.0 
   197  20.5  17.4 
   198  21.5  16.8 
   199  25.0  17.0 
   200  26.5  18.0 
   201  25.8  18.5 
   202  26.0  17.0 
   203  27.0  16.5 
   204  25.0  16.8 
   205  24.8  17.0 
   206  25.0  16.6 
   207  25.5  18.0 
   208  25.7  17.8 
   209  22.6  17.8 
   210  24.5  18.0 
   211  24.8  17.5 
   212  24.5  18.0 
   213  24.8  17.6 
   214  26.2  17.6 
   215  22.5  18.0 
   216  25.0  17.2 
   217  25.0  17.4 
   218  25.5  17.5 
   219  26.5  18.2 
   220  24.7  17.2 
   221  26.3  17.0 
   222  26.0  17.0 
   223  25.0  16.0 
   224  20.9  16.4 
   225  25.8  16.5 
   226  22.5  16.5 
   227  17.8  16.9 
   228  17.7  15.6 
   229  17.7  16.4 
   230  21.9  16.4 
   231  21.5  16.6 
   232  25.0  16.2 
   233  25.8  17.5 
   234  26.2  16.8 
   235  20.2  17.4 
   236  24.0  16.6 
   237  24.0  17.6 
   238  25.0  17.5 
   239  25.4  16.0 
   240  26.3  17.2 
   241  27.0  17.2 
   242  26.5  17.6 
   243  26.0  17.6 
   244  26.0  17.8 
   245  26.3  17.2 
   246  25.9  17.0 
   247  27.0  16.0 
   248  26.5  16.0 
   249  26.0  17.0 
   250  26.8  16.0 
   251  26.0  17.6 
   252  22.4  15.8 
   253  24.5  17.0 
   254  26.2  15.8 
   255  25.8  16.4 
   256  27.3  16.0 
   257  26.5  16.2 
   258  26.0  16.0 
   259  21.3  16.5 
   260  25.2  15.8 
   261  25.5  15.5 
   262  25.8  15.4 
   263  25.3  16.0 
   264  26.8  16.0 
   265  26.0  16.0 
   266  27.3  15.6 
   267  25.3  15.0 
   268  24.5  15.4 
   269  25.0  14.0 
   270  25.0  15.2 
   271  25.0  12.0 
   272  25.8  14.0 
   273  26.0  14.5 
   274  26.2  15.0 
   275  27.0  12.0 
   276  26.0  13.5 
   277  24.5  13.8 
   278  22.8  14.6 
   279  25.0  13.2 
   280  26.0  14.6 
   281  25.3  12.8 
   282  26.0  13.0 
   283  25.2  10.8 
   284  25.9  11.8 
   285  25.3  12.8 
   286  25.8  13.2 
   287  26.5  12.0 
   288  24.8  13.6 
   289  23.8  11.6 
   290  24.5  11.0 
   291  24.8   9.5 
   292  24.8  10.0 
   293  23.8  10.5 
   294  19.5   8.8 
   295  21.2   8.0 
   296  22.4   8.0 
   297  22.0  10.0 
   298  21.3  10.4 
   299  21.0   8.2 
   300  21.5   7.2 
   301  22.3   9.5 
   302  21.8   9.5 
   303  20.7   8.6 
   304  19.8   9.0 
   305  19.8   7.5 
   306  19.3   7.5 
   307  19.2   7.8 
   308  19.3   8.0 
   309  19.2   8.0 
   310  19.8   7.2 
   311  19.8   8.0 
   312  20.5   8.5 
   313  21.7   8.5 
   314  22.3   8.7 
   315  20.7   7.2 
   316  20.0   9.0 
   317  18.7  10.0 
   318  18.0   7.6 
   319  17.8   7.5 
   320  18.8   6.5 
   321  18.3   6.5 
   322  18.3   7.0 
   323  17.5   7.8 
   324  21.0   8.5 
   325  20.3   8.5 
   326  20.3   6.0 
   327  19.8   6.5 
   328  21.0   6.8 
   329  19.7   6.8 
   330  19.9   6.5 
   331  20.0   6.5 
   332  21.3   7.8 
   333  20.6   6.8 
   334  17.8   5.5 
   335  19.3   6.5 
   336  20.5   8.5 
   337  19.5   7.5 
   338  19.0   8.0 
   339  17.9   7.5 
   340  19.3   7.0 
   341  21.3   7.5 
   342  20.7   8.7 
   343  18.0   7.0 
   344  15.8   5.7 
   345  15.8   5.0 
   346  15.6   3.8 
   347  18.3   4.5 
   348  17.2   5.9 
   349  17.2   4.8 
   350  16.4   4.0 
   351  16.5   3.5 
   352  16.5   4.2 
   353  16.4   2.3 
   354  17.0   3.6 
   355  15.5   4.5 
   356  16.5   3.5 
   357  20.9   4.0 
   358  19.0   5.0 
   359  17.6   5.5 
   360  14.8   4.0 
   361  15.7   3.0 
   362  16.6   3.8 
   363  17.0   3.6 
   364  16.7   4.5 
   365  15.7   3.5 
