1988          Temperature for DADELDHURA              
        Tmax  Tmin
     1  20.2  11.6 
     2  18.2  11.8 
     3  16.2  10.1 
     4  20.0  10.5 
     5  12.0   5.6 
     6  12.6   5.5 
     7  11.7   4.5 
     8  12.7   5.2 
     9  13.2   5.2 
    10  14.0   5.7 
    11  14.9   7.8 
    12   7.6   6.0 
    13  10.5   3.5 
    14  11.2   2.6 
    15  13.0   4.4 
    16  10.6   4.4 
    17  13.0   5.2 
    18  16.2   7.7 
    19  15.2   7.3 
    20  13.5   4.0 
    21  13.9   4.5 
    22  14.2   6.4 
    23  13.5   6.0 
    24  14.6   6.5 
    25  14.0   2.6 
    26  13.9   5.0 
    27  14.6   6.0 
    28  13.4   6.5 
    29  13.5   4.1 
    30  16.2   6.3 
    31  15.2   7.4 
    32  17.5   8.6 
    33  16.5   8.2 
    34  22.0  10.8 
    35  18.8  11.0 
    36  20.2  10.0 
    37  16.2   9.0 
    38  16.4   7.4 
    39  15.4   7.0 
    40  15.8   7.5 
    41  15.7   7.6 
    42  15.4   7.4 
    43  12.4   7.3 
    44  11.8   5.5 
    45   9.2   4.5 
    46  11.8   3.2 
    47  13.4   6.4 
    48  14.9   5.4 
    49  16.2   6.8 
    50  18.2   9.0 
    51  14.2   7.0 
    52   9.6   6.0 
    53  12.3   5.0 
    54   9.6   4.8 
    55  13.4   3.8 
    56  14.6   5.5 
    57  15.2   6.2 
    58  14.3   7.2 
    59   9.0   3.3 
    60  15.4   3.2 
    61  13.5   5.4 
    62  15.5   6.0 
    63  18.0   8.2 
    64  17.8   9.2 
    65  17.6   8.4 
    66  18.4   8.9 
    67  18.3  10.4 
    68  14.0   8.0 
    69  15.7   6.4 
    70  17.5   9.4 
    71   8.6   6.0 
    72  13.5   6.0 
    73  14.4   5.0 
    74  12.4   2.1 
    75  18.4   7.4 
    76  20.0  12.0 
    77  18.2  11.0 
    78  18.4   9.9 
    79  10.5   5.3 
    80  15.7   5.8 
    81  17.2   7.4 
    82  19.4   9.3 
    83  20.0  10.4 
    84  20.3  10.5 
    85  22.0  12.4 
    86  19.7  13.0 
    87  14.7   7.8 
    88  19.4   7.8 
    89  21.1  11.4 
    90  22.2  11.5 
    91  20.6  10.4 
    92  20.8  10.0 
    93  22.6   DNA 
    94  23.0  15.6 
    95  24.5  14.8 
    96  25.5  15.4 
    97  25.4  15.4 
    98  27.2  16.2 
    99  26.2  17.2 
   100  25.0  16.0 
   101  24.9  15.5 
   102  27.2  16.4 
   103  26.6  17.2 
   104  27.0  17.3 
   105  24.6  15.7 
   106  25.5  14.0 
   107  24.3  15.7 
   108  18.5   9.5 
   109  22.2   8.5 
   110  22.2  13.2 
   111  21.8   9.5 
   112  21.7  10.8 
   113  23.2  13.2 
   114  21.4  11.5 
   115  21.5  11.8 
   116  22.2  12.4 
   117  23.2  11.0 
   118  24.8  15.2 
   119  25.6  15.2 
   120  25.6  15.5 
   121  25.8  16.2 
   122  25.7  16.4 
   123  24.0  15.0 
   124  22.2  12.4 
   125  22.0  10.5 
   126  16.0  10.5 
   127  22.9  11.2 
   128  25.5  14.5 
   129  25.0  13.0 
   130  24.6  13.2 
   131  26.6  16.5 
   132  27.5  18.0 
   133  28.2  19.2 
   134  28.2  18.5 
   135  26.2  17.2 
   136  24.0  14.5 
   137  24.5  16.0 
   138  23.6  11.5 
   139  23.2  10.6 
   140  24.1  14.4 
   141  23.4  16.2 
   142  25.6  15.2 
   143  25.0  15.5 
   144  26.2  13.2 
   145  27.5  17.0 
   146  28.8  19.2 
   147  29.8  19.5 
   148  29.4  19.5 
   149  30.0  15.3 
   150  29.4  14.3 
   151  27.5  20.0 
   152  27.2  17.8 
   153  25.9  14.2 
   154  24.6  12.0 
   155  25.5  13.8 
   156  27.0  13.0 
   157  24.6   9.4 
   158  23.1  16.5 
   159  24.5  15.0 
   160  26.8  17.0 
   161  26.7  18.6 
   162  27.0  17.9 
   163  26.0  16.4 
   164  25.4  17.6 
   165  25.6  16.5 
   166  23.4  14.4 
   167  25.3  14.7 
   168  24.4  13.3 
   169  24.3  16.0 
   170  24.0  15.0 
   171  24.2  16.0 
   172  24.6  16.4 
   173  25.5  17.2 
   174  22.5  17.2 
   175  24.5  16.3 
   176  25.2  16.6 
   177  25.7  17.6 
   178  27.4  19.2 
   179  27.5  19.8 
   180  22.6  18.8 
   181  26.3  15.2 
   182  25.2  17.5 
   183  25.4  18.8 
   184  21.2  17.2 
   185  22.6  17.2 
   186  23.4  18.0 
   187  19.5  14.0 
   188  18.5  15.5 
   189  22.0  15.2 
   190  24.1  17.0 
   191  24.0  16.9 
   192  23.9  17.5 
   193  24.3  18.2 
   194  19.2  17.3 
   195  21.6  17.0 
   196  22.6  17.5 
   197  24.1  17.4 
   198  22.9  17.0 
   199  22.0  16.4 
   200  22.5  16.4 
   201  24.0  17.8 
   202  23.0  17.8 
   203  21.0  17.9 
   204  22.4  17.0 
   205  24.0  17.5 
   206  22.5  17.3 
   207  24.1  17.4 
   208  20.0  17.4 
   209  23.3  17.4 
   210  23.2  17.4 
   211  24.5  17.4 
   212  24.6  17.9 
   213  21.0  18.4 
   214  19.5  16.4 
   215  18.6  16.0 
   216  24.2  15.8 
   217  22.6  18.0 
   218  24.5  17.8 
   219  23.0  17.4 
   220  19.5  17.3 
   221  20.8  17.0 
   222  20.0  17.8 
   223  21.2  16.9 
   224  23.0  16.9 
   225  20.8  17.5 
   226  22.6  17.2 
   227  22.6  17.8 
   228  23.0  17.4 
   229  21.5  17.6 
   230  22.4  17.4 
   231  23.7  17.8 
   232  24.5  17.1 
   233  23.8  17.4 
   234  24.8  17.3 
   235  23.9  17.3 
   236  22.0  17.2 
   237  21.5  16.5 
   238  22.0  16.4 
   239  22.8  16.6 
   240  23.5  16.6 
   241  23.8  16.6 
   242  23.5  16.5 
   243  23.6  16.7 
   244  23.4  16.0 
   245  23.6  16.8 
   246  23.2  16.0 
   247  23.7  16.8 
   248  24.2  16.8 
   249  24.7  17.3 
   250  24.2  17.4 
   251  23.5  16.2 
   252  22.6  14.4 
   253  19.8  14.0 
   254  21.6  15.0 
   255  22.4  15.2 
   256  23.4  16.0 
   257  23.2  17.3 
   258  24.7  17.5 
   259  23.2  17.0 
   260  21.6  14.0 
   261  20.6  14.4 
   262  18.6  14.0 
   263  22.2  15.0 
   264  21.2  15.7 
   265  20.4  14.5 
   266  16.0  13.8 
   267  22.4  13.5 
   268  23.6  16.9 
   269  23.2  17.2 
   270  23.4  16.7 
   271  23.4  17.0 
   272  23.2  15.2 
   273  23.2  15.6 
   274  21.6  15.5 
   275  22.9  15.5 
   276  22.2  14.6 
   277  21.6  15.3 
   278  22.2  15.0 
   279  22.2  15.4 
   280  20.0  12.0 
   281  20.8  13.0 
   282  20.8  11.4 
   283  19.8  11.9 
   284  22.3  13.2 
   285  22.8  13.2 
   286  22.0  14.5 
   287  23.1  14.4 
   288  22.0  14.2 
   289  20.4  13.2 
   290  20.6  12.9 
   291  22.7  12.0 
   292  20.6  13.6 
   293  20.6  12.9 
   294  20.0  12.0 
   295  18.9  11.5 
   296  20.0  11.5 
   297  21.6  12.4 
   298  22.4  13.3 
   299  20.6  13.7 
   300  21.2  12.4 
   301  20.6  12.0 
   302  20.6  11.4 
   303  20.0  11.0 
   304  19.3  10.2 
   305  19.4  10.5 
   306  18.5  10.2 
   307  18.2   9.7 
   308  17.6  10.5 
   309  16.6   9.4 
   310  15.6   8.2 
   311  16.9   8.7 
   312  18.4   8.2 
   313  17.2  10.0 
   314  18.7   9.4 
   315  18.7   9.3 
   316  18.0  10.2 
   317  18.3  10.4 
   318  18.4  10.4 
   319  18.0  10.9 
   320  19.4  10.4 
   321  18.8  10.5 
   322  18.1  10.0 
   323  17.5   8.0 
   324  18.0   8.0 
   325  17.0   7.4 
   326  17.5   8.0 
   327  16.7   7.6 
   328  16.9   7.4 
   329  16.0   6.5 
   330  15.0   7.1 
   331  15.3   6.4 
   332  15.2   5.0 
   333  15.6   5.2 
   334  14.7   6.4 
   335  15.2   7.4 
   336  17.2   8.0 
   337  17.6   9.0 
   338  17.4   8.6 
   339  17.5   9.6 
   340  15.6   7.5 
   341  14.4   7.4 
   342  14.9   7.0 
   343  15.2   6.0 
   344  15.0   6.5 
   345  15.2   6.2 
   346  15.0   7.0 
   347  14.6   7.6 
   348  14.5   7.4 
   349  15.0   6.4 
   350  13.2   6.5 
   351  15.4   6.3 
   352  11.4   6.2 
   353  13.5   4.6 
   354  11.8   5.8 
   355  12.6   7.5 
   356  13.8   6.4 
   357   9.6   6.0 
   358   6.4   4.5 
   359   8.9   4.0 
   360   3.2   0.4 
   361   7.9  -0.4 
   362  10.6   2.5 
   363  12.1   4.0 
   364  12.4   5.0 
   365  14.5   6.5 
   366  12.8   6.0 
