      1    3.5
      2    2.0
      3   11.0
      4    0.0
      5    0.0
      6    0.0
      7    0.0
      8    0.0
      9    0.0
     10    0.0
     11    0.0
     12    0.0
     13    0.0
     14    0.0
     15    0.0
     16    0.0
     17    0.0
     18    0.0
     19    0.0
     20    0.0
     21    0.0
     22    0.0
     23    0.0
     24    0.0
     25    0.0
     26    0.0
     27    0.0
     28    0.0
     29    0.0
     30    0.0
     31    0.0
     32    0.0
     33    0.0
     34    5.1
     35    0.0
     36    0.0
     37    0.0
     38    0.0
     39    0.0
     40    0.0
     41    0.0
     42    0.0
     43    0.0
     44    0.0
     45    0.0
     46    0.0
     47    T  
     48    0.0
     49    0.0
     50    0.0
     51    0.0
     52    0.0
     53    0.0
     54    0.0
     55    0.0
     56    0.0
     57    0.0
     58    0.0
     59    0.0
     60    6.3
     61    0.0
     62    1.0
     63    0.0
     64    0.0
     65    0.0
     66   21.5
     67    0.0
     68    0.0
     69    0.0
     70    0.0
     71    0.0
     72    0.0
     73    0.0
     74    0.0
     75    0.0
     76    0.0
     77    0.0
     78    0.0
     79    0.0
     80    0.0
     81    0.0
     82    0.0
     83    0.0
     84    0.0
     85    T  
     86    0.0
     87    0.0
     88    0.0
     89    T  
     90    3.2
     91    0.0
     92    0.0
     93    0.0
     94    0.0
     95    0.0
     96    0.0
     97    0.0
     98    0.0
     99    0.0
    100    0.0
    101    0.0
    102    0.0
    103    0.0
    104    0.0
    105    0.0
    106    0.0
    107    0.0
    108    0.0
    109    0.0
    110    0.0
    111    0.0
    112    0.0
    113    0.0
    114    0.0
    115    0.0
    116    0.0
    117    0.0
    118    0.0
    119    0.0
    120    0.0
    121    0.0
    122    0.0
    123    0.0
    124    0.0
    125    0.0
    126    0.0
    127    0.0
    128    0.0
    129   13.2
    130    0.0
    131    0.0
    132    0.0
    133    0.0
    134    0.0
    135    T  
    136    0.0
    137    0.0
    138    6.0
    139    0.0
    140    0.0
    141    0.0
    142    0.0
    143    0.0
    144    0.0
    145    0.0
    146    0.0
    147    0.0
    148    0.0
    149    0.0
    150    0.0
    151    3.6
    152    0.0
    153   11.2
    154    3.1
    155   11.4
    156   33.6
    157    0.0
    158    0.0
    159    0.0
    160   18.8
    161   15.5
    162    0.0
    163    T  
    164   33.5
    165   32.6
    166    T  
    167    0.0
    168    0.0
    169   18.2
    170    0.0
    171    0.0
    172    0.0
    173    T  
    174    0.0
    175    0.0
    176    0.0
    177    0.0
    178    0.0
    179    0.0
    180   31.5
    181   22.3
    182   10.4
    183    0.0
    184    0.0
    185    0.0
    186    0.0
    187    T  
    188   31.5
    189   11.0
    190   15.0
    191   19.0
    192    T  
    193   19.0
    194   20.5
    195   53.2
    196   46.0
    197   13.0
    198   15.5
    199   10.3
    200   10.3
    201   27.0
    202   10.0
    203   15.3
    204    2.0
    205    2.1
    206    0.6
    207    T  
    208   44.0
    209   10.0
    210    8.0
    211   20.0
    212   45.0
    213   59.5
    214  100.2
    215   82.0
    216    T  
    217    7.0
    218    5.0
    219    2.0
    220    5.0
    221    0.0
    222    0.0
    223   37.5
    224   21.0
    225  100.3
    226   13.0
    227   54.3
    228    0.0
    229   76.5
    230   25.0
    231    0.0
    232   20.0
    233    0.0
    234    0.0
    235   20.0
    236    0.0
    237   73.0
    238    6.0
    239    0.0
    240    0.0
    241    0.0
    242    6.0
    243    0.0
    244    0.0
    245   42.0
    246    0.0
    247    0.0
    248    0.0
    249    8.1
    250   50.0
    251   39.1
    252    0.0
    253    0.0
    254    0.0
    255    0.0
    256    0.0
    257    0.0
    258    0.0
    259    0.0
    260    0.0
    261    3.5
    262   18.5
    263    0.0
    264    2.0
    265   77.2
    266    0.0
    267    0.0
    268    5.2
    269    0.0
    270    4.2
    271    0.0
    272    0.0
    273    0.0
    274    0.0
    275    0.0
    276    0.0
    277    0.0
    278    0.0
    279    3.2
    280    4.3
    281    0.0
    282    0.0
    283    0.0
    284    0.0
    285    0.0
    286    0.0
    287    0.0
    288    0.0
    289    0.0
    290    0.0
    291    0.0
    292    0.0
    293   17.4
    294    0.0
    295    0.0
    296    0.0
    297    0.0
    298    0.0
    299    0.0
    300    0.0
    301    0.0
    302    0.0
    303    0.0
    304    0.0
    305    0.0
    306    0.0
    307    0.0
    308    0.0
    309    0.0
    310    0.0
    311    0.0
    312    0.0
    313    0.0
    314    0.0
    315    0.0
    316    0.0
    317    0.0
    318    0.0
    319    0.0
    320    0.0
    321    0.0
    322    0.0
    323    0.0
    324    0.0
    325    0.0
    326    0.0
    327    0.0
    328    0.0
    329    0.0
    330    0.0
    331    0.0
    332    0.0
    333    0.0
    334    0.0
    335    0.0
    336    0.0
    337    0.0
    338    0.0
    339    0.0
    340    0.0
    341    0.0
    342    0.0
    343    0.0
    344    0.0
    345    0.0
    346    0.0
    347    0.0
    348    0.0
    349    0.0
    350    0.0
    351    0.0
    352    0.0
    353    0.0
    354    0.0
    355    0.0
    356    0.0
    357    0.0
    358    0.0
    359    0.0
    360    1.3
    361    8.5
    362    0.0
    363    0.0
    364    0.0
    365    0.0
    366    0.0
