      1    0.0
      2    0.0
      3    0.0
      4    0.0
      5    0.0
      6    0.0
      7    0.0
      8    0.0
      9    0.0
     10    0.0
     11    0.0
     12    0.0
     13    0.0
     14    0.0
     15    0.0
     16    0.0
     17    0.0
     18   15.4
     19    0.0
     20    0.0
     21    0.0
     22    0.0
     23    0.0
     24    0.0
     25    0.0
     26    0.0
     27    0.0
     28    0.0
     29    0.0
     30    0.0
     31    0.0
     32    0.0
     33    0.0
     34    0.0
     35    0.0
     36   16.9
     37   36.6
     38    3.5
     39    0.0
     40    0.0
     41    0.0
     42    0.0
     43    0.0
     44    0.0
     45    0.0
     46    0.0
     47    0.0
     48   91.6
     49    6.9
     50    0.0
     51    0.0
     52    0.0
     53    0.0
     54    0.0
     55    0.0
     56    0.0
     57    0.0
     58    0.0
     59    0.0
     60    0.0
     61    0.0
     62    0.0
     63    0.0
     64    0.0
     65    0.0
     66    0.0
     67    0.0
     68    0.0
     69    0.0
     70    0.0
     71    0.0
     72    0.0
     73    0.0
     74    T  
     75    0.0
     76    0.0
     77    0.0
     78    0.0
     79    0.0
     80    0.0
     81    1.7
     82    0.0
     83    0.0
     84    0.0
     85    0.0
     86    0.0
     87    0.0
     88    0.0
     89    0.0
     90    0.0
     91    0.0
     92    0.0
     93    0.0
     94    T  
     95    0.0
     96    0.0
     97    0.0
     98    0.0
     99    0.0
    100    0.0
    101    0.0
    102    0.0
    103    0.0
    104    0.0
    105    T  
    106    0.0
    107    1.0
    108    0.0
    109    0.0
    110    0.0
    111    7.0
    112    0.0
    113    0.0
    114    T  
    115    T  
    116    0.0
    117    0.0
    118    0.0
    119    0.0
    120    0.0
    121    0.0
    122    0.0
    123    0.0
    124    0.0
    125    0.0
    126    0.0
    127    0.0
    128    0.0
    129    0.0
    130    0.0
    131    0.0
    132    0.0
    133    1.3
    134    0.0
    135    0.0
    136    0.0
    137    0.0
    138    0.0
    139    0.0
    140    0.0
    141    0.0
    142    0.7
    143    0.5
    144    9.9
    145    T  
    146   18.1
    147    T  
    148   50.2
    149    0.0
    150    0.3
    151    0.0
    152   10.4
    153    T  
    154    0.0
    155    T  
    156   27.0
    157   12.0
    158    3.3
    159   39.7
    160    9.2
    161    1.8
    162   41.6
    163    0.2
    164   11.1
    165    0.0
    166    2.7
    167    1.8
    168   60.1
    169   98.7
    170   36.2
    171    8.6
    172    T  
    173   13.9
    174   12.7
    175    0.0
    176    T  
    177    2.4
    178   49.5
    179   22.2
    180    1.0
    181    2.6
    182    7.8
    183    0.3
    184    1.1
    185   12.4
    186   33.2
    187   41.9
    188    0.9
    189    4.2
    190   54.9
    191    9.1
    192   46.4
    193    6.7
    194    3.8
    195   61.1
    196    6.8
    197   13.9
    198   29.9
    199    1.8
    200   52.1
    201   62.4
    202   65.2
    203   13.2
    204    0.0
    205    8.8
    206   27.0
    207   36.1
    208    9.0
    209    5.3
    210   38.0
    211    1.0
    212   36.2
    213    T  
    214    0.8
    215   12.9
    216   20.0
    217    1.6
    218   26.9
    219   44.5
    220    9.8
    221   19.7
    222    2.4
    223   26.9
    224    6.8
    225    7.9
    226   26.1
    227    6.9
    228    2.8
    229    4.5
    230   12.5
    231    8.4
    232    6.3
    233    1.1
    234    0.6
    235   21.4
    236    0.0
    237   10.2
    238    4.9
    239   72.3
    240   10.9
    241    6.2
    242   27.6
    243    T  
    244    T  
    245    0.0
    246   30.0
    247    1.7
    248    0.0
    249    1.5
    250    0.0
    251    0.0
    252    8.0
    253    2.3
    254    0.2
    255    4.3
    256    T  
    257    0.0
    258    0.0
    259    T  
    260    T  
    261    0.0
    262    0.0
    263    4.2
    264    3.0
    265    6.6
    266    0.0
    267    0.0
    268    T  
    269   36.2
    270    0.0
    271    1.8
    272   38.2
    273   50.8
    274    0.0
    275    3.9
    276   11.2
    277   28.0
    278    0.2
    279   43.0
    280    0.1
    281    0.0
    282    0.0
    283    0.0
    284    5.0
    285    0.1
    286    0.0
    287    0.0
    288    1.6
    289    1.0
    290    T  
    291    0.0
    292    0.0
    293    T  
    294    0.0
    295    0.0
    296    0.0
    297    0.0
    298    0.0
    299    0.0
    300    0.0
    301    0.0
    302    0.0
    303    0.0
    304    0.0
    305    0.0
    306    0.0
    307    0.0
    308    0.0
    309    0.0
    310    0.0
    311    0.0
    312    T  
    313    3.9
    314    0.0
    315    0.0
    316    0.0
    317    0.0
    318    0.0
    319    0.0
    320    0.0
    321    0.0
    322    0.0
    323    0.0
    324    0.0
    325    0.0
    326    0.0
    327    0.0
    328    0.0
    329    0.0
    330    0.0
    331    0.0
    332    0.0
    333    0.0
    334    0.0
    335    0.0
    336    0.0
    337    0.0
    338    0.0
    339    0.0
    340    0.0
    341    0.0
    342    0.0
    343    0.0
    344    0.0
    345    0.0
    346    0.0
    347    0.0
    348    0.0
    349    0.0
    350    0.0
    351    0.0
    352    0.0
    353    0.0
    354    0.0
    355    0.0
    356    0.0
    357    0.0
    358    0.0
    359    0.0
    360    0.0
    361    0.0
    362    0.0
    363    0.0
    364    0.0
    365    3.0
