      1    0.0
      2    0.3
      3    0.3
      4    0.0
      5    0.0
      6    0.0
      7    0.0
      8    0.0
      9    0.0
     10    0.0
     11    0.0
     12    0.0
     13    0.0
     14    0.0
     15    0.0
     16    0.0
     17    0.0
     18    0.0
     19    0.0
     20    0.0
     21    0.0
     22    0.0
     23    0.0
     24    0.0
     25    0.0
     26    0.0
     27    0.0
     28    0.0
     29    0.0
     30    0.0
     31    0.0
     32    0.0
     33    0.0
     34    2.9
     35    1.4
     36    0.7
     37    0.0
     38    0.0
     39    0.0
     40    0.0
     41    0.0
     42    0.0
     43    0.0
     44    0.0
     45    0.0
     46    0.1
     47    2.1
     48    0.0
     49    0.0
     50    0.0
     51    0.0
     52    0.0
     53    0.0
     54    0.0
     55    0.0
     56    0.0
     57    0.0
     58    0.0
     59    0.0
     60    3.1
     61    1.0
     62    T  
     63    0.0
     64    T  
     65    0.0
     66   21.3
     67    5.0
     68    0.0
     69    0.7
     70    0.0
     71    0.0
     72    0.0
     73    0.0
     74    0.0
     75    0.0
     76    0.0
     77    0.0
     78    0.0
     79    0.0
     80    0.0
     81    0.0
     82    0.0
     83    0.0
     84    0.0
     85    T  
     86    T  
     87    0.5
     88    0.0
     89    T  
     90    9.6
     91    0.0
     92    0.0
     93    0.0
     94    0.0
     95    0.2
     96    0.0
     97    0.0
     98    0.0
     99    0.0
    100    0.0
    101    0.0
    102    0.0
    103    0.0
    104    0.0
    105    0.0
    106    0.0
    107    0.0
    108    0.0
    109    0.0
    110    0.0
    111    0.0
    112    0.0
    113    0.0
    114    T  
    115    0.0
    116    0.0
    117    0.0
    118    0.0
    119    0.0
    120    0.0
    121    0.0
    122    0.0
    123    0.0
    124    0.0
    125    0.0
    126    0.0
    127    3.6
    128    0.0
    129    T  
    130    0.0
    131    0.0
    132   37.7
    133    0.2
    134    0.0
    135   30.1
    136    0.0
    137    0.0
    138    0.7
    139    0.0
    140    0.0
    141    0.2
    142    0.0
    143    0.5
    144    0.0
    145    0.0
    146    0.0
    147    0.0
    148    5.4
    149    0.6
    150    7.7
    151    0.3
    152   27.5
    153    T  
    154    9.3
    155   22.6
    156    T  
    157    1.5
    158    0.0
    159    T  
    160    3.0
    161    1.7
    162    0.3
    163    0.0
    164   17.8
    165    T  
    166    0.0
    167    T  
    168    T  
    169    5.5
    170    0.0
    171    1.7
    172    1.3
    173    4.2
    174    T  
    175   10.0
    176   10.0
    177   12.5
    178    5.2
    179   67.2
    180   12.6
    181    0.0
    182   16.8
    183    0.7
    184   43.4
    185   16.5
    186    1.8
    187   10.5
    188    3.5
    189    9.1
    190   34.3
    191   40.2
    192    7.3
    193    2.6
    194    7.7
    195   15.2
    196    0.6
    197   56.2
    198    9.5
    199   14.1
    200   26.1
    201    5.1
    202   39.6
    203   24.8
    204    4.5
    205    8.5
    206    2.7
    207    5.4
    208   49.6
    209   41.7
    210   13.4
    211    0.7
    212    9.0
    213   25.0
    214   15.5
    215   11.6
    216   32.8
    217   26.6
    218   29.5
    219    6.0
    220    1.5
    221    7.2
    222    1.4
    223    1.5
    224   16.9
    225   28.2
    226   11.8
    227    3.9
    228    1.4
    229    1.7
    230    3.1
    231    0.7
    232    T  
    233    T  
    234    7.7
    235    0.1
    236   23.2
    237    0.5
    238    3.0
    239   14.7
    240   11.1
    241   11.7
    242    3.4
    243   16.0
    244    0.0
    245   10.5
    246    6.0
    247    0.0
    248   15.8
    249    1.2
    250   69.6
    251   10.2
    252    0.3
    253    0.0
    254    0.0
    255    0.0
    256    2.1
    257    0.0
    258    0.0
    259    0.0
    260    0.0
    261    8.8
    262   39.5
    263    1.3
    264    6.7
    265   35.3
    266    0.1
    267    0.0
    268    4.5
    269    0.0
    270    0.0
    271    0.0
    272    0.0
    273    T  
    274    0.0
    275    0.0
    276    0.0
    277    0.0
    278    0.0
    279    5.4
    280    0.2
    281    0.0
    282    0.0
    283    8.7
    284    0.0
    285    0.0
    286    0.0
    287    0.0
    288    0.0
    289    0.0
    290    0.0
    291    0.0
    292    0.0
    293    0.0
    294    0.0
    295    0.0
    296    0.0
    297    0.0
    298    0.0
    299    0.0
    300    0.0
    301    0.0
    302    0.0
    303    0.0
    304    0.0
    305    0.0
    306    0.0
    307    0.0
    308    0.0
    309    0.0
    310    0.0
    311    0.0
    312    0.0
    313    0.0
    314    0.0
    315    0.0
    316    0.0
    317    0.0
    318    0.0
    319    0.0
    320    0.0
    321    0.0
    322    0.0
    323    0.0
    324    0.0
    325    0.0
    326    0.0
    327    0.0
    328    0.0
    329    0.0
    330    0.0
    331    0.0
    332    0.0
    333    0.0
    334    0.0
    335    0.0
    336    0.0
    337    0.0
    338    0.0
    339    0.0
    340    0.0
    341    0.0
    342    0.0
    343    0.0
    344    0.0
    345    0.0
    346    0.0
    347    0.0
    348    0.0
    349    0.0
    350    0.0
    351    0.0
    352    0.0
    353    0.0
    354    0.0
    355    0.0
    356    0.0
    357    0.0
    358    0.0
    359    0.0
    360    0.0
    361    3.1
    362    0.0
    363    0.0
    364    0.0
    365    0.0
    366    0.0
