      1    0.0
      2    0.0
      3    0.0
      4    0.0
      5    0.0
      6    0.0
      7    0.0
      8    0.0
      9    T  
     10    0.0
     11    0.0
     12    0.0
     13    0.0
     14    0.0
     15    0.0
     16    0.0
     17    0.0
     18    0.0
     19    0.0
     20    0.0
     21    0.0
     22    0.0
     23    0.0
     24    0.0
     25    0.0
     26    0.0
     27    0.0
     28    0.0
     29    0.0
     30    0.0
     31    0.0
     32    0.0
     33    0.0
     34    0.0
     35    0.0
     36    0.0
     37    0.0
     38    0.0
     39    0.0
     40    0.0
     41    0.0
     42    0.0
     43    0.0
     44    0.0
     45    0.0
     46    0.0
     47    0.0
     48    0.0
     49    T  
     50    0.0
     51    0.0
     52    0.0
     53    0.0
     54    T  
     55    0.0
     56    0.0
     57    0.0
     58    0.0
     59    0.0
     60    0.0
     61    0.0
     62    0.0
     63    0.0
     64    0.0
     65    0.0
     66    0.0
     67    0.0
     68    0.0
     69    0.0
     70    T  
     71    T  
     72    3.7
     73    0.0
     74    0.0
     75    0.0
     76    0.0
     77    7.5
     78   33.2
     79    0.0
     80    0.0
     81    0.0
     82    0.0
     83    0.0
     84    0.0
     85    0.0
     86    0.0
     87    0.0
     88    0.0
     89    0.0
     90    0.0
     91    0.0
     92    0.0
     93    0.0
     94    0.0
     95    0.0
     96    0.0
     97    0.0
     98    0.0
     99    0.0
    100    0.0
    101    0.0
    102    0.0
    103    0.0
    104    0.0
    105    0.0
    106    0.0
    107    0.0
    108    0.0
    109    5.2
    110    T  
    111    0.0
    112   19.4
    113    0.0
    114   50.5
    115   18.3
    116    0.0
    117    0.0
    118    0.0
    119   13.2
    120    T  
    121    T  
    122    0.0
    123    0.0
    124    T  
    125    5.2
    126    3.4
    127    T  
    128    0.0
    129    0.0
    130    0.0
    131    0.0
    132    0.0
    133    0.0
    134    0.0
    135    0.0
    136    0.0
    137    0.0
    138    0.0
    139    0.0
    140   12.6
    141    9.4
    142    0.0
    143    0.0
    144    0.0
    145    0.0
    146   32.5
    147    2.4
    148    0.0
    149    0.0
    150    0.0
    151    T  
    152    T  
    153   57.2
    154    5.4
    155    0.0
    156    T  
    157   11.5
    158   17.2
    159    T  
    160   32.5
    161    3.4
    162    T  
    163    T  
    164   27.5
    165   21.2
    166    5.3
    167   17.4
    168    T  
    169    0.0
    170    0.0
    171    0.0
    172    0.0
    173    0.0
    174    3.2
    175    T  
    176   55.1
    177   15.2
    178    0.0
    179    0.0
    180   69.4
    181   45.2
    182   11.4
    183   69.3
    184   15.4
    185  109.5
    186   86.4
    187   45.1
    188   51.3
    189   17.2
    190    3.2
    191    T  
    192    0.0
    193   15.4
    194    3.2
    195   17.4
    196   30.2
    197   84.5
    198   51.2
    199    5.4
    200    3.1
    201   27.5
    202    0.0
    203    T  
    204   15.4
    205   13.3
    206   25.4
    207   23.1
    208    3.2
    209    0.0
    210    0.0
    211  104.1
    212   95.3
    213   55.5
    214   35.4
    215   31.2
    216    0.0
    217    0.0
    218    0.0
    219    0.0
    220    3.5
    221   48.4
    222   99.3
    223   39.1
    224   35.5
    225   13.2
    226    T  
    227    0.0
    228    0.0
    229    0.0
    230  109.3
    231   95.2
    232   35.4
    233    9.3
    234    0.0
    235    3.2
    236    9.4
    237    0.0
    238    9.5
    239   35.4
    240    0.0
    241    0.0
    242   25.1
    243   35.4
    244   28.2
    245   95.3
    246   30.5
    247    3.1
    248    T  
    249    0.0
    250    0.0
    251    0.0
    252    0.0
    253    0.0
    254    0.0
    255    T  
    256    0.0
    257    0.0
    258    0.0
    259    0.0
    260    0.0
    261    0.0
    262    0.0
    263    0.0
    264    0.0
    265    0.0
    266    0.0
    267    0.0
    268    0.0
    269    0.0
    270    0.0
    271    0.0
    272    0.0
    273    0.0
    274    0.0
    275    0.0
    276    0.0
    277    0.0
    278    T  
    279   13.4
    280   17.2
    281    0.0
    282    0.0
    283    0.0
    284    0.0
    285    0.0
    286    0.0
    287    0.0
    288    0.0
    289    0.0
    290    0.0
    291    0.0
    292    0.0
    293    0.0
    294    0.0
    295    0.0
    296    0.0
    297    0.0
    298    0.0
    299    0.0
    300    0.0
    301    0.0
    302    0.0
    303    0.0
    304    0.0
    305    0.0
    306    0.0
    307    0.0
    308    0.0
    309    0.0
    310    0.0
    311    0.0
    312    0.0
    313    0.0
    314    0.0
    315    0.0
    316    0.0
    317    0.0
    318    0.0
    319    0.0
    320    0.0
    321    0.0
    322    0.0
    323    0.0
    324    0.0
    325    0.0
    326    0.0
    327    0.0
    328    0.0
    329    0.0
    330    0.0
    331    0.0
    332    0.0
    333    0.0
    334    0.0
    335    0.0
    336    0.0
    337    0.0
    338    0.0
    339    0.0
    340    0.0
    341    0.0
    342    0.0
    343    0.0
    344    0.0
    345    0.0
    346    0.0
    347    0.0
    348    0.0
    349    0.0
    350    0.0
    351    0.0
    352    0.0
    353    0.0
    354    0.0
    355    0.0
    356    0.0
    357    0.0
    358    0.0
    359    T  
    360   31.5
    361    0.0
    362    0.0
    363    0.0
    364    0.0
    365    0.0
    366    0.0
