      1    0.0
      2    0.0
      3    0.0
      4    0.0
      5    0.0
      6    0.0
      7    0.0
      8    0.0
      9    0.0
     10    0.0
     11    0.0
     12    0.0
     13    0.0
     14    0.0
     15   17.2
     16    0.0
     17    0.0
     18    0.0
     19    0.0
     20    0.0
     21    0.0
     22    0.0
     23    0.0
     24    0.0
     25    0.0
     26    0.0
     27    0.0
     28    1.2
     29    0.0
     30    0.0
     31    0.0
     32    0.0
     33    0.0
     34    0.0
     35    0.0
     36    0.0
     37    0.0
     38    0.0
     39    0.0
     40    0.0
     41    0.0
     42    0.0
     43    0.0
     44    0.0
     45    0.0
     46    0.0
     47    0.0
     48    0.0
     49    0.0
     50    0.0
     51    0.0
     52    0.0
     53    0.0
     54    0.0
     55    0.0
     56    0.0
     57    0.0
     58    0.0
     59    0.0
     60    0.0
     61    0.0
     62    0.0
     63    0.0
     64    0.0
     65    0.0
     66    0.0
     67    0.0
     68    0.0
     69    0.0
     70    0.0
     71    0.0
     72    0.0
     73    0.0
     74    0.0
     75    0.0
     76    0.0
     77    0.0
     78    0.0
     79    0.0
     80    0.0
     81    0.0
     82    0.0
     83    0.0
     84    0.8
     85    5.2
     86    0.0
     87    7.6
     88    0.0
     89    7.2
     90    0.0
     91    0.0
     92    1.2
     93    0.0
     94    0.0
     95   12.4
     96    0.0
     97    0.0
     98    0.0
     99    0.0
    100   13.6
    101    0.0
    102    6.8
    103    0.0
    104    0.0
    105    0.0
    106    0.0
    107    T  
    108   25.2
    109    0.0
    110    0.0
    111    0.0
    112    0.0
    113    0.0
    114    0.0
    115    0.0
    116    0.0
    117    9.6
    118   14.8
    119    5.2
    120    7.2
    121    0.0
    122   15.6
    123    2.8
    124    T  
    125    0.0
    126    0.0
    127    0.0
    128    0.0
    129    0.0
    130   44.4
    131    T  
    132    0.0
    133    T  
    134    9.6
    135    0.0
    136   14.4
    137    0.0
    138    0.0
    139    0.0
    140    0.0
    141    0.0
    142    7.6
    143    0.0
    144    0.0
    145    8.4
    146    0.0
    147    8.4
    148    6.8
    149   28.4
    150    0.8
    151   17.6
    152   23.2
    153    0.0
    154    0.0
    155    0.0
    156    0.0
    157    3.2
    158    0.0
    159    0.0
    160    0.0
    161    0.0
    162    0.0
    163    0.0
    164    0.0
    165    9.6
    166    4.4
    167    0.0
    168    0.0
    169    0.0
    170    0.0
    171   52.8
    172    0.0
    173   26.8
    174    3.6
    175    0.0
    176    0.0
    177    0.0
    178    0.0
    179    7.2
    180    7.6
    181    8.8
    182    1.2
    183   12.8
    184   12.8
    185    9.2
    186   18.0
    187    0.0
    188    0.0
    189    T  
    190    7.6
    191    0.0
    192    0.0
    193    2.4
    194    3.6
    195    2.4
    196   23.2
    197    T  
    198   19.2
    199   71.2
    200    T  
    201   13.4
    202   10.8
    203   13.2
    204    T  
    205    9.2
    206   11.2
    207   61.2
    208    1.2
    209   56.4
    210   23.2
    211   13.2
    212    1.2
    213    T  
    214    T  
    215    6.4
    216    3.2
    217    2.6
    218    2.6
    219    0.0
    220    0.0
    221    0.0
    222    8.4
    223    0.0
    224    0.0
    225    0.0
    226   11.4
    227    4.4
    228    0.0
    229    0.0
    230    0.0
    231    0.0
    232    7.4
    233    8.4
    234    0.0
    235    0.0
    236    0.0
    237    3.2
    238   13.2
    239   88.8
    240    3.2
    241    1.2
    242   30.4
    243    3.0
    244   12.8
    245   23.2
    246    4.4
    247   21.2
    248    0.0
    249   12.8
    250    1.2
    251    0.0
    252   16.8
    253    0.0
    254    1.2
    255    0.0
    256    0.0
    257   14.8
    258    3.8
    259    2.8
    260    0.0
    261    0.0
    262    2.8
    263    0.0
    264    7.2
    265    0.0
    266    0.0
    267    2.8
    268    2.4
    269    0.0
    270    0.0
    271    0.0
    272    0.0
    273    0.0
    274    0.0
    275    0.0
    276    0.0
    277    0.0
    278    0.0
    279    0.0
    280    0.0
    281    0.0
    282    0.0
    283    0.0
    284    0.0
    285    0.0
    286    0.0
    287    0.0
    288    0.0
    289    0.0
    290    0.0
    291    0.0
    292    0.0
    293    0.0
    294    0.0
    295    0.0
    296    6.2
    297    2.8
    298    0.0
    299    0.0
    300    0.0
    301    0.0
    302    0.0
    303    0.0
    304    0.0
    305    0.0
    306    0.0
    307    0.0
    308    0.0
    309    0.0
    310    0.0
    311    0.0
    312    0.0
    313    0.0
    314    0.0
    315    0.0
    316    0.0
    317    0.0
    318    0.0
    319    0.0
    320    0.0
    321    0.0
    322    0.0
    323    0.0
    324    0.0
    325    0.0
    326    0.0
    327    0.0
    328    0.0
    329    0.0
    330    0.0
    331    0.0
    332    0.0
    333    0.0
    334    0.0
    335    0.0
    336    0.0
    337    0.0
    338    0.0
    339    0.0
    340    0.0
    341    0.0
    342    0.0
    343    0.0
    344    0.0
    345    0.0
    346    0.0
    347    0.0
    348    0.0
    349    0.0
    350    0.0
    351    T  
    352    0.0
    353    0.0
    354    0.0
    355    0.0
    356    0.0
    357    0.0
    358    0.0
    359    0.0
    360    0.0
    361    0.0
    362    0.0
    363    0.0
    364    0.0
    365    0.0
