      1    0.0
      2    0.0
      3    0.0
      4    0.0
      5    0.0
      6    0.0
      7    0.0
      8    0.0
      9    0.0
     10    0.0
     11    0.0
     12    0.0
     13    0.0
     14   13.1
     15    0.0
     16    0.0
     17    0.0
     18    0.0
     19    0.0
     20    0.0
     21    0.0
     22    0.0
     23    0.0
     24    0.0
     25    0.0
     26    0.0
     27    0.0
     28    0.0
     29    0.0
     30    0.0
     31    0.0
     32    0.0
     33    0.0
     34    0.0
     35    0.0
     36    0.0
     37    0.0
     38    0.0
     39    0.0
     40    0.0
     41    0.0
     42    0.0
     43    0.0
     44    0.0
     45    5.1
     46    0.9
     47    0.0
     48    0.0
     49    0.0
     50    0.0
     51    0.0
     52    0.0
     53    0.0
     54    0.0
     55   14.2
     56    0.0
     57    0.0
     58    0.0
     59    0.0
     60    0.5
     61    0.0
     62    0.0
     63    0.0
     64    0.0
     65    0.0
     66    0.0
     67    0.0
     68    0.0
     69    0.0
     70   21.4
     71    0.0
     72    0.0
     73   14.0
     74    0.4
     75    0.0
     76    0.1
     77    0.0
     78    0.0
     79    0.0
     80   16.5
     81    0.0
     82    0.0
     83    0.0
     84    0.0
     85    0.0
     86    0.0
     87    0.0
     88    0.0
     89    0.0
     90    0.0
     91    0.0
     92    0.0
     93    0.0
     94    0.0
     95    0.0
     96    0.0
     97    0.0
     98    0.0
     99    0.0
    100    0.0
    101    0.0
    102    0.0
    103    0.0
    104    0.0
    105    0.8
    106    0.0
    107    0.0
    108    0.5
    109   13.5
    110    0.0
    111    0.0
    112    0.0
    113   10.0
    114    0.8
    115   17.2
    116    0.0
    117    0.6
    118    0.0
    119    0.0
    120   21.5
    121    0.2
    122    0.0
    123    0.0
    124    0.3
    125   37.2
    126    0.1
    127    0.7
    128    0.0
    129    0.0
    130    0.0
    131    0.2
    132    0.0
    133    0.0
    134    0.0
    135    1.1
    136    0.0
    137    0.0
    138    1.5
    139   11.0
    140   16.1
    141    8.0
    142    0.0
    143    0.0
    144    9.1
    145   16.4
    146    0.0
    147    0.0
    148    0.0
    149    6.2
    150    0.0
    151    0.0
    152    0.1
    153    0.0
    154    0.0
    155    0.0
    156    0.0
    157    7.5
    158    2.0
    159    0.0
    160    T  
    161   23.0
    162   35.5
    163    0.0
    164    0.0
    165    0.8
    166   12.1
    167   72.0
    168   19.2
    169    6.0
    170    0.0
    171    0.0
    172   29.4
    173    0.0
    174    0.0
    175    0.7
    176   25.1
    177    7.0
    178    0.0
    179    0.1
    180    0.0
    181    0.0
    182    0.0
    183    0.8
    184   10.0
    185   12.0
    186    T  
    187   57.1
    188  102.4
    189   12.0
    190    0.0
    191   11.0
    192   27.0
    193    0.8
    194   23.2
    195    0.0
    196    0.0
    197   12.0
    198    0.0
    199    0.0
    200   24.6
    201    0.0
    202    0.0
    203   19.5
    204    0.0
    205    0.0
    206    8.0
    207   28.1
    208    2.0
    209    0.9
    210    0.0
    211    0.5
    212    0.0
    213    0.0
    214   20.6
    215    0.0
    216   25.7
    217    0.0
    218    0.0
    219   14.1
    220   28.2
    221   10.0
    222    7.0
    223    0.9
    224   23.0
    225   20.5
    226   47.3
    227    2.4
    228   50.1
    229    7.0
    230    0.8
    231   16.0
    232   32.0
    233   10.0
    234    0.0
    235    0.3
    236    0.7
    237   12.4
    238    0.1
    239   14.2
    240    0.0
    241   10.0
    242   72.4
    243    0.0
    244    0.0
    245    0.4
    246   20.2
    247    0.0
    248    0.0
    249    0.0
    250   28.6
    251   12.0
    252    0.0
    253   11.0
    254    7.0
    255    0.0
    256    0.0
    257    0.0
    258    0.0
    259    0.0
    260    0.0
    261    0.0
    262    0.4
    263    0.0
    264    0.0
    265    0.0
    266    0.1
    267    0.3
    268    0.0
    269    0.0
    270    0.0
    271    0.0
    272    0.0
    273    0.0
    274    0.0
    275    0.0
    276    0.0
    277    0.0
    278    0.0
    279    0.8
    280   10.0
    281    0.0
    282    0.0
    283    0.0
    284    0.0
    285    0.0
    286    0.0
    287    0.0
    288    0.0
    289    0.0
    290    0.0
    291    0.0
    292    0.0
    293    0.0
    294    0.0
    295    0.0
    296    0.0
    297    0.0
    298    0.0
    299    0.0
    300    0.0
    301    0.0
    302    0.0
    303    0.0
    304    0.0
    305    0.0
    306    0.0
    307    0.0
    308    0.9
    309    0.6
    310    0.0
    311   60.1
    312    0.0
    313    0.0
    314    0.0
    315    0.0
    316    0.0
    317    0.0
    318    0.0
    319    0.0
    320    0.0
    321    0.0
    322    0.0
    323    0.0
    324    0.0
    325    0.0
    326    0.0
    327    0.0
    328    0.0
    329    0.0
    330    0.0
    331    0.0
    332    0.0
    333    0.0
    334    0.0
    335    0.0
    336    0.0
    337    0.0
    338    0.0
    339    0.0
    340    0.0
    341    0.0
    342    0.0
    343    0.0
    344    0.0
    345    0.0
    346    0.0
    347    0.0
    348    0.0
    349    0.0
    350    0.0
    351    0.0
    352    0.0
    353    0.0
    354    0.0
    355    0.0
    356    0.0
    357    0.0
    358    0.0
    359    0.0
    360    0.0
    361    0.0
    362   31.1
    363    0.0
    364    0.0
    365    0.0
    366    0.0
