      1    0.0
      2    0.0
      3    0.0
      4    0.0
      5    0.0
      6    0.0
      7    0.0
      8    0.0
      9    0.0
     10    0.0
     11    0.0
     12    0.0
     13    0.0
     14    0.0
     15    0.0
     16    0.0
     17    0.0
     18    0.0
     19    0.0
     20    0.0
     21    0.0
     22    0.0
     23    0.0
     24    0.0
     25    0.0
     26    0.0
     27    0.0
     28    0.0
     29    0.0
     30    0.0
     31    0.0
     32    0.0
     33    0.0
     34    0.0
     35    7.1
     36    0.0
     37   17.2
     38    0.0
     39    0.0
     40    0.0
     41    0.0
     42    0.0
     43    0.0
     44    0.0
     45    0.0
     46    0.0
     47    0.0
     48    0.0
     49    2.2
     50    0.0
     51    0.0
     52    0.0
     53    0.0
     54    0.0
     55    0.0
     56    0.0
     57    0.0
     58    0.0
     59    0.0
     60    0.0
     61    0.0
     62    0.0
     63    T  
     64    0.0
     65    0.0
     66    0.0
     67    0.0
     68   27.1
     69    0.0
     70   17.4
     71   10.1
     72    0.0
     73    0.0
     74    0.9
     75    0.0
     76    0.3
     77    0.0
     78    0.0
     79    0.0
     80    0.0
     81    0.4
     82    0.0
     83    0.0
     84    0.0
     85    0.0
     86    0.0
     87   11.1
     88    0.0
     89    0.0
     90    0.0
     91    0.8
     92    0.0
     93    0.0
     94    0.0
     95    0.0
     96    0.0
     97    0.0
     98    0.0
     99   20.1
    100    0.0
    101    0.0
    102    0.0
    103    0.0
    104    0.0
    105    0.0
    106    0.0
    107    0.0
    108    0.0
    109   12.4
    110    0.0
    111    0.0
    112    0.0
    113    0.6
    114    0.0
    115    0.0
    116    0.0
    117   12.8
    118    0.0
    119    0.0
    120    0.0
    121    0.5
    122   24.8
    123   27.1
    124   10.5
    125    0.0
    126    0.0
    127    0.6
    128    0.0
    129    0.0
    130    0.0
    131    0.0
    132    0.0
    133    0.0
    134    0.0
    135    0.0
    136    0.0
    137    0.0
    138    0.0
    139    0.0
    140    0.0
    141    0.0
    142    0.0
    143    0.4
    144    0.0
    145    0.0
    146    0.0
    147    0.0
    148    0.0
    149    5.3
    150    0.1
    151    0.0
    152    0.0
    153    0.0
    154    0.0
    155    0.0
    156    1.0
    157    0.0
    158    0.2
    159    0.0
    160    0.0
    161    0.0
    162    0.0
    163    0.0
    164    0.0
    165    0.0
    166    0.0
    167    0.0
    168    0.0
    169    0.6
    170    0.0
    171    0.0
    172    0.3
    173   44.0
    174   16.2
    175   21.0
    176    0.0
    177    0.0
    178    0.0
    179    T  
    180    3.0
    181    0.0
    182    3.2
    183   17.0
    184    3.7
    185   37.1
    186    0.7
    187    0.0
    188    0.0
    189    0.0
    190   24.1
    191   18.3
    192    0.0
    193    7.1
    194    0.0
    195    0.0
    196    0.0
    197    0.0
    198    0.0
    199    0.8
    200    0.0
    201    0.4
    202    0.0
    203    4.1
    204    0.0
    205    8.0
    206   40.4
    207   13.2
    208    0.8
    209    0.5
    210    0.2
    211    0.0
    212    2.0
    213   12.0
    214   16.1
    215   13.4
    216   11.0
    217    0.7
    218    0.1
    219    0.0
    220    0.0
    221    0.0
    222   40.2
    223  109.5
    224   45.3
    225  150.4
    226   28.0
    227    0.0
    228    0.0
    229    0.0
    230    0.0
    231    0.0
    232    0.9
    233    0.0
    234   12.0
    235    0.0
    236    0.0
    237    0.0
    238   21.0
    239   15.1
    240    0.0
    241   17.1
    242    0.6
    243    0.0
    244   42.0
    245   38.7
    246   60.4
    247    0.0
    248    0.0
    249    0.0
    250   10.2
    251   14.3
    252    0.0
    253    2.0
    254    T  
    255   19.5
    256    9.1
    257    0.0
    258    0.0
    259    0.0
    260    0.0
    261   14.0
    262    0.0
    263    0.0
    264    0.0
    265   27.1
    266    0.0
    267   10.0
    268    0.0
    269    0.0
    270    0.0
    271    0.0
    272    8.0
    273    0.0
    274    0.7
    275    0.0
    276    0.0
    277    0.0
    278    4.2
    279    0.0
    280    0.0
    281    0.0
    282    0.0
    283    0.0
    284    0.0
    285    0.0
    286    0.0
    287    0.0
    288    0.0
    289    0.0
    290    0.0
    291    0.0
    292   45.4
    293  111.5
    294    0.0
    295    0.0
    296    0.0
    297    0.0
    298    0.0
    299    0.0
    300    0.0
    301    0.0
    302    0.0
    303    0.0
    304    0.0
    305    0.0
    306    0.0
    307    0.0
    308    0.0
    309    0.0
    310    0.0
    311    0.0
    312    0.0
    313    0.0
    314    0.0
    315    0.0
    316    0.0
    317    0.0
    318    0.0
    319    0.0
    320    0.0
    321    0.0
    322    0.0
    323    0.0
    324    0.0
    325    0.0
    326    0.0
    327    0.0
    328    0.0
    329    0.0
    330    0.0
    331    0.0
    332    0.0
    333    0.0
    334    0.0
    335    0.0
    336    0.0
    337    0.0
    338    0.0
    339    0.0
    340    0.0
    341    0.0
    342    0.0
    343    0.0
    344    0.0
    345    0.0
    346    5.5
    347    0.0
    348    0.0
    349    0.0
    350    0.0
    351    0.0
    352    0.0
    353    0.0
    354    0.0
    355    0.0
    356    0.0
    357    0.0
    358    0.0
    359    0.0
    360    0.0
    361    0.0
    362    0.0
    363    0.0
    364    0.0
    365    0.0
