1982          Temperature for GORKHA                  
        Tmax  Tmin
     1  18.4   9.7 
     2  17.5   9.5 
     3  17.7   9.7 
     4  18.8  10.6 
     5  19.9  10.8 
     6  21.4  10.6 
     7  19.3  10.0 
     8  19.5   9.6 
     9  18.5  10.0 
    10  17.0  10.5 
    11  18.8   8.6 
    12  18.5   8.6 
    13  18.4   9.0 
    14  18.4   8.8 
    15  18.7   8.9 
    16  17.7   8.3 
    17  17.8   9.0 
    18  18.7   9.9 
    19  18.7   9.6 
    20  19.2  10.0 
    21  19.0  10.5 
    22  21.0  10.2 
    23  16.7  10.5 
    24  20.5  10.0 
    25  18.1  12.0 
    26  18.0  10.6 
    27  13.6   9.2 
    28  17.5   6.1 
    29  18.8   9.0 
    30  19.1  10.0 
    31  14.0  11.1 
    32  11.6   9.5 
    33  15.8   7.9 
    34  13.0   9.0 
    35  15.8   8.5 
    36  17.0   8.9 
    37  15.6   6.5 
    38  15.5   8.1 
    39  14.5   8.9 
    40  14.1   6.5 
    41  15.0   8.5 
    42  14.0   9.9 
    43  16.8   9.6 
    44  18.8   9.5 
    45  19.3  10.0 
    46  19.4   9.7 
    47  15.5  12.0 
    48  18.0   9.0 
    49  20.1   8.9 
    50  20.8  10.0 
    51  21.5  10.1 
    52  19.9  10.6 
    53  21.0  10.0 
    54  20.0  10.8 
    55  17.5   9.5 
    56  19.9  10.1 
    57  21.0  10.5 
    58  20.7  11.2 
    59  22.2  12.5 
    60  20.2  12.5 
    61  19.4  12.6 
    62  17.5   6.5 
    63  17.8   9.0 
    64  15.0  11.9 
    65  16.5  10.2 
    66  17.2   9.2 
    67  19.7   9.5 
    68  19.0  10.8 
    69  21.0  11.2 
    70  22.2  12.5 
    71  21.7  10.5 
    72  22.2  10.5 
    73  22.4  12.0 
    74  29.0  14.0 
    75  23.2  15.0 
    76  19.5  12.5 
    77  24.2  13.0 
    78  24.1  13.0 
    79  25.4  14.0 
    80  25.4  15.5 
    81  26.3  16.5 
    82  26.4  15.5 
    83  24.2  16.0 
    84  22.3  11.0 
    85  24.6  14.5 
    86  24.4  12.0 
    87  25.7  15.0 
    88  26.0  18.0 
    89  26.7  19.0 
    90  26.2  17.5 
    91  26.3  18.0 
    92  26.5  17.2 
    93  27.5  18.0 
    94  28.4  18.6 
    95  30.5  18.8 
    96  29.2  21.0 
    97  29.8  19.5 
    98  29.8  19.5 
    99  29.0  16.0 
   100  28.8  19.0 
   101  28.5  17.5 
   102  28.5  15.8 
   103  27.6  16.0 
   104  27.5  15.0 
   105  25.5  15.2 
   106  25.0  17.5 
   107  26.2  15.7 
   108  22.0  15.0 
   109  25.0  14.5 
   110  25.2  13.5 
   111  24.5  13.5 
   112  27.5  17.1 
   113  27.8  13.5 
   114  27.5  15.9 
   115  27.4  16.5 
   116  26.8  15.6 
   117  25.6  15.5 
   118  28.2  16.5 
   119  28.8  18.0 
   120  28.4  17.2 
   121  30.5  18.5 
   122  30.0  21.5 
   123  30.4  21.0 
   124  28.5  17.2 
   125  29.8  20.5 
   126  31.1  20.5 
   127  31.4  20.0 
   128  31.5  19.0 
   129  32.5  20.0 
   130  27.6  18.5 
   131  29.4  16.6 
   132  31.4  21.5 
   133  27.4  17.2 
   134  28.3  17.0 
   135  27.1  18.5 
   136  28.7  18.2 
   137  28.8  18.1 
   138  29.0  17.0 
   139  29.3  17.5 
   140  30.5  19.0 
   141  30.6  17.5 
   142  31.3  17.6 
   143  31.2  20.5 
   144  31.8  21.0 
   145  32.8  21.3 
   146  33.6  22.5 
   147  34.2  23.6 
   148  31.0  20.2 
   149  29.5  17.5 
   150  31.0  18.5 
   151  31.5  21.7 
   152  28.8  19.0 
   153  30.0  18.6 
   154  29.7  20.5 
   155  27.3  20.9 
   156  22.6  20.0 
   157  25.5  19.9 
   158  27.3  20.0 
   159  29.0  22.0 
   160  23.8  20.5 
   161  28.9  21.0 
   162  25.2  19.1 
   163  25.8  19.2 
   164  27.0  20.0 
   165  26.8  19.5 
   166  28.0  20.0 
   167  27.4  20.2 
   168  27.2  20.5 
   169  28.3  20.5 
   170  29.0  21.5 
   171  30.0  21.6 
   172  30.0  21.0 
   173  29.6  21.0 
   174  27.5  21.5 
   175  28.7  21.5 
   176  29.0  21.0 
   177  29.5  18.0 
   178  29.2  20.0 
   179  28.4  20.6 
   180  29.2  19.0 
   181  31.4  20.5 
   182  30.3  20.5 
   183  30.6  21.5 
   184  30.4  20.5 
   185  29.5  21.1 
   186  28.5  21.1 
   187  27.8  20.5 
   188  28.8  21.0 
   189  30.0  21.5 
   190  29.0  22.7 
   191  27.0  21.6 
   192  26.8  21.2 
   193  27.1  21.5 
   194  28.9  20.6 
   195  29.9  22.1 
   196  30.0  21.6 
   197  29.5  21.6 
   198  30.8  22.2 
   199  30.0  22.7 
   200  27.8  21.5 
   201  28.8  20.2 
   202  29.0  21.9 
   203  29.3  21.6 
   204  28.9  21.4 
   205  28.2  21.6 
   206  26.2  21.4 
   207  28.0  21.5 
   208  28.5  21.7 
   209  28.8  20.1 
   210  28.8  22.0 
   211  29.6  22.0 
   212  29.2  20.5 
   213  30.0  22.5 
   214  29.4  20.6 
   215  26.8  20.0 
   216  25.7  20.5 
   217  28.2  20.5 
   218  30.0  22.0 
   219  29.6  22.4 
   220  28.4   DNA 
   221  28.5  22.0 
   222  28.7  22.0 
   223  29.5  21.0 
   224  29.5  20.5 
   225  30.0  21.5 
   226  29.3  22.5 
   227  28.0  21.0 
   228  29.2  22.8 
   229  29.2  22.0 
   230  30.0  22.1 
   231  28.0  21.2 
   232  28.4  21.0 
   233  29.0  21.1 
   234  28.4  20.2 
   235  29.0  22.0 
   236  26.0  20.5 
   237  28.2  21.5 
   238  28.0  21.5 
   239  28.0  21.0 
   240  27.4  21.5 
   241  26.0  19.5 
   242  25.3  21.2 
   243  25.0   DNA 
   244  26.6  20.0 
   245  28.5  21.5 
   246  29.3  21.5 
   247  26.7  21.0 
   248  28.4  19.5 
   249  27.5  22.5 
   250  25.2  20.5 
   251  29.2  20.6 
   252  29.8  21.5 
   253  23.8  19.5 
   254  23.0  20.5 
   255  22.0  18.5 
   256  21.4  19.2 
   257  25.6  18.0 
   258  28.0  20.6 
   259  27.5  22.0 
   260  27.4  20.0 
   261  25.0  20.6 
   262  25.0  20.0 
   263  25.2  20.0 
   264  27.0  19.5 
   265  27.2  20.0 
   266  25.8  20.0 
   267  22.7  19.0 
   268  26.8  17.5 
   269  26.7  12.2 
   270  27.3  17.5 
   271  27.4  13.5 
   272  27.2  16.0 
   273  27.3  17.0 
   274  27.2  16.5 
   275  26.4  16.4 
   276  27.0  21.6 
   277  26.6  17.0 
   278  26.7  16.5 
   279  26.6  17.0 
   280  26.8  16.3 
   281  27.4  17.2 
   282  26.0  16.5 
   283  24.7  14.5 
   284  26.0  15.0 
   285  25.3  13.0 
   286  25.9  19.5 
   287  26.6  15.2 
   288  26.6  15.0 
   289  26.7  15.5 
   290  24.9  15.3 
   291  25.2  17.0 
   292  26.8  15.2 
   293  26.4  16.0 
   294  25.5  17.0 
   295  24.0  16.5 
   296  25.2  14.6 
   297  25.0  14.2 
   298  24.5  13.5 
   299  24.7  13.0 
   300  24.6  13.7 
   301  23.4  13.7 
   302  24.7  13.5 
   303  24.7  13.5 
   304  24.6   DNA 
   305  24.6  13.5 
   306  25.0  12.8 
   307  25.0  13.0 
   308  24.7  18.5 
   309  23.3  13.3 
   310  23.3  13.6 
   311  23.0  13.0 
   312  23.0  13.2 
   313  23.2  13.5 
   314  20.0  11.0 
   315  21.0  13.6 
   316  21.0  13.0 
   317  20.0  13.5 
   318  21.4  12.0 
   319  21.7  12.5 
   320  22.0  13.0 
   321  22.8  14.0 
   322  23.3  13.5 
   323  23.0  14.0 
   324  19.2  15.2 
   325  18.2  14.1 
   326  21.2  13.0 
   327  21.0  11.0 
   328  20.3  10.0 
   329  20.0  10.0 
   330  23.5   8.9 
   331  23.0   8.6 
   332  18.5  11.0 
   333  18.5   8.5 
   334  18.0   8.5 
   335  18.4   7.7 
   336  18.5   7.0 
   337  18.7   9.2 
   338  19.2   9.5 
   339  18.8  11.5 
   340  18.5  10.5 
   341  18.4   9.5 
   342  18.0   8.5 
   343  18.0   9.5 
   344  17.2   9.2 
   345  17.6  10.0 
   346  18.0  12.0 
   347  19.2  10.0 
   348  20.0  11.2 
   349  19.5  10.8 
   350  18.5  10.5 
   351  18.4   9.5 
   352  18.5  10.5 
   353  17.9  11.6 
   354  18.5  11.2 
   355  17.7  10.0 
   356  17.5   9.4 
   357  18.4   9.0 
   358  18.4   8.8 
   359  17.7   7.5 
   360  17.0   7.5 
   361  17.2   7.2 
   362  14.8  10.0 
   363  16.5   7.5 
   364  17.2   6.4 
   365  15.0   5.1 
