2003          Temperature for GORKHA                  
        Tmax  Tmin
     1  16.0   6.5 
     2  16.0   6.5 
     3  17.0   5.5 
     4  17.5   5.5 
     5  18.0   6.5 
     6  18.0   6.5 
     7  18.0   7.0 
     8  18.0   5.0 
     9  18.2   5.0 
    10  18.2   5.0 
    11  18.5   5.0 
    12  19.0   5.5 
    13  19.0   5.0 
    14  18.5   5.2 
    15  19.0   5.2 
    16  19.0   6.0 
    17  20.5   6.0 
    18  21.0   6.0 
    19  20.7   6.5 
    20  20.5   6.5 
    21  20.2   6.0 
    22  19.5   5.5 
    23  19.5   5.5 
    24  18.5   6.5 
    25  17.5   6.5 
    26  17.5   5.5 
    27  18.0   6.5 
    28  18.2   7.0 
    29  16.0  11.0 
    30  17.5   9.0 
    31  18.0   9.3 
    32  16.0   9.2 
    33  17.0   8.5 
    34  18.0   8.5 
    35  17.5   9.0 
    36  20.0   9.2 
    37  21.0   9.0 
    38  22.0   9.5 
    39  22.3   9.5 
    40  22.0   9.5 
    41  22.5   8.2 
    42  22.5   8.0 
    43  22.5   7.5 
    44  22.5   7.0 
    45  21.0   7.5 
    46  21.0   8.5 
    47  21.3  10.5 
    48  22.5  10.0 
    49  21.5   9.5 
    50  18.0   9.0 
    51  21.0  10.0 
    52  22.3   9.2 
    53  22.5   9.5 
    54  23.0  10.2 
    55  24.0  10.5 
    56  23.5   9.5 
    57  23.5  10.0 
    58  23.5  10.5 
    59  24.0  10.2 
    60  25.1  13.2 
    61  25.2  13.5 
    62  25.3  14.0 
    63  26.0  14.5 
    64  23.5  10.5 
    65  22.5   9.5 
    66  23.0  10.0 
    67  24.0  11.0 
    68  24.5  10.5 
    69  25.2  10.5 
    70  26.5  11.0 
    71  25.5  11.5 
    72  22.5   9.5 
    73  24.5  10.0 
    74  25.5  14.5 
    75  26.0  13.0 
    76  26.5  12.2 
    77  26.5  12.5 
    78  23.5  11.5 
    79  25.5  12.0 
    80  26.2  13.0 
    81  26.7  15.5 
    82  27.2  15.5 
    83  27.8  13.0 
    84  27.5  13.5 
    85  27.5  14.3 
    86  27.3  13.5 
    87  28.0  14.3 
    88  21.0  16.0 
    89  27.0  14.0 
    90  28.5  14.2 
    91  29.5  15.2 
    92  28.2  16.5 
    93  28.5  16.3 
    94  29.5  15.2 
    95  29.5  15.0 
    96  30.2  18.5 
    97  30.5  19.0 
    98  31.0  18.0 
    99  31.5   DNA 
   100  32.2   DNA 
   101  32.2   DNA 
   102  32.2   DNA 
   103  32.2   DNA 
   104  31.2   DNA 
   105  31.5   DNA 
   106  32.3   DNA 
   107  30.5   DNA 
   108  33.0   DNA 
   109  32.5   DNA 
   110  34.0   DNA 
   111  32.5   DNA 
   112  32.5   DNA 
   113  31.5   DNA 
   114  32.0   DNA 
   115  32.0   DNA 
   116  32.5   DNA 
   117  31.0   DNA 
   118  32.0   DNA 
   119  29.0   DNA 
   120  30.8   DNA 
   121  32.0   DNA 
   122  29.0   DNA 
   123  31.0   DNA 
   124  29.0   DNA 
   125  31.0   DNA 
   126  32.5   DNA 
   127  32.5   DNA 
   128  32.5   DNA 
   129  31.0   DNA 
   130  31.3   DNA 
   131  31.5   DNA 
   132  32.0   DNA 
   133  31.0   DNA 
   134  31.5   DNA 
   135  31.5   DNA 
   136  31.5   DNA 
   137  32.5   DNA 
   138  32.0   DNA 
   139  31.0   DNA 
   140  32.0   DNA 
   141  32.0   DNA 
   142  32.2   DNA 
   143  31.5   DNA 
   144  31.5   DNA 
   145  32.0   DNA 
   146  33.0   DNA 
   147  33.0   DNA 
   148  33.2   DNA 
   149  34.0   DNA 
   150  34.0   DNA 
   151  33.5   DNA 
   152  32.2  23.0 
   153  33.5  21.5 
   154  35.0  22.0 
   155  32.0  20.0 
   156  32.0  20.2 
   157  30.5  20.2 
   158  32.0  19.5 
   159  32.5  22.0 
   160  33.2  22.5 
   161  33.2  22.5 
   162  33.5  23.5 
   163  33.2  23.0 
   164  33.5  22.5 
   165  31.5  21.5 
   166  33.0  22.0 
   167  33.0  22.5 
   168  34.0  21.5 
   169  34.2  22.5 
   170  35.0  22.3 
   171  34.0  23.5 
   172  34.2  22.0 
   173  33.5  23.3 
   174  31.5  22.2 
   175  29.0  22.0 
   176  32.0  22.0 
   177  32.0  23.5 
   178  31.2  22.5 
   179  29.5  22.0 
   180  30.0  22.5 
   181  31.0  23.0 
   182  32.0  22.5 
   183  32.5  24.0 
   184  32.5  23.5 
   185  29.3  22.5 
   186  30.5  22.5 
   187  31.5  22.5 
   188  32.0  23.0 
   189  25.5  22.5 
   190  25.0  22.0 
   191  26.0  21.5 
   192  31.5  22.5 
   193  30.5  23.0 
   194  31.0  23.5 
   195  30.5  23.0 
   196  31.0  22.5 
   197  31.5  22.5 
   198  31.5  23.5 
   199  32.0  23.5 
   200  28.0  22.0 
   201  30.0  22.5 
   202  31.5  23.5 
   203  32.5  23.2 
   204  33.0  24.5 
   205  33.5  22.5 
   206  33.5  23.5 
   207  33.5  23.5 
   208  33.2  24.0 
   209  33.5  24.5 
   210  32.0  24.0 
   211  27.5  24.0 
   212  28.5  22.0 
   213  30.5  23.0 
   214  30.0  22.5 
   215  31.0  22.5 
   216  33.0  23.0 
   217  33.0  23.0 
   218  33.0  23.2 
   219  34.0  23.0 
   220  32.5  22.5 
   221  32.5  23.5 
   222  32.0  23.5 
   223  32.5  23.5 
   224  30.5  24.3 
   225  32.0  23.5 
   226  32.5  24.5 
   227  32.5  24.5 
   228  33.0  23.5 
   229  31.5  24.5 
   230  24.0  20.0 
   231  25.0  22.0 
   232  25.2  23.0 
   233  31.5  22.5 
   234  33.2  23.5 
   235  32.0  24.0 
   236  32.0  23.5 
   237  32.5  24.0 
   238  32.5  23.5 
   239  32.5  23.3 
   240  31.5  23.0 
   241  31.5  23.5 
   242  31.5  22.5 
   243  31.5  23.5 
   244  29.5  23.0 
   245  30.5  22.0 
   246  30.5  23.0 
   247  31.2  22.5 
   248  31.0  21.5 
   249  30.0  22.0 
   250  31.5  22.0 
   251  29.5  23.0 
   252  30.0  23.0 
   253  31.5  23.5 
   254  32.0  23.0 
   255  31.5  22.0 
   256  30.0  23.3 
   257  31.0  21.5 
   258  30.5  22.0 
   259  31.0  22.0 
   260  31.2  22.5 
   261  29.5  22.5 
   262  29.5  22.5 
   263  30.5  22.5 
   264  30.0  22.5 
   265  29.5  23.0 
   266  26.5  22.5 
   267  24.0  20.0 
   268  27.0  20.5 
   269  30.0  20.5 
   270  30.0  20.5 
   271  30.0  20.2 
   272  29.0  21.5 
   273  28.5  20.5 
   274  30.0  22.0 
   275  30.0  22.0 
   276  30.0  22.0 
   277  29.5  21.5 
   278  29.0  20.0 
   279  29.0  19.0 
   280  29.0  19.5 
   281  29.0  19.0 
   282  29.0  20.5 
   283  29.0  18.0 
   284  29.0  18.5 
   285  28.5  18.5 
   286  28.5  18.0 
   287  28.5  17.5 
   288  28.5  18.0 
   289  28.5  18.0 
   290  28.5  17.5 
   291  28.5  17.5 
   292  28.5  17.5 
   293  28.3  17.5 
   294  27.5  15.5 
   295  27.2  15.5 
   296  27.0  13.5 
   297  26.0  15.0 
   298  26.0  16.0 
   299  25.0  16.5 
   300  27.2  16.0 
   301  27.5  16.5 
   302  27.5  17.0 
   303  27.5  16.0 
   304  27.0  16.0 
   305  27.0  16.0 
   306  25.5  15.5 
   307  25.5  14.5 
   308  25.0  14.5 
   309  25.0  14.5 
   310  25.0  15.0 
   311  24.0  13.5 
   312  25.0  14.0 
   313  25.0  14.0 
   314  24.5  14.0 
   315  24.5  13.5 
   316  24.0  14.0 
   317  23.5  12.0 
   318  23.5  12.0 
   319  24.0  13.5 
   320  24.0  13.5 
   321  24.0  12.0 
   322  23.3  12.0 
   323  23.0  11.0 
   324  23.0  11.0 
   325  22.5  10.5 
   326  24.0  12.5 
   327  25.0  11.5 
   328  23.0  11.5 
   329  22.5  11.0 
   330  23.5  11.5 
   331  22.5  12.0 
   332  22.5  11.0 
   333  22.2  10.5 
   334  22.2   9.5 
   335  21.0   9.5 
   336  20.5   9.0 
   337  20.0   9.5 
   338  21.0  10.0 
   339  20.0   9.0 
   340  19.0   9.0 
   341  18.5  10.0 
   342  20.0  10.5 
   343  20.0  10.0 
   344  21.5  11.0 
   345  21.0  10.0 
   346  21.0   9.0 
   347  21.0   8.5 
   348  19.0   8.0 
   349  19.0   8.0 
   350  19.0   9.0 
   351  19.5   9.5 
   352  20.0   9.5 
   353  20.0   8.0 
   354  20.0   7.5 
   355  19.0   8.0 
   356  20.0   7.5 
   357  20.0   8.5 
   358  20.0   8.0 
   359  19.5   7.0 
   360  19.5   7.0 
   361  15.0   6.5 
   362  14.5   4.5 
   363  14.0   5.5 
   364  14.0   5.5 
   365  12.5   6.0 
