1973          Temperature for GORKHA                  
        Tmax  Tmin
     1  18.7   5.9 
     2  20.2   6.0 
     3  18.2   5.3 
     4  17.5   7.5 
     5  17.1   7.8 
     6  18.7   7.0 
     7  18.7   7.5 
     8  16.0   8.5 
     9  21.1   8.3 
    10  20.6   7.5 
    11  20.0   7.3 
    12  18.2   9.1 
    13  20.6   8.2 
    14  20.0   5.8 
    15  18.0   5.5 
    16  17.1   4.9 
    17  15.8   5.9 
    18  17.3   5.9 
    19  14.5   4.9 
    20  16.4   6.4 
    21  19.9   7.2 
    22  15.9   7.3 
    23  18.2   5.7 
    24  16.7   5.2 
    25  17.2   5.7 
    26  16.5   5.7 
    27  19.4   7.3 
    28  18.1   5.4 
    29  16.3   4.3 
    30  13.8   4.7 
    31  18.2   6.9 
    32  18.9   6.0 
    33  19.2   5.9 
    34  19.7   6.2 
    35  19.3   7.6 
    36  21.1   7.4 
    37  19.4   5.6 
    38  19.5   7.2 
    39  20.1  10.0 
    40  21.8   8.1 
    41  20.5   7.9 
    42  21.5   8.5 
    43  21.7   9.4 
    44  21.9   9.3 
    45  21.9  10.0 
    46  21.4   9.3 
    47  23.2   9.7 
    48  24.0   9.9 
    49  24.2   8.4 
    50  23.1   9.2 
    51  23.2   9.9 
    52  23.3   8.4 
    53  23.0   9.7 
    54  23.7  11.7 
    55  23.4  10.3 
    56  23.1  10.8 
    57  23.5  12.5 
    58  20.3   8.6 
    59  15.5   5.9 
    60  19.4   7.9 
    61  20.3   7.9 
    62  22.2   8.9 
    63  22.9   8.6 
    64  22.6   7.8 
    65  22.4   8.3 
    66  14.2   5.9 
    67  11.7   5.2 
    68  18.6   8.4 
    69  22.7  10.5 
    70  24.0  12.0 
    71  26.4   9.6 
    72  24.4   9.8 
    73  24.8   9.9 
    74  26.0  10.3 
    75  25.8  10.3 
    76  25.8  11.5 
    77  26.6  12.0 
    78  26.9  13.0 
    79  27.6  13.0 
    80  27.5  12.6 
    81  27.5  11.5 
    82  27.1  12.4 
    83  28.1  14.1 
    84  28.5  15.1 
    85  29.7  15.3 
    86  30.8  15.9 
    87  30.1  16.3 
    88  30.5  18.0 
    89  31.1  17.3 
    90  31.6  17.5 
    91  32.8  17.9 
    92  32.7  17.0 
    93  32.4  14.5 
    94  29.3  17.2 
    95  30.1  16.5 
    96  31.0  17.8 
    97  32.8  17.2 
    98  33.0  18.3 
    99  32.2  17.0 
   100  30.9  16.2 
   101  31.8  18.2 
   102  31.0  18.5 
   103  31.3  18.8 
   104  32.9  18.0 
   105  32.0  17.8 
   106  34.7  18.6 
   107  33.8  18.5 
   108  32.1  16.0 
   109  31.6  18.9 
   110  31.6  17.6 
   111  31.2  18.7 
   112  31.9  18.6 
   113  31.6  14.5 
   114  29.0  16.3 
   115  30.0  16.3 
   116  28.9  18.6 
   117  30.9  19.6 
   118  29.7  12.7 
   119  28.8  16.8 
   120  30.7  18.2 
   121  28.9  13.9 
   122  27.8  15.6 
   123  26.9  16.2 
   124  30.0  14.5 
   125  30.0  16.7 
   126  27.0  16.5 
   127  30.0  19.7 
   128  29.7  16.9 
   129  26.6  15.8 
   130  29.1  16.6 
   131  30.5  17.1 
   132  25.2  13.3 
   133  28.0  15.0 
   134  28.3  16.6 
   135  27.2  16.4 
   136  28.6  14.1 
   137  28.3  13.7 
   138  28.5  16.3 
   139  27.2  14.1 
   140  28.1  15.3 
   141  28.1  17.1 
   142  29.7  16.1 
   143  26.7  15.9 
   144  28.2  16.5 
   145  28.7  17.4 
   146  27.3  14.6 
   147  27.9  16.1 
   148  26.7  16.4 
   149  26.7  16.2 
   150  28.9  16.7 
   151  23.7  15.1 
   152  28.9  17.2 
   153  29.6  18.3 
   154  29.5  17.5 
   155  29.9  18.9 
   156  31.0  17.7 
   157  28.1  19.1 
   158  29.5  18.8 
   159  29.1  16.0 
   160  27.1  17.0 
   161  29.2  18.6 
   162  29.5  19.5 
   163  30.1  18.0 
   164  28.5  18.2 
   165  28.1  18.1 
   166  28.3  19.0 
   167  24.8  18.5 
   168  25.5  18.4 
   169  23.3  17.1 
   170  25.2  17.1 
   171  24.1  16.8 
   172  25.1  17.9 
   173  26.2  17.9 
   174  28.0  17.8 
   175  28.1  19.1 
   176  27.6  18.8 
   177  28.1  19.8 
   178  28.0  17.3 
   179  25.3  17.5 
   180  23.3  17.9 
   181  24.6  17.5 
   182  27.9  19.1 
   183  29.0  19.7 
   184  29.5  17.2 
   185  29.9  20.0 
   186  27.9  16.7 
   187  28.2  18.9 
   188  30.4  19.2 
   189  29.3  19.6 
   190  30.7  18.3 
   191  29.3  19.8 
   192  30.1  19.3 
   193  29.6  18.3 
   194  29.1  18.9 
   195  28.3  18.4 
   196  29.4  17.3 
   197  27.7  18.7 
   198  28.3  18.6 
   199  30.1  16.2 
   200  29.2  18.1 
   201  29.6  19.9 
   202  27.1  19.3 
   203  29.1  19.2 
   204  29.1  19.2 
   205  28.7  17.5 
   206  24.7  17.8 
   207  25.3  18.1 
   208  26.1  17.8 
   209  27.2  18.1 
   210  27.1  18.5 
   211  28.8  18.5 
   212  27.7  18.7 
   213  26.7  18.4 
   214  26.4  18.3 
   215  28.1  18.5 
   216  26.7  17.7 
   217  26.8  17.5 
   218  24.8  17.5 
   219  28.2  17.7 
   220  27.6  18.2 
   221  28.2  16.6 
   222  27.5  17.2 
   223  26.7  16.1 
   224  22.0  16.6 
   225  27.8  17.4 
   226  27.2  17.0 
   227  28.1  17.7 
   228  28.0  18.7 
   229  29.2  18.8 
   230  28.3  17.9 
   231  27.2  18.5 
   232  29.1  19.2 
   233  29.7  18.9 
   234  29.2  17.8 
   235  29.0  18.7 
   236  30.6  20.3 
   237  31.1  17.7 
   238  29.1  17.1 
   239  26.9  19.1 
   240  29.3  17.9 
   241  27.0  17.3 
   242  28.3  17.9 
   243  28.6  16.7 
   244  28.6  16.2 
   245  28.1  16.3 
   246  26.5  17.7 
   247  28.2  17.7 
   248  28.8  18.5 
   249  28.3  17.6 
   250  27.7  17.8 
   251  28.8  18.5 
   252  27.9  18.3 
   253  29.1  18.0 
   254  28.2  18.3 
   255  27.1  16.9 
   256  22.1  16.2 
   257  23.1  16.8 
   258  27.2  16.7 
   259  26.1  16.7 
   260  23.1  16.5 
   261  24.1  16.5 
   262  25.3  17.3 
   263  28.8  17.8 
   264  28.6  18.5 
   265  29.6  14.5 
   266  28.1  17.2 
   267  27.5  15.5 
   268  22.2  16.2 
   269  21.1  14.4 
   270  20.1  13.4 
   271  24.2  15.8 
   272  27.1  17.3 
   273  27.6  17.2 
   274  27.6  14.9 
   275  20.7  15.5 
   276  21.3  15.1 
   277  20.7  14.0 
   278  22.7  15.3 
   279  26.2  16.2 
   280  27.3  16.7 
   281  27.2  13.6 
   282  19.1  13.3 
   283  23.5  13.2 
   284  26.5  14.2 
   285  26.3  15.1 
   286  20.6  13.6 
   287  22.1  15.2 
   288  25.8  14.8 
   289  25.7  15.6 
   290  25.3  14.8 
   291  25.7  13.8 
   292  25.6  14.4 
   293  26.0  13.1 
   294  25.7  13.0 
   295  25.1  12.3 
   296  24.6  12.5 
   297  24.3  11.4 
   298  23.9  11.7 
   299  24.1  12.8 
   300  24.6  14.5 
   301  24.9  13.6 
   302  25.3  11.5 
   303  24.1  12.5 
   304  24.3  12.8 
   305  24.6  13.0 
   306  25.1  11.9 
   307  19.5   8.0 
   308  20.1   9.5 
   309  20.5   9.3 
   310  21.6   9.0 
   311  22.9   8.9 
   312  22.8   8.8 
   313  22.8   9.4 
   314  23.2  10.4 
   315  23.2  11.2 
   316  23.3  10.3 
   317  23.3  10.6 
   318  23.6  10.5 
   319  23.4  10.4 
   320  23.6   9.8 
   321  23.0   9.4 
   322  21.9   9.6 
   323  23.0  10.7 
   324  22.3   9.7 
   325  22.2  11.1 
   326  22.7  10.5 
   327  22.8  10.2 
   328  23.1   9.6 
   329  22.1   9.0 
   330  21.4   8.7 
   331  21.6   8.8 
   332  21.6   8.7 
   333  21.0   8.3 
   334  20.6   8.4 
   335  21.2   8.2 
   336  18.1   7.1 
   337  19.7   8.5 
   338  16.4   6.8 
   339  19.1   6.6 
   340  19.2   7.2 
   341  19.5   6.5 
   342  19.0   9.0 
   343  19.1   7.3 
   344  21.4   7.2 
   345  19.8   6.9 
   346  19.2   7.0 
   347  19.1   7.6 
   348  19.1   6.6 
   349  19.1   7.0 
   350  18.8   7.0 
   351  19.1   9.5 
   352  18.9   6.2 
   353  18.5   5.7 
   354  17.7   6.5 
   355  18.3   6.2 
   356  18.5   5.5 
   357  18.1   5.7 
   358  18.8   5.2 
   359  19.7   4.7 
   360  18.1   5.3 
   361  18.1   5.4 
   362  18.1   4.7 
   363  15.3   4.8 
   364  18.8   5.7 
   365  18.7   5.7 
