      1    0.0
      2    0.0
      3    0.0
      4    0.0
      5    0.0
      6    0.0
      7    0.0
      8    0.0
      9    0.0
     10    0.0
     11    0.0
     12    0.0
     13    0.0
     14    0.0
     15    0.0
     16    0.0
     17    0.0
     18    0.0
     19    0.0
     20    0.0
     21    0.0
     22    0.0
     23    0.0
     24    0.0
     25    0.0
     26    0.0
     27    0.0
     28    0.0
     29    0.0
     30    0.0
     31    0.0
     32    0.0
     33   11.1
     34    0.0
     35    5.2
     36    0.0
     37    0.0
     38    0.0
     39    0.0
     40    0.0
     41    0.0
     42    0.0
     43    0.0
     44    0.0
     45    0.0
     46    5.2
     47    T  
     48    3.1
     49    T  
     50    0.0
     51    0.0
     52    0.0
     53    0.0
     54    0.0
     55    0.0
     56    0.0
     57    0.0
     58    0.0
     59    1.2
     60    0.0
     61   15.5
     62    T  
     63    0.3
     64    T  
     65    8.5
     66    5.4
     67    1.8
     68    0.0
     69    0.0
     70    0.0
     71    0.0
     72    0.0
     73    0.0
     74    0.0
     75    0.0
     76    0.0
     77    0.0
     78    0.0
     79    0.0
     80    0.0
     81    0.0
     82    0.0
     83    0.0
     84    0.0
     85    0.0
     86    3.4
     87    0.0
     88    0.0
     89   10.0
     90    0.0
     91    0.0
     92    0.0
     93    1.2
     94    8.0
     95    0.0
     96    0.0
     97    0.0
     98    0.0
     99    0.3
    100    0.0
    101    3.1
    102    T  
    103    0.0
    104    0.0
    105    0.0
    106    0.8
    107    T  
    108    0.0
    109    0.0
    110    0.0
    111    0.0
    112    0.0
    113    0.0
    114    0.0
    115    0.0
    116    0.0
    117    0.0
    118    0.0
    119    0.0
    120    0.0
    121    0.0
    122   13.0
    123    2.8
    124    1.3
    125    0.0
    126    0.0
    127    2.5
    128    0.7
    129    0.0
    130    0.0
    131    3.1
    132    0.0
    133    T  
    134    0.0
    135    0.0
    136    0.0
    137    0.0
    138    0.0
    139    0.0
    140    0.0
    141    0.0
    142    0.0
    143    0.0
    144    0.0
    145    0.0
    146    1.4
    147    0.3
    148    T  
    149    0.0
    150    0.0
    151    0.6
    152    0.0
    153    2.5
    154   15.7
    155    7.0
    156    1.8
    157    0.0
    158   12.0
    159   32.6
    160   81.7
    161    6.5
    162    1.5
    163   18.2
    164    1.2
    165    0.0
    166    T  
    167    4.2
    168    2.4
    169    0.0
    170    2.5
    171   16.3
    172   30.2
    173   33.8
    174    0.0
    175   12.1
    176   36.1
    177   58.0
    178   29.4
    179    2.1
    180    0.0
    181    T  
    182   38.5
    183   33.1
    184    5.5
    185   26.0
    186   15.1
    187   96.3
    188    5.0
    189   42.1
    190   26.2
    191   61.3
    192   28.0
    193    2.3
    194   10.3
    195   13.2
    196    2.1
    197   33.1
    198   31.1
    199    2.1
    200   12.1
    201   25.6
    202   24.1
    203    2.3
    204   37.5
    205   31.0
    206    2.6
    207   27.3
    208    7.2
    209   26.1
    210   24.2
    211   38.0
    212   26.2
    213   21.7
    214   35.2
    215   18.3
    216    4.1
    217   22.1
    218   20.5
    219   48.3
    220   12.7
    221   15.9
    222   15.5
    223   11.4
    224   12.5
    225    6.1
    226   22.2
    227   19.1
    228    2.1
    229    3.1
    230    0.0
    231    0.0
    232   13.6
    233   29.2
    234   18.0
    235    8.5
    236   11.7
    237   22.5
    238   19.3
    239    8.3
    240   16.4
    241   20.2
    242    3.2
    243   49.1
    244   36.3
    245   25.7
    246    7.1
    247   16.5
    248   48.2
    249    0.0
    250    0.0
    251    5.6
    252   20.1
    253   11.2
    254   15.5
    255   38.2
    256    1.0
    257    0.0
    258    5.5
    259    T  
    260   10.0
    261    3.5
    262   28.0
    263    5.0
    264   16.4
    265   46.1
    266    0.0
    267    5.5
    268    4.6
    269    2.2
    270    5.2
    271    1.3
    272    2.5
    273    0.0
    274    0.0
    275    2.8
    276   10.5
    277    0.0
    278    5.2
    279    0.0
    280    0.0
    281    T  
    282    1.2
    283    0.0
    284    0.0
    285    0.0
    286    2.1
    287    T  
    288    0.0
    289    0.0
    290    1.8
    291    0.0
    292    0.0
    293    0.0
    294    0.0
    295    0.0
    296    0.0
    297    2.0
    298    T  
    299    0.0
    300    0.0
    301    0.0
    302    0.0
    303    0.0
    304    0.0
    305    0.0
    306    1.7
    307    0.0
    308    0.0
    309    0.0
    310    0.0
    311    0.0
    312    0.0
    313    0.0
    314    0.0
    315    0.0
    316    0.0
    317    0.0
    318    0.0
    319    0.0
    320    0.0
    321    0.0
    322    0.0
    323    0.0
    324    0.0
    325    0.0
    326    0.0
    327    0.0
    328    0.0
    329    0.0
    330    0.0
    331    0.0
    332    0.0
    333    0.0
    334    0.0
    335    0.0
    336    0.0
    337    0.0
    338    0.0
    339    0.0
    340    0.0
    341    0.0
    342    0.0
    343    0.0
    344    0.0
    345    0.0
    346    0.0
    347    0.0
    348    0.0
    349    0.0
    350    0.0
    351    0.0
    352    0.0
    353    0.0
    354    0.0
    355    0.0
    356    0.0
    357    0.0
    358    0.0
    359    2.2
    360    0.0
    361    0.0
    362    0.0
    363    0.0
    364    0.0
    365    0.0
    366    0.0
