      1    0.0
      2    0.0
      3    0.0
      4    0.0
      5    0.0
      6    0.0
      7    0.0
      8    0.0
      9    0.0
     10    9.8
     11    0.0
     12    0.0
     13    0.0
     14    0.0
     15    0.0
     16    0.0
     17    0.0
     18    0.0
     19    0.0
     20    0.0
     21    0.0
     22    0.0
     23    0.0
     24    0.0
     25    0.0
     26    0.0
     27    0.0
     28    0.0
     29    0.0
     30    0.0
     31    0.0
     32    0.0
     33    0.0
     34    0.0
     35    0.0
     36    0.0
     37    0.0
     38    0.0
     39    0.0
     40    T  
     41    0.0
     42    2.4
     43    0.0
     44    0.0
     45    0.0
     46    0.0
     47    0.0
     48    0.0
     49    0.0
     50    0.0
     51    0.0
     52    T  
     53    4.2
     54    0.0
     55    0.0
     56   10.2
     57    0.0
     58    0.0
     59    0.0
     60    0.0
     61    0.0
     62    0.0
     63    0.0
     64    0.0
     65    0.0
     66    0.0
     67    0.0
     68    0.0
     69    0.0
     70    0.0
     71    8.3
     72   14.0
     73    0.0
     74    0.0
     75    0.0
     76    0.0
     77    0.0
     78    0.0
     79   19.6
     80    0.0
     81    0.0
     82    0.0
     83    0.0
     84    0.0
     85    0.0
     86    0.0
     87    0.0
     88    0.0
     89    0.0
     90    0.0
     91    0.0
     92    0.0
     93    0.0
     94    0.0
     95    0.0
     96    0.0
     97    0.0
     98    0.0
     99    0.0
    100    0.0
    101    2.2
    102    0.0
    103    0.0
    104    0.0
    105    0.0
    106    0.0
    107    0.0
    108    0.0
    109    0.0
    110    0.0
    111    3.0
    112    0.0
    113    5.0
    114    0.0
    115   10.2
    116    0.0
    117    0.0
    118    0.0
    119    0.0
    120    0.0
    121    0.0
    122    0.0
    123    0.0
    124    0.0
    125   16.8
    126    6.0
    127    0.0
    128    0.0
    129    0.0
    130    0.0
    131    0.0
    132    0.0
    133    0.0
    134    0.0
    135    0.0
    136   14.6
    137    0.0
    138    2.2
    139    0.0
    140    0.0
    141    4.8
    142    0.0
    143    0.0
    144    0.0
    145    0.0
    146    0.0
    147    0.0
    148    0.0
    149    0.0
    150    0.0
    151    0.0
    152    0.0
    153    0.0
    154    0.0
    155    0.0
    156    0.0
    157    0.0
    158   10.2
    159    4.6
    160    0.0
    161    8.1
    162    0.0
    163    0.4
    164    0.0
    165   10.2
    166   10.3
    167    0.7
    168    0.0
    169    0.0
    170    4.6
    171    4.7
    172   12.2
    173   14.8
    174   22.4
    175   14.2
    176   16.3
    177    6.2
    178   22.2
    179   36.1
    180    0.0
    181    0.0
    182    0.0
    183   10.3
    184   68.9
    185   13.4
    186   14.3
    187   35.5
    188    6.5
    189   18.6
    190    4.8
    191    9.5
    192   22.3
    193   11.6
    194   28.2
    195   38.7
    196   28.1
    197   12.2
    198    0.0
    199   22.2
    200   38.9
    201    4.0
    202    2.7
    203   68.4
    204   39.9
    205   16.4
    206   12.3
    207   36.6
    208   42.5
    209   18.2
    210   35.5
    211   12.2
    212   31.1
    213   16.1
    214   28.7
    215   36.4
    216    0.8
    217    8.1
    218    4.3
    219   12.4
    220   71.1
    221   18.6
    222   12.3
    223   22.5
    224   16.8
    225   36.0
    226   10.8
    227   10.4
    228   57.1
    229   42.9
    230   14.3
    231   13.3
    232   22.4
    233    6.9
    234   17.4
    235   14.6
    236    8.8
    237   26.3
    238    6.7
    239   12.2
    240    6.4
    241    4.0
    242    8.4
    243   24.0
    244   18.3
    245   28.0
    246   12.9
    247    0.0
    248    6.9
    249    0.0
    250   14.4
    251    6.3
    252   10.3
    253    0.0
    254    0.0
    255    0.9
    256    0.0
    257    0.0
    258   10.2
    259    0.0
    260    8.0
    261   13.0
    262   23.0
    263    6.0
    264    0.0
    265   18.0
    266   16.7
    267    2.7
    268    2.6
    269    0.0
    270    0.0
    271    0.0
    272    0.0
    273    0.0
    274    0.0
    275    0.0
    276    0.0
    277    0.0
    278    0.0
    279    0.0
    280    0.0
    281    0.0
    282    0.0
    283    0.0
    284    0.0
    285    0.0
    286    0.0
    287    0.0
    288    0.0
    289    0.0
    290    0.0
    291    0.0
    292    0.0
    293    0.0
    294    0.0
    295    0.0
    296    0.0
    297    0.0
    298    0.0
    299    0.0
    300    0.0
    301    0.0
    302    0.0
    303    0.0
    304    0.0
    305    0.0
    306    0.0
    307    0.0
    308    0.0
    309    2.0
    310    4.0
    311    0.0
    312    0.0
    313    0.0
    314    0.0
    315    0.0
    316    0.0
    317    0.0
    318    0.0
    319    0.0
    320    0.0
    321    0.0
    322    0.0
    323    0.0
    324    0.0
    325    0.0
    326    0.0
    327    0.0
    328    0.0
    329    0.0
    330    0.0
    331    0.0
    332    0.0
    333    0.0
    334    0.0
    335    0.0
    336    0.0
    337    0.0
    338    0.0
    339    0.0
    340    0.0
    341    0.0
    342    0.0
    343    0.0
    344    0.0
    345    0.0
    346    0.0
    347    0.0
    348    0.0
    349    0.0
    350    0.0
    351    0.0
    352   20.4
    353    0.0
    354    0.0
    355    0.0
    356    0.0
    357    0.0
    358    0.0
    359    0.0
    360    0.0
    361   15.2
    362   35.3
    363    0.0
    364    0.0
    365    0.0
    366    0.0
