      1    0.0
      2    0.0
      3    0.0
      4    0.0
      5    0.0
      6    0.0
      7    0.0
      8    0.0
      9   13.5
     10    0.0
     11    0.0
     12    0.0
     13    0.0
     14    0.0
     15    0.0
     16    0.0
     17    0.0
     18    0.0
     19    0.0
     20    0.0
     21    0.0
     22    0.0
     23    0.0
     24    0.0
     25    0.0
     26    0.0
     27    0.0
     28    0.0
     29    0.0
     30    0.0
     31    0.0
     32    0.0
     33    0.0
     34    0.0
     35    0.0
     36    0.0
     37    0.0
     38    0.0
     39    0.0
     40    0.0
     41    0.0
     42    0.0
     43    0.0
     44    0.0
     45    0.0
     46    0.0
     47    0.0
     48    0.0
     49    0.0
     50    6.0
     51    5.5
     52    0.0
     53    0.0
     54    0.0
     55    0.0
     56    0.0
     57    0.0
     58    0.0
     59    0.0
     60    0.0
     61    0.0
     62    0.0
     63    0.0
     64    0.0
     65    0.0
     66    0.0
     67    0.0
     68    0.0
     69    0.0
     70    0.0
     71    1.5
     72    0.0
     73    4.0
     74    0.0
     75    0.0
     76    0.0
     77    0.0
     78    0.0
     79    0.0
     80    0.0
     81    0.0
     82    0.0
     83    0.0
     84    0.0
     85    0.0
     86    0.0
     87    0.0
     88    0.0
     89    2.0
     90    0.0
     91    0.0
     92    0.0
     93    0.0
     94    0.0
     95    0.0
     96    0.0
     97    0.0
     98    0.0
     99    0.0
    100    0.0
    101    0.0
    102    0.0
    103    0.0
    104    0.0
    105    0.0
    106    0.0
    107    0.0
    108    0.0
    109    0.0
    110    0.0
    111    0.0
    112    0.0
    113    0.0
    114    0.0
    115    0.0
    116    0.0
    117    0.0
    118    0.0
    119    0.0
    120    0.0
    121    0.0
    122    0.0
    123    0.0
    124    0.0
    125    0.0
    126    0.0
    127    0.0
    128    0.0
    129    0.0
    130    0.0
    131    0.0
    132    0.0
    133   18.0
    134   20.5
    135    0.0
    136    3.5
    137    0.0
    138    0.0
    139    9.0
    140   63.0
    141    0.0
    142    0.0
    143    0.0
    144    0.0
    145    8.5
    146   25.5
    147   25.0
    148   27.5
    149    6.5
    150    0.0
    151    0.0
    152   17.0
    153    0.0
    154   26.0
    155    6.5
    156    0.0
    157    0.0
    158   14.5
    159    0.0
    160    0.0
    161    0.0
    162   17.5
    163    0.0
    164   26.5
    165   26.0
    166    0.0
    167    0.0
    168   41.2
    169   64.3
    170    0.0
    171   25.3
    172    0.0
    173    0.0
    174    0.0
    175    0.0
    176    1.0
    177    2.0
    178    5.0
    179    0.0
    180    8.5
    181    6.0
    182   11.5
    183   31.0
    184   55.0
    185    6.5
    186   16.5
    187  129.3
    188    7.0
    189  106.5
    190   17.0
    191   32.5
    192   10.0
    193   19.0
    194   10.0
    195   60.0
    196   11.5
    197   15.5
    198    2.5
    199    9.0
    200   40.5
    201    0.0
    202    0.0
    203    9.0
    204    0.0
    205    0.0
    206    0.0
    207   17.0
    208    6.0
    209    7.5
    210   69.0
    211   73.5
    212   11.3
    213   14.5
    214    6.5
    215    0.0
    216   15.0
    217    2.5
    218   20.0
    219    1.0
    220   25.0
    221    6.4
    222    2.2
    223    0.0
    224   16.4
    225    2.0
    226   10.5
    227    7.0
    228    5.5
    229   16.0
    230    2.5
    231    1.5
    232    0.0
    233   67.2
    234   30.0
    235    3.0
    236   27.0
    237   40.0
    238   46.5
    239    0.0
    240   31.5
    241    5.5
    242   15.3
    243    6.5
    244   19.6
    245    1.5
    246    0.0
    247    0.0
    248   90.4
    249  125.4
    250   67.4
    251   73.9
    252    0.0
    253    4.0
    254    5.4
    255   17.0
    256   16.0
    257    3.7
    258    0.0
    259    0.0
    260   11.5
    261   50.5
    262   10.5
    263   22.0
    264   75.0
    265    9.0
    266   20.0
    267   32.0
    268    5.5
    269    0.0
    270    1.5
    271   10.5
    272   15.0
    273   30.0
    274    5.5
    275    1.0
    276    2.5
    277    0.0
    278    5.5
    279    0.0
    280    3.5
    281    0.0
    282    1.0
    283   10.0
    284    4.5
    285   15.5
    286    8.0
    287    1.0
    288    0.0
    289    0.0
    290    0.0
    291    0.0
    292    4.5
    293    0.0
    294    0.0
    295    0.0
    296    0.0
    297    0.0
    298    0.0
    299    0.0
    300    0.0
    301    0.0
    302    0.0
    303    0.0
    304    0.0
    305    0.0
    306    0.0
    307    0.0
    308    0.0
    309    0.0
    310    0.0
    311    0.0
    312    0.0
    313    0.0
    314    0.0
    315    0.0
    316    0.0
    317    0.0
    318    0.0
    319    0.0
    320    0.0
    321    0.0
    322    0.0
    323    0.0
    324    0.0
    325    0.0
    326    0.0
    327    T  
    328    0.0
    329    0.0
    330    0.0
    331    0.0
    332    0.0
    333    0.0
    334    0.0
    335    0.0
    336    0.0
    337    0.0
    338    0.0
    339    0.0
    340    0.0
    341    0.0
    342    0.0
    343    0.0
    344    0.0
    345    0.0
    346    0.0
    347    0.0
    348    0.0
    349    0.0
    350    0.0
    351    0.0
    352    0.0
    353    0.0
    354    0.0
    355    0.0
    356    0.0
    357    T  
    358    0.0
    359    0.0
    360    0.0
    361    T  
    362    0.0
    363    0.0
    364    0.0
    365    0.0
