      1    0.0
      2    0.0
      3    0.0
      4    0.0
      5    0.0
      6    0.0
      7    0.0
      8    0.0
      9    0.0
     10    0.0
     11    0.0
     12    0.0
     13    0.0
     14    0.0
     15    0.0
     16    0.0
     17    0.0
     18    0.0
     19    0.0
     20    0.0
     21   15.5
     22    0.0
     23    0.0
     24    0.0
     25    0.0
     26    0.0
     27    0.0
     28    0.0
     29    0.0
     30    0.0
     31    0.0
     32    0.0
     33    0.0
     34    0.0
     35    0.0
     36    0.0
     37    0.0
     38    0.0
     39    0.0
     40    0.0
     41    0.0
     42    0.0
     43    0.0
     44    0.0
     45    0.0
     46    0.0
     47    0.0
     48    0.0
     49    0.0
     50    5.0
     51    0.0
     52    0.0
     53    0.0
     54    0.0
     55    0.0
     56    1.0
     57    2.2
     58    0.0
     59    0.0
     60    0.0
     61    0.0
     62    0.0
     63    0.0
     64    0.0
     65    0.0
     66    0.0
     67    0.0
     68    0.0
     69    0.0
     70    0.0
     71    0.0
     72    0.0
     73    0.0
     74    0.0
     75    0.0
     76    0.0
     77    0.0
     78    0.0
     79    0.0
     80    0.0
     81    0.0
     82    0.0
     83    0.0
     84    0.0
     85    0.0
     86    0.0
     87    0.0
     88    0.0
     89    2.0
     90   33.0
     91   14.0
     92   30.5
     93    5.5
     94    0.0
     95    0.0
     96    0.0
     97    0.0
     98    0.0
     99   10.0
    100    0.0
    101    0.0
    102    0.0
    103    0.0
    104    0.0
    105    0.0
    106    0.0
    107    0.0
    108    0.0
    109    0.0
    110    0.0
    111    5.0
    112    2.0
    113   12.0
    114    1.2
    115   30.0
    116   10.5
    117   14.2
    118    0.0
    119    0.2
    120    8.0
    121    2.2
    122    0.0
    123   11.0
    124    0.0
    125    0.0
    126   13.0
    127    0.0
    128    0.0
    129    0.0
    130    0.0
    131    0.0
    132    0.0
    133    0.0
    134    0.0
    135    0.0
    136    0.0
    137    0.0
    138    0.0
    139    0.0
    140    0.0
    141   50.5
    142    0.0
    143   18.0
    144    0.0
    145   15.0
    146    8.0
    147   11.0
    148    2.0
    149    0.0
    150    1.5
    151    0.0
    152    0.0
    153    0.0
    154    0.0
    155    0.0
    156    0.0
    157    0.0
    158    0.0
    159    0.0
    160   40.5
    161    0.0
    162    0.0
    163    0.0
    164    0.0
    165    0.0
    166    0.0
    167    0.0
    168    0.0
    169    0.0
    170    0.0
    171    0.0
    172    0.0
    173   11.0
    174   14.0
    175    0.0
    176    0.0
    177    0.0
    178    0.0
    179   31.0
    180   45.5
    181   11.2
    182   25.0
    183    5.5
    184    6.0
    185   55.0
    186   39.0
    187    4.5
    188    9.0
    189   25.0
    190   17.5
    191   30.0
    192   11.2
    193   58.0
    194   16.0
    195   79.2
    196   21.0
    197  150.2
    198   10.0
    199    2.0
    200    3.5
    201    8.0
    202   28.0
    203    0.0
    204    0.0
    205   14.8
    206    9.0
    207    0.0
    208    2.4
    209    1.4
    210    3.5
    211    8.5
    212    4.0
    213   11.0
    214    2.0
    215    4.0
    216    1.5
    217    5.0
    218   19.0
    219   27.5
    220   13.4
    221   31.4
    222   41.0
    223   20.5
    224   33.0
    225   81.5
    226   13.7
    227   80.0
    228   60.5
    229   37.5
    230    0.0
    231    0.0
    232   24.0
    233   18.2
    234    2.5
    235    8.0
    236   19.0
    237   11.5
    238    1.0
    239    0.0
    240    0.0
    241   41.0
    242   14.0
    243   16.0
    244   28.0
    245   50.5
    246   81.2
    247   41.0
    248   10.0
    249   29.5
    250   17.5
    251   31.2
    252   43.5
    253    0.0
    254    0.0
    255    0.0
    256   15.0
    257   34.2
    258   24.0
    259   12.5
    260   27.5
    261   13.5
    262    5.0
    263    2.0
    264    0.0
    265    0.0
    266    0.0
    267    0.0
    268   10.5
    269   18.0
    270    0.0
    271    0.0
    272    0.0
    273    0.0
    274   19.0
    275   12.0
    276    1.0
    277    3.0
    278   13.0
    279    0.0
    280    0.0
    281    0.0
    282    0.0
    283    0.0
    284    0.0
    285    0.0
    286    0.0
    287   11.0
    288    0.0
    289    0.0
    290    0.0
    291    0.0
    292    0.0
    293    4.0
    294   11.0
    295    3.0
    296    0.0
    297    0.0
    298    0.0
    299    0.0
    300    0.0
    301    0.0
    302    0.0
    303    0.0
    304    0.0
    305    0.0
    306    0.0
    307    0.0
    308    0.0
    309    0.0
    310    0.0
    311    0.0
    312    0.0
    313    0.0
    314    0.0
    315    0.0
    316    0.0
    317    0.0
    318    0.0
    319    0.0
    320    0.0
    321    0.0
    322    0.0
    323    0.0
    324    0.0
    325    0.0
    326    0.0
    327    0.0
    328    0.0
    329    0.0
    330   17.0
    331    0.0
    332    0.0
    333    0.0
    334    0.0
    335    0.0
    336    0.0
    337    0.0
    338    0.0
    339    0.0
    340    0.0
    341    0.0
    342    0.0
    343   20.5
    344   27.0
    345   49.2
    346    0.0
    347    0.0
    348   19.0
    349    0.0
    350    0.0
    351    0.0
    352    0.0
    353    0.0
    354    0.0
    355    0.0
    356    0.0
    357    0.0
    358    0.0
    359    0.0
    360    0.0
    361    0.0
    362    0.0
    363    0.0
    364    2.8
    365    0.0
