      1    0.0
      2    0.0
      3    4.0
      4    0.0
      5    0.0
      6    0.0
      7    0.0
      8    0.0
      9    0.0
     10    0.0
     11    0.0
     12    0.0
     13    0.0
     14    0.0
     15    0.0
     16    0.0
     17    0.0
     18    2.5
     19    0.0
     20    0.0
     21    0.0
     22    0.0
     23    0.0
     24    0.0
     25    8.5
     26    0.0
     27    0.0
     28    0.0
     29    0.0
     30    0.0
     31    3.0
     32    0.0
     33    0.0
     34    0.0
     35    0.0
     36    0.0
     37    0.0
     38    0.0
     39    0.0
     40    0.0
     41    0.0
     42    0.0
     43    0.0
     44    6.5
     45    0.0
     46    0.0
     47    8.8
     48    3.0
     49    2.0
     50    4.0
     51   22.0
     52    8.5
     53   11.0
     54    3.0
     55    0.0
     56   36.5
     57   18.5
     58    0.0
     59    0.0
     60    0.0
     61   12.0
     62   15.0
     63    0.5
     64    4.5
     65    0.0
     66    0.0
     67    0.0
     68    1.7
     69    0.0
     70    0.5
     71    2.0
     72    0.0
     73    2.0
     74    0.0
     75    0.0
     76    0.0
     77    0.0
     78    0.0
     79    5.0
     80    0.0
     81    0.0
     82    2.5
     83    3.4
     84    0.0
     85    0.0
     86    0.0
     87    4.9
     88    2.7
     89    0.0
     90    0.0
     91    3.0
     92    0.8
     93    9.5
     94    1.5
     95    0.0
     96    0.0
     97    0.0
     98    0.0
     99    0.0
    100    0.0
    101    2.5
    102   10.5
    103    0.0
    104    0.0
    105   26.2
    106   18.1
    107    0.0
    108    0.0
    109    0.0
    110    0.0
    111    0.0
    112    0.0
    113    0.0
    114    1.0
    115    0.0
    116    0.0
    117    9.0
    118    0.0
    119    1.0
    120    5.0
    121    2.5
    122    0.0
    123    3.6
    124    0.0
    125    0.0
    126    1.5
    127   15.0
    128    5.0
    129    0.0
    130    0.0
    131    0.0
    132    6.5
    133    0.0
    134    0.0
    135    6.5
    136    0.0
    137    0.0
    138    8.8
    139    3.0
    140    2.0
    141    4.0
    142   22.0
    143    8.5
    144   11.0
    145    3.0
    146    0.0
    147   36.5
    148   18.5
    149    0.0
    150    0.0
    151    0.0
    152   12.0
    153   15.0
    154    0.5
    155    4.5
    156    0.0
    157    0.0
    158    0.0
    159    1.7
    160    0.0
    161    0.5
    162    2.0
    163    0.0
    164    2.0
    165    0.0
    166    0.0
    167   11.0
    168   14.0
    169    0.0
    170    0.0
    171   19.5
    172    0.5
    173    1.5
    174    1.6
    175    1.2
    176    0.0
    177    6.0
    178   66.5
    179   28.5
    180   23.5
    181    2.3
    182   22.2
    183   12.5
    184    0.5
    185    6.0
    186   16.2
    187    3.0
    188    3.5
    189   32.5
    190    4.5
    191    2.0
    192    0.0
    193   54.0
    194   11.5
    195   20.2
    196   15.2
    197    7.0
    198   33.0
    199    7.2
    200   13.3
    201   32.0
    202   32.5
    203    1.0
    204   10.0
    205   41.5
    206   17.5
    207   16.5
    208   26.6
    209   34.0
    210   14.0
    211   38.1
    212    8.8
    213    5.5
    214    3.0
    215   19.0
    216   19.0
    217   13.0
    218   15.5
    219   10.6
    220   25.3
    221    2.5
    222    4.8
    223   30.2
    224   64.0
    225    4.8
    226   32.0
    227    0.0
    228    1.5
    229    1.8
    230   25.2
    231   76.0
    232   15.0
    233    0.0
    234   37.0
    235    8.5
    236    4.3
    237    0.0
    238   39.0
    239   23.0
    240    0.0
    241    0.0
    242   14.0
    243   13.0
    244    0.0
    245    3.0
    246    0.0
    247   22.0
    248   10.5
    249   10.0
    250   11.5
    251   47.0
    252    2.0
    253    0.0
    254    2.0
    255    0.0
    256   15.0
    257    8.5
    258    6.0
    259   13.5
    260   35.0
    261    0.0
    262    8.5
    263    0.0
    264    0.0
    265    0.0
    266    0.5
    267    0.0
    268    0.0
    269    0.0
    270   14.0
    271    2.0
    272   22.0
    273   36.0
    274    0.0
    275    0.0
    276    0.0
    277    0.0
    278    0.0
    279    0.0
    280    0.0
    281    0.0
    282    0.0
    283    0.0
    284    0.0
    285    0.0
    286    0.0
    287    1.5
    288    0.0
    289    0.0
    290    0.0
    291    0.0
    292    0.0
    293    0.0
    294    0.0
    295    0.0
    296    0.0
    297    0.0
    298    1.0
    299    0.0
    300    0.0
    301    0.0
    302    0.0
    303    0.0
    304    0.0
    305    0.0
    306    0.0
    307    0.0
    308    0.0
    309    0.0
    310    2.0
    311    0.0
    312    8.0
    313    5.0
    314    0.0
    315    0.0
    316    0.0
    317    0.0
    318    0.0
    319    0.0
    320    0.0
    321    0.0
    322    0.0
    323    0.0
    324    0.0
    325    0.0
    326    0.0
    327    0.0
    328    0.0
    329    0.0
    330    0.0
    331    0.0
    332    0.0
    333    0.0
    334    0.0
    335    0.0
    336    0.0
    337    0.0
    338    0.0
    339    0.0
    340    0.0
    341    0.0
    342    0.0
    343    0.0
    344    0.0
    345    0.0
    346    0.0
    347    0.0
    348    0.0
    349    0.0
    350    0.0
    351    0.0
    352    0.0
    353    0.0
    354    0.0
    355    0.0
    356    0.0
    357    0.0
    358    0.0
    359    0.0
    360    0.0
    361    0.0
    362    0.0
    363    0.0
    364    0.0
    365    0.0
