      1    0.0
      2    0.0
      3    0.0
      4    0.0
      5    0.0
      6    0.0
      7    0.0
      8    0.0
      9    0.0
     10    0.0
     11    0.0
     12    0.0
     13    0.0
     14    0.0
     15    0.0
     16    0.0
     17    0.0
     18    0.0
     19    0.0
     20    0.0
     21    0.0
     22    0.0
     23    0.0
     24    0.0
     25    0.0
     26    0.0
     27    0.0
     28    0.0
     29    0.0
     30    0.0
     31    0.0
     32    0.0
     33    0.0
     34    0.0
     35    0.0
     36    0.0
     37    0.0
     38    0.0
     39    0.0
     40    0.0
     41   18.6
     42    0.0
     43    0.0
     44    0.5
     45    0.0
     46    0.0
     47    0.0
     48    0.0
     49    0.0
     50    0.0
     51    0.0
     52    0.0
     53    0.0
     54    0.0
     55    4.8
     56    0.0
     57    0.0
     58    0.0
     59    0.1
     60    0.0
     61    1.8
     62    0.0
     63    0.0
     64    0.0
     65    0.0
     66    0.0
     67    0.0
     68    0.0
     69    0.0
     70    0.0
     71    0.0
     72    0.0
     73    0.0
     74    0.0
     75    0.0
     76    1.4
     77    0.0
     78    0.0
     79    0.0
     80    0.0
     81    0.0
     82    0.0
     83    0.0
     84    0.0
     85    0.0
     86    0.0
     87    0.0
     88    0.0
     89    0.0
     90    9.0
     91    2.1
     92    0.0
     93    0.0
     94    0.0
     95    0.0
     96    0.0
     97    0.0
     98    0.0
     99    0.0
    100    0.0
    101    0.0
    102    0.0
    103    0.0
    104   14.4
    105    0.0
    106    2.3
    107   13.5
    108    9.2
    109    7.4
    110    1.6
    111    0.0
    112    0.0
    113    0.0
    114    0.0
    115    0.0
    116    0.0
    117    6.5
    118    0.0
    119    0.1
    120    6.0
    121    0.0
    122   54.5
    123    0.0
    124    0.0
    125    0.2
    126    0.1
    127    6.3
    128    0.8
    129    4.2
    130    0.0
    131    0.0
    132    0.0
    133    0.0
    134    0.0
    135    0.1
    136    0.0
    137    0.0
    138    0.0
    139    8.2
    140    5.7
    141    2.6
    142    0.0
    143    0.0
    144   41.3
    145   12.5
    146   22.6
    147    3.2
    148    6.7
    149    1.2
    150    1.4
    151    0.0
    152    0.0
    153    0.0
    154   18.6
    155    2.5
    156    0.2
    157    4.3
    158    0.0
    159    0.0
    160    0.0
    161    0.0
    162    0.0
    163    2.5
    164    4.0
    165    0.0
    166   34.0
    167    2.4
    168    8.3
    169    8.6
    170    0.6
    171    2.5
    172    1.5
    173    5.6
    174   26.2
    175    3.4
    176    1.5
    177    5.6
    178   49.8
    179   78.2
    180   12.1
    181    6.4
    182   24.6
    183    0.0
    184    1.0
    185    4.2
    186   14.0
    187   42.0
    188   14.0
    189    1.8
    190   18.2
    191   26.4
    192    9.2
    193   17.3
    194   13.6
    195   18.2
    196   11.7
    197   24.5
    198   22.4
    199    1.0
    200    5.6
    201   63.5
    202    5.9
    203   31.2
    204   44.1
    205    5.3
    206   43.7
    207   30.2
    208   57.0
    209    8.3
    210   61.6
    211   79.3
    212   38.6
    213   16.4
    214    8.4
    215   20.3
    216    6.5
    217   53.4
    218    8.1
    219    3.0
    220   38.6
    221    6.5
    222    0.2
    223    1.6
    224   13.5
    225    2.4
    226    6.3
    227    3.2
    228   38.3
    229   65.2
    230   12.5
    231   12.2
    232   56.1
    233   28.7
    234   12.4
    235   10.0
    236   27.6
    237   29.0
    238   28.7
    239    8.2
    240   20.5
    241   38.7
    242   24.2
    243   15.0
    244   22.8
    245   34.4
    246   64.6
    247   32.1
    248   14.5
    249   12.8
    250   71.5
    251    0.4
    252    0.5
    253    7.3
    254    9.0
    255    7.0
    256    6.2
    257    8.1
    258   21.4
    259    4.1
    260    7.5
    261   12.1
    262   15.8
    263    8.2
    264    7.8
    265    9.4
    266   19.8
    267    0.4
    268    0.0
    269    0.0
    270    0.0
    271    0.0
    272    0.0
    273    0.0
    274    4.6
    275    1.3
    276    0.0
    277    0.0
    278    0.0
    279    0.0
    280    4.8
    281    0.0
    282    0.0
    283    0.0
    284    0.8
    285   16.2
    286    0.0
    287    0.4
    288    0.0
    289    6.4
    290   24.6
    291   11.1
    292    0.0
    293    0.0
    294   61.8
    295    0.4
    296    0.0
    297    0.0
    298    0.0
    299    0.0
    300    0.0
    301    0.0
    302    0.0
    303    0.0
    304    0.0
    305    0.0
    306    0.2
    307    0.0
    308    0.0
    309    0.0
    310    0.0
    311    0.0
    312    0.0
    313    0.0
    314    0.0
    315    0.0
    316    0.0
    317    0.1
    318    1.7
    319    0.0
    320    0.0
    321    0.0
    322    0.0
    323    0.0
    324    0.0
    325    0.0
    326    0.0
    327    0.0
    328    0.0
    329    0.0
    330    0.0
    331    0.0
    332    0.0
    333    0.0
    334    0.0
    335    0.0
    336    0.0
    337    0.0
    338    0.0
    339    0.0
    340    0.0
    341    0.0
    342    0.0
    343    0.0
    344    0.0
    345    0.0
    346    0.0
    347    0.0
    348    0.0
    349    0.0
    350    0.0
    351    0.0
    352    0.0
    353    0.0
    354    0.0
    355    0.0
    356    0.0
    357    0.0
    358    0.0
    359    0.0
    360    0.0
    361    0.0
    362    0.0
    363    0.0
    364    0.0
    365    0.0
