      1    0.0
      2    0.0
      3    0.0
      4    0.0
      5    0.0
      6    0.0
      7    0.0
      8    0.0
      9    0.0
     10    0.0
     11    0.0
     12    0.0
     13    0.0
     14    0.0
     15    0.0
     16    0.0
     17    0.0
     18    0.0
     19    0.0
     20    0.0
     21    0.0
     22    0.0
     23    0.0
     24    0.0
     25    0.0
     26    0.0
     27    0.0
     28    0.0
     29    0.0
     30    0.0
     31    0.0
     32    0.0
     33    0.0
     34    0.0
     35    0.0
     36    0.0
     37    0.0
     38    0.0
     39    3.5
     40    0.0
     41    0.0
     42    0.0
     43    0.0
     44    9.7
     45    0.0
     46    2.2
     47    0.0
     48    7.3
     49    0.0
     50    0.0
     51    0.0
     52    0.0
     53    0.0
     54    0.0
     55    0.0
     56    0.0
     57    0.0
     58    0.0
     59    0.0
     60    0.0
     61    0.0
     62    0.0
     63    0.0
     64    0.0
     65    0.0
     66   10.2
     67    4.5
     68    7.2
     69    0.0
     70    0.0
     71   13.4
     72    0.0
     73    2.0
     74    0.0
     75    0.0
     76    0.0
     77    0.0
     78    0.0
     79    0.0
     80    0.0
     81    0.0
     82   11.8
     83    0.0
     84    0.0
     85    0.0
     86    0.0
     87    0.0
     88    0.0
     89    0.0
     90    0.0
     91    0.0
     92    0.0
     93    0.0
     94    0.0
     95    0.0
     96    0.0
     97    0.0
     98    3.2
     99    0.0
    100   14.9
    101   11.2
    102    0.0
    103    0.0
    104    0.0
    105    0.0
    106    0.0
    107    0.0
    108    0.0
    109    0.0
    110    0.0
    111    0.0
    112    0.0
    113    0.0
    114    0.0
    115    0.0
    116    0.0
    117    0.0
    118    0.0
    119    0.0
    120    0.0
    121    0.0
    122    0.0
    123    0.0
    124    0.0
    125    0.0
    126    0.0
    127    0.0
    128    0.0
    129    0.0
    130    0.0
    131    0.0
    132    0.0
    133    0.0
    134    0.0
    135   10.0
    136    1.6
    137    8.0
    138    0.0
    139    0.0
    140    0.0
    141   17.3
    142    7.0
    143    0.0
    144   26.7
    145    8.6
    146    9.4
    147    3.8
    148    0.8
    149    0.0
    150   14.0
    151    0.0
    152    0.0
    153    0.0
    154    0.0
    155    0.0
    156    0.0
    157    0.0
    158    0.0
    159    0.0
    160    0.0
    161    5.6
    162    1.0
    163   19.2
    164   10.3
    165   33.2
    166    0.0
    167    3.8
    168    0.8
    169   32.9
    170    1.9
    171   27.2
    172    0.0
    173   36.4
    174    0.0
    175   37.0
    176   11.9
    177   18.4
    178    4.5
    179   11.7
    180   25.4
    181    2.4
    182   42.7
    183   21.5
    184    0.0
    185    0.0
    186    0.0
    187    6.3
    188    1.5
    189   37.5
    190    0.0
    191   12.6
    192   15.7
    193    3.0
    194    0.0
    195    4.3
    196    7.0
    197    8.4
    198   75.0
    199   12.0
    200   40.0
    201    0.0
    202   35.1
    203    0.4
    204   15.0
    205    0.0
    206    0.0
    207   18.6
    208   28.0
    209    7.8
    210   10.2
    211   16.3
    212   38.2
    213   65.3
    214   26.3
    215   25.0
    216   60.0
    217    1.4
    218   13.4
    219    4.3
    220   28.0
    221   26.6
    222   16.4
    223    0.0
    224    2.6
    225   58.4
    226   28.2
    227   55.0
    228   83.1
    229   32.0
    230   11.0
    231    0.0
    232    0.0
    233   67.4
    234   16.0
    235   12.2
    236   28.2
    237   19.0
    238    5.0
    239    6.2
    240    3.6
    241   12.0
    242   66.2
    243   25.0
    244    7.1
    245   50.1
    246   41.9
    247   17.4
    248    2.6
    249    4.8
    250    1.3
    251    0.0
    252    0.0
    253    0.0
    254    3.0
    255    0.0
    256    0.0
    257    0.0
    258   23.6
    259    2.4
    260    0.0
    261   15.6
    262    6.7
    263    7.0
    264    2.9
    265    6.0
    266   24.1
    267    0.0
    268    6.4
    269    0.0
    270    0.0
    271   25.0
    272   53.3
    273    0.0
    274    0.0
    275    3.6
    276   25.0
    277    7.5
    278    0.0
    279    0.0
    280    0.0
    281    0.0
    282    5.2
    283    0.0
    284   24.6
    285    5.8
    286    0.0
    287    0.0
    288    0.0
    289   17.0
    290    0.0
    291    0.0
    292    0.0
    293    0.0
    294    0.0
    295    0.0
    296    0.0
    297    0.0
    298    0.0
    299    0.0
    300    0.0
    301    0.0
    302    0.0
    303    0.0
    304    0.0
    305    0.0
    306    0.0
    307    0.0
    308    0.0
    309    0.0
    310    0.0
    311    0.0
    312    0.0
    313    0.0
    314    0.0
    315    0.0
    316    0.0
    317    0.0
    318    0.0
    319    0.0
    320    0.0
    321    0.0
    322    0.0
    323    0.0
    324    0.0
    325    0.0
    326    0.0
    327    0.0
    328    0.0
    329    0.0
    330    0.0
    331    0.0
    332    0.0
    333    0.0
    334    0.0
    335    0.0
    336    0.0
    337    0.0
    338    0.0
    339    0.0
    340    0.0
    341    0.0
    342    0.0
    343    0.0
    344    0.0
    345    0.0
    346    0.0
    347    0.0
    348    0.0
    349    0.0
    350    0.0
    351    0.0
    352    0.0
    353    0.0
    354    0.0
    355    0.0
    356    0.0
    357    0.0
    358    0.0
    359    0.0
    360    0.0
    361    0.0
    362    0.0
    363    0.0
    364    0.0
    365    0.0
    366    0.0
