      1    3.2
      2    0.0
      3    0.0
      4    0.0
      5    0.0
      6    0.0
      7    0.0
      8    0.0
      9    0.0
     10    0.0
     11    0.0
     12    0.0
     13    0.0
     14    0.0
     15    0.0
     16    0.0
     17    0.0
     18    0.0
     19    0.0
     20    0.0
     21    0.0
     22    0.0
     23    0.0
     24    0.0
     25    0.0
     26    0.0
     27    0.0
     28    0.0
     29    0.0
     30    0.0
     31    0.0
     32    0.0
     33    0.0
     34    0.0
     35    0.0
     36    0.0
     37    0.0
     38    0.0
     39    0.0
     40    0.0
     41    0.0
     42    0.0
     43    0.0
     44    0.0
     45    0.0
     46    0.3
     47   13.2
     48   35.8
     49    0.0
     50    0.0
     51    0.0
     52    0.0
     53    0.0
     54    0.0
     55    0.0
     56    0.0
     57    0.0
     58    0.0
     59    0.0
     60    0.0
     61    0.0
     62    0.0
     63    0.0
     64    0.0
     65    0.0
     66    0.0
     67    0.0
     68    0.0
     69    3.2
     70    0.0
     71    0.0
     72    0.0
     73    0.0
     74    0.0
     75    0.0
     76    0.0
     77    0.0
     78    6.2
     79    0.0
     80    6.0
     81    0.0
     82    0.0
     83    0.0
     84    0.0
     85    0.0
     86    T  
     87    5.0
     88    0.4
     89    0.0
     90    0.0
     91    4.1
     92    0.0
     93    0.0
     94    1.5
     95    0.0
     96    0.0
     97    0.0
     98    0.0
     99    0.0
    100    4.0
    101    0.0
    102    0.0
    103    5.2
    104    5.6
    105    1.2
    106    0.0
    107    0.0
    108    0.0
    109    5.0
    110    1.2
    111    0.0
    112    0.0
    113    0.0
    114    0.0
    115    0.0
    116   11.8
    117    0.0
    118    1.2
    119    T  
    120   15.7
    121    4.0
    122    3.2
    123    0.0
    124    0.0
    125   12.7
    126    0.2
    127   16.8
    128    1.2
    129   10.6
    130    0.2
    131    9.7
    132    1.6
    133    0.0
    134    3.0
    135    0.0
    136    0.0
    137    T  
    138    5.0
    139   20.6
    140    3.8
    141    3.5
    142    0.8
    143    0.0
    144    T  
    145    0.0
    146    T  
    147    0.8
    148   14.2
    149    2.0
    150    0.6
    151    3.2
    152    1.6
    153    0.6
    154    0.0
    155    T  
    156    0.0
    157    T  
    158   31.0
    159    0.0
    160    0.0
    161    T  
    162    0.2
    163    0.0
    164   17.8
    165    9.8
    166   12.6
    167    8.2
    168   30.4
    169   48.2
    170    7.8
    171    5.4
    172    0.4
    173    0.2
    174    T  
    175   10.0
    176   41.2
    177    0.6
    178   20.2
    179   41.0
    180   10.0
    181   32.0
    182   31.2
    183    3.0
    184   27.5
    185   10.9
    186    8.2
    187    8.0
    188   14.2
    189    6.1
    190    0.0
    191   41.5
    192   11.4
    193   31.6
    194   12.7
    195   64.6
    196   66.4
    197   10.8
    198    1.5
    199    6.0
    200   32.4
    201   47.0
    202    0.8
    203   25.3
    204    5.4
    205    0.8
    206    1.0
    207   28.9
    208   17.6
    209    8.4
    210    6.5
    211    4.8
    212    4.0
    213   36.1
    214   10.4
    215   19.0
    216    6.1
    217   55.4
    218   37.8
    219   36.2
    220   15.0
    221   28.3
    222   12.1
    223   11.6
    224    7.4
    225   14.6
    226    7.0
    227   10.5
    228    4.0
    229   26.8
    230    9.2
    231    5.4
    232    4.2
    233    0.4
    234   39.2
    235    3.0
    236    3.4
    237   18.5
    238   21.2
    239    3.8
    240    1.9
    241   34.5
    242    0.8
    243   10.2
    244    9.6
    245   48.2
    246    5.1
    247   25.3
    248    1.7
    249    0.1
    250    6.7
    251   40.3
    252    6.4
    253   17.2
    254    1.7
    255    6.3
    256    3.0
    257   47.2
    258    1.0
    259   37.8
    260   40.6
    261    1.7
    262    8.5
    263    4.2
    264    0.1
    265   36.8
    266   46.3
    267   24.0
    268    4.5
    269   50.4
    270   35.1
    271    1.9
    272    2.8
    273    3.4
    274    0.0
    275    5.0
    276    3.7
    277    0.0
    278    2.1
    279    0.0
    280    0.0
    281    0.0
    282    0.0
    283    0.0
    284    0.0
    285    0.0
    286    0.0
    287    0.0
    288    0.0
    289    0.0
    290    0.0
    291    0.0
    292    0.0
    293    0.0
    294    3.0
    295    1.5
    296    2.7
    297    0.0
    298    0.0
    299    0.0
    300    1.5
    301    0.0
    302    0.0
    303    0.0
    304    0.1
    305    0.2
    306    2.3
    307    T  
    308    0.1
    309    0.8
    310    2.1
    311   12.2
    312    0.0
    313    0.0
    314    0.0
    315    0.0
    316    0.1
    317    2.0
    318    5.0
    319    0.0
    320    4.3
    321    1.5
    322    0.0
    323    0.0
    324    0.0
    325    0.0
    326    0.0
    327    0.0
    328    0.0
    329    0.0
    330    0.0
    331    0.0
    332    0.0
    333    0.0
    334    0.0
    335    0.0
    336    0.0
    337    0.0
    338    0.0
    339    0.0
    340    0.0
    341    0.0
    342    0.0
    343    0.0
    344    0.0
    345    0.0
    346    0.0
    347    0.0
    348    0.0
    349    0.0
    350    0.0
    351    0.0
    352    0.0
    353    0.0
    354    0.0
    355    0.0
    356    0.0
    357    0.0
    358    0.0
    359    0.0
    360    0.0
    361    0.0
    362    0.0
    363    0.0
    364    0.0
    365    0.0
