      1    0.0
      2    0.0
      3    0.0
      4    0.0
      5    0.0
      6    0.0
      7    0.0
      8    0.0
      9    0.0
     10    0.0
     11    0.0
     12    1.3
     13    T  
     14    0.0
     15    T  
     16   24.4
     17    1.1
     18    0.0
     19    0.0
     20    0.0
     21    0.0
     22    0.0
     23    0.0
     24    0.0
     25    0.0
     26    0.0
     27    0.0
     28    0.0
     29    0.0
     30    1.0
     31    T  
     32    0.0
     33   17.0
     34    0.0
     35    0.0
     36    0.0
     37    0.0
     38    0.0
     39    0.0
     40   14.5
     41    0.6
     42    0.0
     43    0.0
     44    0.0
     45    0.0
     46    0.0
     47    0.0
     48    0.0
     49    0.0
     50    0.0
     51    0.0
     52    0.0
     53    2.0
     54    0.0
     55    0.0
     56    0.0
     57    0.0
     58    0.0
     59    0.0
     60    0.0
     61    0.0
     62    0.0
     63    0.0
     64    0.0
     65    0.0
     66    0.0
     67    0.0
     68    0.0
     69    0.0
     70    0.0
     71    0.0
     72    0.0
     73    0.0
     74    0.0
     75    0.0
     76    0.0
     77    0.0
     78    0.0
     79    T  
     80    7.5
     81    0.0
     82    0.0
     83    0.0
     84    0.0
     85    T  
     86    T  
     87    0.0
     88    0.0
     89    0.0
     90    0.0
     91    0.0
     92    0.0
     93    0.5
     94    0.0
     95    0.0
     96    0.0
     97    0.0
     98    0.0
     99    0.0
    100    0.0
    101    0.0
    102    0.0
    103    0.0
    104    0.0
    105    0.0
    106    0.0
    107    0.0
    108    0.0
    109    0.0
    110    0.0
    111    0.0
    112    0.0
    113    0.0
    114    0.0
    115    0.0
    116    0.0
    117    0.0
    118    2.5
    119    0.0
    120    T  
    121    0.0
    122    0.0
    123    0.0
    124    0.0
    125    0.0
    126    0.0
    127    0.0
    128    0.0
    129    1.1
    130    0.0
    131    1.5
    132    0.0
    133    0.0
    134    0.0
    135    0.0
    136    0.0
    137   16.8
    138    0.0
    139    0.0
    140    0.0
    141    0.0
    142    0.0
    143   43.3
    144    0.0
    145    T  
    146    0.0
    147    0.0
    148    0.0
    149    6.5
    150    0.0
    151    2.0
    152    0.0
    153    0.0
    154    0.0
    155    0.0
    156   67.0
    157    0.0
    158    0.0
    159    0.0
    160    0.0
    161    0.5
    162    0.0
    163    0.0
    164    0.0
    165    0.0
    166    0.0
    167    T  
    168    T  
    169    T  
    170    0.8
    171    T  
    172    T  
    173    T  
    174    1.8
    175    0.0
    176    2.3
    177    1.0
    178    0.0
    179    0.0
    180    8.0
    181    T  
    182    T  
    183   83.0
    184    2.0
    185    0.0
    186    5.0
    187    T  
    188   65.5
    189    0.0
    190    0.0
    191    T  
    192    T  
    193    0.0
    194    4.0
    195    0.0
    196    0.0
    197    0.0
    198    0.0
    199    0.0
    200    1.0
    201    T  
    202    0.0
    203    0.0
    204    4.0
    205    9.5
    206    3.2
    207   48.5
    208   59.5
    209    0.0
    210   15.5
    211    0.0
    212    0.0
    213    0.0
    214    0.0
    215    5.0
    216    2.2
    217    0.0
    218    0.0
    219   19.7
    220    0.0
    221  171.5
    222   23.2
    223    0.0
    224    0.4
    225    1.5
    226   13.2
    227   48.7
    228    0.0
    229    3.4
    230   11.7
    231    0.0
    232    0.0
    233    5.0
    234   41.0
    235    0.0
    236    T  
    237    0.0
    238    T  
    239   20.4
    240    4.0
    241    7.0
    242    0.0
    243    0.5
    244   10.0
    245    T  
    246    T  
    247    0.0
    248    0.0
    249    0.0
    250    0.0
    251    0.0
    252    T  
    253  117.7
    254    T  
    255    0.0
    256    3.0
    257   25.0
    258    7.5
    259    0.0
    260   29.8
    261    T  
    262    0.4
    263   94.5
    264    4.3
    265    2.8
    266    0.0
    267    0.0
    268    0.0
    269    0.0
    270    0.0
    271    0.0
    272    0.0
    273    0.0
    274    0.0
    275    0.0
    276    0.0
    277    0.0
    278    0.0
    279    0.0
    280    0.0
    281    0.0
    282    0.0
    283    0.0
    284    0.0
    285    0.0
    286    0.0
    287    0.0
    288    0.0
    289    0.0
    290    0.0
    291    0.0
    292    0.0
    293    0.0
    294    0.0
    295    0.0
    296    0.0
    297    0.0
    298    0.0
    299    0.0
    300    0.0
    301    0.0
    302    0.0
    303    0.0
    304    0.0
    305    0.0
    306    0.0
    307    0.0
    308    0.0
    309    0.0
    310    0.0
    311    0.0
    312    0.0
    313    0.0
    314    0.0
    315    0.0
    316    0.0
    317    0.0
    318    0.0
    319    0.0
    320    0.0
    321    0.0
    322    0.0
    323    0.0
    324    0.0
    325    0.0
    326    0.0
    327    0.0
    328    0.0
    329    0.0
    330    0.0
    331    0.0
    332    0.0
    333    0.0
    334    4.0
    335    5.0
    336    0.0
    337    0.0
    338    0.0
    339    0.0
    340    0.0
    341    0.0
    342    0.0
    343    0.0
    344    0.0
    345    0.0
    346    0.0
    347    0.0
    348    0.0
    349    0.0
    350    0.0
    351    0.0
    352    0.0
    353    0.0
    354    0.0
    355    0.0
    356    0.0
    357    0.0
    358    0.0
    359    0.0
    360    0.0
    361    0.0
    362    0.0
    363    0.0
    364    0.0
    365    0.0
