      1    0.0
      2    0.0
      3    0.0
      4    0.0
      5    0.0
      6    0.0
      7    0.0
      8    0.0
      9    0.0
     10    0.0
     11    0.0
     12    0.0
     13    0.0
     14    0.0
     15    0.0
     16    0.0
     17    0.0
     18    0.0
     19    0.0
     20    0.0
     21    0.0
     22    0.0
     23    0.0
     24    0.0
     25    0.8
     26    2.5
     27    0.0
     28    0.0
     29    0.0
     30    2.3
     31    0.0
     32    8.2
     33    0.0
     34    0.0
     35    0.0
     36    0.0
     37    9.2
     38   10.3
     39    0.0
     40    0.0
     41    0.0
     42    0.0
     43    0.0
     44    0.0
     45    0.0
     46    0.0
     47    0.0
     48    0.0
     49    0.0
     50    4.3
     51    6.3
     52    0.0
     53    0.0
     54    0.0
     55    0.0
     56    1.4
     57    0.0
     58    0.0
     59    0.0
     60    0.0
     61    0.5
     62   11.2
     63    0.0
     64    1.4
     65   10.3
     66    0.0
     67    0.0
     68    1.6
     69    1.8
     70    1.0
     71    0.0
     72    0.0
     73    0.0
     74    0.0
     75    0.0
     76    0.0
     77    1.8
     78    0.0
     79    0.0
     80    0.0
     81    0.0
     82    0.0
     83    0.0
     84    0.0
     85    0.0
     86    0.0
     87    0.0
     88    0.0
     89    0.0
     90    1.6
     91    0.0
     92    0.0
     93    0.0
     94    0.0
     95    0.0
     96    0.0
     97    0.0
     98    0.0
     99    3.2
    100    0.4
    101   10.3
    102    0.0
    103    0.0
    104    0.0
    105    0.0
    106    0.0
    107    0.0
    108    0.0
    109    0.6
    110    1.1
    111    0.0
    112    0.0
    113    0.0
    114    0.0
    115    0.0
    116    0.0
    117    0.0
    118    0.0
    119   10.2
    120    1.4
    121    0.0
    122    0.0
    123    0.0
    124    0.0
    125   18.2
    126    0.0
    127   20.7
    128    0.0
    129    0.0
    130    8.3
    131    0.0
    132    0.8
    133    0.0
    134    1.5
    135    0.0
    136    6.3
    137    0.0
    138   11.3
    139    2.1
    140    2.1
    141    5.3
    142    0.0
    143    0.0
    144   19.2
    145    0.0
    146    0.0
    147    0.4
    148    0.8
    149    1.0
    150    0.0
    151    0.0
    152    0.0
    153   30.2
    154    0.0
    155    7.2
    156    0.4
    157    0.6
    158    1.2
    159   10.2
    160    0.2
    161   65.2
    162   20.9
    163   19.2
    164    0.0
    165    0.0
    166    5.1
    167    1.6
    168   14.2
    169   30.2
    170    1.8
    171    8.2
    172    0.8
    173   40.2
    174    0.4
    175    6.1
    176   30.1
    177   20.9
    178    4.2
    179    9.3
    180   12.2
    181    0.3
    182   66.3
    183    8.2
    184    0.0
    185   14.2
    186    4.3
    187   19.3
    188    6.2
    189    0.4
    190   68.2
    191   20.8
    192    0.0
    193    0.0
    194   14.3
    195   64.2
    196    0.3
    197    0.0
    198    7.2
    199   21.2
    200    1.4
    201    2.1
    202   20.8
    203    8.2
    204    0.0
    205   14.1
    206    1.4
    207   84.2
    208   14.1
    209   20.1
    210   14.3
    211   13.1
    212   22.4
    213   11.1
    214   72.1
    215   15.1
    216   20.3
    217    1.0
    218   14.3
    219   13.3
    220   50.2
    221   60.1
    222   17.2
    223    2.5
    224    2.5
    225   14.3
    226    2.2
    227    2.5
    228    0.0
    229   20.7
    230    1.6
    231    1.2
    232    0.6
    233    2.3
    234   16.2
    235    1.1
    236   76.2
    237   20.3
    238    0.9
    239   87.1
    240   20.1
    241   12.2
    242   17.1
    243    0.0
    244   17.1
    245    0.4
    246   12.3
    247   11.4
    248    0.4
    249   16.2
    250    1.5
    251   11.3
    252    1.8
    253    1.4
    254   15.2
    255   61.4
    256   24.4
    257   98.2
    258    5.2
    259    8.4
    260    0.8
    261   71.3
    262    5.2
    263    2.2
    264    5.2
    265    0.2
    266   10.1
    267    6.2
    268    1.8
    269    0.0
    270    0.0
    271    0.0
    272    0.2
    273    1.1
    274    0.8
    275    0.0
    276    0.0
    277    0.0
    278    0.0
    279   11.2
    280    0.0
    281    0.0
    282    0.0
    283    0.0
    284    0.0
    285    0.0
    286    0.0
    287    0.4
    288    0.0
    289    0.0
    290    0.0
    291    0.0
    292    0.0
    293    0.0
    294    0.0
    295    0.0
    296    0.0
    297    0.0
    298    0.0
    299    0.0
    300    0.0
    301    0.0
    302    0.0
    303    0.0
    304    0.0
    305    0.0
    306    0.0
    307    0.0
    308    0.0
    309    0.0
    310    0.0
    311    0.0
    312    0.0
    313    0.0
    314    0.0
    315    0.0
    316    0.0
    317    0.0
    318    0.0
    319    0.0
    320    0.0
    321    0.0
    322    0.0
    323    0.0
    324    0.0
    325    0.0
    326    0.0
    327    0.0
    328    0.0
    329    0.0
    330    0.0
    331    0.0
    332    0.0
    333    0.0
    334    0.0
    335    0.0
    336    0.0
    337    0.0
    338    0.0
    339    0.0
    340    3.1
    341    0.0
    342    0.0
    343    0.0
    344    0.0
    345    0.0
    346    0.0
    347    0.0
    348    0.0
    349    0.0
    350    0.0
    351    0.0
    352    0.0
    353    0.0
    354    0.0
    355    0.0
    356    0.0
    357    0.0
    358    0.0
    359    0.0
    360    0.0
    361    0.0
    362    0.0
    363    0.0
    364    0.0
    365    0.0
