      1    T  
      2    0.3
      3    0.0
      4    0.0
      5    0.0
      6    0.0
      7    0.0
      8    0.0
      9    0.0
     10    0.0
     11    0.0
     12    0.0
     13    0.0
     14    0.0
     15    0.0
     16    0.0
     17    0.0
     18    0.0
     19    0.0
     20    0.0
     21    0.0
     22    0.0
     23    0.0
     24    0.0
     25    0.0
     26    0.0
     27    0.0
     28    1.0
     29    0.0
     30    0.0
     31    1.0
     32    0.0
     33    0.0
     34    0.0
     35    0.0
     36    0.0
     37    0.0
     38    0.0
     39    0.0
     40    0.0
     41    0.0
     42    7.7
     43    0.0
     44    0.0
     45    1.0
     46    0.0
     47   13.0
     48    4.8
     49    3.8
     50    0.0
     51    0.0
     52    1.0
     53    0.0
     54    1.3
     55    8.5
     56    7.6
     57    0.0
     58    0.0
     59    7.0
     60    6.1
     61   15.0
     62    2.3
     63    7.0
     64    2.8
     65    0.1
     66    1.0
     67    0.0
     68    0.0
     69    0.0
     70    0.0
     71    0.0
     72    0.0
     73    0.0
     74    0.0
     75    0.0
     76    0.0
     77    9.8
     78    1.5
     79    0.0
     80    0.3
     81    0.0
     82   16.3
     83    3.1
     84    4.5
     85   13.0
     86    1.3
     87    0.9
     88    0.0
     89    0.0
     90    6.6
     91    7.0
     92    0.0
     93    T  
     94    0.0
     95    0.0
     96    4.0
     97    0.6
     98    0.0
     99    0.0
    100    0.5
    101    5.5
    102    8.6
    103    T  
    104    0.3
    105    0.6
    106    1.8
    107    0.0
    108    0.0
    109    4.5
    110    0.0
    111    3.3
    112    0.0
    113    0.0
    114    3.6
    115    0.8
    116    0.0
    117    0.0
    118    0.0
    119    0.7
    120    2.1
    121   19.5
    122    0.9
    123    0.0
    124    7.4
    125    0.0
    126    7.7
    127   11.1
    128    2.0
    129    2.3
    130    7.1
    131    1.0
    132    0.3
    133    2.5
    134    4.0
    135    0.0
    136    4.5
    137    1.9
    138    7.0
    139    0.2
    140   10.6
    141    3.2
    142    0.5
    143    2.8
    144    3.3
    145    1.8
    146    4.5
    147    3.7
    148    3.0
    149    1.0
    150    2.2
    151    7.6
    152    0.4
    153    0.4
    154   30.0
    155    T  
    156   42.4
    157   12.0
    158    2.5
    159   20.7
    160    3.0
    161   14.5
    162    4.0
    163    9.5
    164    6.7
    165   30.4
    166   20.0
    167   27.8
    168   22.2
    169    1.0
    170    0.0
    171   19.2
    172    4.3
    173   20.0
    174   10.6
    175   20.2
    176   20.5
    177   31.8
    178    0.3
    179   41.3
    180    9.4
    181    0.3
    182    0.7
    183   30.2
    184   32.0
    185   13.1
    186    7.3
    187    8.2
    188    8.4
    189   10.7
    190   45.7
    191    8.0
    192    2.2
    193   18.6
    194   23.0
    195   13.3
    196   22.0
    197   12.8
    198   20.4
    199   16.6
    200   21.0
    201   29.7
    202   13.0
    203   34.4
    204   24.1
    205   28.2
    206   27.1
    207    0.5
    208   13.0
    209   28.6
    210    9.3
    211   24.3
    212   14.5
    213   62.6
    214   27.0
    215    0.4
    216   31.8
    217   34.4
    218    8.0
    219   10.2
    220   19.6
    221   29.0
    222   10.1
    223   28.8
    224    8.0
    225   15.4
    226   26.7
    227   40.2
    228   30.7
    229    5.4
    230   15.1
    231   15.3
    232   14.3
    233   27.9
    234   73.1
    235   38.2
    236   13.3
    237   14.0
    238   29.7
    239    6.2
    240   15.4
    241   16.6
    242   16.0
    243    6.1
    244   10.1
    245    5.3
    246    1.5
    247    3.2
    248   11.4
    249   35.5
    250    6.8
    251    6.8
    252    9.9
    253    2.5
    254   22.1
    255    9.4
    256    1.5
    257   18.3
    258    5.0
    259   60.7
    260    7.4
    261    5.3
    262    3.8
    263    1.5
    264    0.1
    265    4.8
    266    1.1
    267    3.2
    268    7.7
    269   22.8
    270    3.8
    271    8.3
    272    8.6
    273   40.6
    274   28.5
    275    3.0
    276    4.0
    277    0.8
    278    0.0
    279    2.5
    280   10.0
    281   20.0
    282    1.0
    283    0.0
    284    2.0
    285    9.8
    286    1.6
    287    7.5
    288    T  
    289    1.0
    290    0.2
    291    1.0
    292    0.5
    293    0.0
    294    0.3
    295    2.0
    296    2.2
    297    0.9
    298    9.6
    299    1.2
    300    0.7
    301    0.6
    302    0.0
    303    0.0
    304    0.0
    305    0.0
    306    0.0
    307    0.0
    308    0.0
    309    0.0
    310    0.0
    311    0.0
    312    0.0
    313    0.0
    314    0.0
    315    0.0
    316    0.0
    317    0.0
    318    0.0
    319    0.0
    320    0.0
    321    0.0
    322    0.0
    323    0.0
    324    0.0
    325   11.5
    326    0.0
    327    0.0
    328    T  
    329    0.0
    330    0.0
    331    T  
    332    0.0
    333    0.0
    334    0.0
    335    1.5
    336    0.0
    337    0.0
    338    0.0
    339    0.0
    340    0.0
    341    0.0
    342    0.0
    343    0.0
    344    0.0
    345    0.0
    346    0.0
    347    0.0
    348    0.0
    349    0.0
    350    0.9
    351    1.1
    352    0.0
    353    0.0
    354    0.0
    355    0.0
    356    0.0
    357    0.0
    358    0.0
    359    0.0
    360    0.0
    361    0.0
    362    0.0
    363    0.0
    364    0.0
    365    0.0
    366    0.0
