      1    0.0
      2    0.0
      3    0.0
      4    0.0
      5    0.0
      6    0.0
      7    0.0
      8    0.0
      9    0.0
     10    0.0
     11    0.0
     12    0.0
     13    2.5
     14    0.0
     15    0.0
     16    0.0
     17    0.0
     18    0.0
     19    0.0
     20    0.0
     21    0.0
     22    0.0
     23    0.0
     24   17.5
     25    8.5
     26    0.0
     27    0.0
     28    0.0
     29    0.0
     30    0.0
     31    0.0
     32    0.0
     33    0.0
     34    0.0
     35    0.0
     36    0.0
     37    0.0
     38    0.5
     39    0.0
     40    0.0
     41    0.0
     42    0.0
     43    0.0
     44    0.0
     45    0.0
     46    3.7
     47    1.0
     48    0.0
     49    0.0
     50    0.0
     51    3.7
     52    0.0
     53    0.0
     54    0.0
     55    0.0
     56    0.0
     57    0.0
     58    0.0
     59    0.0
     60   13.0
     61    0.0
     62    0.0
     63    0.0
     64    0.0
     65    0.0
     66    0.0
     67    0.0
     68    6.3
     69    0.0
     70    0.0
     71    0.0
     72    0.0
     73    0.0
     74    1.4
     75    0.0
     76    0.0
     77    0.0
     78    0.0
     79    3.0
     80    0.0
     81    0.0
     82    3.5
     83    0.0
     84    0.0
     85    0.0
     86    0.0
     87    0.0
     88    0.0
     89    0.0
     90    0.0
     91    6.2
     92    0.0
     93    0.0
     94    5.5
     95    0.0
     96    0.0
     97   15.5
     98    0.0
     99    5.6
    100    7.5
    101    5.1
    102    0.0
    103    T  
    104    9.5
    105    0.0
    106   10.3
    107    0.5
    108    3.5
    109   12.0
    110    9.1
    111    0.0
    112    0.0
    113    2.5
    114    4.4
    115   12.4
    116    7.4
    117    8.5
    118    0.0
    119    0.0
    120    7.3
    121    2.9
    122    2.0
    123    4.2
    124    0.0
    125    0.0
    126    0.0
    127    0.0
    128    0.0
    129    0.0
    130    0.0
    131    0.0
    132   20.2
    133    0.0
    134   13.2
    135   12.5
    136    2.2
    137    0.2
    138   22.0
    139   16.5
    140   40.7
    141   17.0
    142    7.5
    143   12.0
    144   28.5
    145    4.7
    146    3.8
    147    0.0
    148    7.2
    149    0.2
    150    0.5
    151    8.5
    152    0.0
    153    6.7
    154    3.6
    155   11.2
    156    0.0
    157    5.4
    158    1.5
    159    7.5
    160   13.7
    161   40.1
    162    0.0
    163    6.4
    164   12.1
    165    5.5
    166    4.9
    167   10.0
    168   16.4
    169   39.0
    170    8.0
    171   24.4
    172   34.5
    173    2.8
    174   15.0
    175   11.2
    176    6.0
    177    5.0
    178   19.5
    179   13.0
    180   13.9
    181   13.2
    182   32.5
    183    6.5
    184   29.0
    185   27.0
    186   14.0
    187    2.7
    188    2.5
    189    9.1
    190   26.2
    191    8.5
    192    8.2
    193    9.4
    194    4.6
    195   26.7
    196   48.7
    197   51.3
    198   13.0
    199   16.8
    200   31.0
    201   40.1
    202   24.4
    203   12.5
    204    8.4
    205    1.0
    206   18.3
    207   28.9
    208   19.5
    209   48.0
    210   20.5
    211    7.0
    212   20.2
    213    8.4
    214   32.3
    215   49.7
    216   18.5
    217   34.8
    218   16.2
    219   44.2
    220    4.6
    221   23.2
    222   21.8
    223    6.5
    224    4.7
    225    7.1
    226    9.5
    227    3.6
    228   65.5
    229   36.0
    230    7.5
    231    8.5
    232   15.1
    233   37.1
    234   57.6
    235    0.5
    236    0.0
    237    7.7
    238    5.3
    239   18.0
    240   28.5
    241   25.3
    242    8.5
    243   39.5
    244   12.3
    245   22.0
    246    9.5
    247   29.6
    248   11.0
    249    0.3
    250   27.0
    251    5.6
    252    0.0
    253    2.5
    254    3.5
    255   34.5
    256   19.3
    257   39.5
    258    1.5
    259    4.3
    260    2.0
    261    0.5
    262    1.5
    263    4.5
    264   37.5
    265    1.5
    266    3.1
    267    4.7
    268   18.5
    269   12.0
    270   19.5
    271    6.3
    272    0.0
    273   24.9
    274    9.5
    275   41.0
    276   20.3
    277   23.5
    278   31.2
    279   29.5
    280   33.2
    281   12.5
    282    0.0
    283    0.1
    284    1.5
    285    6.5
    286   12.4
    287    0.0
    288   15.5
    289    1.5
    290    0.0
    291    0.0
    292    0.0
    293    0.0
    294    0.0
    295    0.0
    296    0.0
    297    0.0
    298    2.5
    299    1.3
    300    T  
    301    1.2
    302    1.5
    303    0.0
    304    0.0
    305    0.0
    306    0.0
    307    0.0
    308    0.0
    309    0.0
    310    0.0
    311    0.0
    312    0.0
    313    0.0
    314    0.0
    315    T  
    316    T  
    317    0.0
    318    0.0
    319    0.0
    320    0.0
    321    0.0
    322    0.0
    323    0.0
    324    0.0
    325    0.0
    326    0.0
    327    0.0
    328    0.0
    329    2.3
    330    0.0
    331    0.0
    332    0.0
    333    0.0
    334    0.0
    335    0.0
    336    0.0
    337    0.0
    338    0.0
    339    0.0
    340    0.0
    341    0.0
    342    0.0
    343    0.0
    344    0.0
    345    0.0
    346    0.0
    347    0.0
    348    0.0
    349    0.0
    350    0.0
    351    0.0
    352    0.0
    353    0.0
    354    0.0
    355    0.0
    356    0.0
    357    0.0
    358    0.0
    359    0.0
    360    0.0
    361    0.0
    362    0.0
    363    0.0
    364    0.0
    365    0.0
    366    0.0
