      1    0.0
      2    0.0
      3    0.0
      4    0.0
      5    0.0
      6    0.0
      7    0.0
      8    0.0
      9    0.0
     10    0.0
     11    0.0
     12    0.0
     13    0.0
     14    0.0
     15    5.5
     16    0.0
     17    0.4
     18    0.0
     19    0.0
     20    0.0
     21    0.0
     22    0.0
     23    0.0
     24    0.0
     25    0.1
     26    0.0
     27    0.0
     28    3.9
     29    0.0
     30    0.0
     31    0.0
     32    0.0
     33    0.0
     34    0.0
     35    0.0
     36    0.0
     37    0.0
     38    0.0
     39    0.0
     40    0.0
     41    0.0
     42    0.0
     43    0.0
     44    3.7
     45    0.0
     46    0.7
     47    0.1
     48    0.8
     49    0.0
     50    0.0
     51    0.0
     52    0.0
     53    0.0
     54    0.0
     55    0.0
     56    0.0
     57    0.0
     58    0.0
     59    0.0
     60    0.0
     61   16.8
     62    0.0
     63    5.2
     64    5.6
     65    0.0
     66    0.0
     67    0.0
     68    0.0
     69    T  
     70    1.2
     71    0.0
     72    0.0
     73    0.0
     74    0.0
     75    0.0
     76    0.0
     77    0.0
     78    0.0
     79    0.0
     80    0.0
     81    0.0
     82    0.0
     83    0.8
     84   10.7
     85    3.8
     86    2.5
     87    T  
     88    0.0
     89    9.4
     90    0.0
     91    0.0
     92    7.2
     93   12.0
     94    0.0
     95   20.8
     96    6.0
     97    5.6
     98    3.2
     99    0.0
    100   20.9
    101    0.3
    102    0.1
    103   11.6
    104    2.9
    105    T  
    106    0.0
    107    2.4
    108    T  
    109    0.3
    110    0.8
    111    0.0
    112   32.4
    113    0.9
    114    1.8
    115    0.7
    116    T  
    117    2.4
    118    2.3
    119    1.2
    120   14.4
    121    0.6
    122    2.9
    123    0.7
    124    2.6
    125    0.0
    126    8.2
    127    T  
    128   14.6
    129    6.2
    130   14.8
    131    0.8
    132    8.1
    133    0.0
    134    8.8
    135   14.9
    136    2.8
    137    1.8
    138    T  
    139    4.8
    140    1.4
    141    2.9
    142    T  
    143    0.4
    144    0.0
    145    0.0
    146    0.0
    147    T  
    148    4.2
    149    4.2
    150    2.4
    151    4.1
    152   12.6
    153    8.4
    154   22.6
    155    2.0
    156    4.6
    157    4.4
    158   14.6
    159    2.0
    160    T  
    161    T  
    162    1.1
    163   18.4
    164   20.2
    165   20.6
    166   12.0
    167    0.2
    168    2.3
    169   10.3
    170   12.4
    171   26.8
    172   22.4
    173   12.0
    174    8.8
    175   16.0
    176   32.4
    177    6.8
    178    0.8
    179   30.0
    180   28.8
    181   36.8
    182   12.8
    183   14.8
    184   22.8
    185    6.4
    186   28.2
    187   22.8
    188    6.0
    189   10.8
    190   10.1
    191    6.7
    192    4.3
    193    0.2
    194    8.8
    195   24.8
    196   60.2
    197    8.0
    198   14.4
    199   24.4
    200   10.8
    201    4.2
    202   20.8
    203   46.7
    204   16.3
    205   22.3
    206   18.9
    207    4.6
    208   18.1
    209   16.6
    210    2.3
    211   20.8
    212   32.6
    213   28.6
    214   16.2
    215   18.4
    216   28.2
    217    4.4
    218   24.4
    219   14.6
    220   10.8
    221   14.4
    222    6.2
    223   10.8
    224    8.1
    225    0.2
    226    2.9
    227    6.8
    228    1.6
    229    0.2
    230    6.4
    231   18.6
    232   20.1
    233    4.2
    234   18.1
    235    4.5
    236   38.7
    237   18.2
    238   18.1
    239    8.1
    240    6.0
    241   22.0
    242    8.4
    243   38.6
    244    2.6
    245    2.4
    246   12.2
    247    2.6
    248    2.0
    249    1.0
    250    0.2
    251    4.2
    252   12.0
    253   14.0
    254    0.4
    255    4.4
    256   10.2
    257   10.8
    258   16.4
    259   30.0
    260   22.2
    261   38.2
    262   18.5
    263    4.9
    264   10.5
    265    T  
    266   34.0
    267   18.0
    268    6.5
    269   18.5
    270   13.0
    271    6.9
    272    0.6
    273   12.8
    274    2.0
    275   16.0
    276    5.0
    277   12.0
    278   10.5
    279    8.5
    280   22.2
    281    6.0
    282    2.6
    283    1.5
    284    T  
    285    0.0
    286    4.2
    287   14.4
    288   32.8
    289   22.2
    290    4.2
    291    T  
    292    0.0
    293    0.0
    294    0.2
    295   15.2
    296    2.8
    297   14.0
    298    4.8
    299    T  
    300    0.6
    301    0.0
    302    0.0
    303    0.0
    304    0.0
    305    0.0
    306    0.0
    307    0.0
    308    0.0
    309    0.0
    310    0.0
    311    0.0
    312    0.0
    313    0.0
    314    0.0
    315    0.0
    316    0.0
    317    0.0
    318    1.0
    319    0.0
    320    0.0
    321    0.0
    322    0.0
    323    0.0
    324    0.0
    325    0.0
    326    0.0
    327    0.0
    328    0.0
    329    0.0
    330    0.0
    331    0.0
    332    0.0
    333    0.0
    334    T  
    335    0.0
    336    0.0
    337    0.0
    338    0.0
    339    0.0
    340    7.1
    341    0.0
    342    0.0
    343    0.1
    344    T  
    345    0.0
    346    0.0
    347    0.0
    348    0.8
    349    0.0
    350    2.2
    351    T  
    352    6.3
    353    0.0
    354    0.0
    355    0.0
    356    0.0
    357    0.0
    358    0.0
    359    0.0
    360    0.0
    361    0.0
    362    0.0
    363    0.0
    364    0.0
    365    0.0
