      1    0.0
      2    0.0
      3    0.0
      4    0.0
      5    0.0
      6    0.0
      7    0.0
      8    0.0
      9    0.0
     10    0.0
     11    0.0
     12    0.0
     13    0.0
     14    0.0
     15    0.0
     16    0.0
     17    0.0
     18   17.8
     19    0.0
     20    0.0
     21    0.0
     22    0.0
     23    0.0
     24    0.0
     25    0.0
     26    0.0
     27    0.0
     28    0.0
     29    0.0
     30    5.1
     31    5.3
     32    4.3
     33   25.4
     34    0.0
     35   10.2
     36   12.7
     37    5.3
     38    0.0
     39    8.1
     40    0.0
     41    1.0
     42    0.0
     43    0.0
     44    0.0
     45    0.0
     46    0.0
     47    0.0
     48    0.0
     49    0.0
     50    3.0
     51    6.6
     52    0.0
     53    0.0
     54    0.0
     55    0.0
     56    0.0
     57    0.0
     58    0.0
     59    0.0
     60    0.0
     61    0.0
     62    0.0
     63    0.3
     64   13.5
     65    0.0
     66    0.0
     67    0.0
     68    9.4
     69    0.0
     70    7.6
     71    5.8
     72    0.0
     73    0.0
     74    8.1
     75    0.0
     76    5.3
     77    0.0
     78    0.0
     79    0.0
     80   13.0
     81    0.0
     82    0.0
     83    0.0
     84    0.0
     85    0.0
     86    0.0
     87    0.0
     88    0.0
     89    3.6
     90    4.8
     91   DNA   
     92   DNA   
     93   DNA   
     94   DNA   
     95   DNA   
     96   DNA   
     97   DNA   
     98   DNA   
     99   DNA   
    100   DNA   
    101   DNA   
    102   DNA   
    103   DNA   
    104   DNA   
    105   DNA   
    106   DNA   
    107   DNA   
    108   DNA   
    109   DNA   
    110   DNA   
    111   DNA   
    112   DNA   
    113   DNA   
    114   DNA   
    115   DNA   
    116   DNA   
    117   DNA   
    118   DNA   
    119   DNA   
    120   DNA   
    121    0.0
    122   11.9
    123    1.8
    124   10.2
    125    2.5
    126    0.0
    127   10.2
    128    1.0
    129    0.8
    130    0.0
    131    4.6
    132   12.7
    133   22.1
    134    9.4
    135    3.0
    136    4.1
    137    3.0
    138    3.6
    139    0.0
    140    8.9
    141    9.1
    142    3.8
    143    0.0
    144    0.0
    145    1.0
    146    7.6
    147    8.1
    148   15.2
    149    1.0
    150    9.1
    151    3.8
    152    2.0
    153    7.6
    154    8.1
    155   15.2
    156    2.0
    157    0.0
    158    2.0
    159    7.4
    160    0.0
    161    6.9
    162    4.3
    163    0.0
    164    5.1
    165   17.0
    166   14.5
    167    1.0
    168   14.7
    169    2.5
    170   14.5
    171    2.5
    172   26.9
    173    8.6
    174    6.1
    175    2.5
    176    6.4
    177   18.3
    178   17.5
    179   36.8
    180   19.1
    181   20.6
    182   27.9
    183    4.8
    184   29.2
    185    8.9
    186   13.5
    187   34.8
    188   44.2
    189   21.8
    190    3.6
    191   20.3
    192    8.6
    193   15.0
    194   15.2
    195   47.5
    196   50.3
    197   33.0
    198    0.0
    199   33.3
    200   21.6
    201   33.0
    202    4.3
    203    2.8
    204   17.8
    205   12.2
    206    8.4
    207   26.2
    208   16.8
    209   32.8
    210    4.1
    211   62.2
    212   30.5
    213   51.8
    214   20.8
    215   52.3
    216    7.4
    217   11.4
    218   14.7
    219    7.4
    220   15.7
    221   11.9
    222   15.0
    223    1.3
    224   64.7
    225   20.3
    226   31.5
    227   35.6
    228   21.3
    229    6.4
    230   17.0
    231   28.7
    232   37.8
    233   15.2
    234   13.7
    235   13.5
    236   40.6
    237    7.6
    238    6.9
    239   12.2
    240   17.5
    241    5.6
    242   20.6
    243    0.0
    244   22.6
    245   23.6
    246   13.0
    247   26.9
    248   15.7
    249   16.3
    250   27.4
    251   36.3
    252   26.2
    253    0.0
    254   17.8
    255   14.0
    256   14.2
    257    3.3
    258   18.8
    259   17.3
    260    7.6
    261   20.6
    262    0.8
    263    1.3
    264   15.7
    265    0.0
    266   10.2
    267    6.1
    268    8.9
    269    8.6
    270    9.1
    271   21.3
    272   14.7
    273    0.0
    274   25.4
    275   10.4
    276    4.3
    277    5.1
    278    0.8
    279    0.0
    280    0.0
    281    2.5
    282    8.1
    283    5.1
    284    3.8
    285   10.7
    286    4.3
    287   22.4
    288   24.6
    289   53.3
    290   15.7
    291    2.3
    292   10.2
    293   10.2
    294    0.5
    295    0.0
    296    0.0
    297    0.0
    298    0.0
    299    0.0
    300    0.0
    301    0.0
    302    0.0
    303    0.0
    304    0.8
    305    1.8
    306   24.4
    307    0.0
    308    0.0
    309    0.0
    310    0.0
    311    0.0
    312    0.0
    313    0.0
    314    0.0
    315    0.0
    316    0.0
    317    0.0
    318    0.0
    319    0.0
    320    0.0
    321    0.0
    322    0.0
    323    0.0
    324    0.0
    325    0.0
    326    0.0
    327    0.0
    328    0.0
    329    0.0
    330    0.0
    331    0.0
    332    0.5
    333    0.8
    334    0.0
    335    0.0
    336    0.0
    337    0.0
    338    0.0
    339    0.0
    340    0.0
    341    0.0
    342    0.0
    343    0.0
    344    0.0
    345    0.0
    346    0.0
    347    0.0
    348    0.0
    349    0.0
    350    0.0
    351    0.0
    352    0.0
    353    0.0
    354    0.0
    355    0.0
    356    0.0
    357    0.0
    358    0.0
    359    0.0
    360    0.0
    361    0.0
    362    0.0
    363    0.0
    364    0.0
    365    0.0
