2003          Temperature for LUMLE                   
        Tmax  Tmin
     1  18.5   3.0 
     2  19.3   2.5 
     3  19.2   2.5 
     4  19.0   5.8 
     5  18.5   5.5 
     6  18.5   4.0 
     7  15.8   6.0 
     8  19.0   5.5 
     9  16.0   4.5 
    10  18.5   3.5 
    11  19.0   4.5 
    12  19.0   4.2 
    13  15.5   4.0 
    14  14.3   3.8 
    15  14.5   3.5 
    16  15.0   3.0 
    17  15.8   6.5 
    18  16.2   7.0 
    19  16.5   7.2 
    20  16.8   9.0 
    21  18.2   8.0 
    22  17.5   6.5 
    23  17.0   4.5 
    24  16.5   4.5 
    25  16.0   4.0 
    26  13.5   4.2 
    27  13.5   5.0 
    28  13.8   6.0 
    29  13.2   6.0 
    30  13.5   6.5 
    31  13.5   6.3 
    32  13.2   5.0 
    33  13.5   5.0 
    34  13.5   4.5 
    35  17.5   5.5 
    36  17.5   4.8 
    37  16.0   6.0 
    38  15.5   6.0 
    39  15.2   6.5 
    40  15.2   7.0 
    41  16.5   5.5 
    42  16.0   6.0 
    43  16.3   6.2 
    44  16.5   6.0 
    45  16.3   5.0 
    46  16.5   5.2 
    47  16.5   4.8 
    48  16.2   4.5 
    49  14.5   6.8 
    50  13.8   5.2 
    51  15.0   4.5 
    52  15.3   4.5 
    53  15.5   4.5 
    54  15.8   4.5 
    55  15.0   8.5 
    56  14.8   7.5 
    57  17.0   8.3 
    58  16.0   7.0 
    59  16.5   8.5 
    60  18.5   9.0 
    61  19.0   9.5 
    62  18.8  10.5 
    63  21.0  10.0 
    64  18.5   7.0 
    65  21.0   7.5 
    66  21.5   7.5 
    67  20.0   6.8 
    68  17.8   6.5 
    69  19.0   8.0 
    70  19.2   8.0 
    71  19.5   7.5 
    72  18.5   6.0 
    73  18.8   8.0 
    74  18.5   8.2 
    75  18.0   8.0 
    76  18.5   7.5 
    77  20.0   7.5 
    78  19.5   8.0 
    79  19.8   7.5 
    80  19.0   7.8 
    81  19.8   7.2 
    82  20.0   7.0 
    83  19.0   7.0 
    84  19.8   8.0 
    85  20.2   9.0 
    86  19.5   9.3 
    87  21.0   9.5 
    88  21.5   9.0 
    89  20.2   8.0 
    90  21.0   9.0 
    91  22.5   9.3 
    92  21.5   8.5 
    93  21.8   8.0 
    94  21.8  10.5 
    95  22.8   9.5 
    96  22.3  10.8 
    97  22.0   9.0 
    98  22.8   9.5 
    99  23.0  10.5 
   100  23.0  11.5 
   101  23.5  13.0 
   102  23.8  12.8 
   103  22.8  13.5 
   104  24.0  12.8 
   105  24.0  12.5 
   106  23.5  12.0 
   107  23.5  11.8 
   108  23.0  14.5 
   109  23.8  13.0 
   110  24.0  12.8 
   111  22.8  15.0 
   112  23.0  13.0 
   113  24.2  15.0 
   114  24.0  15.2 
   115  23.5  17.0 
   116  23.5  16.0 
   117  24.0  15.0 
   118  24.8  13.5 
   119  23.3  13.0 
   120  23.5  13.0 
   121  22.0  13.0 
   122  21.5  13.0 
   123  21.5  12.8 
   124  24.0   9.5 
   125  24.3  11.5 
   126  24.5  13.0 
   127  24.5  13.8 
   128  24.5  13.8 
   129  25.2  13.8 
   130  25.5  13.5 
   131  25.0  14.0 
   132  24.8  11.0 
   133  23.8  12.5 
   134  24.0  10.5 
   135  23.0  11.0 
   136  24.0  13.5 
   137  23.5  11.5 
   138  23.8  12.5 
   139  23.5  12.5 
   140  24.0  13.0 
   141  24.0  13.0 
   142  23.0  14.5 
   143  21.5   9.0 
   144  23.5  13.5 
   145  23.0  14.5 
   146  22.0  15.0 
   147  22.5  16.5 
   148  24.0  16.0 
   149  24.5  16.5 
   150  26.5  16.5 
   151  27.0  16.0 
   152  22.5  15.5 
   153  22.5  17.0 
   154  23.5  15.5 
   155  26.0  15.5 
   156  25.5  15.5 
   157  25.0  16.2 
   158  24.0  14.5 
   159  24.5  14.5 
   160  25.0  15.0 
   161  25.0  15.3 
   162  25.0  14.5 
   163  24.0  15.8 
   164  24.2  15.5 
   165  25.0  16.0 
   166  24.8  15.5 
   167  24.5  16.5 
   168  24.5  16.5 
   169  24.5  17.0 
   170  24.5  16.8 
   171  24.8  16.8 
   172  24.3  16.5 
   173  24.5  16.8 
   174  24.0  16.0 
   175  24.0  17.0 
   176  24.0  17.0 
   177  24.0  17.5 
   178  25.2  16.5 
   179  25.2  17.0 
   180  25.5  16.8 
   181  25.0  16.8 
   182  25.2  17.0 
   183  25.0  16.5 
   184  25.0  17.0 
   185  25.0  17.0 
   186  25.0  16.8 
   187  24.5  17.2 
   188  24.0  17.5 
   189  24.5  17.0 
   190  24.8  17.0 
   191  23.8  17.0 
   192  24.0  17.5 
   193  25.0  17.5 
   194  24.8  17.0 
   195  23.0  18.0 
   196  25.0  17.0 
   197  25.0  17.0 
   198  25.2  17.5 
   199  25.8  18.0 
   200  26.0  17.5 
   201  26.0  17.5 
   202  25.0  18.0 
   203  24.8  18.0 
   204  25.0  18.0 
   205  25.2  17.5 
   206  25.8  18.0 
   207  26.0  17.8 
   208  26.2  17.5 
   209  26.0  18.0 
   210  25.8  18.0 
   211  25.0  18.0 
   212  25.0  18.2 
   213  24.0  17.0 
   214  25.0  18.0 
   215  25.0  17.5 
   216  25.5  18.0 
   217  25.5  18.0 
   218  25.8  17.5 
   219  26.0  17.0 
   220  26.0  18.5 
   221  26.0  18.0 
   222  25.8  17.5 
   223  26.0  17.0 
   224  25.5  17.8 
   225  25.0  18.0 
   226  25.0  18.0 
   227  25.5  17.5 
   228  26.0  18.0 
   229  25.5  17.0 
   230  26.0  18.0 
   231  24.5  17.0 
   232  24.0  17.2 
   233  24.0  17.0 
   234  25.0  17.5 
   235  25.0  17.5 
   236  25.2  17.5 
   237  25.0  17.0 
   238  25.0  17.2 
   239  24.0  17.0 
   240  24.5  18.0 
   241  24.8  18.0 
   242  25.0  18.0 
   243  25.0  17.5 
   244  24.8  17.8 
   245  24.0  18.0 
   246  23.8  17.5 
   247  24.0  18.0 
   248  24.0  17.8 
   249  24.0  18.0 
   250  24.5  16.5 
   251  25.0  17.0 
   252  24.5  18.0 
   253  24.0  17.5 
   254  24.0  18.0 
   255  24.0  18.0 
   256  23.5  17.0 
   257  23.5  17.2 
   258  24.0  17.0 
   259  24.5  17.5 
   260  24.0  17.5 
   261  24.0  17.8 
   262  23.8  17.6 
   263  23.0  17.0 
   264  23.0  17.0 
   265  23.5  17.0 
   266  23.5  17.3 
   267  23.8  17.5 
   268  23.5  15.0 
   269  24.0  15.3 
   270  24.5  15.0 
   271  24.8  14.8 
   272  24.0  15.0 
   273  23.8  15.0 
   274  23.5  14.8 
   275  23.0  15.0 
   276  23.5  15.0 
   277  24.5  14.5 
   278  24.0  15.0 
   279  24.0  14.5 
   280  23.8  14.3 
   281  23.0  13.5 
   282  23.3  14.0 
   283  23.0  15.0 
   284  24.0  14.5 
   285  24.0  15.0 
   286  23.0  14.5 
   287  23.0  13.5 
   288  23.0  14.0 
   289  23.5  14.5 
   290  23.0  15.0 
   291  23.0  14.0 
   292  24.0  13.5 
   293  24.5  13.0 
   294  25.0  13.0 
   295  24.5  12.5 
   296  24.5  11.5 
   297  21.0  11.3 
   298  21.0  11.8 
   299  20.5  11.0 
   300  22.0  12.0 
   301  22.5  10.5 
   302  21.5  14.5 
   303  21.8  12.0 
   304  22.0  11.0 
   305  22.5  10.5 
   306  22.0  10.5 
   307  22.0  11.0 
   308  21.8  10.8 
   309  22.0  10.8 
   310  18.0  11.5 
   311  21.5  11.5 
   312  20.5  10.0 
   313  20.0  10.0 
   314  19.8  10.5 
   315  19.5  10.5 
   316  19.5  10.0 
   317  18.0   9.5 
   318  19.0   8.0 
   319  18.0   9.0 
   320  18.5   8.5 
   321  19.3   8.5 
   322  19.5   8.5 
   323  19.5   8.5 
   324  20.0   8.5 
   325  19.0   8.0 
   326  18.5   8.5 
   327  18.0   9.5 
   328  17.5   9.0 
   329  18.0   9.5 
   330  17.0   9.5 
   331  17.0   8.5 
   332  17.0   7.5 
   333  17.5   7.5 
   334  17.0   6.5 
   335  18.0   7.5 
   336  16.0   6.5 
   337  16.2   6.5 
   338  15.8   7.0 
   339  16.0   6.5 
   340  15.2   6.5 
   341  15.5   6.5 
   342  15.0   8.5 
   343  15.0   7.5 
   344  14.8   6.5 
   345  15.5   7.5 
   346  15.5   6.5 
   347  15.0   7.0 
   348  15.0   6.2 
   349  15.2   7.0 
   350  15.0   6.0 
   351  15.5   5.5 
   352  15.3   5.5 
   353  15.2   5.2 
   354  15.2   6.0 
   355  15.0   6.0 
   356  15.0   4.8 
   357  15.0   5.0 
   358  15.2   4.5 
   359  16.0   4.5 
   360  12.0   3.5 
   361  12.0   2.5 
   362  12.0   0.5 
   363  12.0   0.5 
   364  11.8   3.0 
   365  12.0   3.5 
