2004          Temperature for LUMLE                   
        Tmax  Tmin
     1  12.5   4.3 
     2  12.0   4.0 
     3  12.0   4.5 
     4  12.2   4.5 
     5  12.5   4.5 
     6  12.0   4.5 
     7  12.0   4.5 
     8  12.0   4.5 
     9  12.0   5.0 
    10  12.0   4.5 
    11  12.0   4.5 
    12  12.0   4.5 
    13  12.0   4.5 
    14  12.8   4.5 
    15  12.5   6.5 
    16  13.0   6.0 
    17  13.2   5.5 
    18  13.5   5.8 
    19  14.5   5.8 
    20  15.0   6.0 
    21  15.0   7.0 
    22  15.0   5.5 
    23  14.8   4.5 
    24  13.0   1.0 
    25  12.5   1.0 
    26  12.5   0.0 
    27  12.0   3.0 
    28  12.5   4.0 
    29  12.0   4.0 
    30  13.2   5.0 
    31  14.0   5.0 
    32  15.0   5.0 
    33  15.0   4.5 
    34  15.0   4.5 
    35  14.5   4.5 
    36  15.0   3.5 
    37  15.0   4.0 
    38  13.5   4.0 
    39  12.0   4.0 
    40  14.5   4.0 
    41  16.0   4.5 
    42  16.0   5.5 
    43  16.0   6.0 
    44  16.5   6.0 
    45  16.5   7.0 
    46  17.0   4.5 
    47  17.0   7.0 
    48  17.0   8.0 
    49  18.0   7.5 
    50  18.0   7.0 
    51  16.5   7.0 
    52  16.0   7.5 
    53  16.5   7.0 
    54  17.0   7.5 
    55  17.5   9.0 
    56  17.3   9.0 
    57  18.0   8.5 
    58  19.0  11.5 
    59  19.5  10.5 
    60  20.0  11.0 
    61  20.5  10.5 
    62  20.5  10.5 
    63  20.5  10.5 
    64  20.5  10.0 
    65  20.0  10.0 
    66  20.0  10.5 
    67  21.2  10.0 
    68  19.0  11.0 
    69  21.0  11.0 
    70  21.0  10.8 
    71  21.5  10.0 
    72  21.5  10.0 
    73  20.0  10.5 
    74  20.5   9.5 
    75  21.8   9.5 
    76  22.0   9.5 
    77  21.5  10.5 
    78  22.0  11.5 
    79  22.2  13.5 
    80  22.5  14.0 
    81  22.5  14.0 
    82  21.8  15.0 
    83  22.0  15.0 
    84  24.5  14.5 
    85  25.0  14.0 
    86  25.0  14.0 
    87  25.5  14.5 
    88  25.5  12.5 
    89  25.5  14.0 
    90  25.5  11.5 
    91  25.5  11.5 
    92  25.3  11.5 
    93  25.3  12.5 
    94  25.0  12.5 
    95  25.0  10.5 
    96  25.0  12.0 
    97  25.5  12.0 
    98  24.0  11.0 
    99  20.8  11.0 
   100  20.8  10.5 
   101  21.0  10.5 
   102  24.0  12.0 
   103  22.0  12.0 
   104  23.0  11.0 
   105  24.0  12.5 
   106  24.0  11.8 
   107  24.0  11.0 
   108  24.5  11.0 
   109  25.0  11.5 
   110  25.0  11.0 
   111  25.0  11.0 
   112  25.0  10.5 
   113  24.0   8.0 
   114  23.0   8.0 
   115  24.5   9.5 
   116  25.0  11.0 
   117  25.0  11.0 
   118  25.0  11.0 
   119  25.0  11.5 
   120  25.0  12.0 
   121  25.0  11.5 
   122  25.2  11.0 
   123  25.0  11.2 
   124  25.5  12.0 
   125  25.5  12.0 
   126  25.5  11.0 
   127  26.0  12.0 
   128  26.0   9.0 
   129  26.2   9.0 
   130  26.0  13.0 
   131  26.5  13.6 
   132  26.0  13.0 
   133  26.0  13.0 
   134  26.0  12.5 
   135  26.5  12.0 
   136  26.0  12.5 
   137  26.0  12.5 
   138  26.8  13.0 
   139  27.0  13.5 
   140  26.5  12.8 
   141  26.5   9.6 
   142  26.5  10.5 
   143  27.0  14.0 
   144  27.0  14.0 
   145  26.8  13.5 
   146  26.0  11.8 
   147  25.0  12.0 
   148  26.0  10.5 
   149  26.0   8.5 
   150  25.5  12.0 
   151  25.0  11.8 
   152  24.8  16.0 
   153  23.5  14.0 
   154  24.0  13.5 
   155  24.0  14.5 
   156  24.5  14.5 
   157  25.0  14.2 
   158  24.0  14.0 
   159  24.0  14.2 
   160  25.3  14.5 
   161  26.2  14.5 
   162  26.0  14.8 
   163  25.5  14.5 
   164  26.0  14.2 
   165  26.0  13.5 
   166  25.5  11.5 
   167  25.0  12.5 
   168  25.0  13.5 
   169  25.0  13.5 
   170  25.0  14.5 
   171  25.0  14.5 
   172  24.5  14.0 
   173  25.0  17.0 
   174  24.8  16.5 
   175  24.0  17.0 
   176  24.2  16.0 
   177  25.0  16.5 
   178  25.2  17.0 
   179  25.3  16.3 
   180  25.5  16.0 
   181  25.0  16.0 
   182  25.2  17.0 
   183  25.0  16.0 
   184  25.0  15.0 
   185  25.2  16.5 
   186  24.5  16.0 
   187  24.5  17.0 
   188  25.8  17.2 
   189  23.3  18.0 
   190  23.5  18.0 
   191  23.5  17.5 
   192  22.8  17.0 
   193  23.0  17.0 
   194  22.0  16.5 
   195  22.5  17.0 
   196  23.0  17.2 
   197  23.5  17.0 
   198  23.5  17.0 
   199  23.5  17.0 
   200  23.2  17.5 
   201  23.5  18.0 
   202  23.5  18.5 
   203  22.5  19.2 
   204  22.0  18.0 
   205  24.0  17.5 
   206  25.2  17.0 
   207  24.5  18.0 
   208  25.0  17.5 
   209  24.5  16.5 
   210  25.0  17.0 
   211  24.5  16.5 
   212  25.2  17.0 
   213  23.8  17.0 
   214  24.5  17.0 
   215  25.0  17.0 
   216  25.0  16.5 
   217  27.0  17.5 
   218  23.5  18.0 
   219  24.0  18.5 
   220  24.5  18.0 
   221  25.5  19.5 
   222  25.0  18.0 
   223  25.0  16.5 
   224  24.8  17.5 
   225  25.2  18.0 
   226  25.0  17.5 
   227  25.5  18.0 
   228  25.5  17.0 
   229  25.0  18.0 
   230  25.0  17.0 
   231  24.0  18.0 
   232  22.8  17.5 
   233  25.0  17.5 
   234  25.8  17.5 
   235  23.0  18.0 
   236  25.0  18.5 
   237  25.0  18.5 
   238  25.5  18.0 
   239  24.5  18.0 
   240  24.5  12.5 
   241  23.5  16.5 
   242  24.5  18.0 
   243  25.0  18.0 
   244  25.0  17.0 
   245  24.0  18.0 
   246  24.0  18.0 
   247  21.8  18.0 
   248  24.5  17.5 
   249  24.0  17.5 
   250  24.5  18.0 
   251  22.5  11.0 
   252  21.8  19.0 
   253  22.8  19.5 
   254  22.5  18.0 
   255  22.0  17.0 
   256  21.0  13.0 
   257  21.5  17.0 
   258  21.8  17.0 
   259  22.0  14.0 
   260  21.5  16.0 
   261  22.8  16.0 
   262  22.0  15.0 
   263  23.5  16.0 
   264  22.5  16.5 
   265  22.0  15.0 
   266  22.5  16.5 
   267  23.0  16.0 
   268  23.0  16.0 
   269  23.5  10.0 
   270  21.0  14.0 
   271  20.0  15.0 
   272  20.5  16.0 
   273  20.5  15.0 
   274  21.5  15.0 
   275  19.5  13.5 
   276  21.5  14.5 
   277  21.5  14.5 
   278  20.0  14.0 
   279  20.0  15.0 
   280  21.0  15.0 
   281  21.5  14.5 
   282  20.8  15.0 
   283  21.0  14.0 
   284  21.0  15.5 
   285  19.8  15.0 
   286  21.8  15.5 
   287  21.0  10.3 
   288  20.0  11.0 
   289  20.0   9.0 
   290  19.5  10.0 
   291  21.0  11.0 
   292  20.5  12.0 
   293  21.5  12.0 
   294  22.0  11.5 
   295  20.5  10.5 
   296  20.0  10.0 
   297  20.0  11.0 
   298  19.5  10.5 
   299  19.0  10.0 
   300  19.5   9.5 
   301  20.0  10.5 
   302  18.5   9.0 
   303  18.0   9.3 
   304  19.0   9.0 
   305  19.0   9.0 
   306  19.0   8.0 
   307  18.5   9.0 
   308  19.0   8.0 
   309  18.3   9.0 
   310  19.5   8.5 
   311  20.0   8.5 
   312  19.5   8.3 
   313  19.5   8.5 
   314  17.5   7.5 
   315  17.5   9.0 
   316  16.5   8.5 
   317  17.0   8.0 
   318  16.0   8.5 
   319  17.0   8.0 
   320  15.5   8.0 
   321  17.0   9.0 
   322  17.5   9.0 
   323  17.5  10.0 
   324  18.0   8.0 
   325  16.5   8.0 
   326  16.0   8.0 
   327  16.0   7.5 
   328  16.0   9.0 
   329  15.5   6.0 
   330  15.8   7.0 
   331  16.5   9.0 
   332  16.5   6.0 
   333  16.8   6.0 
   334  17.0   6.5 
   335  17.3   7.0 
   336  16.0   6.0 
   337  16.0   5.0 
   338  17.5   6.0 
   339  19.5   7.0 
   340  17.5   7.0 
   341  17.8   6.0 
   342  18.0   6.0 
   343  17.5   6.5 
   344  16.5   7.0 
   345  16.0   8.0 
   346  16.5   8.0 
   347  16.3   8.0 
   348  16.5   9.5 
   349  15.5   9.5 
   350  16.0   7.5 
   351  16.8   7.5 
   352  16.5   8.5 
   353  16.5   7.5 
   354  16.0   9.5 
   355  13.8   8.5 
   356  14.5   6.5 
   357  14.0   5.5 
   358  14.5   6.0 
   359  14.5   5.5 
   360  14.0   5.0 
   361  11.0   3.5 
   362  11.5   2.5 
   363  12.0   4.0 
   364  12.0   5.5 
   365  12.0   6.0 
   366  13.5   5.5 
