1989          Temperature for LUMLE                   
        Tmax  Tmin
     1  13.8   5.4 
     2  13.9   6.0 
     3  11.5   4.0 
     4  12.0   3.2 
     5  13.5   4.4 
     6  12.4   5.1 
     7  13.0   3.0 
     8   7.3   3.1 
     9  12.0   3.1 
    10  11.5   2.2 
    11   8.2   2.0 
    12   6.7   0.2 
    13   8.9   0.6 
    14  11.9   2.2 
    15  11.5   3.1 
    16  11.7   4.8 
    17   7.1   3.6 
    18  11.0   2.3 
    19  11.9   3.0 
    20  11.7   2.6 
    21   9.6   4.2 
    22  13.7   6.0 
    23  13.0   4.0 
    24  12.6   4.9 
    25  12.9   4.2 
    26  14.3   4.3 
    27  13.6   5.0 
    28  13.6   4.2 
    29  13.5   5.2 
    30  12.2   6.7 
    31  14.5   6.2 
    32  16.5   7.0 
    33  17.0   8.0 
    34  15.0   8.9 
    35  15.2   8.0 
    36  17.6   7.5 
    37  18.0   8.8 
    38  16.0   6.4 
    39  14.6   5.4 
    40  14.6   4.9 
    41  15.9   5.0 
    42  16.0   6.2 
    43  14.2   4.4 
    44  14.0   5.2 
    45  13.3   5.8 
    46  13.2   4.5 
    47  14.5   3.8 
    48  16.0   3.6 
    49  12.2   4.6 
    50   4.6   0.1 
    51   9.5  -0.3 
    52   5.0   3.0 
    53  11.0   1.2 
    54  11.2   1.3 
    55  14.5   3.8 
    56  16.8   6.0 
    57  17.9   7.0 
    58  19.3   8.9 
    59  21.7   9.8 
    60  19.5   9.3 
    61  19.2   8.8 
    62  19.7   8.0 
    63  19.5   8.5 
    64  19.4   8.3 
    65  19.0   8.3 
    66  20.0   9.3 
    67  20.0   9.5 
    68  20.0   9.8 
    69  19.0   8.3 
    70  17.8   7.6 
    71  15.7   6.2 
    72  14.7   7.8 
    73  17.0   5.0 
    74  17.4   6.5 
    75  17.5   7.3 
    76  18.5   7.8 
    77  18.3   7.2 
    78  19.0   9.2 
    79  17.9  11.2 
    80  18.2  12.2 
    81  21.5  11.9 
    82  22.7  12.3 
    83  22.9  12.3 
    84  23.0  12.8 
    85  21.8  13.3 
    86  17.5  13.3 
    87  16.5  11.6 
    88  15.9   8.8 
    89  17.9   7.0 
    90  19.5  11.0 
    91  20.1  12.9 
    92  22.3  11.9 
    93  21.0  10.0 
    94  22.5  10.3 
    95  22.7  10.9 
    96  22.4  11.4 
    97  21.5  12.0 
    98  21.6  12.8 
    99  22.3  13.1 
   100  22.7  14.8 
   101  22.0  10.2 
   102  22.5  11.3 
   103  23.7  12.8 
   104  24.3  13.3 
   105  23.0  13.9 
   106  25.0  13.3 
   107  25.5  14.6 
   108  25.7  14.4 
   109  26.4  14.5 
   110  26.2  14.5 
   111  25.5  14.4 
   112  26.0  14.8 
   113  25.3  16.2 
   114  26.5  15.8 
   115  26.5  15.3 
   116  24.8  10.2 
   117  22.8  14.9 
   118  23.2  12.1 
   119  25.0  12.5 
   120  25.0  14.1 
   121  22.7  15.4 
   122  26.7  14.3 
   123  28.7  17.2 
   124  27.9  17.3 
   125  29.0  17.5 
   126  29.5  17.8 
   127  29.5  17.5 
   128  28.7  17.4 
   129  28.0  15.7 
   130  26.0  16.0 
   131  26.5  16.3 
   132  24.7  16.2 
   133  22.5  14.0 
   134  21.1  12.1 
   135  22.5  13.6 
   136  25.0  16.3 
   137  21.5  15.0 
   138  25.0  14.6 
   139  23.2  15.6 
   140  21.5  15.8 
   141  19.8  15.5 
   142  24.1  16.0 
   143  24.2  16.0 
   144  25.3  15.9 
   145  25.5  15.8 
   146  17.0  15.0 
   147  22.1  15.0 
   148  21.7  15.0 
   149  22.5  14.9 
   150  22.0  14.6 
   151  24.0  14.8 
   152  23.3  13.8 
   153  24.3  15.9 
   154  25.3  16.9 
   155  20.5  15.2 
   156  22.9  15.0 
   157  22.2  14.8 
   158  23.2  15.8 
   159  24.0  15.0 
   160  25.7  17.3 
   161  25.3  13.5 
   162  25.6  15.0 
   163  24.0  17.3 
   164  24.2  16.8 
   165  24.2  16.3 
   166  24.5  17.2 
   167  23.5  17.2 
   168  23.5  15.7 
   169  21.2  15.5 
   170  23.5  15.5 
   171  24.2  15.6 
   172  23.5  15.3 
   173  22.0  16.2 
   174  23.5  18.3 
   175  23.7  17.2 
   176  23.0  17.2 
   177  24.0  17.0 
   178  24.2  17.2 
   179  23.5  17.5 
   180  23.7  15.8 
   181  23.3  16.8 
   182  23.0  16.2 
   183  22.8  17.2 
   184  22.0  16.0 
   185  23.0  17.0 
   186  23.0  17.2 
   187  20.7  17.2 
   188  22.0  16.9 
   189  23.4  17.0 
   190  22.6  17.9 
   191  22.3  18.1 
   192  23.7  17.9 
   193  20.0  17.8 
   194  20.9  17.0 
   195  17.9  15.9 
   196  18.2  16.3 
   197  21.2  16.2 
   198  20.5  16.7 
   199  21.5  17.8 
   200  22.9  17.5 
   201  24.3  17.7 
   202  23.4  17.9 
   203   DNA  17.8 
   204  26.0  18.2 
   205  25.6  18.3 
   206  24.5  17.7 
   207  23.5  18.8 
   208  20.2  17.3 
   209  20.7  17.9 
   210   DNA  17.2 
   211  18.2  16.7 
   212  20.0  16.0 
   213  17.5  15.6 
   214  21.9  14.9 
   215  26.0  16.8 
   216  24.5  17.0 
   217  23.7  17.7 
   218  22.5  17.2 
   219  22.2  16.8 
   220  20.5  17.3 
   221  21.5  16.2 
   222  21.2  17.1 
   223  24.5  16.2 
   224  24.5  17.0 
   225  22.2  16.3 
   226  24.2  17.8 
   227  24.4  17.0 
   228  24.2  17.8 
   229  23.9  16.9 
   230  23.7  17.0 
   231  21.7  17.7 
   232  21.6  17.3 
   233  22.0  16.8 
   234  23.5  16.9 
   235  25.1  17.8 
   236  22.3  16.8 
   237  24.7  16.3 
   238  24.7  17.2 
   239  24.0  17.0 
   240  24.5  17.2 
   241  22.3  17.5 
   242  23.9  17.5 
   243  23.0  17.2 
   244  24.3  18.2 
   245  25.0  17.0 
   246  22.7  17.8 
   247  20.3  18.0 
   248  22.7  18.3 
   249  23.2  17.2 
   250  24.0  17.4 
   251  24.5  17.0 
   252  25.3  17.7 
   253  25.6  17.4 
   254  24.5  16.2 
   255  24.0  15.3 
   256  22.6  16.1 
   257  21.5  16.4 
   258  22.9  16.7 
   259  23.5  17.4 
   260  24.6  17.0 
   261  23.5  17.2 
   262  23.6  15.9 
   263  23.0  15.8 
   264  22.0  15.8 
   265  21.7  15.8 
   266  22.0  16.0 
   267  21.0  16.3 
   268  23.2  14.2 
   269  22.9  15.8 
   270  23.9  15.0 
   271  22.6  16.0 
   272  21.0  16.2 
   273  19.7  14.5 
   274  23.2  15.0 
   275  24.0  15.3 
   276  24.6  16.2 
   277  24.0  14.7 
   278  23.2  15.9 
   279  22.6  16.0 
   280  23.9  14.5 
   281  24.0  13.9 
   282  23.5  13.6 
   283  22.0  13.8 
   284  23.0  13.9 
   285  21.9  13.0 
   286  22.4  13.1 
   287  24.0  13.8 
   288  23.9  13.6 
   289  23.8  14.2 
   290  23.2  14.2 
   291  22.4  13.0 
   292  21.0  12.8 
   293  20.6  12.0 
   294  21.0  10.4 
   295  20.5  11.0 
   296  22.3  11.8 
   297  20.7  12.5 
   298  20.8  12.1 
   299  20.8  12.3 
   300  20.7  11.3 
   301  19.5  11.0 
   302  19.2  10.4 
   303  19.5   9.9 
   304  19.7   9.7 
   305  18.7  10.3 
   306  18.7  10.2 
   307  17.7   9.7 
   308  16.5  10.0 
   309  18.5   9.4 
   310  19.0   8.5 
   311  18.4   8.4 
   312  16.8   8.5 
   313  17.5   9.0 
   314  18.0   9.3 
   315  18.3   9.8 
   316  19.2   9.2 
   317  17.5   9.0 
   318  16.5  10.4 
   319  16.4   9.7 
   320  18.2   9.3 
   321  17.0   9.5 
   322  15.0  10.9 
   323  17.7   9.9 
   324  16.6   8.0 
   325  15.0   8.0 
   326  15.5   9.2 
   327  16.1   8.2 
   328  16.0   8.9 
   329  12.4   7.2 
   330  17.3   6.0 
   331  16.0   7.5 
   332  15.4   7.5 
   333  14.5   5.2 
   334  15.2   5.8 
   335  15.0   6.2 
   336  16.5   6.8 
   337  16.5   7.0 
   338  15.2   6.2 
   339  14.6   5.9 
   340  17.2   6.8 
   341  18.9   8.2 
   342  15.7   7.2 
   343  14.6   6.8 
   344  13.5   6.4 
   345  12.1   7.4 
   346  10.5   7.2 
   347   9.5   5.2 
   348  13.0   4.5 
   349  15.5   4.9 
   350  15.9   6.2 
   351  14.5   5.6 
   352  14.1   6.0 
   353  13.0   7.2 
   354  11.5   6.5 
   355  13.2   6.2 
   356  14.2   6.0 
   357  10.5   6.2 
   358  10.5   6.4 
   359  14.5   4.0 
   360  10.3   3.9 
   361  11.2   1.0 
   362  12.0   3.0 
   363  12.3   3.5 
   364  12.5   3.6 
   365  13.0   4.0 
