1987          Temperature for BHAIRHAWA (AGRIC)       
        Tmax  Tmin
     1  20.0   6.4 
     2  21.0   7.0 
     3  22.0   7.0 
     4  21.0   8.0 
     5  22.0   7.4 
     6  24.2   8.0 
     7  25.0   9.0 
     8  26.4   8.0 
     9  26.0   8.0 
    10  27.0   9.0 
    11  26.0  10.0 
    12  27.0   8.0 
    13  27.0  10.0 
    14  24.6  11.0 
    15  24.0   9.0 
    16  25.0   9.0 
    17  25.0  12.0 
    18  24.0   9.0 
    19  18.0  13.0 
    20  13.8  11.0 
    21  17.6  12.0 
    22  15.0   9.4 
    23  16.2  10.0 
    24  16.0   8.0 
    25  22.0   6.0 
    26  25.0   7.0 
    27  25.0   9.0 
    28  26.2  10.0 
    29  25.4  10.0 
    30  25.0  10.0 
    31  27.0  10.0 
    32  25.2  10.0 
    33  27.0  10.0 
    34  28.0  10.0 
    35  23.0  12.0 
    36  24.0   9.0 
    37  25.2  10.0 
    38  26.0  10.0 
    39  26.0  11.0 
    40  25.2  11.0 
    41  25.4  11.0 
    42  27.0  11.2 
    43  27.0  10.0 
    44  27.0  12.0 
    45  26.6  12.0 
    46  25.4  13.0 
    47  29.4  12.0 
    48  28.0  10.2 
    49  28.0  11.0 
    50  23.6  11.0 
    51  29.0  10.4 
    52  31.0  12.0 
    53  29.6  12.0 
    54  29.2  11.2 
    55  30.0  12.0 
    56  30.4  14.0 
    57  30.8  12.0 
    58  25.0  16.0 
    59  26.4  11.0 
    60  27.0   9.2 
    61  28.0  12.0 
    62  28.4  12.0 
    63  29.0  14.0 
    64  29.4  14.0 
    65  30.0  14.0 
    66  30.4  14.0 
    67  31.6  15.0 
    68  31.0  14.0 
    69  30.6  13.0 
    70  30.4  13.0 
    71  23.0  10.0 
    72  27.0  12.0 
    73  30.0  13.0 
    74  30.4  14.0 
    75  31.2  14.0 
    76  32.0  17.0 
    77  31.4  14.0 
    78  33.0  13.0 
    79  30.2  16.0 
    80  32.4  13.0 
    81  34.0  15.0 
    82  34.0  15.0 
    83  33.2  18.0 
    84  34.0  18.0 
    85  34.0  13.0 
    86  36.4  15.0 
    87  36.0  16.0 
    88  36.0  17.0 
    89  35.2  19.0 
    90  36.0  19.0 
    91  35.0  19.0 
    92  37.0  19.0 
    93  38.4  18.0 
    94  38.6  18.0 
    95  37.6  17.2 
    96  37.2  18.0 
    97  35.0  18.0 
    98  35.0  18.0 
    99  36.0  19.0 
   100  36.0  19.0 
   101  36.2  18.0 
   102  37.0  13.0 
   103  37.0  16.0 
   104  37.0  14.0 
   105  37.0  12.6 
   106  37.0  15.0 
   107  37.8  17.2 
   108  37.4  16.0 
   109  36.0  19.0 
   110  36.4  21.0 
   111  37.2  22.2 
   112  37.0  23.0 
   113  36.0  22.0 
   114  35.0  25.0 
   115  35.0  18.0 
   116  33.2  22.0 
   117  30.0  18.0 
   118  32.0  19.0 
   119  33.8  20.0 
   120  29.2  19.6 
   121  30.0  21.0 
   122  30.0  17.2 
   123  30.2  18.0 
   124  30.6  19.0 
   125  31.2  19.0 
   126  32.0  21.0 
   127  32.2  18.0 
   128  32.0  22.0 
   129  33.6  18.0 
   130  36.2  19.0 
   131  36.4  17.0 
   132  38.0  19.0 
   133  38.8  20.0 
   134  38.6  20.0 
   135  39.2  20.0 
   136  40.2  20.0 
   137  41.0  20.2 
   138  39.0  20.2 
   139  40.0  19.0 
   140  40.6  23.0 
   141  39.0  29.2 
   142  40.4  26.0 
   143  39.8  24.0 
   144  41.0  25.0 
   145  38.9  22.0 
   146  40.0  21.0 
   147  41.6  23.0 
   148  41.0  27.0 
   149  40.4  25.0 
   150  39.8  26.0 
   151  39.0  29.0 
   152  40.0  28.0 
   153  35.0  25.0 
   154  35.0  25.0 
   155  37.0  28.0 
   156  40.4  27.0 
   157  39.0  29.0 
   158  32.0  24.0 
   159  32.0  27.0 
   160  35.0  26.4 
   161  35.2  25.0 
   162  38.2  26.6 
   163  39.8  26.0 
   164  40.0  27.0 
   165  40.6  26.0 
   166  39.6  29.0 
   167  36.4  26.4 
   168  34.0  23.0 
   169  37.4  27.0 
   170  38.6  27.0 
   171  38.6  25.0 
   172  37.2  27.0 
   173  33.0  27.0 
   174  37.0  26.2 
   175  35.0  25.0 
   176  39.8  27.0 
   177  40.2  29.0 
   178  40.0  27.0 
   179  36.4  27.0 
   180  35.0  28.0 
   181  37.0  28.0 
   182  38.0  28.0 
   183  35.0  25.0 
   184  30.0  25.0 
   185  32.0  25.0 
   186  35.0  25.0 
   187  35.0  27.0 
   188  35.0  24.0 
   189  28.0  25.0 
   190  32.0  25.0 
   191  31.0  25.0 
   192  31.0  25.0 
   193  33.4  26.0 
   194  34.0  27.0 
   195  34.0  27.2 
   196  34.0  26.0 
   197  34.4  26.2 
   198  32.4  27.0 
   199  35.2  27.2 
   200  34.0  26.4 
   201  34.0  27.2 
   202  32.8  27.0 
   203  34.6  26.6 
   204  34.0  25.8 
   205  27.4  24.4 
   206  29.0  24.0 
   207  31.0  24.6 
   208  32.6  25.2 
   209  32.4  26.2 
   210  33.2  26.8 
   211  30.4  24.0 
   212  32.2  26.0 
   213  29.0  24.0 
   214  30.0  24.0 
   215  30.0  25.0 
   216  33.0  26.0 
   217  33.6  26.0 
   218  33.0  27.0 
   219  34.0  27.0 
   220  35.2  27.0 
   221  29.0  26.0 
   222  32.2  26.0 
   223  32.0  24.0 
   224  26.0  24.0 
   225  31.0  24.0 
   226  30.0  24.0 
   227  33.0  25.0 
   228  36.2  26.0 
   229  35.0  27.0 
   230  35.0  26.0 
   231  37.0  27.0 
   232  34.8  26.0 
   233  33.0  26.4 
   234  34.0  26.0 
   235  35.2  27.0 
   236  35.4  26.0 
   237  37.0  26.0 
   238  33.0  25.0 
   239  31.2  28.0 
   240  33.0  26.0 
   241  33.0  27.0 
   242  33.0  27.0 
   243  33.4  27.0 
   244  34.0  26.0 
   245  32.2  25.0 
   246  33.6  23.0 
   247  32.0  24.0 
   248  31.0  26.0 
   249  30.0  27.0 
   250  33.6  26.4 
   251  29.0  24.0 
   252  31.0  25.0 
   253  30.0  25.0 
   254  32.0  24.0 
   255  32.0  25.0 
   256  34.0  25.0 
   257  34.0  26.0 
   258  33.0  26.4 
   259  34.0  26.4 
   260  35.0  26.0 
   261  35.0  27.0 
   262  35.2  26.0 
   263  31.0  26.0 
   264  30.0  24.0 
   265  32.0  20.0 
   266  33.0  22.0 
   267  33.0  25.0 
   268  34.2  23.0 
   269  34.2  25.0 
   270  33.0  25.0 
   271  34.0  26.0 
   272  32.0  23.0 
   273  34.0  24.0 
   274  34.0  23.0 
   275  34.0  23.0 
   276  34.6  23.0 
   277  31.0  25.0 
   278  32.4  22.0 
   279  32.2  21.2 
   280  33.0  22.0 
   281  33.6  22.0 
   282  33.4  22.0 
   283  33.6  21.0 
   284  33.6  22.0 
   285  33.0  24.0 
   286  32.4  23.0 
   287  33.4  24.0 
   288  33.0  23.0 
   289  33.6  19.0 
   290  33.4  21.0 
   291  28.0  20.0 
   292  28.4  18.0 
   293  33.3  19.3 
   294  34.0  17.0 
   295  33.6  20.0 
   296  30.0  17.0 
   297  32.0  18.0 
   298  32.0  18.0 
   299  31.6  18.0 
   300  31.0  19.0 
   301  30.4  18.0 
   302  30.0  20.0 
   303  30.0  20.2 
   304  30.4  21.0 
   305  31.2  20.0 
   306  30.6  18.0 
   307  30.0  16.0 
   308  30.6  16.0 
   309  31.0  16.0 
   310  30.0  15.0 
   311  30.2  17.0 
   312  31.2  16.0 
   313  31.0  16.0 
   314  29.6  16.0 
   315  30.0  17.4 
   316  31.0  16.0 
   317  31.0  15.0 
   318  30.2  16.0 
   319  31.0  16.0 
   320  29.2  15.0 
   321  29.0  16.0 
   322  29.0  14.0 
   323  29.0  14.0 
   324  28.0  13.0 
   325  29.0  13.0 
   326  29.8  12.2 
   327  30.2  13.0 
   328  29.0  13.4 
   329  29.0  13.0 
   330  28.6  12.0 
   331  28.0  11.0 
   332  28.0  12.0 
   333  28.2  13.0 
   334  29.0  13.0 
   335  29.0  13.0 
   336  28.2  12.0 
   337  27.2  12.2 
   338  27.2  14.0 
   339  26.0  14.0 
   340  26.4  12.0 
   341  26.6  12.2 
   342  27.0  12.4 
   343  26.0  12.0 
   344  26.0  12.0 
   345  24.0  12.0 
   346  18.0  11.0 
   347  20.0  14.0 
   348  19.2  12.0 
   349  23.2  11.0 
   350  25.0  10.0 
   351  26.0  10.0 
   352  25.2  10.0 
   353  26.0  10.0 
   354  27.0  10.0 
   355  27.0   9.0 
   356  25.0   9.0 
   357  24.2   9.0 
   358  23.0   9.0 
   359  25.0   9.0 
   360  26.0   9.0 
   361  25.0   9.0 
   362  24.0   9.0 
   363  23.4   9.0 
   364  24.0  10.0 
   365  25.0  10.0 
