2010          Temperature for BHAIRHAWA (AGRIC)       
        Tmax  Tmin
     1  15.4  11.0 
     2  18.6   6.0 
     3  10.2   8.4 
     4  14.2  10.0 
     5  16.2  11.0 
     6  19.2   9.0 
     7  23.2   7.2 
     8  23.2   8.0 
     9  13.8   9.6 
    10  15.0  11.4 
    11  12.6  10.0 
    12  12.2  10.2 
    13  16.2   7.4 
    14  22.6   9.8 
    15  13.4   9.0 
    16  13.4  11.0 
    17  13.2  11.0 
    18  12.6  10.0 
    19  12.4  10.0 
    20  15.0   9.0 
    21  17.2   9.0 
    22  13.4   6.0 
    23  14.2   7.0 
    24  19.2   9.0 
    25  23.4   7.0 
    26  19.6   9.0 
    27  20.2   8.0 
    28  26.0  10.2 
    29  23.6  10.0 
    30  23.6  10.2 
    31  23.0  10.0 
    32  25.2   8.0 
    33  24.8   5.2 
    34  26.2   5.4 
    35  26.6   6.0 
    36  23.8   6.0 
    37  23.8   9.0 
    38  25.8  10.0 
    39  25.2  10.0 
    40  22.5  14.0 
    41  26.2   9.2 
    42  25.6   8.6 
    43  20.4  12.0 
    44  25.4   9.0 
    45  23.2  13.0 
    46  27.2   9.0 
    47  27.6   9.0 
    48  29.8  10.0 
    49  25.8   8.0 
    50  25.4   8.0 
    51  26.4   9.0 
    52  25.4  11.0 
    53  26.2  12.0 
    54  28.6  12.0 
    55  28.6  11.0 
    56  29.2  10.6 
    57  28.2  13.0 
    58  28.6  14.0 
    59  28.2  15.0 
    60  29.6  16.0 
    61  31.2  15.0 
    62  27.6  13.0 
    63  30.2  13.0 
    64  33.0  12.0 
    65  28.6  13.0 
    66  28.6  11.2 
    67  33.8  12.0 
    68  33.2  11.0 
    69  32.2  11.0 
    70  31.0  12.0 
    71  31.6  12.2 
    72  31.6  12.0 
    73  33.2  14.0 
    74  32.4  15.0 
    75  33.2  16.0 
    76  33.2  17.0 
    77  35.2  17.2 
    78  35.8  17.0 
    79  35.8  18.0 
    80  36.2  19.0 
    81  36.2  19.0 
    82  38.0  17.2 
    83  37.8  16.0 
    84  38.2  15.0 
    85  37.8  16.0 
    86  38.8  15.0 
    87  38.2  16.0 
    88  34.2  16.6 
    89  34.0  21.0 
    90  36.0  19.0 
    91  38.0  15.0 
    92  38.8  16.0 
    93  39.6  18.2 
    94  39.2  16.2 
    95  39.2  13.0 
    96  39.6  16.0 
    97  38.6  14.0 
    98  38.2  16.4 
    99  38.2  17.0 
   100  40.2  19.0 
   101  40.2  18.0 
   102  40.6  20.0 
   103  41.2  23.0 
   104  38.2  19.0 
   105  38.6  24.0 
   106  38.2  25.0 
   107  38.2  26.0 
   108  38.2  26.0 
   109  38.6  24.0 
   110  43.0  25.0 
   111  41.2  21.0 
   112  41.2  25.2 
   113  41.4  21.0 
   114  41.4  22.0 
   115  41.8  17.0 
   116  41.2  19.0 
   117  41.2  24.0 
   118  41.2  24.0 
   119  37.2  24.0 
   120  38.2  22.0 
   121  37.8  24.0 
   122  35.8  21.0 
   123  36.8  24.0 
   124  37.8  24.0 
   125  32.2  20.0 
   126  32.8  20.0 
   127  32.8  19.0 
   128  35.8  22.0 
   129  36.2  22.0 
   130  38.6  24.0 
   131  39.6  23.0 
   132  40.2  21.0 
   133  40.2  20.0 
   134  41.0  22.0 
   135  40.6  23.2 
   136  40.2  25.0 
   137  40.2  25.2 
   138  41.0  27.2 
   139  40.2  28.2 
   140  40.6  26.2 
   141  41.0  22.0 
   142  41.0  26.0 
   143  41.2  28.2 
   144  39.6  21.0 
   145  34.8  22.0 
   146  35.4  25.4 
   147  35.6  24.0 
   148  33.2  19.4 
   149  35.8  24.0 
   150  39.2  26.0 
   151  37.2  24.2 
   152  39.2  25.2 
   153  39.2  25.4 
   154  38.0  26.0 
   155  35.4  25.2 
   156  36.8  26.0 
   157  33.8  26.2 
   158  40.0  26.0 
   159  42.0  26.0 
   160  40.2  25.0 
   161  39.8  25.0 
   162  40.6  26.2 
   163  37.8  29.0 
   164  35.2  22.0 
   165  37.4  22.0 
   166  37.8  27.2 
   167  33.2  28.6 
   168  37.8  26.0 
   169  35.6  24.6 
   170  37.8  27.0 
   171  35.8  28.0 
   172  36.8  25.2 
   173  35.8  27.2 
   174  33.6  25.0 
   175  31.6  24.4 
   176  35.4  26.2 
   177  36.6  24.2 
   178  36.4  28.0 
   179  35.6  25.2 
   180  34.2  27.8 
   181  32.8  27.0 
   182  33.6  25.2 
   183  34.8  25.0 
   184  35.9  28.0 
   185  35.0  29.0 
   186  35.8  29.6 
   187  35.2  27.6 
   188  35.8  28.0 
   189  36.8  28.0 
   190  36.8  28.0 
   191  35.8  28.0 
   192  36.8  26.0 
   193  31.6  26.0 
   194  30.2  25.2 
   195  34.2  27.0 
   196  35.2  28.0 
   197  35.8  28.0 
   198  35.8  27.2 
   199  30.2  26.2 
   200  30.2  25.0 
   201  33.2  24.0 
   202  34.2  25.0 
   203  34.2  25.2 
   204  34.8  27.0 
   205  33.8  24.2 
   206  35.2  26.2 
   207  35.2  29.0 
   208  34.2  28.0 
   209  36.2  27.0 
   210  36.2  27.6 
   211  33.8  25.0 
   212  33.8  25.1 
   213  34.6  27.0 
   214  34.8  25.2 
   215  34.6  27.2 
   216  34.2  27.0 
   217  35.2  26.0 
   218  34.8  27.8 
   219  35.8  27.2 
   220  35.6  27.2 
   221  36.2  28.0 
   222  35.6  28.0 
   223  30.2  27.0 
   224  35.6  26.0 
   225  32.6  25.0 
   226  34.8  25.2 
   227  35.2  26.0 
   228  35.2  25.0 
   229  31.2  26.0 
   230  33.2  27.0 
   231  32.2  25.0 
   232  35.2  25.2 
   233  33.2  25.0 
   234  30.2  25.0 
   235  29.2  25.0 
   236  28.2  25.0 
   237  31.2  24.0 
   238  35.2  25.2 
   239  35.8  27.0 
   240  31.2  26.0 
   241  34.2  25.2 
   242  34.2  27.0 
   243  32.2  27.0 
   244  32.2  26.0 
   245  33.8  26.2 
   246  29.8  25.0 
   247  31.2  25.2 
   248  35.0  25.0 
   249  34.2  25.0 
   250  34.4  25.0 
   251  34.8  26.2 
   252  34.2  27.0 
   253  33.8  27.2 
   254  31.8  28.2 
   255  32.2  26.0 
   256  34.2  25.4 
   257  34.2  26.0 
   258  30.4  25.0 
   259  30.2  24.0 
   260  28.8  23.0 
   261  32.8  23.0 
   262  32.2  24.0 
   263  32.6  25.2 
   264  33.2  25.0 
   265  29.8  25.0 
   266  33.2  24.0 
   267  34.8  23.0 
   268  34.8  23.0 
   269  34.2  23.0 
   270  34.6  24.2 
   271  34.6  25.0 
   272  34.8  24.2 
   273  34.8  24.2 
   274  35.6  22.0 
   275  34.6  21.2 
   276  34.6  22.0 
   277  34.6  22.0 
   278  35.2  21.0 
   279  34.6  21.0 
   280  33.2  23.0 
   281  32.6  23.0 
   282  31.2  23.0 
   283  32.2  22.0 
   284  32.5  22.2 
   285  32.0  18.0 
   286  33.8  21.4 
   287  34.8  20.0 
   288  32.8  24.0 
   289  28.6  24.2 
   290  28.6  23.0 
   291  32.8  23.2 
   292  29.8  22.0 
   293  34.8  23.6 
   294  29.4  20.2 
   295  32.8  21.0 
   296  32.2  21.0 
   297  33.2  21.0 
   298  33.2  18.0 
   299  32.4  19.0 
   300  33.2  18.2 
   301  29.2  17.0 
   302  31.2  16.4 
   303  32.6  16.0 
   304  33.2  19.0 
   305  30.2  16.4 
   306  30.2  16.0 
   307  30.2  17.0 
   308  31.6  17.2 
   309  32.6  17.0 
   310  33.6  17.2 
   311  33.8  17.0 
   312  33.8  18.0 
   313  33.2  17.2 
   314  31.6  18.0 
   315  31.6  17.0 
   316  30.4  17.2 
   317  30.2  18.6 
   318  29.2  18.0 
   319  29.2  18.2 
   320  29.4  19.0 
   321  30.4  18.0 
   322  28.2  20.0 
   323  25.8  18.0 
   324  27.6  19.0 
   325  27.6  12.0 
   326  26.2  14.0 
   327  26.8  15.0 
   328  27.0  15.0 
   329  25.2  15.2 
   330  27.6  15.0 
   331  25.6  16.0 
   332  28.2  16.0 
   333  27.2  12.0 
   334  25.4  10.4 
   335  25.4  11.0 
   336  26.0  11.0 
   337  27.0  11.8 
   338  27.4  11.0 
   339  27.2   9.6 
   340  28.0  14.0 
   341  29.4   9.0 
   342  29.2  11.6 
   343  28.6  11.0 
   344  28.4  12.0 
   345  26.2  11.0 
   346  21.4   7.0 
   347  23.2   8.0 
   348  23.0   9.0 
   349  23.6   9.0 
   350  24.2   9.0 
   351  25.6   9.0 
   352  24.8   8.2 
   353  24.0   8.0 
   354  23.0   6.8 
   355  23.6   8.4 
   356  22.2   8.0 
   357  23.2   8.0 
   358  24.2   8.0 
   359  23.6   7.0 
   360  23.0   9.0 
   361  24.2   8.0 
   362  24.2   8.0 
   363  24.2   8.0 
   364  23.4   9.0 
   365  25.0  10.0 
