1981          Temperature for BHAIRHAWA (AGRIC)       
        Tmax  Tmin
     1  13.0   8.5 
     2  19.9  10.1 
     3  22.6   8.3 
     4  24.0   9.5 
     5  20.4   9.5 
     6  22.1   9.5 
     7  20.0  10.5 
     8  20.0   7.5 
     9  21.0   6.4 
    10  24.0   6.0 
    11  24.1   6.2 
    12  23.1   6.6 
    13  21.0  11.0 
    14  22.4   7.0 
    15  22.1   6.0 
    16  22.1   6.0 
    17  25.0   6.1 
    18  20.1  10.0 
    19  23.0  11.0 
    20  24.0   8.0 
    21  22.8  10.0 
    22  22.9  10.0 
    23  22.0  10.2 
    24  16.1  12.5 
    25  20.6  12.5 
    26  22.9   9.5 
    27  23.6   9.5 
    28  23.0  10.0 
    29  24.2  11.0 
    30  24.1  11.0 
    31  25.0  11.1 
    32  18.2  13.0 
    33  22.0   7.5 
    34  22.8   7.6 
    35  24.0  10.0 
    36  25.0  10.6 
    37  26.8  14.5 
    38  25.8  11.0 
    39  24.0   9.0 
    40  23.0   8.5 
    41  24.8   9.4 
    42  23.0   8.5 
    43  24.0   9.5 
    44  25.0   9.5 
    45  24.8   9.5 
    46  25.8  10.0 
    47  28.6  11.5 
    48  26.0   9.4 
    49  25.0   8.5 
    50  27.2  11.2 
    51  28.0  11.9 
    52  27.6  12.0 
    53  28.0  10.5 
    54  29.0  11.5 
    55  29.9  13.3 
    56  29.0  13.0 
    57  30.8  12.0 
    58  28.0  11.0 
    59  29.0  11.5 
    60  30.0  13.0 
    61  27.0  10.8 
    62  27.2   9.5 
    63  25.2  11.5 
    64  29.6  13.8 
    65  30.6  14.0 
    66  32.0  17.5 
    67  31.9  12.2 
    68  30.0  13.5 
    69  31.0  10.5 
    70  31.2  16.5 
    71  31.0  15.2 
    72  29.6  13.2 
    73  30.6  12.0 
    74  31.0  13.8 
    75  27.4  17.3 
    76  29.0  13.3 
    77  31.2  13.6 
    78  32.1  15.0 
    79  33.0  17.5 
    80  32.1  19.5 
    81  32.6  13.5 
    82  33.1  10.5 
    83  32.9  11.6 
    84  33.9  14.0 
    85  31.2  15.0 
    86  30.9  13.9 
    87  31.0  16.5 
    88  31.1  18.5 
    89  30.1  19.5 
    90  30.0  19.0 
    91  29.4  17.5 
    92  30.2  16.5 
    93  32.0  18.0 
    94  34.1  19.9 
    95  33.9  17.5 
    96  32.2  15.9 
    97  33.1  13.5 
    98  34.1  16.6 
    99  34.2  17.5 
   100  33.2  18.0 
   101  34.4  23.5 
   102  33.6  23.5 
   103  32.4  24.0 
   104  35.0  20.6 
   105  32.9  22.0 
   106  35.0  24.0 
   107  30.0  19.0 
   108  30.2  17.5 
   109  30.8  20.0 
   110  30.8  20.0 
   111  32.2  20.0 
   112  34.0  22.0 
   113  35.0  22.0 
   114  36.4  20.0 
   115  36.0  21.5 
   116  34.0  22.9 
   117  36.0  21.0 
   118  35.0  24.8 
   119  34.0  21.4 
   120  35.0  23.0 
   121  36.2  20.6 
   122  35.4  23.6 
   123  32.9  24.5 
   124  35.0  23.0 
   125  36.6  23.4 
   126  35.0  27.2 
   127  35.0  22.2 
   128  32.0  20.8 
   129  35.2  22.0 
   130  34.9  24.0 
   131  36.0  22.3 
   132  35.2  20.2 
   133  36.8  22.0 
   134  37.0  25.5 
   135  35.0  23.5 
   136  34.9  25.3 
   137  33.0  21.0 
   138  33.0  22.0 
   139  35.0  24.4 
   140  36.8  25.5 
   141  35.5  25.0 
   142  35.7  20.5 
   143  34.8  21.2 
   144  33.9  23.5 
   145  34.0  23.6 
   146  33.0  25.5 
   147  32.8  21.8 
   148  31.8  21.3 
   149  33.2  20.3 
   150  33.9  22.2 
   151  34.7  24.6 
   152  34.0  25.0 
   153  35.0  25.5 
   154  37.0  26.0 
   155  38.0  25.5 
   156  37.3  21.0 
   157  38.0  22.5 
   158  35.6  25.5 
   159  36.8  26.0 
   160  38.8  21.0 
   161  37.0  25.0 
   162  37.8  26.3 
   163  40.0  26.5 
   164  40.1  26.0 
   165  39.0  22.5 
   166  39.0  28.2 
   167  39.0  29.0 
   168  37.7  25.5 
   169  36.8  26.5 
   170  37.9  26.5 
   171  39.8  28.0 
   172  36.6  25.1 
   173  34.4  27.0 
   174  36.8  26.0 
   175  35.6  28.5 
   176  35.4  27.5 
   177  36.8  28.8 
   178  35.0  25.0 
   179  29.1  24.5 
   180  27.0  24.4 
   181  32.0  25.0 
   182  30.9  24.5 
   183  28.4  25.0 
   184  31.0  25.4 
   185  30.6  25.5 
   186  31.1  25.5 
   187  34.9  25.6 
   188  34.8  27.6 
   189  33.0  27.2 
   190  33.9  26.5 
   191  35.0  26.5 
   192  34.9  26.9 
   193  34.9  26.0 
   194  33.4  25.0 
   195  34.2  26.8 
   196  33.0  26.0 
   197  31.0  24.5 
   198  31.9  25.1 
   199  27.0  24.0 
   200  31.0  24.5 
   201  31.9  25.3 
   202  33.0  26.5 
   203  34.0  25.5 
   204  34.2  25.5 
   205  33.1  26.0 
   206  35.4  26.5 
   207  28.4  25.4 
   208  31.6  24.5 
   209  31.9  25.0 
   210  31.6  24.9 
   211  29.0  24.8 
   212  28.8  25.0 
   213  31.1  24.5 
   214  31.6  26.6 
   215  34.0  24.5 
   216  33.0  24.9 
   217  34.0  24.8 
   218  35.1  27.5 
   219  36.0  27.5 
   220  34.0  27.6 
   221  33.2  28.6 
   222  34.2  27.5 
   223  33.0  27.0 
   224  33.0  26.4 
   225  32.0  25.0 
   226  33.2  26.1 
   227  33.6  27.4 
   228  33.0  25.7 
   229  34.0  26.3 
   230  33.2  25.5 
   231  28.4  25.5 
   232  34.9  24.5 
   233  32.9  25.5 
   234  32.9  26.0 
   235  32.2  25.8 
   236  31.0  25.4 
   237  31.6  25.0 
   238  30.0  25.1 
   239  31.9  24.4 
   240  33.2  25.8 
   241  33.4  26.4 
   242  34.4  27.0 
   243  32.2  24.5 
   244  34.9  26.0 
   245  34.0  26.0 
   246  33.0  25.9 
   247  34.0  25.5 
   248  34.2  24.5 
   249  33.0  23.5 
   250  31.9  24.7 
   251  31.0  25.0 
   252  32.0  24.6 
   253  29.2  23.5 
   254  32.0  24.3 
   255  33.0  25.2 
   256  34.2  24.0 
   257  31.9  24.1 
   258  30.6  23.5 
   259  32.0  24.0 
   260  38.2  23.5 
   261  34.0  23.7 
   262  32.6  23.9 
   263  32.6  23.0 
   264  33.2  24.5 
   265  34.0  23.8 
   266  33.6  25.0 
   267  35.4  26.0 
   268  36.9  26.0 
   269  33.9  26.5 
   270  32.0  25.5 
   271  29.0  26.0 
   272  29.2  22.4 
   273  31.9  23.5 
   274  31.0  24.0 
   275  32.2  23.0 
   276   DNA   DNA 
   277   DNA   DNA 
   278   DNA   DNA 
   279   DNA   DNA 
   280   DNA   DNA 
   281   DNA   DNA 
   282   DNA   DNA 
   283  34.1  19.8 
   284  34.2  15.0 
   285  34.2  13.2 
   286  32.4  14.1 
   287  33.6  13.6 
   288  33.4  14.2 
   289  33.8  11.6 
   290  34.2  13.6 
   291  33.4  13.2 
   292  33.4  13.2 
   293  33.2  13.2 
   294  33.6  14.4 
   295  34.0  15.2 
   296  35.2  11.2 
   297  34.6  10.2 
   298  34.2  11.2 
   299  33.6  13.2 
   300  32.4   9.5 
   301  33.8  15.2 
   302  33.4  17.9 
   303  33.4  15.2 
   304  33.4  17.0 
   305  34.0  13.4 
   306  33.4  14.2 
   307  28.6  17.0 
   308  27.2  19.5 
   309  25.8  18.2 
   310  26.9  17.0 
   311  28.4  16.4 
   312  29.1  16.0 
   313  30.1  15.1 
   314  30.0  15.5 
   315  30.0  15.8 
   316  30.0  15.9 
   317  28.4  17.0 
   318  27.9  13.0 
   319  27.8  11.8 
   320  28.0  12.5 
   321  28.9  12.4 
   322  28.9  11.5 
   323  28.1  11.0 
   324  28.0  11.0 
   325  28.0   9.5 
   326  27.9  10.0 
   327  27.1  10.0 
   328  27.4  10.9 
   329  27.0  10.9 
   330  27.0  11.0 
   331  28.1  11.5 
   332  28.0  11.5 
   333  28.0  10.5 
   334  25.0  10.6 
   335  27.0   8.5 
   336  27.8  10.0 
   337  28.0  11.5 
   338  27.0  11.5 
   339  27.0  10.0 
   340  28.0  10.0 
   341  27.0  14.0 
   342  26.0  10.0 
   343  27.0  14.5 
   344  28.0   9.0 
   345  29.0  10.0 
   346  23.8  10.0 
   347  25.0   9.5 
   348  24.0   9.0 
   349  23.0   8.0 
   350  23.0   9.0 
   351  24.4   6.0 
   352  24.0   7.0 
   353  23.4   6.5 
   354  23.9   7.0 
   355  23.2   9.2 
   356  24.0   7.4 
   357  23.0   8.0 
   358  23.6   7.0 
   359  24.0   7.2 
   360  23.0   7.0 
   361  23.4   7.0 
   362  24.0   8.2 
   363  23.0   8.0 
   364  23.1   8.0 
   365  23.4   9.0 
