      1   DNA   
      2   DNA   
      3   DNA   
      4   DNA   
      5   DNA   
      6   DNA   
      7   DNA   
      8   DNA   
      9   DNA   
     10   DNA   
     11   DNA   
     12   DNA   
     13   DNA   
     14   DNA   
     15   DNA   
     16   DNA   
     17   DNA   
     18   DNA   
     19   DNA   
     20   DNA   
     21   DNA   
     22   DNA   
     23   DNA   
     24   DNA   
     25   DNA   
     26   DNA   
     27   DNA   
     28   DNA   
     29   DNA   
     30   DNA   
     31   DNA   
     32   DNA   
     33   DNA   
     34   DNA   
     35   DNA   
     36   DNA   
     37   DNA   
     38   DNA   
     39   DNA   
     40   DNA   
     41   DNA   
     42   DNA   
     43    0.0
     44    0.0
     45    0.0
     46    0.0
     47    0.0
     48    0.0
     49    0.0
     50    0.0
     51    0.0
     52    0.0
     53    0.0
     54    0.0
     55    0.0
     56    0.0
     57    0.0
     58    0.0
     59    0.0
     60    0.0
     61    0.0
     62    0.0
     63    0.0
     64    0.0
     65    0.0
     66    0.0
     67    0.0
     68    0.0
     69    0.0
     70    0.0
     71    0.0
     72    0.0
     73    0.0
     74    0.0
     75    0.0
     76    0.0
     77    0.0
     78    0.0
     79    0.0
     80    0.0
     81    0.0
     82    4.5
     83    0.0
     84    0.0
     85    0.0
     86    0.0
     87    0.0
     88    0.0
     89    0.0
     90    2.9
     91    0.0
     92    0.0
     93    0.0
     94    0.0
     95    0.0
     96    0.0
     97    0.0
     98    0.0
     99    0.0
    100    0.0
    101    0.0
    102    0.0
    103    3.3
    104   67.0
    105    0.0
    106    0.0
    107    0.0
    108    0.0
    109    0.0
    110    0.0
    111    0.0
    112    0.0
    113    0.0
    114    0.0
    115    0.0
    116    2.1
    117    0.0
    118    8.3
    119    0.0
    120    0.0
    121    7.3
    122    0.0
    123    0.0
    124   31.4
    125    0.0
    126   19.2
    127    0.0
    128    0.0
    129   15.0
    130    0.0
    131    6.0
    132    0.0
    133    0.0
    134    0.0
    135   27.8
    136    0.0
    137    0.0
    138    3.2
    139    0.0
    140    4.8
    141    0.0
    142    3.6
    143    1.5
    144   22.8
    145   23.5
    146   37.6
    147    0.0
    148    0.0
    149    0.0
    150    3.5
    151    0.0
    152    0.0
    153    1.2
    154  134.0
    155   14.0
    156    3.8
    157    9.6
    158   21.0
    159    2.5
    160    6.4
    161    9.8
    162    0.0
    163    0.0
    164    7.2
    165    7.3
    166    0.0
    167   17.8
    168    1.0
    169   10.7
    170   37.7
    171    1.0
    172    0.0
    173   43.6
    174    2.0
    175    6.7
    176    0.0
    177    0.0
    178    6.6
    179    5.0
    180    0.0
    181    7.5
    182    0.8
    183    0.0
    184   42.4
    185    0.7
    186    6.4
    187    0.0
    188   16.0
    189    0.0
    190    0.5
    191   36.0
    192    7.0
    193    1.0
    194    2.0
    195    1.0
    196   12.0
    197   26.8
    198    4.7
    199    0.0
    200    0.0
    201   14.8
    202    1.8
    203    0.0
    204    0.0
    205   14.5
    206   12.0
    207   98.2
    208    0.0
    209   11.4
    210   35.4
    211  249.2
    212   61.3
    213   36.7
    214   52.3
    215    2.6
    216    0.0
    217    0.0
    218   21.4
    219   19.6
    220    0.0
    221    0.0
    222    0.0
    223   39.1
    224    0.0
    225    0.0
    226    0.0
    227    0.0
    228    2.3
    229   49.7
    230    0.0
    231    0.0
    232   56.7
    233    0.0
    234   70.5
    235   26.6
    236    1.0
    237    0.0
    238    0.0
    239   31.0
    240    5.5
    241   27.2
    242    0.2
    243    0.0
    244    4.5
    245   24.3
    246   61.8
    247   35.6
    248    3.8
    249   81.4
    250   16.3
    251    2.3
    252    5.6
    253    3.7
    254   10.4
    255    0.5
    256   62.0
    257   12.4
    258    0.0
    259    0.0
    260   53.4
    261    0.0
    262   56.2
    263    0.0
    264    0.0
    265    0.0
    266    0.0
    267    9.4
    268    5.0
    269    0.0
    270   21.3
    271   28.4
    272    0.0
    273   21.5
    274   41.0
    275   12.4
    276   12.5
    277   12.2
    278   84.4
    279   95.8
    280    0.0
    281    0.0
    282   26.1
    283   52.0
    284    5.8
    285    0.0
    286    0.0
    287    0.0
    288   24.2
    289    0.0
    290    0.0
    291    0.0
    292    1.0
    293    0.0
    294    0.0
    295    0.0
    296    0.0
    297    0.0
    298    0.0
    299    0.0
    300    0.0
    301    0.0
    302    0.0
    303    0.0
    304    0.0
    305    0.0
    306    0.0
    307    0.0
    308    0.0
    309    0.1
    310    1.7
    311    0.0
    312    0.0
    313    0.0
    314    0.0
    315    0.0
    316    0.0
    317    0.0
    318    0.0
    319    0.0
    320    0.0
    321    0.0
    322    0.0
    323    0.0
    324    0.0
    325    0.0
    326    0.0
    327    0.0
    328    0.0
    329    0.0
    330    0.0
    331    0.0
    332    0.0
    333    0.0
    334    0.0
    335    0.0
    336    0.0
    337    0.0
    338    0.0
    339    0.0
    340    0.0
    341    0.0
    342    0.0
    343    0.0
    344    0.0
    345    0.0
    346    0.0
    347    0.0
    348    0.0
    349    0.0
    350    0.0
    351    0.0
    352    0.0
    353    0.0
    354    0.0
    355    0.0
    356    0.0
    357    0.0
    358    0.0
    359    0.0
    360    0.0
    361    0.0
    362    0.0
    363    0.0
    364    0.0
    365    0.0
