      1    0.0
      2    0.0
      3    0.0
      4    0.0
      5    0.0
      6    0.0
      7    0.0
      8    0.0
      9    0.0
     10    9.0
     11    0.0
     12    0.0
     13    0.0
     14    0.0
     15    0.0
     16    0.0
     17    0.0
     18    0.0
     19    0.0
     20    0.0
     21    0.0
     22    0.0
     23    0.0
     24    0.0
     25    0.0
     26    0.0
     27    0.0
     28    0.0
     29    0.0
     30    0.0
     31    0.0
     32    0.0
     33    0.0
     34    0.0
     35    0.0
     36    0.0
     37    0.0
     38    0.0
     39    0.0
     40    0.0
     41    0.0
     42    0.0
     43    0.0
     44    0.0
     45    0.0
     46    0.0
     47    0.0
     48    0.0
     49    0.0
     50    0.0
     51    0.0
     52    0.0
     53    0.0
     54    0.0
     55    0.0
     56    0.0
     57    0.0
     58    0.0
     59    0.0
     60    0.0
     61    0.0
     62    0.0
     63    0.0
     64    0.0
     65    0.0
     66    0.0
     67    0.0
     68    0.0
     69    0.0
     70    0.0
     71    0.0
     72    0.0
     73    0.0
     74    0.0
     75    0.0
     76    0.0
     77    0.0
     78    0.0
     79    0.0
     80    0.0
     81    0.0
     82    0.0
     83    0.0
     84    0.0
     85    0.0
     86    0.0
     87    0.0
     88    0.0
     89    T  
     90    T  
     91    T  
     92    1.0
     93    0.0
     94    0.0
     95    0.0
     96    0.0
     97    0.0
     98    0.0
     99    0.0
    100    T  
    101    0.0
    102    0.0
    103    T  
    104    0.0
    105    1.0
    106    0.0
    107    0.0
    108    0.0
    109    0.0
    110    0.0
    111    0.0
    112    0.0
    113    0.0
    114    0.0
    115    0.0
    116    0.0
    117    0.0
    118    0.0
    119    0.0
    120    0.0
    121    2.5
    122    4.0
    123    3.0
    124   27.0
    125    1.5
    126    3.0
    127    7.0
    128   31.3
    129   48.0
    130    8.0
    131    2.0
    132    T  
    133    8.0
    134   40.0
    135    1.4
    136    T  
    137    0.0
    138    0.0
    139   40.0
    140    0.0
    141    T  
    142    T  
    143   13.0
    144   18.5
    145  142.0
    146    T  
    147    0.0
    148    4.3
    149   23.0
    150    9.0
    151    T  
    152    3.2
    153    1.0
    154    T  
    155    9.5
    156    0.0
    157    0.0
    158    0.0
    159    0.0
    160   12.0
    161   22.6
    162   28.0
    163    0.0
    164    T  
    165    5.0
    166    0.0
    167    0.0
    168    T  
    169    T  
    170    0.0
    171    9.3
    172    T  
    173   18.0
    174   15.6
    175    5.0
    176   28.2
    177    T  
    178    6.4
    179   78.0
    180   14.0
    181   32.5
    182   48.5
    183   65.5
    184   17.3
    185   14.7
    186    T  
    187   31.5
    188    2.9
    189   13.4
    190  145.0
    191    3.0
    192    5.2
    193   24.4
    194    3.5
    195    5.0
    196   31.4
    197    T  
    198   11.0
    199    3.4
    200   54.6
    201   20.0
    202   10.5
    203   33.4
    204    9.5
    205   13.4
    206    T  
    207    9.0
    208    T  
    209   27.5
    210   10.3
    211    2.5
    212   40.0
    213    0.0
    214   12.0
    215    4.4
    216    0.0
    217    0.0
    218    8.4
    219    7.4
    220    T  
    221    T  
    222    3.0
    223    T  
    224   22.0
    225   19.4
    226   28.0
    227   13.0
    228    3.6
    229    3.0
    230   12.0
    231    T  
    232   15.0
    233   11.0
    234   12.0
    235   50.0
    236  142.0
    237   50.0
    238    T  
    239   30.0
    240    0.0
    241   11.0
    242    0.0
    243    0.0
    244    T  
    245    T  
    246   11.3
    247    9.0
    248    4.0
    249    T  
    250    8.4
    251    5.0
    252    4.6
    253    7.0
    254    3.0
    255   21.5
    256    0.0
    257    0.0
    258    0.0
    259    0.0
    260    0.0
    261    9.5
    262   37.0
    263    T  
    264   19.5
    265   16.0
    266    0.0
    267    T  
    268    T  
    269   14.5
    270    0.0
    271    0.0
    272   20.0
    273   40.0
    274   22.0
    275   39.0
    276    T  
    277    0.0
    278    5.0
    279    T  
    280   28.0
    281    0.0
    282    0.0
    283    0.0
    284    0.0
    285    0.0
    286    0.0
    287    0.0
    288    0.0
    289    0.0
    290    0.0
    291    0.0
    292   58.0
    293   30.0
    294    0.0
    295    0.0
    296    0.0
    297    0.0
    298    0.0
    299    0.0
    300    0.0
    301    0.0
    302    0.0
    303    0.0
    304    0.0
    305    0.0
    306    0.0
    307   16.5
    308    0.0
    309    0.0
    310    0.0
    311    0.0
    312    0.0
    313    0.0
    314    0.0
    315    0.0
    316    0.0
    317    0.0
    318    0.0
    319    0.0
    320    0.0
    321    0.0
    322    0.0
    323    0.0
    324    0.0
    325    0.0
    326    0.0
    327    0.0
    328    0.0
    329    0.0
    330    0.0
    331    0.0
    332    0.0
    333    0.0
    334    0.0
    335    0.0
    336    0.0
    337    0.0
    338    0.0
    339    0.0
    340    0.0
    341    0.0
    342    0.0
    343    0.0
    344    0.0
    345    0.0
    346    0.0
    347    0.0
    348    0.0
    349    0.0
    350    0.0
    351    0.0
    352    0.0
    353    0.0
    354    0.0
    355    0.0
    356    0.0
    357    0.0
    358    0.0
    359    0.0
    360    0.0
    361    0.0
    362    0.0
    363    0.0
    364    0.0
    365    0.0
