      1    0.0
      2    0.0
      3    0.0
      4    0.0
      5    0.0
      6    0.0
      7    0.0
      8    0.0
      9    0.0
     10    0.0
     11    0.0
     12    0.0
     13    0.0
     14    0.0
     15    0.0
     16    0.0
     17   14.0
     18    0.0
     19    0.0
     20   24.5
     21    7.0
     22   33.5
     23    0.0
     24    0.0
     25    0.0
     26    0.0
     27    0.0
     28    0.0
     29    0.0
     30    0.0
     31    0.0
     32    0.0
     33    4.6
     34    0.0
     35    0.0
     36    0.0
     37    0.0
     38    0.0
     39    0.0
     40    0.0
     41    0.0
     42    0.0
     43    0.0
     44    0.0
     45    0.0
     46    0.0
     47    0.0
     48    0.0
     49    0.0
     50    6.2
     51    0.0
     52    2.0
     53    0.0
     54    0.0
     55    0.0
     56    0.0
     57    0.0
     58    0.0
     59    0.0
     60    0.0
     61    0.0
     62    0.0
     63    0.0
     64    0.0
     65    0.0
     66    0.0
     67    0.0
     68    0.0
     69    0.0
     70    0.0
     71    0.0
     72    0.0
     73    0.0
     74    0.0
     75    0.0
     76    0.0
     77    0.0
     78    0.0
     79    0.0
     80    0.0
     81    0.0
     82    0.0
     83    0.0
     84    0.0
     85    4.0
     86    0.0
     87    0.0
     88    0.0
     89   16.0
     90    0.5
     91    0.0
     92    0.0
     93    0.0
     94    5.0
     95    2.0
     96    4.5
     97    0.0
     98    0.0
     99   19.0
    100    5.0
    101    0.0
    102    0.0
    103    0.0
    104    0.0
    105    0.0
    106    0.0
    107    0.0
    108    0.0
    109    0.0
    110    0.0
    111    0.0
    112    0.0
    113   12.5
    114    0.0
    115    0.0
    116    0.0
    117    5.0
    118   15.0
    119    0.0
    120    3.5
    121    3.5
    122    4.0
    123   20.0
    124   24.5
    125    0.0
    126    0.0
    127    0.0
    128   13.0
    129    0.0
    130    0.0
    131    0.0
    132    0.0
    133    0.0
    134    0.0
    135    0.0
    136    0.0
    137    0.0
    138    0.0
    139    0.0
    140   19.5
    141    3.5
    142    0.0
    143    0.0
    144    3.5
    145   32.5
    146   12.2
    147    0.0
    148   25.0
    149    3.5
    150   24.5
    151    0.0
    152    0.0
    153    0.0
    154    0.0
    155    0.0
    156    0.0
    157   23.5
    158    9.5
    159   25.0
    160   65.0
    161    3.0
    162    0.0
    163   23.0
    164   17.0
    165    0.0
    166    3.0
    167    0.0
    168   53.0
    169   37.4
    170   29.0
    171    1.0
    172    9.0
    173   30.0
    174   31.0
    175    0.0
    176    1.0
    177    0.0
    178   65.0
    179    2.5
    180   10.5
    181   32.0
    182   32.5
    183    0.5
    184   41.0
    185   23.0
    186    7.0
    187   72.5
    188  104.0
    189   19.5
    190   19.0
    191    2.5
    192  107.0
    193    9.0
    194   66.0
    195   30.0
    196    6.5
    197   36.0
    198    0.5
    199   38.4
    200   48.0
    201    0.0
    202   93.5
    203    6.5
    204   11.5
    205   70.0
    206   19.4
    207    0.0
    208    4.0
    209   67.0
    210    0.0
    211    9.5
    212    5.5
    213   14.0
    214    3.5
    215    5.0
    216   23.0
    217   55.5
    218   10.0
    219    5.5
    220    4.5
    221    3.0
    222   42.0
    223   27.0
    224   28.0
    225   38.0
    226    4.5
    227    6.5
    228   15.5
    229    7.0
    230   77.0
    231   19.0
    232    2.0
    233    0.0
    234   10.0
    235   36.0
    236    0.0
    237    0.0
    238   22.0
    239    0.0
    240    0.0
    241    6.2
    242   14.0
    243   25.0
    244   13.0
    245    4.5
    246    0.0
    247    0.0
    248    0.0
    249   10.0
    250    0.0
    251   15.0
    252    0.0
    253    0.0
    254    4.0
    255   10.0
    256    0.0
    257    1.0
    258   34.5
    259   14.0
    260    0.0
    261    0.0
    262    0.0
    263    0.0
    264   57.0
    265    3.0
    266    0.0
    267    0.0
    268    0.0
    269    0.0
    270   17.5
    271    0.0
    272    0.0
    273   20.0
    274    4.0
    275    0.0
    276    0.0
    277   16.5
    278    0.0
    279    0.0
    280    0.0
    281    0.0
    282    0.0
    283   13.5
    284    0.0
    285    6.5
    286    0.0
    287    0.0
    288    0.0
    289    0.0
    290    0.0
    291    0.0
    292    0.0
    293    0.0
    294    0.5
    295    1.5
    296    0.0
    297   21.5
    298   30.0
    299    0.0
    300    0.0
    301    0.0
    302    0.0
    303    0.0
    304    0.0
    305    0.0
    306    0.0
    307    0.0
    308    0.0
    309    0.0
    310    0.0
    311    0.0
    312    0.0
    313    0.0
    314    0.0
    315    0.0
    316    0.0
    317    0.0
    318    0.0
    319    0.0
    320    0.0
    321    0.0
    322    0.0
    323    3.5
    324    0.0
    325    0.0
    326    0.0
    327    0.0
    328    0.0
    329    0.0
    330   11.5
    331    3.0
    332    0.0
    333    0.0
    334    0.0
    335   15.0
    336   29.0
    337    0.0
    338    0.0
    339    0.0
    340    0.0
    341    0.0
    342    0.0
    343   10.0
    344   42.0
    345   43.0
    346    0.0
    347    0.0
    348   22.5
    349    0.0
    350    0.0
    351    0.0
    352    0.0
    353    0.0
    354    0.0
    355    0.0
    356    0.0
    357    0.0
    358    0.0
    359    0.0
    360    0.0
    361    0.0
    362    0.0
    363    0.0
    364    0.0
    365    0.0
