      1    0.0
      2   25.2
      3    0.0
      4    2.0
      5    0.0
      6    0.0
      7    0.0
      8    0.0
      9    0.0
     10    0.0
     11    0.0
     12    0.0
     13    0.0
     14    0.0
     15    0.0
     16    0.0
     17    3.2
     18    0.0
     19    0.0
     20    0.0
     21    0.0
     22    4.6
     23    0.0
     24    0.0
     25    0.0
     26    0.0
     27    0.0
     28    0.0
     29    0.0
     30    0.0
     31   13.0
     32    0.0
     33   23.0
     34    0.0
     35    0.0
     36    0.0
     37    0.0
     38    0.0
     39    0.0
     40    0.0
     41    0.0
     42    0.0
     43    0.0
     44    0.0
     45    5.4
     46    0.0
     47    0.0
     48    0.0
     49    0.0
     50    0.0
     51    0.0
     52    0.0
     53    0.0
     54    0.0
     55    0.0
     56    0.0
     57    0.0
     58    0.0
     59    2.0
     60    0.0
     61    0.0
     62    0.0
     63    0.0
     64    0.0
     65    0.0
     66   26.0
     67    0.0
     68    0.0
     69    0.0
     70    0.0
     71    3.0
     72    0.0
     73    0.0
     74    0.0
     75    0.0
     76    0.0
     77    0.0
     78    0.0
     79    0.0
     80    0.0
     81    0.0
     82    0.0
     83    0.0
     84    0.0
     85   37.2
     86    0.0
     87    0.0
     88    0.0
     89    0.0
     90    0.0
     91    0.0
     92    0.0
     93    0.0
     94    0.0
     95    0.0
     96    0.0
     97    0.0
     98    0.0
     99    0.0
    100    0.0
    101    0.0
    102    0.0
    103    0.0
    104    0.0
    105    0.0
    106    0.0
    107    0.0
    108    0.0
    109    0.0
    110    0.0
    111    6.2
    112    0.0
    113    3.0
    114   25.0
    115    0.0
    116    8.0
    117    0.0
    118    0.0
    119    0.0
    120    0.0
    121    0.0
    122    0.0
    123    0.0
    124    0.0
    125    0.0
    126    0.0
    127    0.0
    128    0.0
    129    0.0
    130    4.0
    131    8.2
    132    0.0
    133    0.0
    134    8.8
    135    0.0
    136    8.0
    137    0.0
    138    0.0
    139    0.0
    140    0.0
    141   14.0
    142    0.0
    143    0.0
    144   14.0
    145    9.0
    146    5.2
    147    0.0
    148    0.0
    149    0.0
    150    0.0
    151    8.0
    152   10.4
    153    0.0
    154    2.8
    155    0.0
    156    0.0
    157    0.0
    158    0.0
    159    0.0
    160    0.0
    161    0.0
    162    0.0
    163    0.0
    164    7.2
    165    0.0
    166   44.8
    167   36.8
    168    4.8
    169    0.0
    170   10.6
    171   14.4
    172   56.0
    173   14.8
    174    0.0
    175    0.0
    176   50.0
    177   34.0
    178    0.2
    179   73.0
    180    6.6
    181   29.0
    182  148.4
    183   13.6
    184   72.0
    185   68.0
    186    0.0
    187    0.0
    188    0.0
    189    8.0
    190    6.0
    191    0.0
    192    0.0
    193   45.0
    194   37.0
    195   38.4
    196   60.0
    197   21.0
    198    3.0
    199   10.0
    200   22.0
    201   20.4
    202   24.0
    203   15.0
    204   25.0
    205   20.0
    206   14.0
    207   45.0
    208   37.0
    209   44.0
    210    2.0
    211    8.0
    212   12.8
    213    5.2
    214   27.2
    215  100.4
    216   12.2
    217   14.0
    218   10.4
    219    0.0
    220    0.0
    221    0.0
    222    0.0
    223    0.0
    224   16.0
    225    0.0
    226    0.0
    227   18.0
    228    8.0
    229    6.8
    230   37.8
    231   16.0
    232   45.6
    233   30.0
    234    4.2
    235    0.0
    236   39.2
    237   72.0
    238    0.0
    239    0.0
    240    2.4
    241    0.0
    242    8.0
    243   30.0
    244   21.4
    245    4.6
    246   44.8
    247   18.4
    248    3.0
    249   14.0
    250    9.6
    251   51.4
    252   11.4
    253   21.0
    254    1.2
    255   32.0
    256   30.0
    257    7.2
    258   14.2
    259   48.0
    260   10.2
    261    0.0
    262   11.0
    263   40.0
    264    7.2
    265    0.0
    266    0.0
    267    0.0
    268   23.4
    269    0.0
    270    0.0
    271   61.0
    272    0.0
    273   26.0
    274    0.0
    275    0.0
    276    8.2
    277   30.0
    278    0.0
    279   47.0
    280    1.6
    281   10.0
    282   66.6
    283    0.0
    284    0.0
    285    0.0
    286    0.0
    287    0.0
    288    0.0
    289    0.0
    290    0.0
    291    0.0
    292    0.0
    293    0.0
    294    0.0
    295    0.0
    296    0.0
    297    0.0
    298    0.0
    299    0.0
    300    0.0
    301    0.0
    302    0.0
    303    0.0
    304    0.0
    305    0.0
    306    0.0
    307    0.0
    308    0.0
    309    0.0
    310    0.0
    311    0.0
    312    0.0
    313    0.0
    314    0.0
    315    0.0
    316    0.0
    317    0.0
    318    0.0
    319    0.0
    320    0.0
    321    0.0
    322    0.0
    323    0.0
    324    0.0
    325    0.0
    326    0.0
    327    0.0
    328    0.0
    329    0.0
    330    0.0
    331    0.0
    332    0.0
    333    0.0
    334    0.0
    335    0.0
    336    0.0
    337    0.0
    338    0.0
    339    0.0
    340    0.0
    341    0.0
    342    0.0
    343    0.0
    344    0.0
    345    0.0
    346    0.0
    347    0.0
    348    0.0
    349    0.0
    350    0.0
    351    0.0
    352    0.0
    353    0.0
    354    0.0
    355    0.0
    356    0.0
    357    0.0
    358    0.0
    359    0.0
    360    0.0
    361    0.0
    362    0.0
    363    0.0
    364    0.0
    365    0.0
