      1    0.0
      2    0.0
      3    0.0
      4    0.0
      5    0.0
      6    0.4
      7    2.0
      8    1.0
      9    0.0
     10    0.0
     11    0.0
     12    0.0
     13    0.0
     14    0.0
     15    0.0
     16    0.0
     17    0.0
     18    0.0
     19    0.0
     20    0.0
     21    0.0
     22   13.7
     23    4.0
     24    0.0
     25    4.8
     26   21.0
     27    2.0
     28    0.0
     29    0.0
     30    0.3
     31   10.7
     32    0.0
     33    0.0
     34    0.0
     35    0.0
     36    0.0
     37    0.0
     38    1.2
     39    0.0
     40    0.0
     41    4.1
     42    0.0
     43    0.0
     44    0.0
     45    0.0
     46    0.0
     47    0.0
     48    0.0
     49    0.0
     50    0.0
     51    0.0
     52    0.0
     53    0.0
     54    0.0
     55    0.0
     56    0.0
     57    0.0
     58    0.0
     59    0.0
     60    4.2
     61    0.0
     62    0.0
     63    0.0
     64    0.0
     65    0.0
     66    0.0
     67    0.0
     68    0.0
     69    0.0
     70    2.6
     71    0.0
     72    0.0
     73    0.0
     74    0.0
     75    0.0
     76    4.1
     77    0.0
     78    0.0
     79    6.0
     80    3.7
     81    7.0
     82    0.0
     83    0.0
     84    0.0
     85    0.6
     86    0.0
     87    0.0
     88    0.0
     89   15.6
     90   13.3
     91    0.0
     92    0.0
     93    0.0
     94    0.0
     95    5.3
     96    0.0
     97    0.0
     98    0.0
     99    0.0
    100    0.0
    101    0.0
    102   20.0
    103    1.6
    104    0.0
    105    0.0
    106   22.0
    107    9.0
    108   25.6
    109    0.0
    110    0.0
    111    0.0
    112    0.0
    113    0.0
    114    9.6
    115   16.6
    116    1.0
    117    T  
    118    0.0
    119    0.0
    120    9.2
    121   57.0
    122    8.5
    123    7.0
    124    2.1
    125    0.0
    126    0.0
    127    4.0
    128   40.0
    129    1.2
    130    0.0
    131    8.0
    132    2.4
    133    7.0
    134    0.0
    135   25.0
    136   13.0
    137   78.3
    138    0.0
    139    1.5
    140    9.6
    141    0.0
    142    0.0
    143    2.6
    144    0.0
    145    0.0
    146   67.6
    147    6.3
    148    3.6
    149    0.0
    150   12.3
    151    0.0
    152    0.0
    153    9.0
    154    0.0
    155    3.0
    156    8.2
    157    0.0
    158    3.7
    159    5.5
    160    0.0
    161    0.0
    162    0.0
    163    6.0
    164    0.0
    165    0.0
    166    0.0
    167    0.0
    168   29.5
    169   36.7
    170    3.0
    171    2.0
    172   22.7
    173   11.8
    174   20.1
    175    0.6
    176    4.6
    177   36.0
    178    6.0
    179    8.4
    180   54.0
    181   27.0
    182   20.0
    183   11.0
    184    9.5
    185   19.0
    186   17.0
    187   20.0
    188   12.3
    189   24.5
    190    0.5
    191   11.0
    192    0.0
    193   29.3
    194    8.0
    195   23.0
    196   35.6
    197   24.7
    198   38.0
    199   20.7
    200   37.0
    201    6.3
    202   10.4
    203    0.0
    204    1.8
    205   16.0
    206    3.0
    207   22.0
    208   39.5
    209   26.4
    210   18.0
    211   42.3
    212   86.7
    213   23.3
    214    5.6
    215    9.3
    216   14.0
    217    6.0
    218    9.0
    219    0.0
    220   36.0
    221    0.0
    222    9.4
    223   22.6
    224   53.0
    225   14.3
    226    7.0
    227   16.0
    228    2.5
    229    1.7
    230    0.0
    231   37.6
    232  132.0
    233    1.0
    234   64.2
    235   12.0
    236   35.4
    237   25.0
    238    0.2
    239   14.0
    240    0.0
    241    4.5
    242    0.0
    243   76.0
    244   37.0
    245   35.5
    246   34.0
    247    7.5
    248   34.0
    249    0.3
    250   36.0
    251   55.4
    252   25.0
    253   27.0
    254    0.0
    255    0.0
    256   18.0
    257    1.0
    258    5.0
    259    0.0
    260   32.0
    261    0.0
    262    0.0
    263   67.0
    264    1.0
    265    0.0
    266    4.0
    267    0.0
    268    0.0
    269    0.0
    270    0.0
    271    8.0
    272   17.0
    273   54.0
    274   11.6
    275    0.0
    276    0.0
    277    0.0
    278    0.0
    279    0.0
    280    0.0
    281    0.0
    282    0.0
    283    0.0
    284    0.0
    285    0.0
    286    0.0
    287    0.0
    288    0.0
    289    0.0
    290    0.0
    291    0.0
    292    0.0
    293    0.0
    294    0.0
    295    0.0
    296    0.0
    297    0.0
    298    0.0
    299    0.0
    300    0.0
    301    0.0
    302    0.0
    303    0.0
    304    0.0
    305    0.0
    306    0.0
    307    0.0
    308   23.0
    309    0.0
    310    0.0
    311    0.0
    312    0.0
    313    0.0
    314   15.2
    315    4.5
    316    0.0
    317    0.0
    318    0.0
    319    0.0
    320    0.0
    321    0.0
    322    0.0
    323    0.0
    324    0.0
    325    0.0
    326    0.0
    327    0.0
    328    0.0
    329    0.0
    330    0.0
    331    0.0
    332    0.0
    333    0.0
    334    0.0
    335    0.0
    336    0.0
    337    0.0
    338    0.0
    339    0.0
    340    0.0
    341    0.0
    342    0.0
    343    0.0
    344    0.0
    345    0.0
    346    0.0
    347    0.0
    348    0.0
    349    0.0
    350    0.0
    351    0.0
    352    0.0
    353    0.0
    354    0.0
    355    0.0
    356    0.0
    357    0.0
    358    0.0
    359    0.0
    360    0.0
    361    0.0
    362    0.0
    363    0.0
    364    0.0
    365    0.0
