      1    0.0
      2    0.0
      3    0.0
      4    0.0
      5    0.0
      6    0.0
      7    0.0
      8    0.0
      9    5.0
     10    4.5
     11    0.0
     12    0.0
     13    0.0
     14    0.0
     15    0.0
     16    0.0
     17    0.0
     18    1.6
     19    0.0
     20    0.0
     21    0.0
     22    0.0
     23    0.0
     24    0.0
     25    0.0
     26    0.0
     27    0.0
     28    0.0
     29    0.0
     30    0.0
     31    0.0
     32    0.0
     33    0.0
     34    0.0
     35    0.0
     36    0.0
     37    0.0
     38    0.0
     39    0.0
     40    0.0
     41    0.0
     42    0.0
     43    0.0
     44    0.0
     45    0.0
     46    4.5
     47    1.0
     48    0.0
     49    0.0
     50    0.0
     51    0.0
     52    0.0
     53    0.0
     54   22.5
     55    2.0
     56    0.0
     57    0.0
     58    0.0
     59    0.0
     60    4.5
     61    0.0
     62    0.0
     63    0.0
     64    0.0
     65    0.0
     66    0.0
     67    0.0
     68    0.0
     69    0.0
     70    0.0
     71    0.0
     72    0.0
     73    0.0
     74    0.0
     75    0.0
     76    0.0
     77    0.0
     78    0.0
     79    0.0
     80    0.0
     81    0.0
     82    0.0
     83    0.0
     84    0.0
     85    5.5
     86   16.5
     87   10.5
     88    0.0
     89    2.5
     90    0.0
     91    0.0
     92    0.0
     93    0.0
     94    0.0
     95    0.0
     96    0.0
     97    0.0
     98    0.0
     99    0.0
    100    8.0
    101    9.0
    102    0.0
    103    0.0
    104    0.0
    105    0.0
    106    0.0
    107    0.0
    108   26.0
    109    0.0
    110    0.0
    111    0.0
    112    0.0
    113    0.0
    114    0.0
    115    0.0
    116    0.0
    117    0.0
    118    0.0
    119    0.0
    120    0.0
    121    0.0
    122    0.0
    123    0.0
    124    0.0
    125    0.0
    126    0.0
    127    0.0
    128    0.0
    129    0.0
    130    0.0
    131    0.0
    132    3.6
    133    0.0
    134    0.0
    135    0.0
    136    0.0
    137   24.0
    138   20.0
    139    0.0
    140    0.0
    141   22.0
    142    0.0
    143    0.0
    144    0.0
    145    0.0
    146    0.0
    147    0.0
    148    0.0
    149    0.0
    150    0.0
    151    2.0
    152    0.0
    153   12.5
    154    3.5
    155    0.0
    156    0.5
    157   14.6
    158   39.0
    159    2.0
    160   20.5
    161   29.0
    162   32.5
    163   30.0
    164   15.0
    165   11.5
    166    0.5
    167    0.0
    168    0.0
    169    7.0
    170   82.0
    171   52.5
    172   24.5
    173    0.0
    174   24.5
    175   90.0
    176   30.5
    177   29.0
    178   15.0
    179    2.0
    180   19.0
    181   47.0
    182   49.0
    183   71.0
    184   29.0
    185    6.0
    186   31.0
    187    2.5
    188   82.0
    189   40.5
    190    1.0
    191   91.0
    192   84.0
    193   55.0
    194   54.5
    195    2.0
    196    0.0
    197    0.0
    198   42.0
    199   89.0
    200   20.0
    201   63.0
    202    6.0
    203   21.5
    204    2.0
    205    0.0
    206    0.0
    207    0.0
    208   37.0
    209    4.0
    210   22.0
    211   20.0
    212   15.5
    213   58.0
    214   13.0
    215   18.0
    216   14.0
    217    5.0
    218    1.5
    219    1.0
    220   52.0
    221    2.5
    222    5.0
    223    0.0
    224    9.5
    225   52.0
    226    4.0
    227   88.0
    228   57.0
    229    0.0
    230   44.0
    231    1.5
    232   16.5
    233    0.0
    234    0.0
    235    6.0
    236   50.5
    237    0.0
    238    8.5
    239   10.0
    240   27.5
    241   42.0
    242   27.5
    243    0.0
    244    0.0
    245    0.0
    246    0.0
    247    0.0
    248    0.0
    249   16.0
    250    4.0
    251    0.5
    252    5.3
    253    0.0
    254    0.0
    255    0.0
    256    0.0
    257    2.0
    258   40.0
    259    0.0
    260   18.5
    261   13.2
    262    0.0
    263    0.0
    264    0.0
    265    0.0
    266    8.0
    267    0.0
    268   23.5
    269    0.0
    270    0.0
    271    0.0
    272    0.0
    273    0.0
    274    0.0
    275   17.0
    276    0.0
    277    1.0
    278    7.5
    279    0.0
    280    0.0
    281    0.0
    282    0.0
    283    0.0
    284    9.0
    285    0.0
    286    0.0
    287    0.0
    288    0.0
    289    0.0
    290    0.0
    291    0.0
    292    0.0
    293    0.0
    294    0.0
    295    0.0
    296    0.0
    297    0.0
    298    0.0
    299    0.0
    300    0.0
    301    0.0
    302    0.0
    303    0.0
    304    0.0
    305    0.0
    306    0.0
    307    0.0
    308    0.0
    309    0.0
    310    0.0
    311    0.0
    312    0.0
    313    0.0
    314   24.0
    315   70.0
    316    0.5
    317    0.0
    318    0.0
    319    0.0
    320    0.0
    321    0.0
    322    0.0
    323    0.0
    324    0.0
    325    0.0
    326    0.0
    327    0.0
    328    0.0
    329    0.0
    330    0.0
    331    0.0
    332    0.0
    333    0.0
    334    0.0
    335    0.0
    336    0.0
    337    0.0
    338    0.0
    339    0.0
    340    0.0
    341    0.0
    342    0.0
    343    0.0
    344    0.0
    345    0.0
    346    0.0
    347    0.0
    348    0.0
    349    0.0
    350    0.0
    351    0.0
    352    0.0
    353    0.0
    354    0.0
    355    0.0
    356    0.0
    357    0.1
    358    0.0
    359    0.0
    360    2.0
    361    0.0
    362    0.0
    363    0.0
    364    0.0
    365    0.0
