      1    0.0
      2    0.0
      3    0.0
      4    0.0
      5    0.0
      6    0.0
      7    0.0
      8    0.0
      9    0.0
     10    0.0
     11    0.0
     12    0.0
     13    0.0
     14    0.0
     15   10.0
     16    0.0
     17    0.0
     18    0.0
     19    0.0
     20    0.0
     21    0.0
     22    0.0
     23    0.0
     24    0.0
     25    0.0
     26    0.0
     27    0.0
     28   16.5
     29    0.0
     30    0.0
     31    0.0
     32    0.0
     33    0.0
     34    0.0
     35    0.0
     36    0.0
     37    0.0
     38    0.0
     39    0.0
     40    0.0
     41    0.0
     42    0.0
     43    0.0
     44    0.0
     45    0.0
     46    0.0
     47    0.0
     48    0.0
     49    0.0
     50    0.0
     51    0.0
     52    0.0
     53    0.0
     54    0.0
     55    0.0
     56    0.0
     57    0.0
     58    0.0
     59    0.0
     60    0.0
     61    0.0
     62    0.0
     63    0.0
     64    0.0
     65    0.0
     66    0.0
     67    0.0
     68    0.0
     69    0.0
     70    0.0
     71    0.0
     72    0.0
     73    0.0
     74    0.0
     75    0.0
     76    0.0
     77    0.0
     78    0.0
     79    0.0
     80    0.0
     81    0.0
     82    0.0
     83    0.1
     84    0.0
     85    5.4
     86    0.0
     87   18.0
     88    0.0
     89    0.0
     90    0.0
     91    0.0
     92    5.0
     93    0.0
     94    0.0
     95    0.0
     96   10.0
     97    0.0
     98    0.0
     99    0.0
    100    0.0
    101    0.0
    102    0.0
    103    6.0
    104    3.0
    105    0.0
    106    0.0
    107    0.0
    108    0.0
    109    0.0
    110    0.0
    111    0.0
    112    0.0
    113    0.0
    114    0.0
    115    0.0
    116    0.0
    117    0.0
    118    0.0
    119   39.2
    120   13.6
    121    5.0
    122   13.6
    123   17.6
    124    1.0
    125    0.0
    126    0.0
    127    0.0
    128    0.0
    129    0.0
    130   19.0
    131   10.4
    132   13.0
    133    0.0
    134    0.0
    135    5.0
    136    3.4
    137   16.0
    138    0.0
    139   14.0
    140    0.0
    141    0.0
    142    0.0
    143    5.0
    144    0.0
    145    0.0
    146    0.0
    147    0.0
    148    0.0
    149    0.0
    150    0.0
    151    0.0
    152    0.0
    153   13.6
    154    0.0
    155   30.0
    156    1.0
    157    0.0
    158   12.0
    159    0.0
    160    5.0
    161    0.0
    162    0.0
    163    3.0
    164    0.0
    165    0.0
    166   42.6
    167    1.2
    168   23.4
    169    6.0
    170   17.0
    171    1.0
    172    0.4
    173    0.0
    174    0.0
    175    0.0
    176    2.0
    177    0.0
    178   30.0
    179    0.4
    180    0.8
    181    0.0
    182   71.6
    183   89.2
    184   33.8
    185    5.0
    186   35.2
    187    0.0
    188   75.2
    189   24.0
    190   13.4
    191   41.6
    192    4.0
    193    8.4
    194    0.0
    195  104.0
    196    8.0
    197   18.0
    198   33.2
    199   18.0
    200   11.0
    201    0.0
    202   12.0
    203  144.0
    204   25.0
    205   16.6
    206   18.2
    207   11.2
    208    0.0
    209  102.2
    210   75.6
    211   47.8
    212   29.0
    213    6.6
    214   55.6
    215    3.0
    216   32.8
    217   26.8
    218   19.0
    219    6.2
    220    0.8
    221   10.6
    222   19.2
    223    0.0
    224   13.2
    225    0.0
    226   14.6
    227    0.0
    228    0.0
    229   19.2
    230    0.0
    231   16.0
    232   22.8
    233    0.0
    234    2.2
    235   21.6
    236    0.0
    237   25.6
    238    0.0
    239    8.6
    240   55.0
    241   30.0
    242   13.2
    243    6.6
    244    5.0
    245   25.0
    246   10.0
    247   24.0
    248   19.0
    249    0.0
    250    6.0
    251    6.4
    252    1.6
    253   13.4
    254   21.0
    255    0.8
    256   22.0
    257    6.0
    258    8.2
    259   22.0
    260   47.0
    261   17.8
    262    3.0
    263   14.6
    264    0.0
    265    0.0
    266    0.0
    267    0.0
    268    0.0
    269    0.0
    270   14.4
    271    0.0
    272    2.0
    273    0.0
    274    0.0
    275    0.0
    276    0.0
    277    0.0
    278    0.0
    279    0.0
    280   40.0
    281    2.0
    282    2.0
    283    0.0
    284    0.0
    285    0.0
    286    7.0
    287    0.0
    288   55.0
    289   53.0
    290    0.0
    291    9.0
    292    0.0
    293    0.0
    294    0.0
    295    0.0
    296    0.0
    297   19.2
    298    0.0
    299    0.0
    300    0.0
    301    0.0
    302    0.0
    303    0.0
    304    0.0
    305    0.0
    306    0.0
    307    0.0
    308    0.0
    309    0.0
    310    0.0
    311    0.0
    312    0.0
    313    0.0
    314    0.0
    315    0.0
    316    0.0
    317    0.0
    318    0.0
    319    0.0
    320    0.0
    321    0.0
    322    0.0
    323    0.0
    324    0.0
    325    0.0
    326    0.0
    327    0.0
    328    0.0
    329    0.0
    330    0.0
    331    0.0
    332    0.0
    333    0.0
    334    0.0
    335    0.0
    336    0.0
    337    0.0
    338    0.0
    339    0.0
    340    0.0
    341    0.0
    342    0.0
    343    0.0
    344    0.0
    345    0.0
    346    0.0
    347    0.0
    348    0.0
    349    0.0
    350    0.0
    351    0.0
    352    0.0
    353    0.0
    354    0.0
    355    0.0
    356    0.0
    357    0.0
    358    0.0
    359    0.0
    360    0.0
    361    0.0
    362    0.0
    363    0.0
    364    0.0
    365    0.0
