      1    0.0
      2    0.0
      3    0.0
      4    0.0
      5    0.0
      6    0.0
      7    6.9
      8   15.5
      9   17.4
     10    3.8
     11    0.0
     12    0.0
     13    0.0
     14    0.0
     15    0.0
     16    0.0
     17    0.0
     18   12.0
     19   13.0
     20   21.6
     21   21.0
     22    5.3
     23    3.3
     24    7.4
     25    0.0
     26    0.0
     27    0.0
     28    0.0
     29    0.0
     30    0.0
     31    0.0
     32    0.0
     33    0.0
     34    0.0
     35    0.0
     36    0.0
     37    0.0
     38    0.0
     39    0.0
     40    0.0
     41    5.4
     42    0.0
     43    0.0
     44    0.0
     45    0.0
     46    0.0
     47    0.0
     48    0.0
     49    0.0
     50    0.0
     51   13.1
     52    4.5
     53    5.2
     54    0.0
     55    0.0
     56    0.0
     57    0.0
     58    0.0
     59    0.0
     60    0.0
     61    0.0
     62    0.0
     63    0.0
     64    0.0
     65    0.0
     66    0.0
     67    9.2
     68   11.4
     69   15.2
     70    3.1
     71    0.0
     72    0.0
     73    0.0
     74    0.0
     75    0.0
     76    0.0
     77    0.0
     78    0.0
     79    0.0
     80    0.0
     81    6.4
     82    7.2
     83   17.4
     84    3.2
     85    0.0
     86    0.0
     87    0.0
     88    0.0
     89    0.0
     90    0.0
     91    0.0
     92    0.0
     93    0.0
     94    0.0
     95    0.0
     96    0.0
     97    0.0
     98    0.0
     99    0.0
    100    0.0
    101    0.0
    102    0.0
    103    0.0
    104    1.2
    105    6.8
    106    9.2
    107    7.2
    108   11.9
    109    0.0
    110    0.0
    111    0.0
    112    0.0
    113    0.0
    114    0.0
    115    0.0
    116   13.4
    117   17.0
    118    3.7
    119    0.0
    120    0.0
    121    0.0
    122    0.0
    123    0.0
    124    0.0
    125    4.5
    126    2.1
    127    7.2
    128    0.0
    129    0.0
    130    0.0
    131   13.4
    132   12.2
    133    3.2
    134    0.0
    135    0.0
    136    0.0
    137    0.0
    138    0.0
    139    0.0
    140    0.0
    141    5.2
    142    3.7
    143    9.2
    144   17.8
    145   21.2
    146    3.5
    147    0.0
    148    0.0
    149    0.0
    150    0.0
    151    0.0
    152    0.0
    153   12.0
    154   33.9
    155   20.3
    156   17.4
    157    6.9
    158    5.4
    159    7.3
    160    0.0
    161    0.0
    162    0.0
    163    0.0
    164    0.0
    165    0.0
    166   10.4
    167    0.0
    168   13.4
    169   17.2
    170   15.4
    171   51.2
    172   27.3
    173   29.4
    174   12.4
    175   21.7
    176   22.2
    177    9.9
    178   10.4
    179   15.3
    180   27.4
    181   27.3
    182    0.0
    183   21.4
    184   43.2
    185   13.6
    186   19.5
    187   33.2
    188    9.4
    189    9.9
    190   21.7
    191   22.8
    192   31.2
    193    6.4
    194   11.0
    195   15.0
    196   32.3
    197   33.4
    198   59.5
    199   13.2
    200    3.6
    201    9.4
    202   15.2
    203   16.4
    204   20.2
    205   29.2
    206   27.4
    207   31.9
    208   31.8
    209   12.7
    210   13.8
    211   39.9
    212   23.0
    213   29.2
    214   12.8
    215   17.4
    216   23.2
    217    6.5
    218   29.2
    219   33.4
    220   25.6
    221   12.2
    222    3.4
    223   21.9
    224   13.2
    225   27.3
    226   15.4
    227    9.9
    228    9.2
    229    7.3
    230   14.4
    231   15.4
    232    0.0
    233    0.0
    234    0.0
    235    0.0
    236    0.0
    237    0.0
    238    0.0
    239    0.0
    240    0.0
    241    0.0
    242    0.0
    243    0.0
    244    0.0
    245    5.2
    246    6.4
    247   13.2
    248    0.0
    249    0.0
    250    0.0
    251    0.0
    252    9.4
    253   15.3
    254    0.0
    255    0.0
    256    0.0
    257    0.0
    258    0.0
    259    0.0
    260   17.2
    261   13.2
    262   21.6
    263    3.2
    264    0.0
    265    0.0
    266    0.0
    267    0.0
    268    3.2
    269    4.2
    270    0.0
    271    0.0
    272    0.0
    273    0.0
    274    0.0
    275   DNA   
    276   DNA   
    277   DNA   
    278   DNA   
    279   DNA   
    280   DNA   
    281   DNA   
    282   DNA   
    283   DNA   
    284   DNA   
    285   DNA   
    286   DNA   
    287   DNA   
    288   DNA   
    289   DNA   
    290   DNA   
    291   DNA   
    292   DNA   
    293   DNA   
    294   DNA   
    295   DNA   
    296   DNA   
    297   DNA   
    298   DNA   
    299   DNA   
    300   DNA   
    301   DNA   
    302   DNA   
    303   DNA   
    304   DNA   
    305   DNA   
    306    0.0
    307    0.0
    308    0.0
    309    0.0
    310    0.0
    311    0.0
    312    0.0
    313    0.0
    314    0.0
    315    0.0
    316    0.0
    317    0.0
    318    0.0
    319    0.0
    320   13.3
    321    7.2
    322    0.0
    323    0.0
    324    0.0
    325    0.0
    326    0.0
    327    0.0
    328    0.0
    329    0.0
    330    0.0
    331    0.0
    332    0.0
    333    0.0
    334    0.0
    335    0.0
    336    0.0
    337    0.0
    338    0.0
    339    0.0
    340    0.0
    341    0.0
    342    0.0
    343    0.0
    344    0.0
    345    0.0
    346    6.3
    347    4.2
    348    9.0
    349    0.0
    350    0.0
    351    0.0
    352    0.0
    353    0.0
    354    0.0
    355    0.0
    356    0.0
    357    0.0
    358    0.0
    359    0.0
    360    0.0
    361    0.0
    362    0.0
    363    0.0
    364    0.0
    365    0.0
    366    0.0
