      1    0.0
      2    0.0
      3    0.0
      4    0.0
      5    0.0
      6    0.0
      7    0.0
      8    0.0
      9    0.0
     10    0.0
     11    0.0
     12    5.5
     13    0.0
     14    0.0
     15    0.0
     16    0.0
     17   28.2
     18    0.0
     19    0.0
     20    0.0
     21    0.0
     22    0.0
     23    0.0
     24    0.0
     25    0.0
     26    0.0
     27    0.0
     28    0.0
     29    0.0
     30    0.0
     31    0.0
     32    0.0
     33    0.0
     34    0.0
     35    0.0
     36    0.0
     37    0.0
     38    0.0
     39    0.0
     40    0.0
     41    0.0
     42    0.0
     43    0.0
     44    0.0
     45    0.0
     46    0.0
     47    0.0
     48    0.0
     49    5.5
     50    0.0
     51    0.0
     52    0.0
     53    0.0
     54    0.0
     55    0.0
     56    0.0
     57    0.0
     58    0.0
     59    0.0
     60    0.0
     61    0.0
     62    0.0
     63    0.0
     64    0.0
     65    0.0
     66    0.0
     67   11.2
     68    0.0
     69    0.0
     70    0.0
     71    0.0
     72    6.4
     73    0.0
     74    0.0
     75    0.0
     76    4.2
     77    0.0
     78    0.0
     79    2.5
     80    0.0
     81    0.0
     82    0.0
     83    0.0
     84    0.0
     85    1.2
     86    0.0
     87    0.0
     88    3.9
     89    0.0
     90    0.0
     91    0.0
     92    0.0
     93    0.0
     94    0.0
     95    0.0
     96    0.0
     97    0.0
     98    0.0
     99   32.1
    100    0.0
    101    0.0
    102    2.6
    103    0.0
    104    0.0
    105    0.0
    106    0.0
    107    0.0
    108    0.0
    109    0.0
    110    0.0
    111    0.0
    112    1.6
    113    1.7
    114   17.2
    115   17.4
    116    2.4
    117    0.0
    118    0.0
    119    0.0
    120   17.5
    121    6.5
    122   41.3
    123   42.4
    124    1.2
    125    0.0
    126    0.0
    127   17.5
    128    7.5
    129   11.7
    130    0.0
    131    0.0
    132    0.0
    133    0.0
    134    0.0
    135    0.0
    136    0.0
    137    0.0
    138    0.0
    139    0.0
    140    0.0
    141    0.0
    142    1.4
    143    0.0
    144   27.2
    145    0.0
    146    0.0
    147    0.0
    148    0.0
    149    0.0
    150    0.0
    151    0.0
    152    0.0
    153    0.0
    154    0.0
    155    1.5
    156    0.0
    157    0.0
    158    0.0
    159   31.0
    160   35.0
    161   12.3
    162    0.0
    163    0.0
    164    0.0
    165    0.0
    166    0.0
    167    0.0
    168    0.0
    169    0.0
    170    0.0
    171    0.0
    172    0.0
    173    0.0
    174    1.9
    175    0.0
    176    0.0
    177    0.0
    178    0.0
    179    0.0
    180    0.0
    181    0.0
    182   14.9
    183    3.2
    184    0.0
    185    1.5
    186    5.5
    187    1.9
    188    0.9
    189   13.3
    190   10.2
    191    8.5
    192   15.3
    193    7.3
    194    9.2
    195    8.3
    196    0.0
    197    8.7
    198    0.0
    199    0.0
    200    7.1
    201    5.9
    202    6.8
    203    8.8
    204   16.1
    205   17.2
    206   41.6
    207   40.1
    208    6.9
    209    0.0
    210    0.0
    211    1.2
    212    3.3
    213    T  
    214   11.9
    215    0.0
    216    1.2
    217    6.3
    218    0.0
    219   24.4
    220    3.1
    221    8.4
    222    0.0
    223    0.0
    224    0.0
    225   45.0
    226    0.0
    227    0.0
    228   28.2
    229    4.1
    230   10.2
    231   19.2
    232    8.6
    233   10.2
    234    1.7
    235    4.5
    236   17.6
    237    5.3
    238    0.0
    239    7.5
    240    0.0
    241    0.0
    242    7.9
    243    0.9
    244    0.0
    245    2.5
    246    0.0
    247    4.1
    248    7.5
    249    1.5
    250    3.2
    251   13.5
    252   10.5
    253    4.5
    254    2.5
    255    0.0
    256    0.0
    257    0.0
    258   28.2
    259    1.2
    260    6.5
    261    0.0
    262    0.0
    263    0.0
    264    0.0
    265    0.0
    266    2.1
    267    6.2
    268    0.0
    269    0.0
    270    0.0
    271    0.0
    272    0.0
    273    0.0
    274    0.0
    275    0.0
    276    0.0
    277    0.0
    278    0.0
    279    0.0
    280    0.0
    281    6.0
    282    0.0
    283    0.0
    284    8.2
    285    0.0
    286    0.0
    287    0.0
    288    0.0
    289    0.0
    290    0.0
    291    0.0
    292   50.2
    293    6.9
    294    0.0
    295    0.0
    296    0.0
    297    0.0
    298    0.0
    299    0.0
    300    0.0
    301    0.0
    302    0.0
    303    0.0
    304    0.0
    305    0.0
    306    0.0
    307    0.0
    308    0.0
    309    0.0
    310    0.0
    311    0.0
    312    0.0
    313    0.0
    314    0.0
    315    0.0
    316    0.0
    317    0.0
    318    0.0
    319    0.0
    320    0.0
    321    0.0
    322    0.0
    323    0.0
    324    0.0
    325    0.0
    326    0.0
    327    0.0
    328    0.0
    329    0.0
    330    0.0
    331    0.0
    332    0.0
    333    0.0
    334    0.0
    335    0.0
    336    0.0
    337    0.0
    338    0.0
    339    0.0
    340    0.0
    341    0.0
    342    0.0
    343    0.0
    344    0.0
    345    0.0
    346   36.0
    347    1.0
    348    0.0
    349    0.0
    350    0.0
    351    0.0
    352    0.0
    353    0.0
    354    0.0
    355    0.0
    356    0.0
    357    0.0
    358    0.0
    359    0.0
    360    0.0
    361    0.0
    362    0.0
    363    0.0
    364    0.0
    365    0.0
