      1    0.0
      2    0.0
      3    0.0
      4    0.0
      5    4.3
      6    4.0
      7    0.0
      8    0.0
      9    0.0
     10    0.0
     11    0.0
     12    0.0
     13    0.0
     14    0.0
     15    0.0
     16    0.0
     17    0.0
     18    0.0
     19    0.0
     20    0.0
     21    0.0
     22    0.0
     23    0.0
     24    0.0
     25    7.5
     26    0.0
     27    0.0
     28    0.0
     29    0.0
     30    0.0
     31    0.0
     32    0.0
     33    0.0
     34    0.0
     35    0.0
     36    0.0
     37    0.0
     38    0.0
     39    0.0
     40    0.0
     41    0.0
     42   11.0
     43    0.0
     44    0.0
     45    0.0
     46    0.0
     47    0.0
     48    0.0
     49    0.0
     50    0.0
     51    0.0
     52    0.0
     53    0.0
     54    0.0
     55    0.0
     56    0.0
     57    0.0
     58    0.0
     59    0.0
     60    0.0
     61    0.0
     62    0.0
     63    0.0
     64    0.0
     65    0.0
     66    0.0
     67    0.0
     68    0.0
     69    0.0
     70    0.0
     71    0.0
     72    T  
     73    0.0
     74    4.5
     75    0.0
     76    0.0
     77    0.0
     78    0.0
     79    0.0
     80    0.0
     81    0.0
     82    0.0
     83    T  
     84    0.1
     85    T  
     86    T  
     87    0.0
     88    0.0
     89    0.0
     90   29.1
     91    4.1
     92    0.0
     93    0.0
     94    0.0
     95    0.0
     96    0.0
     97    0.0
     98    0.0
     99    0.0
    100    0.0
    101    0.0
    102    0.0
    103    0.0
    104    0.0
    105    0.0
    106    0.0
    107   19.2
    108    0.0
    109    0.0
    110   56.5
    111    0.0
    112    0.0
    113    0.0
    114    9.9
    115   33.2
    116    9.1
    117    3.0
    118    T  
    119    0.0
    120   57.5
    121    0.0
    122   30.5
    123    0.0
    124    5.3
    125    0.0
    126    0.0
    127    0.0
    128   14.5
    129    0.0
    130    T  
    131   12.3
    132   20.5
    133    0.0
    134   19.2
    135   19.8
    136    5.2
    137    0.0
    138    0.0
    139    0.0
    140    0.0
    141    0.0
    142    0.0
    143    0.0
    144    0.0
    145    0.0
    146    0.0
    147   10.1
    148    T  
    149    T  
    150    0.0
    151    0.0
    152   29.2
    153    0.0
    154    0.0
    155    0.0
    156    0.0
    157    0.0
    158    0.0
    159    0.0
    160    T  
    161    2.8
    162    2.8
    163    3.6
    164   19.5
    165    0.0
    166    0.0
    167    0.0
    168    0.0
    169    0.0
    170   10.2
    171    0.0
    172    0.0
    173    0.0
    174    7.1
    175   88.2
    176   33.3
    177    2.5
    178  120.5
    179   52.5
    180    5.5
    181   50.1
    182    3.2
    183  182.5
    184  177.2
    185  158.0
    186   55.0
    187    0.0
    188    0.0
    189    0.0
    190    0.0
    191    0.0
    192    0.0
    193    0.0
    194   27.1
    195    0.0
    196   48.5
    197    0.0
    198    7.3
    199   73.5
    200   38.3
    201    0.0
    202    0.0
    203   17.2
    204   25.3
    205    0.0
    206   61.5
    207  189.7
    208    0.0
    209  200.7
    210    9.5
    211   50.2
    212    0.0
    213    5.1
    214   30.0
    215   78.5
    216    0.0
    217    0.0
    218    0.0
    219    0.0
    220    0.0
    221    0.0
    222   32.5
    223   55.5
    224   81.1
    225    0.0
    226    0.0
    227    6.5
    228    1.4
    229   34.1
    230   29.2
    231   12.4
    232   19.4
    233   60.5
    234   52.3
    235   14.4
    236    5.5
    237    6.2
    238    T  
    239    2.5
    240    3.4
    241    2.4
    242    3.6
    243    2.6
    244    T  
    245   20.8
    246   52.2
    247   32.1
    248    T  
    249    T  
    250    0.6
    251    0.0
    252    0.0
    253    2.3
    254   38.7
    255   39.5
    256    0.0
    257    0.0
    258    0.0
    259   34.7
    260    0.0
    261    0.0
    262    0.0
    263    0.0
    264    0.0
    265    0.0
    266    0.0
    267    0.0
    268    T  
    269    0.0
    270    0.0
    271    0.0
    272   42.5
    273    0.0
    274    0.0
    275    0.0
    276    0.0
    277    0.0
    278    0.0
    279    0.0
    280    0.0
    281    0.0
    282    0.0
    283    0.0
    284    0.0
    285    0.0
    286    0.0
    287    0.0
    288    0.0
    289    0.0
    290    0.0
    291    0.0
    292    0.0
    293    0.0
    294    0.0
    295    0.0
    296    0.0
    297    0.0
    298    0.0
    299    0.0
    300    0.0
    301    0.0
    302    0.0
    303    0.0
    304    0.0
    305    0.0
    306    0.0
    307    0.0
    308    0.0
    309    0.0
    310    0.0
    311    0.0
    312    0.0
    313    0.0
    314    0.0
    315    0.0
    316    0.0
    317    0.0
    318    0.0
    319    0.0
    320    0.0
    321    0.0
    322    0.0
    323    0.0
    324    0.0
    325    0.0
    326    0.0
    327    0.0
    328    0.0
    329    0.0
    330    0.0
    331    0.0
    332    0.0
    333    0.0
    334    0.0
    335    0.0
    336    0.0
    337    0.0
    338    0.0
    339    0.0
    340    0.0
    341    0.0
    342    0.0
    343    0.0
    344    0.0
    345    0.0
    346    0.0
    347    0.0
    348    0.0
    349    0.0
    350    0.0
    351    0.0
    352    0.0
    353    0.0
    354    0.0
    355    0.0
    356    0.0
    357    0.0
    358    0.0
    359    0.0
    360    0.0
    361    0.0
    362    0.0
    363    0.0
    364    0.0
    365    0.0
