      1    0.0
      2    3.0
      3   19.0
      4    0.0
      5    0.0
      6    0.0
      7    0.0
      8    0.0
      9    0.0
     10    0.0
     11    0.0
     12    0.0
     13    0.0
     14    0.0
     15    0.0
     16    0.0
     17    0.0
     18    0.0
     19    0.0
     20    0.0
     21    0.0
     22    0.0
     23    0.0
     24    0.0
     25    0.0
     26    0.0
     27    0.0
     28    0.0
     29    9.5
     30    0.0
     31    0.0
     32    0.0
     33    0.0
     34    0.0
     35    0.0
     36    0.0
     37    0.0
     38    0.0
     39    0.0
     40    0.0
     41    0.0
     42    0.0
     43    0.0
     44    0.0
     45    0.0
     46    0.0
     47    0.0
     48    0.0
     49    0.0
     50    0.0
     51    0.0
     52    0.0
     53    0.0
     54    0.0
     55    0.0
     56    0.0
     57    0.0
     58    T  
     59    2.7
     60    0.0
     61    0.0
     62    0.0
     63    0.0
     64    0.0
     65    0.0
     66    0.0
     67    0.0
     68    0.0
     69    0.0
     70    0.0
     71    0.0
     72    0.0
     73    0.0
     74    0.0
     75    T  
     76    0.0
     77    0.0
     78    0.0
     79    7.3
     80    0.0
     81    0.5
     82    0.0
     83    0.0
     84    0.0
     85    0.0
     86    0.0
     87    0.0
     88    0.0
     89    0.0
     90    0.0
     91    0.0
     92    0.0
     93    0.0
     94    0.0
     95    0.0
     96    0.0
     97    0.0
     98    0.0
     99    0.0
    100    0.0
    101    3.3
    102    0.0
    103    0.0
    104    0.0
    105    0.0
    106    0.0
    107    2.5
    108    0.0
    109   15.0
    110    0.0
    111    0.0
    112    0.0
    113    0.0
    114    3.0
    115    0.0
    116    0.0
    117    0.0
    118    0.0
    119    2.5
    120    0.0
    121    0.0
    122   64.5
    123    0.0
    124    0.0
    125    0.0
    126   27.7
    127    0.0
    128    1.4
    129    0.0
    130    0.0
    131    0.0
    132    0.0
    133   38.5
    134    0.0
    135   12.0
    136    0.0
    137    2.0
    138   12.0
    139   50.5
    140   31.2
    141    0.0
    142    0.0
    143    0.0
    144    0.0
    145    0.0
    146    0.0
    147    0.0
    148    0.0
    149    0.0
    150   10.0
    151   53.6
    152    0.0
    153   40.0
    154   44.0
    155   35.0
    156   55.0
    157    7.3
    158    1.2
    159   14.5
    160    0.5
    161    0.0
    162    0.0
    163    0.0
    164   60.2
    165   52.5
    166    0.0
    167   10.0
    168   70.0
    169    8.8
    170    0.0
    171    0.0
    172   40.0
    173  145.0
    174   29.4
    175   29.1
    176   11.5
    177   10.3
    178   40.7
    179   50.5
    180   48.3
    181   40.5
    182   50.5
    183   35.3
    184   75.2
    185   25.4
    186  100.5
    187   24.0
    188   16.5
    189    2.3
    190    5.3
    191    0.0
    192    0.0
    193   10.0
    194   13.0
    195   12.0
    196   38.0
    197  200.5
    198   10.5
    199   39.7
    200   32.5
    201   53.7
    202    5.3
    203    8.4
    204   15.7
    205  150.5
    206    6.8
    207   20.3
    208    3.7
    209   30.4
    210   42.3
    211   50.5
    212   13.0
    213    0.8
    214    T  
    215   23.2
    216    2.3
    217    T  
    218    0.0
    219    0.0
    220    0.0
    221    0.0
    222    0.0
    223    8.3
    224    0.0
    225    8.0
    226    0.0
    227    0.0
    228    T  
    229    0.0
    230  100.5
    231    1.3
    232    5.0
    233    9.4
    234    2.0
    235   92.0
    236   17.0
    237   33.0
    238    0.0
    239    0.0
    240    0.0
    241    0.0
    242    1.5
    243   38.7
    244    3.2
    245    2.6
    246   48.0
    247   20.5
    248    4.6
    249    1.3
    250    2.1
    251   12.2
    252    3.4
    253    7.8
    254    T  
    255    T  
    256   45.5
    257  100.3
    258    T  
    259    1.8
    260   12.0
    261   20.1
    262   25.3
    263    3.7
    264    T  
    265    1.0
    266   23.5
    267   30.3
    268   63.7
    269   22.2
    270    3.7
    271    6.3
    272    0.0
    273    0.0
    274    0.0
    275    0.0
    276    0.0
    277    0.0
    278    0.0
    279    0.0
    280   25.2
    281    5.3
    282    0.1
    283    1.5
    284    T  
    285    0.0
    286    0.0
    287    0.0
    288    0.0
    289    0.0
    290    0.0
    291    0.0
    292    0.0
    293    0.0
    294    0.0
    295    0.0
    296    0.0
    297   16.0
    298    T  
    299    0.0
    300    0.0
    301    0.0
    302    0.0
    303    0.0
    304    0.0
    305    0.0
    306    0.0
    307    0.0
    308    0.0
    309    0.0
    310    0.0
    311    0.0
    312    0.0
    313    0.0
    314    0.0
    315    0.0
    316    0.0
    317    0.0
    318    0.0
    319    0.0
    320    0.0
    321    0.0
    322    0.0
    323    0.0
    324    0.0
    325    0.0
    326    0.0
    327    0.0
    328    0.0
    329    0.0
    330    0.0
    331    0.0
    332    0.0
    333    0.0
    334    0.0
    335    0.0
    336    0.0
    337    0.0
    338    0.0
    339    0.0
    340    0.0
    341    0.0
    342    0.0
    343    0.0
    344    0.0
    345    0.0
    346    0.0
    347    0.0
    348    0.0
    349    0.0
    350    0.0
    351    0.0
    352    0.0
    353    0.0
    354    0.0
    355    0.0
    356    0.0
    357    0.0
    358    0.0
    359    0.0
    360    0.0
    361   11.4
    362    3.6
    363    0.0
    364    0.0
    365    0.0
