  2010   1   1     0  17.6  11.2   0.0     0     0
  2010   1   2     0  18.6   8.0   0.0     0     0
  2010   1   3     0  14.6  10.0   0.0     0     0
  2010   1   4     0  12.7  10.0   0.0     0     0
  2010   1   5     0  20.0   6.0   0.0     0     0
  2010   1   6     0  20.5   8.5   0.0     0     0
  2010   1   7     0  24.8   9.0   0.0     0     0
  2010   1   8     0  24.8   6.7   0.0     0     0
  2010   1   9     0  24.3   9.5   0.0     0     0
  2010   1  10     0  17.7  11.0   0.0     0     0
  2010   1  11     0  18.4   8.5   0.0     0     0
  2010   1  12     0  16.6   9.8   0.0     0     0
  2010   1  13     0  15.6   7.8   0.0     0     0
  2010   1  14     0  22.5   9.7   0.0     0     0
  2010   1  15     0  16.0  10.5   0.0     0     0
  2010   1  16     0  15.6   9.9   0.0     0     0
  2010   1  17     0  18.3  11.9   0.0     0     0
  2010   1  18     0  20.2  11.5   0.0     0     0
  2010   1  19     0  16.3  10.5   0.0     0     0
  2010   1  20     0  20.0  10.6   0.0     0     0
  2010   1  21     0  20.3   7.4   0.0     0     0
  2010   1  22     0  17.7   7.9   0.0     0     0
  2010   1  23     0  18.7   9.0   0.0     0     0
  2010   1  24     0  21.0   8.0   0.0     0     0
  2010   1  25     0  26.3   8.5   0.0     0     0
  2010   1  26     0  24.6   9.0   0.0     0     0
  2010   1  27     0  21.0   8.5   0.0     0     0
  2010   1  28     0  25.0   7.0   0.0     0     0
  2010   1  29     0  26.0   9.5   0.0     0     0
  2010   1  30     0  25.2  10.5   0.0     0     0
  2010   1  31     0  25.0  11.0   0.0     0     0
  2010   2   1     0  25.8   9.2   0.0     0     0
  2010   2   2     0  25.5   8.0   0.0     0     0
  2010   2   3     0  24.8   7.7   0.0     0     0
  2010   2   4     0  24.5   7.0   0.0     0     0
  2010   2   5     0  29.5   7.8   0.0     0     0
  2010   2   6     0  24.7   8.9   0.0     0     0
  2010   2   7     0  26.4   9.5   0.0     0     0
  2010   2   8     0  25.3   9.5   0.0     0     0
  2010   2   9     0  24.3  11.6   0.0     0     0
  2010   2  10     0  28.4  12.0     T     0     0
  2010   2  11     0  28.5  10.0   0.0     0     0
  2010   2  12     0  26.6  11.4   0.0     0     0
  2010   2  13     0  26.0  11.0     T     0     0
  2010   2  14     0  21.9  13.5   0.0     0     0
  2010   2  15     0  25.4  11.0   0.0     0     0
  2010   2  16     0  27.0  11.0   0.0     0     0
  2010   2  17     0  28.0  11.0   0.0     0     0
  2010   2  18     0  26.4  10.2   0.0     0     0
  2010   2  19     0  26.1   9.0   0.0     0     0
  2010   2  20     0  26.7  10.0   0.0     0     0
  2010   2  21     0  26.4  11.0   0.0     0     0
  2010   2  22     0  26.4  12.5   0.0     0     0
  2010   2  23     0  28.0  12.5   0.0     0     0
  2010   2  24     0  29.2  12.5   0.0     0     0
  2010   2  25     0  29.3  11.0   0.0     0     0
  2010   2  26     0  27.9  13.0   0.0     0     0
  2010   2  27     0  28.6  13.8   0.0     0     0
  2010   2  28     0  29.0  16.0   0.0     0     0
  2010   3   1     0  29.9  16.6   0.0     0     0
  2010   3   2     0  30.7  18.0   0.0     0     0
  2010   3   3     0  30.8  16.8   0.0     0     0
  2010   3   4     0  30.9  14.6   0.0     0     0
  2010   3   5     0  33.4  15.2   0.0     0     0
  2010   3   6     0  32.3  18.5   0.0     0     0
  2010   3   7     0  31.5  14.0   0.0     0     0
  2010   3   8     0  32.3  15.5   0.0     0     0
  2010   3   9     0  31.2  13.4   0.0     0     0
  2010   3  10     0  31.3  14.4   0.0     0     0
  2010   3  11     0  31.7  14.0   0.0     0     0
  2010   3  12     0  31.3  15.9   0.0     0     0
  2010   3  13     0  31.4  13.0   0.0     0     0
  2010   3  14     0  32.8  16.0   0.0     0     0
  2010   3  15     0  33.7  15.0   0.0     0     0
  2010   3  16     0  31.9  21.5   0.0     0     0
  2010   3  17     0  34.3  17.5   0.0     0     0
  2010   3  18     0  35.9  17.5   0.0     0     0
  2010   3  19     0  36.7  18.0   0.0     0     0
  2010   3  20     0  36.2  19.0   0.0     0     0
  2010   3  21     0  35.7  19.5   0.0     0     0
  2010   3  22     0  35.7  21.0   0.0     0     0
  2010   3  23     0  34.1  23.0   0.0     0     0
  2010   3  24     0  36.2  20.5   0.0     0     0
  2010   3  25     0  34.5  21.0   0.0     0     0
  2010   3  26     0  34.8  24.5   0.0     0     0
  2010   3  27     0  34.2  24.0   0.0     0     0
  2010   3  28     0  33.5  23.0   0.0     0     0
  2010   3  29     0  29.5  22.0   0.0     0     0
  2010   3  30     0  31.4  19.5   0.0     0     0
  2010   3  31     0  35.0  20.5   0.0     0     0
  2010   4   1     0  37.0  20.4   2.0     0     0
  2010   4   2     0  38.5  20.0   0.0     0     0
  2010   4   3     0  37.9  19.0   0.0     0     0
  2010   4   4     0  38.7  20.5   0.0     0     0
  2010   4   5     0  38.3  22.0   0.0     0     0
  2010   4   6     0  39.0  19.5   0.0     0     0
  2010   4   7     0  38.7  16.5   0.0     0     0
  2010   4   8     0  38.7  26.0   0.0     0     0
  2010   4   9     0  38.7  26.2   0.0     0     0
  2010   4  10     0  36.0  24.7   0.0     0     0
  2010   4  11     0  36.8  24.3   0.0     0     0
  2010   4  12     0  35.7  26.0   0.0     0     0
  2010   4  13     0  35.4  26.3   0.0     0     0
  2010   4  14     0  36.0  20.7   1.0     0     0
  2010   4  15     0  35.7  25.2   0.0     0     0
  2010   4  16     0  32.9  22.5   3.7     0     0
  2010   4  17     0  33.3  24.5   0.0     0     0
  2010   4  18     0  29.3  23.6   0.0     0     0
  2010   4  19     0  33.3  24.0   0.0     0     0
  2010   4  20     0  34.2  23.8   0.0     0     0
  2010   4  21     0  34.2  25.0   0.0     0     0
  2010   4  22     0  34.7  24.0   0.0     0     0
  2010   4  23     0  36.6  25.8   0.0     0     0
  2010   4  24     0  38.2  26.2   0.0     0     0
  2010   4  25     0  36.3  24.1   0.0     0     0
  2010   4  26     0  34.5  24.0   0.0     0     0
  2010   4  27     0  33.3  23.6   0.0     0     0
  2010   4  28     0  34.7  22.6   0.0     0     0
  2010   4  29     0  32.8  24.6     T     0     0
  2010   4  30     0  29.6  21.2  26.6     0     0
  2010   5   1     0  33.5  24.0   0.2     0     0
  2010   5   2     0  32.2  21.0  26.0     0     0
  2010   5   3     0  34.9  23.9   0.0     0     0
  2010   5   4     0  35.7  26.0   0.0     0     0
  2010   5   5     0  32.8  23.8   0.0     0     0
  2010   5   6     0  32.5  23.8   0.0     0     0
  2010   5   7     0  31.5  25.0   0.0     0     0
  2010   5   8     0  34.2  23.5   0.0     0     0
  2010   5   9     0  34.9  22.5  10.3     0     0
  2010   5  10     0  34.3  25.5   0.0     0     0
  2010   5  11     0  35.4  24.8   0.0     0     0
  2010   5  12     0  36.3  26.4   0.0     0     0
  2010   5  13     0  40.1  26.0   0.0     0     0
  2010   5  14     0  34.3  25.5   0.0     0     0
  2010   5  15     0  34.7  25.4   0.0     0     0
  2010   5  16     0  36.2  26.0   0.0     0     0
  2010   5  17     0  33.1  23.5   2.2     0     0
  2010   5  18     0  34.2  22.0  37.4     0     0
  2010   5  19     0  30.0  24.0   8.0     0     0
  2010   5  20     0  32.4  24.8   0.0     0     0
  2010   5  21     0  29.4  23.5   8.8     0     0
  2010   5  22     0  32.0  22.6   2.5     0     0
  2010   5  23     0  34.0  25.5   0.0     0     0
  2010   5  24     0  31.5  22.5  34.4     0     0
  2010   5  25     0  30.8  23.0   1.0     0     0
  2010   5  26     0  33.5  24.0   2.4     0     0
  2010   5  27     0  30.0  24.0   0.0     0     0
  2010   5  28     0  34.0  22.5   0.0     0     0
  2010   5  29     0  34.5  25.0   0.0     0     0
  2010   5  30     0  35.0  26.4   0.0     0     0
  2010   5  31     0  32.9  23.0   3.0     0     0
  2010   6   1     0  34.8  26.0   0.0     0     0
  2010   6   2     0  33.0  27.0   0.0     0     0
  2010   6   3     0  31.9  25.5   0.0     0     0
  2010   6   4     0  31.4  24.0   5.0     0     0
  2010   6   5     0  30.8  24.0   1.5     0     0
  2010   6   6     0  33.1  26.0   0.0     0     0
  2010   6   7     0  34.6  26.0   0.0     0     0
  2010   6   8     0  33.5  27.0   0.0     0     0
  2010   6   9     0  33.0  25.0   0.0     0     0
  2010   6  10     0  35.0  26.0   0.0     0     0
  2010   6  11     0  35.4  27.5   0.0     0     0
  2010   6  12     0  34.0  23.5   3.0     0     0
  2010   6  13     0  35.5  25.2   0.0     0     0
  2010   6  14     0  35.7  25.3   0.0     0     0
  2010   6  15     0  33.8  23.0  42.7     0     0
  2010   6  16     0  34.2  27.2   0.0     0     0
  2010   6  17     0  31.4  24.3  71.0     0     0
  2010   6  18     0  33.0  25.0  45.2     0     0
  2010   6  19     0  33.0  25.0 115.9     0     0
  2010   6  20     0  35.0  25.5   7.2     0     0
  2010   6  21     0  34.5  27.5   0.0     0     0
  2010   6  22     0  29.9  23.8  36.3     0     0
  2010   6  23     0  32.3  25.0  37.5     0     0
  2010   6  24     0  30.9  26.4   0.3     0     0
  2010   6  25     0  31.7  26.0  35.3     0     0
  2010   6  26     0  34.0  26.5   7.5     0     0
  2010   6  27     0  31.8  26.4   0.1     0     0
  2010   6  28     0  32.3  25.2   0.5     0     0
  2010   6  29     0  32.5  26.2   0.0     0     0
  2010   6  30     0  32.3  26.5     T     0     0
  2010   7   1     0  31.7  24.8  43.5     0     0
  2010   7   2     0  31.9  24.5  20.2     0     0
  2010   7   3     0  33.3  26.5     T     0     0
  2010   7   4     0  33.3  25.5  36.0     0     0
  2010   7   5     0  34.3  25.5   3.0     0     0
  2010   7   6     0  33.4  25.0  34.0     0     0
  2010   7   7     0  33.7  26.0   7.4     0     0
  2010   7   8     0  34.5  27.4   0.0     0     0
  2010   7   9     0  29.8  25.5   8.0     0     0
  2010   7  10     0  25.9  25.5  21.0     0     0
  2010   7  11     0  31.8  25.4  57.0     0     0
  2010   7  12     0  33.0  26.0  26.0     0     0
  2010   7  13     0  31.5  26.0   8.6     0     0
  2010   7  14     0  33.9  26.4  13.0     0     0
  2010   7  15     0  34.3  27.0   1.0     0     0
  2010   7  16     0  33.0  27.0   0.0     0     0
  2010   7  17     0  33.6  27.5   0.0     0     0
  2010   7  18     0  29.7  25.0  17.0     0     0
  2010   7  19     0  27.7  25.0  38.0     0     0
  2010   7  20     0  33.3  26.0   3.4     0     0
  2010   7  21     0  30.6  23.8 169.6     0     0
  2010   7  22     0  32.4  25.5  17.0     0     0
  2010   7  23     0  32.7  26.0   0.0     0     0
  2010   7  24     0  33.5  27.0   0.0     0     0
  2010   7  25     0  33.3  27.0   4.6     0     0
  2010   7  26     0  32.3  27.4   0.0     0     0
  2010   7  27     0  34.5  26.5   3.0     0     0
  2010   7  28     0  36.2  27.4   0.0     0     0
  2010   7  29     0  34.3  27.1   0.0     0     0
  2010   7  30     0  32.7  26.0   3.2     0     0
  2010   7  31     0  32.0  25.0  29.5     0     0
  2010   8   1     0  33.2  26.5   2.2     0     0
  2010   8   2     0  34.0  26.5   0.0     0     0
  2010   8   3     0  32.8  26.5     T     0     0
  2010   8   4     0  33.0  26.0  18.5     0     0
  2010   8   5     0  35.0  36.5     T     0     0
  2010   8   6     0  33.5  27.4   3.0     0     0
  2010   8   7     0  33.5  27.5   0.0     0     0
  2010   8   8     0  35.6  27.3   0.0     0     0
  2010   8   9     0  36.4  27.9   0.0     0     0
  2010   8  10     0  34.6  25.0  35.5     0     0
  2010   8  11     0  34.7  27.5   0.0     0     0
  2010   8  12     0  35.3  27.0     T     0     0
  2010   8  13     0  34.3  26.0   3.0     0     0
  2010   8  14     0  32.4  25.2 116.7     0     0
  2010   8  15     0  33.7  26.4   1.0     0     0
  2010   8  16     0  33.3  26.8   0.5     0     0
  2010   8  17     0  32.8  27.2   0.0     0     0
  2010   8  18     0  28.3  26.5     T     0     0
  2010   8  19     0  30.0  26.0  11.0     0     0
  2010   8  20     0  32.7  26.0  25.6     0     0
  2010   8  21     0  30.8  25.5  71.0     0     0
  2010   8  22     0  28.3  25.0  86.8     0     0
  2010   8  23     0  28.7  26.0   7.0     0     0
  2010   8  24     0  29.6  25.5  19.0     0     0
  2010   8  25     0  34.0  26.0   0.4     0     0
  2010   8  26     0  33.0  26.0   5.0     0     0
  2010   8  27     0  31.3  25.4   8.0     0     0
  2010   8  28     0  32.3  26.5   1.5     0     0
  2010   8  29     0  33.0  26.5   0.0     0     0
  2010   8  30     0  32.5  26.2   0.0     0     0
  2010   8  31     0  33.1  26.4  28.0     0     0
  2010   9   1     0  32.5  26.5  11.0     0     0
  2010   9   2     0  33.5  26.5   1.0     0     0
  2010   9   3     0  32.7  26.4   0.0     0     0
  2010   9   4     0  34.3  26.0   0.0     0     0
  2010   9   5     0  32.9  26.5   0.0     0     0
  2010   9   6     0  34.2  26.0   0.0     0     0
  2010   9   7     0  32.8  24.6  27.5     0     0
  2010   9   8     0  33.7  25.5  13.2     0     0
  2010   9   9     0  33.9  26.2   0.0     0     0
  2010   9  10     0  32.9  25.8   3.5     0     0
  2010   9  11     0  32.9  25.3  41.5     0     0
  2010   9  12     0  31.5  25.0   7.1     0     0
  2010   9  13     0  33.9  26.0   0.0     0     0
  2010   9  14     0  33.2  25.0   2.7     0     0
  2010   9  15     0  30.5  25.0   1.0     0     0
  2010   9  16     0  30.5  24.7   5.8     0     0
  2010   9  17     0  32.7  24.3  35.5     0     0
  2010   9  18     0  31.8  24.2   0.5     0     0
  2010   9  19     0  32.6  23.4  22.0     0     0
  2010   9  20     0  32.7  24.8   8.8     0     0
  2010   9  21     0  26.7  25.4   2.5     0     0
  2010   9  22     0  28.6  25.0  26.0     0     0
  2010   9  23     0  32.7  26.0   1.0     0     0
  2010   9  24     0  33.8  26.0   0.0     0     0
  2010   9  25     0  30.5  25.0   0.3     0     0
  2010   9  26     0  32.0  24.0  35.2     0     0
  2010   9  27     0  33.5  24.5   8.6     0     0
  2010   9  28     0  33.4  24.2   0.0     0     0
  2010   9  29     0  31.7  25.8   0.0     0     0
  2010   9  30     0  34.0  23.8   0.0     0     0
  2010  10   1     0  34.5  23.7   0.0     0     0
  2010  10   2     0  33.3  24.2   0.0     0     0
  2010  10   3     0  34.3  24.5   0.0     0     0
  2010  10   4     0  34.5  24.0   0.0     0     0
  2010  10   5     0  34.3  24.2   0.0     0     0
  2010  10   6     0  31.7  24.5   0.0     0     0
  2010  10   7     0  31.7  23.5   0.0     0     0
  2010  10   8     0  28.5  22.6   0.0     0     0
  2010  10   9     0  30.5  23.0   0.0     0     0
  2010  10  10     0  29.0  23.0   3.8     0     0
  2010  10  11     0  30.3  22.6   4.0     0     0
  2010  10  12     0  32.2  21.6   0.0     0     0
  2010  10  13     0  32.9  20.5   0.0     0     0
  2010  10  14     0  32.7  23.5   0.0     0     0
  2010  10  15     0  33.5  24.5   0.0     0     0
  2010  10  16     0  30.4  24.5   0.0     0     0
  2010  10  17     0  27.4  23.6  16.8     0     0
  2010  10  18     0  33.3  22.0   0.8     0     0
  2010  10  19     0  33.7  22.8   0.0     0     0
  2010  10  20     0  33.5  24.2   0.0     0     0
  2010  10  21     0  32.7  23.7   0.0     0     0
  2010  10  22     0  30.7  23.0   3.8     0     0
  2010  10  23     0  32.7  21.2   0.0     0     0
  2010  10  24     0  32.3  21.5   0.0     0     0
  2010  10  25     0  32.5  20.5   0.0     0     0
  2010  10  26     0  32.0  19.7   0.0     0     0
  2010  10  27     0  31.7  19.0   0.0     0     0
  2010  10  28     0  31.4  19.2   0.0     0     0
  2010  10  29     0  31.7  17.0   0.0     0     0
  2010  10  30     0  30.6  17.0   0.0     0     0
  2010  10  31     0  29.3  21.0   0.0     0     0
  2010  11   1     0  25.3  19.8     T     0     0
  2010  11   2     0  30.2  16.0     T     0     0
  2010  11   3     0  31.1  17.6   0.0     0     0
  2010  11   4     0  31.7  18.0   0.0     0     0
  2010  11   5     0  32.5  17.6   0.0     0     0
  2010  11   6     0  31.9  17.8   0.0     0     0
  2010  11   7     0  32.3  18.3   0.0     0     0
  2010  11   8     0  30.7  18.5   0.0     0     0
  2010  11   9     0  31.6  18.2   0.0     0     0
  2010  11  10     0  32.0  18.5   0.0     0     0
  2010  11  11     0  31.3  17.5   0.0     0     0
  2010  11  12     0  30.3  18.2   0.0     0     0
  2010  11  13     0  27.0  20.5   0.0     0     0
  2010  11  14     0  30.2  16.8   0.0     0     0
  2010  11  15     0  30.2  17.7   0.0     0     0
  2010  11  16     0  30.1  17.8   0.0     0     0
  2010  11  17     0  30.0  18.3   0.0     0     0
  2010  11  18     0  30.0  20.0   0.0     0     0
  2010  11  19     0  30.0  19.5   0.0     0     0
  2010  11  20     0  29.8  19.5   0.0     0     0
  2010  11  21     0  29.8  13.3   0.0     0     0
  2010  11  22     0  29.8  13.0   0.0     0     0
  2010  11  23     0  29.8  14.5   0.0     0     0
  2010  11  24     0  29.8  14.4   0.0     0     0
  2010  11  25     0  28.5  15.0   0.0     0     0
  2010  11  26     0  28.0  14.4   0.0     0     0
  2010  11  27     0  27.6  15.0   0.0     0     0
  2010  11  28     0  26.6  17.2   0.0     0     0
  2010  11  29     0  27.6  17.2   0.0     0     0
  2010  11  30     0  26.0  12.2   0.0     0     0
  2010  12   1     0  26.2  11.5   0.0     0     0
  2010  12   2     0  27.5  12.5   0.0     0     0
  2010  12   3     0  28.2  12.8   0.0     0     0
  2010  12   4     0  28.5  12.0   0.0     0     0
  2010  12   5     0  28.7  11.3   0.0     0     0
  2010  12   6     0  26.5  10.4   0.0     0     0
  2010  12   7     0  28.7  10.4   0.0     0     0
  2010  12   8     0  24.4  14.2   0.0     0     0
  2010  12   9     0  28.1  15.1   0.0     0     0
  2010  12  10     0  27.3  14.8   0.0     0     0
  2010  12  11     0  27.2  14.2   0.0     0     0
  2010  12  12     0  24.7  11.0   0.0     0     0
  2010  12  13     0  23.0   9.0   0.0     0     0
  2010  12  14     0  23.3   8.0   0.0     0     0
  2010  12  15     0  24.4   7.0   0.0     0     0
  2010  12  16     0  26.7  10.5   0.0     0     0
  2010  12  17     0  26.7   7.0   0.0     0     0
  2010  12  18     0  25.1   8.6   0.0     0     0
  2010  12  19     0  25.4   9.0   0.0     0     0
  2010  12  20     0  25.3   8.6   0.0     0     0
  2010  12  21     0  25.4   7.2   0.0     0     0
  2010  12  22     0  25.3   7.6   0.0     0     0
  2010  12  23     0  24.9   8.5   0.0     0     0
  2010  12  24     0  23.7   8.5   0.0     0     0
  2010  12  25     0  24.7   9.5   0.0     0     0
  2010  12  26     0  24.2   9.5   0.0     0     0
  2010  12  27     0  24.3   6.5   0.0     0     0
  2010  12  28     0  25.0   7.4   0.0     0     0
  2010  12  29     0  25.0   7.6   0.0     0     0
  2010  12  30     0  25.0   8.8   0.0     0     0
  2010  12  31     0  24.9  10.0   0.0     0     0
