      1   DNA   
      2   DNA   
      3   DNA   
      4   DNA   
      5   DNA   
      6   DNA   
      7   DNA   
      8   DNA   
      9   DNA   
     10   DNA   
     11   DNA   
     12   DNA   
     13   DNA   
     14   DNA   
     15   DNA   
     16   DNA   
     17   DNA   
     18   DNA   
     19   DNA   
     20   DNA   
     21   DNA   
     22   DNA   
     23   DNA   
     24   DNA   
     25   DNA   
     26   DNA   
     27   DNA   
     28   DNA   
     29   DNA   
     30   DNA   
     31   DNA   
     32    0.0
     33    0.0
     34    0.0
     35    0.0
     36    0.0
     37    0.0
     38    0.0
     39    0.0
     40    0.0
     41    0.0
     42    0.0
     43    0.0
     44    0.0
     45    0.0
     46    0.0
     47    0.0
     48    0.0
     49    0.0
     50    0.0
     51    T  
     52    0.0
     53    0.0
     54    0.0
     55    0.0
     56    0.0
     57    0.0
     58    0.0
     59    0.0
     60    0.0
     61    0.0
     62    0.0
     63    0.0
     64    4.0
     65    0.0
     66    0.0
     67    0.0
     68    0.0
     69    0.0
     70    0.0
     71    0.0
     72    0.0
     73    0.0
     74    T  
     75    T  
     76    0.0
     77    0.0
     78    T  
     79   17.7
     80    0.0
     81    0.3
     82    0.0
     83    0.0
     84    8.0
     85    T  
     86    0.0
     87    0.0
     88    T  
     89    0.0
     90    0.0
     91    0.0
     92    0.0
     93    1.7
     94   29.8
     95    4.5
     96    7.1
     97   11.0
     98    0.0
     99    0.0
    100    0.0
    101    0.0
    102    0.0
    103    6.5
    104    8.0
    105    3.5
    106    1.9
    107   33.5
    108    3.2
    109    0.0
    110    0.0
    111    0.0
    112    0.0
    113    0.0
    114    0.0
    115    0.0
    116    0.0
    117    0.0
    118    0.0
    119    0.0
    120    0.0
    121   26.3
    122   11.7
    123    6.0
    124    T  
    125   47.0
    126    2.0
    127    4.7
    128   22.5
    129    T  
    130    1.5
    131   22.4
    132    7.0
    133    0.0
    134    0.0
    135    0.0
    136    4.0
    137    0.0
    138    5.0
    139    0.0
    140    2.0
    141    5.7
    142    0.0
    143    0.0
    144    T  
    145    T  
    146    1.0
    147    5.8
    148    0.0
    149    0.0
    150    0.0
    151    0.0
    152    5.3
    153    T  
    154    0.0
    155   21.2
    156    2.8
    157    T  
    158    3.0
    159   28.0
    160   16.0
    161   23.3
    162   53.7
    163   33.1
    164   18.2
    165    T  
    166    7.8
    167   25.5
    168   18.2
    169    0.0
    170    0.0
    171   25.6
    172   48.0
    173   11.7
    174    0.0
    175   13.2
    176   42.0
    177    T  
    178    0.0
    179    6.7
    180    8.0
    181   28.0
    182    6.6
    183    8.0
    184   24.5
    185    7.0
    186    T  
    187    2.0
    188   11.5
    189    0.0
    190    0.0
    191    0.0
    192    1.3
    193    0.0
    194    7.3
    195    8.6
    196    5.0
    197    T  
    198    2.0
    199    2.0
    200    8.0
    201   17.0
    202   10.5
    203    7.0
    204    2.8
    205    7.5
    206    2.7
    207    0.6
    208    4.3
    209   14.6
    210   25.5
    211    1.6
    212   26.3
    213    1.0
    214    8.7
    215    T  
    216   14.3
    217   48.5
    218    8.7
    219    0.3
    220    3.0
    221   13.7
    222    0.5
    223   20.5
    224    1.0
    225    9.0
    226   22.0
    227   15.5
    228   31.9
    229    2.8
    230   10.3
    231    T  
    232   35.0
    233   11.8
    234    T  
    235    0.0
    236    T  
    237    T  
    238    T  
    239   58.0
    240   49.5
    241   27.0
    242    2.4
    243   11.5
    244    T  
    245   12.0
    246    0.0
    247    0.0
    248    1.6
    249    T  
    250    0.0
    251    0.0
    252    0.0
    253    0.0
    254    1.5
    255   10.0
    256    0.3
    257    0.0
    258    1.3
    259   39.0
    260    0.0
    261    T  
    262    3.0
    263    2.2
    264    2.0
    265    2.3
    266    0.0
    267    T  
    268    0.0
    269    4.4
    270    3.1
    271    0.5
    272    0.0
    273    0.5
    274    4.3
    275    0.0
    276    0.0
    277    0.0
    278    0.0
    279    0.0
    280    0.0
    281    6.4
    282    3.0
    283    0.0
    284    0.0
    285    0.0
    286    0.0
    287    0.0
    288    0.0
    289    0.0
    290    0.0
    291    0.0
    292    0.0
    293    0.0
    294    0.0
    295    0.0
    296    0.0
    297    0.0
    298    0.0
    299    0.0
    300    0.0
    301    0.0
    302    0.0
    303    0.0
    304    0.0
    305    0.0
    306    0.0
    307    0.0
    308    0.0
    309    0.0
    310    0.0
    311    0.0
    312    0.0
    313    0.0
    314    0.0
    315    0.0
    316    0.0
    317    0.0
    318    0.0
    319    0.0
    320    0.0
    321    0.0
    322    0.0
    323    0.0
    324    0.0
    325    0.0
    326    0.0
    327    0.0
    328    0.0
    329    0.0
    330    0.0
    331    0.0
    332    0.0
    333    0.0
    334    0.0
    335    0.0
    336    0.0
    337    0.0
    338    0.0
    339    0.0
    340    0.0
    341    0.0
    342    0.0
    343    0.0
    344    T  
    345    0.0
    346    0.0
    347    0.0
    348    0.0
    349    0.0
    350    0.0
    351    0.0
    352    0.0
    353    0.0
    354    0.0
    355    0.0
    356    0.0
    357    0.0
    358    0.0
    359    0.0
    360    0.0
    361    0.0
    362    0.0
    363    0.0
    364    0.0
    365    0.0
    366    0.0
