      1    0.0
      2    0.0
      3    0.0
      4    0.0
      5    0.0
      6    0.0
      7    0.0
      8    0.0
      9    5.6
     10    0.0
     11    0.0
     12    0.0
     13    2.0
     14    0.0
     15    0.0
     16    0.0
     17    0.0
     18    0.0
     19    0.0
     20    0.0
     21    0.0
     22    0.0
     23    0.0
     24    0.0
     25    0.0
     26    0.0
     27    0.0
     28    0.0
     29    0.0
     30    0.0
     31    0.0
     32    0.0
     33    0.0
     34    0.0
     35    0.0
     36    3.8
     37    0.0
     38    0.0
     39    0.0
     40    0.0
     41    0.0
     42    0.0
     43    0.0
     44    0.0
     45    0.0
     46    3.7
     47    9.0
     48    0.0
     49    0.0
     50    0.0
     51    0.0
     52    0.0
     53    0.0
     54   20.0
     55    2.4
     56    0.0
     57    0.0
     58    0.0
     59    2.8
     60    0.0
     61    3.6
     62    1.6
     63    0.0
     64    0.0
     65    0.0
     66    0.0
     67    0.0
     68    0.0
     69    0.0
     70    0.0
     71    0.0
     72    0.0
     73    7.6
     74    2.1
     75    0.0
     76    0.0
     77    0.0
     78    0.0
     79    0.0
     80    0.0
     81    0.0
     82    0.0
     83    5.3
     84    0.0
     85    0.0
     86    0.0
     87    0.0
     88    0.0
     89    0.0
     90    0.0
     91    0.0
     92    0.0
     93    3.7
     94    0.0
     95    0.0
     96    0.0
     97    0.0
     98    0.0
     99    0.0
    100    0.0
    101    0.0
    102    0.0
    103    0.0
    104    0.0
    105    0.0
    106    0.0
    107    0.0
    108    6.2
    109    0.0
    110    0.0
    111    0.0
    112    0.0
    113    0.0
    114    0.0
    115    0.0
    116    0.0
    117   DNA   
    118   DNA   
    119   DNA   
    120   DNA   
    121   DNA   
    122   DNA   
    123   DNA   
    124    0.0
    125    0.0
    126    0.0
    127    0.0
    128    6.0
    129    0.0
    130    4.2
    131   16.2
    132    0.0
    133   15.4
    134   15.2
    135    4.6
    136    1.2
    137   55.6
    138    7.2
    139    0.0
    140    6.0
    141    1.4
    142    0.0
    143    0.0
    144    0.0
    145    0.0
    146    0.0
    147    0.0
    148    0.0
    149    0.0
    150    0.0
    151    0.0
    152    0.0
    153    0.0
    154   15.0
    155   22.2
    156   90.3
    157    1.0
    158    0.0
    159    1.2
    160    2.4
    161   16.8
    162   82.6
    163   18.0
    164   96.0
    165   16.2
    166    9.0
    167    4.6
    168   51.4
    169  132.6
    170   51.4
    171   19.0
    172   23.2
    173    7.0
    174   39.0
    175   62.0
    176   46.9
    177   16.8
    178    1.2
    179    0.0
    180   26.4
    181   34.0
    182    1.6
    183    2.0
    184    6.2
    185    0.0
    186    0.0
    187   10.2
    188   40.0
    189   46.0
    190   18.5
    191   16.0
    192   56.0
    193   40.0
    194   38.6
    195   16.6
    196   52.2
    197   40.0
    198   12.2
    199   72.0
    200    4.6
    201    0.0
    202   69.6
    203   20.2
    204    0.0
    205    0.0
    206    6.0
    207    0.0
    208   15.0
    209    4.0
    210    3.8
    211    0.0
    212    0.0
    213    6.4
    214   17.0
    215   32.6
    216    3.6
    217    0.0
    218    3.2
    219    0.0
    220    4.6
    221    0.0
    222    0.0
    223    0.0
    224   10.2
    225   32.2
    226    2.6
    227    0.0
    228    0.0
    229    0.0
    230   46.0
    231    0.0
    232   20.3
    233    2.4
    234    0.0
    235   12.2
    236    0.0
    237    0.0
    238    0.0
    239    0.0
    240    2.4
    241    0.0
    242    0.0
    243   16.0
    244    0.0
    245    0.0
    246    8.0
    247   16.0
    248   32.0
    249   28.0
    250    6.0
    251    2.0
    252    0.0
    253    0.0
    254    0.0
    255    0.0
    256    0.0
    257    0.0
    258    0.0
    259    0.0
    260   88.0
    261   22.7
    262   30.2
    263    7.0
    264    0.0
    265    0.0
    266    0.0
    267    0.0
    268    0.0
    269   10.8
    270    0.0
    271    0.0
    272    0.0
    273    0.0
    274    0.0
    275    0.0
    276    0.0
    277    0.0
    278    2.8
    279    0.0
    280    0.0
    281    0.0
    282    0.0
    283    0.0
    284   51.2
    285    0.0
    286    7.5
    287    0.0
    288    0.0
    289    0.0
    290    0.0
    291    4.5
    292    0.0
    293    0.0
    294    0.0
    295    0.0
    296    0.0
    297    0.0
    298    0.0
    299    0.0
    300    0.0
    301    0.0
    302    0.0
    303    0.0
    304    0.0
    305    0.0
    306    0.0
    307    0.0
    308    0.0
    309    0.0
    310    0.0
    311    0.0
    312    0.0
    313    0.0
    314    5.2
    315   31.2
    316   21.3
    317    0.0
    318    0.0
    319    0.0
    320    0.0
    321    0.0
    322    0.0
    323    0.0
    324    0.0
    325    0.0
    326    0.0
    327    0.0
    328    0.0
    329    0.0
    330    0.0
    331    0.0
    332    0.0
    333    0.0
    334    0.0
    335    0.0
    336    0.0
    337    0.0
    338    0.0
    339    0.0
    340    0.0
    341    0.0
    342    0.0
    343    0.0
    344    0.0
    345    0.0
    346    0.0
    347    0.0
    348    0.0
    349    0.0
    350    0.0
    351    0.0
    352    0.0
    353    0.0
    354    0.0
    355    0.0
    356    0.0
    357    0.0
    358    0.0
    359    0.0
    360    0.0
    361    0.0
    362    0.0
    363    0.0
    364    0.0
    365    5.5
