      1    0.0
      2    0.0
      3    0.0
      4    0.0
      5    0.0
      6    0.0
      7    0.0
      8    0.0
      9    0.0
     10    0.0
     11    0.0
     12    0.0
     13    0.0
     14    0.0
     15    0.0
     16    0.0
     17    T  
     18   29.0
     19    0.0
     20    0.0
     21    0.0
     22    2.7
     23   14.0
     24    4.5
     25    0.0
     26    0.0
     27    0.0
     28    0.0
     29    0.0
     30    0.0
     31    0.0
     32    0.0
     33    0.0
     34    0.0
     35    0.0
     36    0.0
     37    0.0
     38    0.0
     39    0.0
     40    0.3
     41    0.0
     42    0.0
     43    0.0
     44    0.0
     45    0.0
     46    0.0
     47    0.0
     48    0.0
     49    T  
     50    0.0
     51    0.0
     52    0.0
     53    0.0
     54    4.5
     55    0.0
     56    0.0
     57    0.0
     58    0.0
     59    0.0
     60    0.0
     61    T  
     62    0.0
     63    0.0
     64    0.0
     65    0.0
     66    0.0
     67    0.0
     68    0.0
     69    0.0
     70    0.0
     71    5.0
     72    0.0
     73    0.0
     74    0.0
     75    0.0
     76    2.2
     77    0.0
     78    2.0
     79    1.0
     80    6.0
     81   11.5
     82    4.3
     83    0.0
     84    0.0
     85    0.0
     86    0.0
     87    0.0
     88   19.7
     89    0.0
     90    0.0
     91    0.0
     92    0.0
     93    0.0
     94    0.0
     95    0.0
     96    0.0
     97    0.0
     98   28.0
     99    T  
    100    0.0
    101    0.0
    102    0.0
    103    0.0
    104    0.0
    105    0.0
    106    0.0
    107    0.0
    108    0.0
    109    0.0
    110    0.0
    111    0.0
    112    T  
    113    0.0
    114   18.2
    115   29.9
    116    T  
    117   21.5
    118    0.0
    119    0.0
    120    8.7
    121    0.5
    122    0.0
    123    0.0
    124    1.3
    125    6.0
    126   23.2
    127   54.0
    128    1.0
    129   16.0
    130   23.0
    131   11.0
    132    0.0
    133    T  
    134    1.0
    135    3.5
    136    T  
    137    6.0
    138   18.3
    139    7.7
    140    1.0
    141    0.0
    142    0.3
    143    6.3
    144   24.0
    145    2.5
    146    0.0
    147    T  
    148    0.0
    149    0.0
    150    0.0
    151    0.0
    152    0.0
    153    2.2
    154    0.0
    155   24.7
    156    6.2
    157   17.5
    158    3.0
    159    5.5
    160    0.0
    161    0.0
    162    0.0
    163    T  
    164    1.0
    165    0.0
    166    0.0
    167    0.0
    168    0.0
    169    1.7
    170    1.2
    171   15.3
    172    1.0
    173    1.5
    174    2.0
    175    2.5
    176    0.0
    177    0.0
    178    T  
    179    0.0
    180    9.5
    181    9.0
    182    T  
    183   28.0
    184    0.5
    185   23.5
    186    5.5
    187    6.0
    188    2.5
    189   17.5
    190    1.0
    191   24.8
    192    9.2
    193   18.5
    194   14.2
    195   22.0
    196    1.5
    197    5.0
    198   23.5
    199    2.5
    200    0.0
    201    0.0
    202    0.0
    203    2.2
    204    T  
    205    0.0
    206    8.4
    207    6.2
    208    0.0
    209   31.5
    210    0.0
    211    1.5
    212    0.0
    213    3.0
    214    0.0
    215    1.0
    216    0.0
    217   38.5
    218   32.0
    219   31.5
    220    0.0
    221    0.0
    222    0.0
    223    1.6
    224    6.5
    225   23.0
    226    8.0
    227    T  
    228    4.0
    229   38.0
    230    1.3
    231   29.5
    232    2.7
    233   14.0
    234    5.5
    235   11.0
    236   13.3
    237   12.5
    238    5.7
    239   10.0
    240    T  
    241    0.0
    242    0.0
    243    1.0
    244    2.1
    245    1.7
    246    T  
    247    0.0
    248   39.4
    249    8.0
    250    0.0
    251    0.0
    252    9.0
    253    0.0
    254    0.0
    255    0.0
    256    0.0
    257    1.0
    258    1.0
    259    0.0
    260    T  
    261    0.5
    262    T  
    263    0.0
    264   42.3
    265    0.5
    266    0.0
    267    0.0
    268    0.0
    269    T  
    270    0.0
    271    0.0
    272    0.0
    273    0.0
    274    0.0
    275    0.0
    276    0.0
    277    T  
    278    T  
    279    3.0
    280    0.0
    281    0.0
    282    0.0
    283    0.0
    284    0.0
    285    0.0
    286    0.0
    287    0.0
    288    0.0
    289    0.0
    290    0.0
    291    0.0
    292    0.0
    293    6.0
    294   81.0
    295    7.0
    296    0.0
    297    0.0
    298    0.0
    299    0.0
    300    1.5
    301    0.0
    302    0.0
    303    0.0
    304    0.0
    305    0.0
    306    0.0
    307    0.0
    308    0.0
    309    0.0
    310    0.0
    311    0.0
    312    0.0
    313    0.0
    314    0.0
    315    0.0
    316    0.0
    317    0.0
    318    0.0
    319    0.0
    320    0.0
    321    0.0
    322    0.0
    323    0.0
    324    0.0
    325    0.0
    326    0.0
    327    0.0
    328    0.0
    329    0.0
    330    0.0
    331    0.0
    332    0.0
    333    0.0
    334    0.0
    335    0.0
    336    0.0
    337    0.0
    338    0.0
    339    0.0
    340    0.0
    341    0.0
    342    0.0
    343    0.0
    344    0.0
    345    0.0
    346    0.0
    347    0.0
    348    0.0
    349    0.0
    350    0.0
    351    0.0
    352    0.0
    353    0.0
    354    0.0
    355    0.0
    356    0.0
    357    0.0
    358    0.0
    359    0.0
    360    0.0
    361    0.0
    362    0.0
    363    0.0
    364    0.0
    365    0.0
