  1996   1   1     0  14.4   2.5   0.0     0     0
  1996   1   2     0  14.8   2.3   0.0     0     0
  1996   1   3     0   6.6   2.8   1.0     0     0
  1996   1   4     0  12.0   1.2   0.7     0     0
  1996   1   5     0  13.8   2.0   0.0     0     0
  1996   1   6     0  13.6   1.7   0.0     0     0
  1996   1   7     0  15.0   2.7   0.0     0     0
  1996   1   8     0  14.0   2.5   0.0     0     0
  1996   1   9     0  15.0   2.5   0.0     0     0
  1996   1  10     0  15.0   1.0   0.0     0     0
  1996   1  11     0  12.5   1.4   0.0     0     0
  1996   1  12     0  12.8   1.0   0.0     0     0
  1996   1  13     0  13.0   1.8   0.0     0     0
  1996   1  14     0  12.2   1.5   0.0     0     0
  1996   1  15     0   5.5   0.3  14.0     0     0
  1996   1  16     0   6.8   0.0  41.1     0     0
  1996   1  17     0  11.5   1.5   6.5     0     0
  1996   1  18     0  13.0   0.5   0.0     0     0
  1996   1  19     0   8.7   0.3   0.0     0     0
  1996   1  20     0  11.5   0.4   0.0     0     0
  1996   1  21     0  11.5   1.6   0.0     0     0
  1996   1  22     0  11.0   1.7   0.0     0     0
  1996   1  23     0  12.5   2.5   0.0     0     0
  1996   1  24     0  14.0   2.2   0.0     0     0
  1996   1  25     0  14.8   2.3   0.0     0     0
  1996   1  26     0  13.0   1.8   0.0     0     0
  1996   1  27     0  14.8   1.8   0.0     0     0
  1996   1  28     0  16.3   5.0   0.0     0     0
  1996   1  29     0  19.0   6.7   0.0     0     0
  1996   1  30     0  15.5   4.0   0.0     0     0
  1996   1  31     0  14.4   2.8   0.0     0     0
  1996   2   1     0  15.2   3.2   0.0     0     0
  1996   2   2     0  16.4   3.5   0.0     0     0
  1996   2   3     0  14.5   3.5   0.0     0     0
  1996   2   4     0  17.0   3.0   0.0     0     0
  1996   2   5     0  17.4   5.0   0.0     0     0
  1996   2   6     0  12.0   4.7   0.0     0     0
  1996   2   7     0  12.5   4.2   0.0     0     0
  1996   2   8     0  16.6   5.2   0.0     0     0
  1996   2   9     0  16.2   2.0   7.6     0     0
  1996   2  10     0  15.2   3.7   0.0     0     0
  1996   2  11     0  13.0   2.3   2.5     0     0
  1996   2  12     0  15.2   0.8   0.0     0     0
  1996   2  13     0  16.0   3.2   0.0     0     0
  1996   2  14     0  17.7   4.0   0.0     0     0
  1996   2  15     0  15.0   4.4   0.0     0     0
  1996   2  16     0  15.8   3.4   0.0     0     0
  1996   2  17     0  17.2   4.3   0.0     0     0
  1996   2  18     0  16.6   3.9   0.0     0     0
  1996   2  19     0  15.3   5.4   0.0     0     0
  1996   2  20     0  15.4   2.8   0.0     0     0
  1996   2  21     0  15.0   3.0   0.0     0     0
  1996   2  22     0  15.3   2.4   0.0     0     0
  1996   2  23     0  18.0   3.5   0.0     0     0
  1996   2  24     0  17.4   6.0   0.0     0     0
  1996   2  25     0  16.3   6.7   0.0     0     0
  1996   2  26     0   9.0   4.4   6.2     0     0
  1996   2  27     0  15.5   4.5   7.9     0     0
  1996   2  28     0  17.2   3.7   0.0     0     0
  1996   2  29     0  18.0   6.3   0.0     0     0
  1996   3   1     0  18.3   5.5   0.0     0     0
  1996   3   2     0  20.2   7.0   0.0     0     0
  1996   3   3     0  19.4   7.4   0.0     0     0
  1996   3   4     0  17.0   5.3   4.4     0     0
  1996   3   5     0  19.7   6.3   0.0     0     0
  1996   3   6     0  20.3   7.0   0.0     0     0
  1996   3   7     0  20.0   6.0   0.0     0     0
  1996   3   8     0  17.6   5.5   9.3     0     0
  1996   3   9     0  21.0   6.3   0.0     0     0
  1996   3  10     0  17.7   8.5   0.0     0     0
  1996   3  11     0  18.1   4.2   0.0     0     0
  1996   3  12     0  18.2   9.5   2.2     0     0
  1996   3  13     0  19.4  10.0   5.5     0     0
  1996   3  14     0  21.5   9.0   0.0     0     0
  1996   3  15     0  21.3  10.3   0.0     0     0
  1996   3  16     0  21.4  10.2   0.0     0     0
  1996   3  17     0  23.2  11.5   0.0     0     0
  1996   3  18     0  21.7  10.4   0.0     0     0
  1996   3  19     0  20.8  10.2   0.0     0     0
  1996   3  20     0  22.0   9.6   0.0     0     0
  1996   3  21     0  23.2   8.4   0.0     0     0
  1996   3  22     0  18.5   8.0   0.0     0     0
  1996   3  23     0  22.5   6.6   0.0     0     0
  1996   3  24     0  21.7   8.0   0.0     0     0
  1996   3  25     0  21.5   5.4   0.0     0     0
  1996   3  26     0  14.4   7.5   0.0     0     0
  1996   3  27     0  22.2   8.0   1.2     0     0
  1996   3  28     0  19.0  10.2   0.0     0     0
  1996   3  29     0  22.3  10.0   0.0     0     0
  1996   3  30     0  23.2  10.5   0.0     0     0
  1996   3  31     0  23.5   8.0   3.4     0     0
  1996   4   1     0  21.5   7.2   0.0     0     0
  1996   4   2     0  22.3   7.5   0.0     0     0
  1996   4   3     0  20.8   8.1   0.0     0     0
  1996   4   4     0  22.5   6.0   0.0     0     0
  1996   4   5     0  23.2   8.9   0.0     0     0
  1996   4   6     0  22.2   9.2   0.0     0     0
  1996   4   7     0  24.2  12.0   0.0     0     0
  1996   4   8     0  21.5   8.0   0.0     0     0
  1996   4   9     0  26.2  11.4   0.0     0     0
  1996   4  10     0  25.5  10.0   0.0     0     0
  1996   4  11     0  25.0   9.3   0.0     0     0
  1996   4  12     0  25.8  10.8   0.0     0     0
  1996   4  13     0  25.2  11.5   0.0     0     0
  1996   4  14     0  25.5  12.0   0.0     0     0
  1996   4  15     0  25.8  12.4   0.0     0     0
  1996   4  16     0  26.9  13.7   0.0     0     0
  1996   4  17     0  23.5   9.5   0.0     0     0
  1996   4  18     0  25.3  10.0  11.6     0     0
  1996   4  19     0  27.2  13.5   0.0     0     0
  1996   4  20     0  26.0  14.6   0.0     0     0
  1996   4  21     0  24.5  14.0   0.0     0     0
  1996   4  22     0  26.2  13.0   0.0     0     0
  1996   4  23     0  25.0  12.6   0.0     0     0
  1996   4  24     0  22.4   8.4   4.5     0     0
  1996   4  25     0   DNA   8.2   3.0     0     0
  1996   4  26     0  20.5   7.0   3.0     0     0
  1996   4  27     0  19.5  10.2   0.0     0     0
  1996   4  28     0  21.0  11.3   0.0     0     0
  1996   4  29     0  21.0  12.4   6.0     0     0
  1996   4  30     0  24.0  12.4   1.5     0     0
  1996   5   1     0  22.0  11.4  10.0     0     0
  1996   5   2     0  19.9  10.0   0.0     0     0
  1996   5   3     0  23.7  13.0   0.0     0     0
  1996   5   4     0  25.8  13.8   0.0     0     0
  1996   5   5     0  26.2  14.1   0.0     0     0
  1996   5   6     0  27.2  14.5   0.0     0     0
  1996   5   7     0  25.5  12.5   0.0     0     0
  1996   5   8     0  24.5  13.0  14.0     0     0
  1996   5   9     0  26.0  12.4   0.0     0     0
  1996   5  10     0  26.6  13.3   0.0     0     0
  1996   5  11     0  25.5  12.0   0.0     0     0
  1996   5  12     0  22.6   9.8   0.0     0     0
  1996   5  13     0  23.7  10.4   0.0     0     0
  1996   5  14     0  23.6  13.6   0.0     0     0
  1996   5  15     0  25.0  10.8   0.0     0     0
  1996   5  16     0  22.7  11.2  36.6     0     0
  1996   5  17     0  24.2   9.3   4.9     0     0
  1996   5  18     0  24.7  12.5   0.0     0     0
  1996   5  19     0  25.0  12.2   0.0     0     0
  1996   5  20     0  24.4  13.2   0.0     0     0
  1996   5  21     0  24.6  13.2   0.0     0     0
  1996   5  22     0  24.0  11.4  12.4     0     0
  1996   5  23     0  24.5  15.0   0.0     0     0
  1996   5  24     0  26.6  14.3   7.6     0     0
  1996   5  25     0  26.5  15.0   0.0     0     0
  1996   5  26     0  26.0  16.8   0.0     0     0
  1996   5  27     0  27.5  15.4   0.0     0     0
  1996   5  28     0  26.4  16.4   0.0     0     0
  1996   5  29     0  26.8  13.8   1.6     0     0
  1996   5  30     0  25.2  10.8  11.7     0     0
  1996   5  31     0  19.0  12.7   1.8     0     0
  1996   6   1     0  21.8  13.2  20.8     0     0
  1996   6   2     0  19.4   8.7  23.3     0     0
  1996   6   3     0  22.1   9.7   9.7     0     0
  1996   6   4     0  21.4  10.4  11.2     0     0
  1996   6   5     0  21.5  10.4   4.6     0     0
  1996   6   6     0  22.0   8.5   9.0     0     0
  1996   6   7     0  21.3  12.0   2.0     0     0
  1996   6   8     0  22.9  13.4   0.0     0     0
  1996   6   9     0  24.0  14.0   0.0     0     0
  1996   6  10     0  24.4  15.4   0.0     0     0
  1996   6  11     0  23.0  13.3  39.4     0     0
  1996   6  12     0  22.2  14.7  23.7     0     0
  1996   6  13     0  24.0  15.0  14.8     0     0
  1996   6  14     0  25.4  15.5   0.0     0     0
  1996   6  15     0  23.7  14.4   4.4     0     0
  1996   6  16     0  21.8  15.7   1.5     0     0
  1996   6  17     0  24.1  15.5  14.9     0     0
  1996   6  18     0  22.2  15.8   9.4     0     0
  1996   6  19     0  24.5  16.5   4.8     0     0
  1996   6  20     0  25.3  15.4  29.3     0     0
  1996   6  21     0  23.0  14.7  21.4     0     0
  1996   6  22     0  22.0  16.3  74.9     0     0
  1996   6  23     0  20.5  16.4   3.6     0     0
  1996   6  24     0  18.6  16.4  37.9     0     0
  1996   6  25     0  21.6  15.7   6.4     0     0
  1996   6  26     0  22.0  16.4  21.3     0     0
  1996   6  27     0  21.7  15.4   9.7     0     0
  1996   6  28     0  21.0  16.2  23.4     0     0
  1996   6  29     0  20.8  15.6 114.9     0     0
  1996   6  30     0  17.8  15.4  58.1     0     0
  1996   7   1     0  23.5  15.0  12.9     0     0
  1996   7   2     0  23.0  14.8   2.6     0     0
  1996   7   3     0  24.8  15.3   0.0     0     0
  1996   7   4     0  23.0  16.7   0.0     0     0
  1996   7   5     0  23.7  15.2   0.0     0     0
  1996   7   6     0  23.3  15.8  61.7     0     0
  1996   7   7     0  22.0  16.4   6.5     0     0
  1996   7   8     0  23.3  16.0  14.9     0     0
  1996   7   9     0  21.8  16.3  37.6     0     0
  1996   7  10     0  21.0  16.0   1.3     0     0
  1996   7  11     0  19.0  16.4  13.4     0     0
  1996   7  12     0  19.9  16.4  31.2     0     0
  1996   7  13     0  21.0  15.7   8.2     0     0
  1996   7  14     0  17.5  15.5  54.5     0     0
  1996   7  15     0  20.4  15.5  55.7     0     0
  1996   7  16     0  20.0  15.8  10.5     0     0
  1996   7  17     0  19.7  16.0  10.7     0     0
  1996   7  18     0  19.0  16.0  16.0     0     0
  1996   7  19     0  21.5  16.0     T     0     0
  1996   7  20     0  22.7  16.3   0.0     0     0
  1996   7  21     0  22.4  15.3   0.0     0     0
  1996   7  22     0  23.5  16.0  19.5     0     0
  1996   7  23     0  21.8  16.3  33.3     0     0
  1996   7  24     0  22.3  16.7  75.0     0     0
  1996   7  25     0  25.3  15.4  26.5     0     0
  1996   7  26     0   DNA  16.8  11.4     0     0
  1996   7  27     0  23.0  16.0   5.5     0     0
  1996   7  28     0  20.5  16.0   1.5     0     0
  1996   7  29     0  19.5  16.4   4.4     0     0
  1996   7  30     0  24.5  15.4  15.4     0     0
  1996   7  31     0  25.0  16.8  61.0     0     0
  1996   8   1     0  24.3  15.5  75.5     0     0
  1996   8   2     0  24.7  15.9   8.2     0     0
  1996   8   3     0  21.6  15.8  12.4     0     0
  1996   8   4     0  24.0  16.0  22.3     0     0
  1996   8   5     0  23.0  16.5   0.4     0     0
  1996   8   6     0  21.3  15.6   0.6     0     0
  1996   8   7     0  20.0  16.4  11.0     0     0
  1996   8   8     0  21.3  16.0  24.4     0     0
  1996   8   9     0  22.2  16.0  21.4     0     0
  1996   8  10     0  24.5  15.9  45.6     0     0
  1996   8  11     0  21.2  15.4  12.3     0     0
  1996   8  12     0  20.0  16.0  47.6     0     0
  1996   8  13     0  19.4  15.7  83.2     0     0
  1996   8  14     0  18.9  15.5   8.5     0     0
  1996   8  15     0  20.6  15.9  32.9     0     0
  1996   8  16     0  19.8  14.8  15.5     0     0
  1996   8  17     0  22.5  14.6  22.7     0     0
  1996   8  18     0  22.8  15.0   3.3     0     0
  1996   8  19     0  22.7  15.5   3.2     0     0
  1996   8  20     0  24.5  15.5   0.0     0     0
  1996   8  21     0  24.9  14.8   0.8     0     0
  1996   8  22     0  21.6  14.8   2.1     0     0
  1996   8  23     0  22.0  15.2   0.5     0     0
  1996   8  24     0  23.5  15.0  23.4     0     0
  1996   8  25     0  24.6  16.0   0.0     0     0
  1996   8  26     0  24.7  16.5   0.5     0     0
  1996   8  27     0  25.3  14.0  17.5     0     0
  1996   8  28     0  23.2  14.0  22.6     0     0
  1996   8  29     0  23.3  15.0  24.0     0     0
  1996   8  30     0  22.7  15.3   8.0     0     0
  1996   8  31     0  20.4  15.0   1.0     0     0
  1996   9   1     0  20.2  15.2  16.5     0     0
  1996   9   2     0  18.1  14.8   4.6     0     0
  1996   9   3     0  20.6  15.3  22.9     0     0
  1996   9   4     0  21.6  15.6   0.9     0     0
  1996   9   5     0  24.5  15.0  17.0     0     0
  1996   9   6     0  22.5  14.4   9.0     0     0
  1996   9   7     0  20.5  14.6   3.6     0     0
  1996   9   8     0  21.0  14.8  14.8     0     0
  1996   9   9     0  20.6  15.0  59.5     0     0
  1996   9  10     0  21.5  14.7   7.9     0     0
  1996   9  11     0  20.7  15.4   0.0     0     0
  1996   9  12     0  20.0  15.4   3.5     0     0
  1996   9  13     0  22.1  14.5  17.0     0     0
  1996   9  14     0  23.8  14.4  13.4     0     0
  1996   9  15     0  24.5  13.2  22.6     0     0
  1996   9  16     0  25.0  15.9   0.0     0     0
  1996   9  17     0  22.7  15.5   0.0     0     0
  1996   9  18     0  22.8  14.0  24.0     0     0
  1996   9  19     0  24.0  12.5   0.5     0     0
  1996   9  20     0  23.8  12.4   0.0     0     0
  1996   9  21     0  25.4  14.4   0.0     0     0
  1996   9  22     0  22.5  15.2   0.5     0     0
  1996   9  23     0  23.0  15.0  32.0     0     0
  1996   9  24     0  22.2  15.5  19.5     0     0
  1996   9  25     0  18.8  15.4   2.9     0     0
  1996   9  26     0  21.5  15.2   2.8     0     0
  1996   9  27     0  23.3  14.7  17.7     0     0
  1996   9  28     0  21.4  14.3   2.6     0     0
  1996   9  29     0  20.0  13.7   2.5     0     0
  1996   9  30     0  22.9  14.0   1.0     0     0
  1996  10   1     0  24.0  13.8   0.0     0     0
  1996  10   2     0  24.5  12.9   0.0     0     0
  1996  10   3     0  23.5  13.2   0.0     0     0
  1996  10   4     0  18.5  13.7   5.3     0     0
  1996  10   5     0  17.8  11.3  25.7     0     0
  1996  10   6     0  18.0  12.6  21.0     0     0
  1996  10   7     0  22.7  12.7   0.8     0     0
  1996  10   8     0  20.7  11.7   0.5     0     0
  1996  10   9     0  21.8  10.5   0.0     0     0
  1996  10  10     0  19.5   9.5   0.0     0     0
  1996  10  11     0  21.5   9.7   0.0     0     0
  1996  10  12     0  21.2  10.5   0.0     0     0
  1996  10  13     0  22.3   9.6   0.0     0     0
  1996  10  14     0  21.4  11.0   0.0     0     0
  1996  10  15     0  22.0  10.0   0.0     0     0
  1996  10  16     0  21.0   8.8   0.0     0     0
  1996  10  17     0  21.5   9.8   0.0     0     0
  1996  10  18     0  22.4  10.2   0.0     0     0
  1996  10  19     0  24.0  10.2   0.0     0     0
  1996  10  20     0  22.1  11.5   0.0     0     0
  1996  10  21     0  24.4  11.0   0.0     0     0
  1996  10  22     0  21.0   9.4   0.0     0     0
  1996  10  23     0  20.2  10.8   0.0     0     0
  1996  10  24     0  21.4  10.4   0.0     0     0
  1996  10  25     0  21.4  12.0   0.0     0     0
  1996  10  26     0  18.3  11.5   0.0     0     0
  1996  10  27     0  22.0  10.5   0.0     0     0
  1996  10  28     0  17.8  11.6   0.0     0     0
  1996  10  29     0  17.0  10.5   0.0     0     0
  1996  10  30     0  21.6  11.3   0.0     0     0
  1996  10  31     0  17.0  10.0   0.0     0     0
  1996  11   1     0  22.0  11.4   0.0     0     0
  1996  11   2     0  22.8  11.5   0.0     0     0
  1996  11   3     0  20.5  10.2   0.0     0     0
  1996  11   4     0  21.1  10.0   0.0     0     0
  1996  11   5     0  22.4  10.0   0.0     0     0
  1996  11   6     0  21.0  10.2   0.0     0     0
  1996  11   7     0  20.0   9.5   0.0     0     0
  1996  11   8     0   DNA   8.0   0.0     0     0
  1996  11   9     0  20.4   7.4   0.0     0     0
  1996  11  10     0  20.4   7.8   0.0     0     0
  1996  11  11     0  18.7   8.0   0.0     0     0
  1996  11  12     0  20.0   8.0   0.0     0     0
  1996  11  13     0  19.7   7.6   0.0     0     0
  1996  11  14     0  18.5   7.4   0.0     0     0
  1996  11  15     0  17.7   7.5   0.0     0     0
  1996  11  16     0  16.8   7.7   0.0     0     0
  1996  11  17     0  18.0   6.8   0.0     0     0
  1996  11  18     0  19.0   6.4   0.0     0     0
  1996  11  19     0  17.8   6.8   0.0     0     0
  1996  11  20     0  17.6   7.4   0.0     0     0
  1996  11  21     0  16.0   7.0   0.0     0     0
  1996  11  22     0  17.3   7.2   0.0     0     0
  1996  11  23     0  20.3   5.5   0.0     0     0
  1996  11  24     0  15.6   5.3   0.0     0     0
  1996  11  25     0  17.0   5.3   0.0     0     0
  1996  11  26     0  14.6   5.7   0.0     0     0
  1996  11  27     0  15.0   4.9   0.0     0     0
  1996  11  28     0  16.0   4.4   0.0     0     0
  1996  11  29     0  14.5   3.6   0.0     0     0
  1996  11  30     0  15.3   3.7   0.0     0     0
  1996  12   1     0  16.5   3.0   0.0     0     0
  1996  12   2     0  16.0   3.8   0.0     0     0
  1996  12   3     0  17.8   4.0   0.0     0     0
  1996  12   4     0  17.2   4.5   0.0     0     0
  1996  12   5     0  16.8   6.2   0.0     0     0
  1996  12   6     0  17.0   5.6   0.0     0     0
  1996  12   7     0  16.5   4.0   0.0     0     0
  1996  12   8     0  17.0   4.3   0.0     0     0
  1996  12   9     0  20.5   4.4   0.0     0     0
  1996  12  10     0  14.0   3.5   0.0     0     0
  1996  12  11     0  16.0   3.6   0.0     0     0
  1996  12  12     0  14.2   4.2   0.0     0     0
  1996  12  13     0  12.4   3.2   0.0     0     0
  1996  12  14     0  14.4   3.4   0.0     0     0
  1996  12  15     0  12.8   4.0   0.0     0     0
  1996  12  16     0  16.5   4.5   0.0     0     0
  1996  12  17     0  15.7   4.3   0.0     0     0
  1996  12  18     0  15.7   3.8   0.0     0     0
  1996  12  19     0  16.4   3.4   0.0     0     0
  1996  12  20     0  16.6   3.6   0.0     0     0
  1996  12  21     0  14.8   4.0   0.0     0     0
  1996  12  22     0  14.8   3.4   0.0     0     0
  1996  12  23     0  16.4   2.6   0.0     0     0
  1996  12  24     0  15.6   3.0   0.0     0     0
  1996  12  25     0  16.2   3.2   0.0     0     0
  1996  12  26     0  14.4   4.4   0.0     0     0
  1996  12  27     0  14.4   3.4   0.0     0     0
  1996  12  28     0  13.6   2.5   0.0     0     0
  1996  12  29     0   DNA   3.4   0.0     0     0
  1996  12  30     0  15.0   3.0   0.0     0     0
  1996  12  31     0  16.8   3.4   0.0     0     0
