  2010   1   1     0   6.0   2.5   0.0     0     0
  2010   1   2     0   7.0   2.5   0.0     0     0
  2010   1   3     0  10.0   5.9   0.0     0     0
  2010   1   4     0  13.0   4.5   0.0     0     0
  2010   1   5     0   9.0   3.8   0.0     0     0
  2010   1   6     0  10.0   2.5   0.0     0     0
  2010   1   7     0  12.0   3.0   0.0     0     0
  2010   1   8     0  13.0   4.5   0.0     0     0
  2010   1   9     0  14.0   2.5   0.0     0     0
  2010   1  10     0  15.0   5.0   0.0     0     0
  2010   1  11     0  14.0   4.0   0.0     0     0
  2010   1  12     0  12.5   3.5   0.0     0     0
  2010   1  13     0  13.0   3.0   0.0     0     0
  2010   1  14     0  12.0   2.0   0.0     0     0
  2010   1  15     0  11.0   3.0   0.0     0     0
  2010   1  16     0  11.0   4.0   0.0     0     0
  2010   1  17     0  10.0   2.5   0.0     0     0
  2010   1  18     0  10.5   4.0   0.0     0     0
  2010   1  19     0  10.5   3.0   0.0     0     0
  2010   1  20     0  11.0   2.0   0.0     0     0
  2010   1  21     0  12.0   2.0   0.0     0     0
  2010   1  22     0  10.5   2.0   0.0     0     0
  2010   1  23     0  11.0   2.0   0.0     0     0
  2010   1  24     0  10.8   2.0   0.0     0     0
  2010   1  25     0  11.0   2.5   0.0     0     0
  2010   1  26     0  10.8   3.0   0.0     0     0
  2010   1  27     0  11.0   2.5   0.0     0     0
  2010   1  28     0  10.0   2.0   0.0     0     0
  2010   1  29     0  10.0   2.0   0.0     0     0
  2010   1  30     0  10.2   9.0   0.0     0     0
  2010   1  31     0  11.0   2.0   0.0     0     0
  2010   2   1     0  14.0   1.5   0.0     0     0
  2010   2   2     0  12.0   2.0   0.0     0     0
  2010   2   3     0  12.5   2.5   0.0     0     0
  2010   2   4     0  12.0   2.0   0.0     0     0
  2010   2   5     0  12.5   1.0   0.0     0     0
  2010   2   6     0  12.0   2.0   0.0     0     0
  2010   2   7     0  13.0   2.8   0.0     0     0
  2010   2   8     0  15.0   4.2   0.0     0     0
  2010   2   9     0   6.0   5.0   1.0     0     0
  2010   2  10     0  10.0   1.8  22.4     0     0
  2010   2  11     0  10.5   5.0   0.0     0     0
  2010   2  12     0   9.0   5.0   0.0     0     0
  2010   2  13     0  10.0   2.5   1.4     0     0
  2010   2  14     0  13.0   5.5   0.0     0     0
  2010   2  15     0  15.0   6.0   0.0     0     0
  2010   2  16     0  16.0   5.0   0.0     0     0
  2010   2  17     0  15.8   6.0   0.0     0     0
  2010   2  18     0  15.0   3.0   0.0     0     0
  2010   2  19     0  12.0   5.0   0.0     0     0
  2010   2  20     0  11.5   4.5   0.0     0     0
  2010   2  21     0  12.0   5.0   0.0     0     0
  2010   2  22     0  11.8   6.0   0.0     0     0
  2010   2  23     0  11.0   6.0   0.0     0     0
  2010   2  24     0  10.8   4.5   0.0     0     0
  2010   2  25     0  14.8   5.5   0.0     0     0
  2010   2  26     0  15.0   6.0   0.0     0     0
  2010   2  27     0  14.5   6.0   0.0     0     0
  2010   2  28     0  11.0   7.0   0.0     0     0
  2010   3   1     0  10.0   7.5   0.0     0     0
  2010   3   2     0  10.8   7.5   5.0     0     0
  2010   3   3     0  13.0   8.0   0.0     0     0
  2010   3   4     0  15.0   8.8   0.0     0     0
  2010   3   5     0  16.0   8.5   0.0     0     0
  2010   3   6     0  16.8   8.5   0.0     0     0
  2010   3   7     0  17.0   8.0   0.0     0     0
  2010   3   8     0  17.0   8.5   0.0     0     0
  2010   3   9     0  17.6   8.5   0.0     0     0
  2010   3  10     0  19.0   8.5   0.0     0     0
  2010   3  11     0  20.0   7.5   0.0     0     0
  2010   3  12     0  19.5   7.5   0.0     0     0
  2010   3  13     0  18.0   8.8   0.0     0     0
  2010   3  14     0  18.2   7.0   0.0     0     0
  2010   3  15     0  17.0   6.0   1.4     0     0
  2010   3  16     0  16.6   6.0   0.0     0     0
  2010   3  17     0  17.0   8.5   0.0     0     0
  2010   3  18     0  17.0   9.5   0.0     0     0
  2010   3  19     0  20.0  10.5   0.0     0     0
  2010   3  20     0  22.0  12.0   0.0     0     0
  2010   3  21     0  22.0  12.5   0.0     0     0
  2010   3  22     0  23.0  13.0   0.0     0     0
  2010   3  23     0  24.0  12.5   0.0     0     0
  2010   3  24     0  24.8  13.0   0.0     0     0
  2010   3  25     0  25.0  12.8   0.0     0     0
  2010   3  26     0  26.0  13.0   0.0     0     0
  2010   3  27     0  25.0  12.8   0.0     0     0
  2010   3  28     0  24.5  12.0   0.0     0     0
  2010   3  29     0  22.5  12.5   0.0     0     0
  2010   3  30     0  21.0  10.0   0.0     0     0
  2010   3  31     0  20.0   7.0   3.6     0     0
  2010   4   1     0  20.0   7.8   3.3     0     0
  2010   4   2     0  20.2  11.0   0.0     0     0
  2010   4   3     0  23.0  12.0   0.0     0     0
  2010   4   4     0  25.0  14.0   0.0     0     0
  2010   4   5     0  26.0  13.5   0.0     0     0
  2010   4   6     0  25.2  13.0   0.0     0     0
  2010   4   7     0  24.0  13.0   0.0     0     0
  2010   4   8     0  25.0  14.0   0.0     0     0
  2010   4   9     0  25.5  13.5   0.0     0     0
  2010   4  10     0  26.0  15.5   0.0     0     0
  2010   4  11     0  25.5  14.0   0.0     0     0
  2010   4  12     0  26.0  16.0   0.0     0     0
  2010   4  13     0  24.0  15.0   0.0     0     0
  2010   4  14     0  14.0   8.0   7.2     0     0
  2010   4  15     0  24.0  14.5   0.0     0     0
  2010   4  16     0  24.0  14.0   0.0     0     0
  2010   4  17     0  22.5  14.0   0.0     0     0
  2010   4  18     0  20.0  13.5   1.7     0     0
  2010   4  19     0  19.5  11.0  11.0     0     0
  2010   4  20     0  19.5  11.0   0.0     0     0
  2010   4  21     0  20.5  16.0   0.0     0     0
  2010   4  22     0  21.0  16.0   0.0     0     0
  2010   4  23     0  25.0  16.0   0.0     0     0
  2010   4  24     0  25.5  15.0   0.0     0     0
  2010   4  25     0  27.0  15.0   0.0     0     0
  2010   4  26     0  26.0  14.8   0.0     0     0
  2010   4  27     0  25.0  13.5   0.0     0     0
  2010   4  28     0  25.0  14.0   0.0     0     0
  2010   4  29     0  24.0  13.0   3.1     0     0
  2010   4  30     0  23.0  10.7  17.9     0     0
  2010   5   1     0  21.0  14.0   0.0     0     0
  2010   5   2     0  20.0  10.0  16.5     0     0
  2010   5   3     0  19.5  13.0   0.0     0     0
  2010   5   4     0  19.0  14.0   0.0     0     0
  2010   5   5     0  19.0  13.0   0.0     0     0
  2010   5   6     0  19.5  13.0   0.0     0     0
  2010   5   7     0  18.8  12.5     T     0     0
  2010   5   8     0  20.0  12.0   0.0     0     0
  2010   5   9     0  19.0  12.0   0.0     0     0
  2010   5  10     0  19.5  14.0   0.0     0     0
  2010   5  11     0  21.5  14.0   0.0     0     0
  2010   5  12     0  22.0  14.0   0.0     0     0
  2010   5  13     0  25.0  15.0   0.0     0     0
  2010   5  14     0  26.0  15.0   0.0     0     0
  2010   5  15     0  26.5  18.0   0.0     0     0
  2010   5  16     0  20.0  15.0   0.0     0     0
  2010   5  17     0  26.0  15.0   0.0     0     0
  2010   5  18     0  24.0  16.0   0.0     0     0
  2010   5  19     0  23.0  15.5   3.8     0     0
  2010   5  20     0  22.0  15.0   0.0     0     0
  2010   5  21     0  23.0  16.5   0.0     0     0
  2010   5  22     0  23.5  16.0   0.0     0     0
  2010   5  23     0  27.0  16.4   0.0     0     0
  2010   5  24     0  21.0  11.0  30.5     0     0
  2010   5  25     0  19.0  12.5   0.0     0     0
  2010   5  26     0  21.5  12.6   1.6     0     0
  2010   5  27     0  19.0  14.0   7.2     0     0
  2010   5  28     0  18.0  13.5   0.0     0     0
  2010   5  29     0  18.8  13.0   0.0     0     0
  2010   5  30     0  17.0  14.0   0.0     0     0
  2010   5  31     0  20.0  14.0   0.0     0     0
  2010   6   1     0  19.0  15.0   0.0     0     0
  2010   6   2     0  18.0  14.5   0.0     0     0
  2010   6   3     0  26.0  13.5  12.5     0     0
  2010   6   4     0  25.0  19.0   0.0     0     0
  2010   6   5     0  26.0  14.0   0.0     0     0
  2010   6   6     0  25.0  15.0   0.0     0     0
  2010   6   7     0  24.0  14.0   0.0     0     0
  2010   6   8     0  23.5  18.0   0.0     0     0
  2010   6   9     0  27.0  16.0   0.0     0     0
  2010   6  10     0  26.0  14.5   0.0     0     0
  2010   6  11     0  23.5  14.7   0.0     0     0
  2010   6  12     0  24.0  15.0  19.5     0     0
  2010   6  13     0  24.5  12.0  20.3     0     0
  2010   6  14     0  24.5  15.5   0.0     0     0
  2010   6  15     0  25.0  15.0   0.0     0     0
  2010   6  16     0  24.0  16.0   0.0     0     0
  2010   6  17     0  26.0  16.2   1.1     0     0
  2010   6  18     0  22.5  14.9  23.8     0     0
  2010   6  19     0  24.0  16.3   3.4     0     0
  2010   6  20     0  23.5  15.9   0.0     0     0
  2010   6  21     0  22.0  16.5   1.0     0     0
  2010   6  22     0  23.0  15.5  51.5     0     0
  2010   6  23     0  21.0  16.0   1.4     0     0
  2010   6  24     0  22.5  15.9   3.7     0     0
  2010   6  25     0  22.5  15.7   0.0     0     0
  2010   6  26     0  24.0  15.5   0.0     0     0
  2010   6  27     0  25.0  15.4  30.4     0     0
  2010   6  28     0  22.0  16.0   0.7     0     0
  2010   6  29     0  23.0  16.5   0.0     0     0
  2010   6  30     0  21.0  15.0  21.4     0     0
  2010   7   1     0  21.0  15.7   2.5     0     0
  2010   7   2     0  22.5  15.5   0.0     0     0
  2010   7   3     0  23.5  16.0   0.0     0     0
  2010   7   4     0  23.5  15.8  43.5     0     0
  2010   7   5     0  24.0  16.0   5.5     0     0
  2010   7   6     0  24.0  15.3  35.0     0     0
  2010   7   7     0  22.5  15.5   2.0     0     0
  2010   7   8     0  22.0  15.4   0.0     0     0
  2010   7   9     0  21.5  15.5  11.8     0     0
  2010   7  10     0  21.7  16.5  32.2     0     0
  2010   7  11     0  22.0  16.4  34.5     0     0
  2010   7  12     0  21.0  16.4  20.0     0     0
  2010   7  13     0  22.5  16.0   5.6     0     0
  2010   7  14     0  23.0  16.4   1.5     0     0
  2010   7  15     0  23.5  16.3   2.5     0     0
  2010   7  16     0  19.2  16.6  49.0     0     0
  2010   7  17     0  23.5  16.0  16.4     0     0
  2010   7  18     0  23.0  15.8   1.5     0     0
  2010   7  19     0  21.5  16.7  11.7     0     0
  2010   7  20     0  23.0  15.4  52.0     0     0
  2010   7  21     0  23.5  15.5   1.7     0     0
  2010   7  22     0  21.5  15.5  39.5     0     0
  2010   7  23     0  22.0  17.0  16.2     0     0
  2010   7  24     0  23.5  16.5   6.0     0     0
  2010   7  25     0  23.0  16.3   8.3     0     0
  2010   7  26     0  23.0  16.3   3.0     0     0
  2010   7  27     0  23.5  15.4  16.0     0     0
  2010   7  28     0  24.0  16.3   4.5     0     0
  2010   7  29     0  22.0  17.0  13.0     0     0
  2010   7  30     0  22.0  17.0  44.6     0     0
  2010   7  31     0  22.5  14.5   3.5     0     0
  2010   8   1     0  23.5  15.7  19.3     0     0
  2010   8   2     0  21.5  15.4   5.3     0     0
  2010   8   3     0  22.6  15.5   9.4     0     0
  2010   8   4     0  22.0  15.3   0.0     0     0
  2010   8   5     0  21.0  15.9  16.4     0     0
  2010   8   6     0  23.5  15.5  22.5     0     0
  2010   8   7     0  24.0  16.5   0.5     0     0
  2010   8   8     0  23.5  16.5  12.0     0     0
  2010   8   9     0  23.5  16.5  16.0     0     0
  2010   8  10     0  23.0  16.0  51.9     0     0
  2010   8  11     0  24.0  16.6   1.7     0     0
  2010   8  12     0  24.0  16.4   1.5     0     0
  2010   8  13     0  24.5  16.0   5.5     0     0
  2010   8  14     0  25.0  16.5   0.0     0     0
  2010   8  15     0  25.0  17.0  57.0     0     0
  2010   8  16     0  22.5  16.4  11.5     0     0
  2010   8  17     0  21.0  16.4  38.0     0     0
  2010   8  18     0  22.0  16.5   8.4     0     0
  2010   8  19     0  20.7  16.2  23.7     0     0
  2010   8  20     0  21.0  16.0   2.1     0     0
  2010   8  21     0  19.0  15.8 109.0     0     0
  2010   8  22     0  19.0  15.5  12.3     0     0
  2010   8  23     0  22.0  16.0  24.0     0     0
  2010   8  24     0  17.5  15.8  97.0     0     0
  2010   8  25     0  18.5  14.7  32.4     0     0
  2010   8  26     0  22.0  15.9   0.0     0     0
  2010   8  27     0  21.8  16.2   4.2     0     0
  2010   8  28     0  21.0  16.3  35.5     0     0
  2010   8  29     0  20.0  16.5   8.5     0     0
  2010   8  30     0  21.5  16.0   5.0     0     0
  2010   8  31     0  21.5  16.0   2.5     0     0
  2010   9   1     0  20.5  16.0  54.5     0     0
  2010   9   2     0  21.0  16.5  13.0     0     0
  2010   9   3     0  18.5  16.0  13.2     0     0
  2010   9   4     0  19.5  15.5   7.5     0     0
  2010   9   5     0  21.0  14.7   7.3     0     0
  2010   9   6     0  22.5  15.6  20.2     0     0
  2010   9   7     0  21.0  14.5  37.5     0     0
  2010   9   8     0  22.5  14.5   3.7     0     0
  2010   9   9     0  23.0  14.8   0.0     0     0
  2010   9  10     0  23.0  15.5  27.3     0     0
  2010   9  11     0  22.5  15.4   5.0     0     0
  2010   9  12     0  22.0  15.4   8.5     0     0
  2010   9  13     0  21.9  14.9   2.8     0     0
  2010   9  14     0  22.5  15.2  26.0     0     0
  2010   9  15     0  22.0  16.4   6.5     0     0
  2010   9  16     0  17.5  14.5   7.0     0     0
  2010   9  17     0  20.5  14.7   5.5     0     0
  2010   9  18     0  21.5  14.5   3.6     0     0
  2010   9  19     0  22.0  14.5   2.2     0     0
  2010   9  20     0  21.5  14.8   0.5     0     0
  2010   9  21     0  20.6  13.5  11.0     0     0
  2010   9  22     0  18.5  15.0   2.5     0     0
  2010   9  23     0  18.0  14.9   2.5     0     0
  2010   9  24     0  21.0  14.5   0.0     0     0
  2010   9  25     0  22.0  13.9   0.0     0     0
  2010   9  26     0  22.5  14.0   2.5     0     0
  2010   9  27     0  22.5  13.5   0.0     0     0
  2010   9  28     0  22.0  13.0   0.0     0     0
  2010   9  29     0  21.0  13.4   0.0     0     0
  2010   9  30     0  19.0  14.0   0.0     0     0
  2010  10   1     0  21.0  12.5   5.1     0     0
  2010  10   2     0  23.0  13.5   1.0     0     0
  2010  10   3     0  20.0  13.7   0.0     0     0
  2010  10   4     0  20.5  12.0   0.0     0     0
  2010  10   5     0  23.5  12.5   0.0     0     0
  2010  10   6     0  23.5  13.4   0.0     0     0
  2010  10   7     0  22.5  12.0   1.0     0     0
  2010  10   8     0  22.0  12.5   0.0     0     0
  2010  10   9     0  18.8  13.5   0.0     0     0
  2010  10  10     0  21.6  11.5   0.0     0     0
  2010  10  11     0  21.0  12.0   0.0     0     0
  2010  10  12     0  20.0   9.4  16.5     0     0
  2010  10  13     0  22.0  11.0   0.0     0     0
  2010  10  14     0  19.0  12.0   0.0     0     0
  2010  10  15     0  22.5  13.5   0.0     0     0
  2010  10  16     0  15.0  14.5   0.0     0     0
  2010  10  17     0  18.0  12.5  16.5     0     0
  2010  10  18     0  23.5  13.0   0.0     0     0
  2010  10  19     0  20.0  13.0   0.0     0     0
  2010  10  20     0  22.0  13.5   0.0     0     0
  2010  10  21     0  18.5  11.0   8.5     0     0
  2010  10  22     0  22.3  12.0   0.0     0     0
  2010  10  23     0  23.5  10.0   4.5     0     0
  2010  10  24     0  21.0  10.5   0.0     0     0
  2010  10  25     0  19.0   9.5   0.0     0     0
  2010  10  26     0  20.0  11.0   0.0     0     0
  2010  10  27     0  20.4   9.5   0.0     0     0
  2010  10  28     0  20.0   8.0   0.0     0     0
  2010  10  29     0  19.5   8.5   0.0     0     0
  2010  10  30     0  16.5   8.5   0.0     0     0
  2010  10  31     0  16.7  11.0   0.0     0     0
  2010  11   1     0  16.5   9.5   0.0     0     0
  2010  11   2     0  18.2   8.0   0.0     0     0
  2010  11   3     0  18.0   8.6   0.0     0     0
  2010  11   4     0  20.5   9.8   0.0     0     0
  2010  11   5     0  21.0  10.5   0.0     0     0
  2010  11   6     0  20.5  10.0   0.0     0     0
  2010  11   7     0  20.0   9.5   0.0     0     0
  2010  11   8     0  18.5   9.5   0.0     0     0
  2010  11   9     0  19.2   9.3   0.0     0     0
  2010  11  10     0  18.0   9.5   0.0     0     0
  2010  11  11     0  18.5   9.0   0.0     0     0
  2010  11  12     0  18.0   7.5   0.0     0     0
  2010  11  13     0  17.5   9.0   0.0     0     0
  2010  11  14     0  18.0   8.0   0.0     0     0
  2010  11  15     0  19.0   7.5   0.0     0     0
  2010  11  16     0  18.0   8.0   0.0     0     0
  2010  11  17     0  18.2   8.0   0.0     0     0
  2010  11  18     0  17.0   8.8   0.0     0     0
  2010  11  19     0  17.4   9.0   0.0     0     0
  2010  11  20     0  17.4   8.0   0.0     0     0
  2010  11  21     0  18.0   6.0   0.0     0     0
  2010  11  22     0  15.0   6.0   0.0     0     0
  2010  11  23     0  16.0   7.0   0.0     0     0
  2010  11  24     0  18.2   8.5   0.0     0     0
  2010  11  25     0  11.6   9.0   0.0     0     0
  2010  11  26     0  12.0   7.9   0.0     0     0
  2010  11  27     0  15.5   9.2   0.0     0     0
  2010  11  28     0  15.5   9.2   0.0     0     0
  2010  11  29     0  15.8   5.2   0.0     0     0
  2010  11  30     0  16.0   7.0   0.0     0     0
  2010  12   1     0  16.0   4.5   0.0     0     0
  2010  12   2     0  15.0   3.3   0.0     0     0
  2010  12   3     0  17.0   4.5   0.0     0     0
  2010  12   4     0  15.5   4.6   0.0     0     0
  2010  12   5     0  16.5   5.0   0.0     0     0
  2010  12   6     0  15.5   6.3   0.0     0     0
  2010  12   7     0  16.5   6.5   0.0     0     0
  2010  12   8     0  16.6   6.3   0.0     0     0
  2010  12   9     0  17.0   5.5   0.0     0     0
  2010  12  10     0  15.0   6.9   0.0     0     0
  2010  12  11     0  14.5   5.0   0.0     0     0
  2010  12  12     0  13.0   3.5   0.0     0     0
  2010  12  13     0  14.5   4.5   0.0     0     0
  2010  12  14     0  13.0   3.9   0.0     0     0
  2010  12  15     0  14.0   4.5   0.0     0     0
  2010  12  16     0  15.5   6.5   0.0     0     0
  2010  12  17     0  15.5   6.5   0.0     0     0
  2010  12  18     0  14.5   4.9   0.0     0     0
  2010  12  19     0  13.5   3.4   0.0     0     0
  2010  12  20     0  14.0   3.3   0.0     0     0
  2010  12  21     0  12.5   2.0   0.0     0     0
  2010  12  22     0  14.0   3.0   0.0     0     0
  2010  12  23     0  13.5   2.7   0.0     0     0
  2010  12  24     0  12.0   3.0   0.0     0     0
  2010  12  25     0  12.0   2.0   0.0     0     0
  2010  12  26     0  12.5   1.9   0.0     0     0
  2010  12  27     0  13.8   3.0   0.0     0     0
  2010  12  28     0  15.5   4.0   0.0     0     0
  2010  12  29     0  16.0   5.5   0.0     0     0
  2010  12  30     0  16.5   7.3   0.0     0     0
  2010  12  31     0  15.5   8.0   0.0     0     0
