  1987   1   1     0  11.7   0.5   0.0     0     0
  1987   1   2     0  11.5   0.2   0.0     0     0
  1987   1   3     0  12.2   0.5   0.0     0     0
  1987   1   4     0  12.7   1.6   0.0     0     0
  1987   1   5     0  12.2   4.2   0.0     0     0
  1987   1   6     0  17.5   6.4   0.0     0     0
  1987   1   7     0  15.2   4.7   0.0     0     0
  1987   1   8     0  14.8   5.5   0.0     0     0
  1987   1   9     0  13.2   4.5   0.0     0     0
  1987   1  10     0  14.3   3.8   0.0     0     0
  1987   1  11     0  14.8   3.3   0.0     0     0
  1987   1  12     0  13.7   2.0   0.0     0     0
  1987   1  13     0   9.5   2.6   0.0     0     0
  1987   1  14     0  15.5   3.7   0.0     0     0
  1987   1  15     0  12.7   1.5   0.0     0     0
  1987   1  16     0  13.4   2.8   0.0     0     0
  1987   1  17     0  10.8   4.0   0.0     0     0
  1987   1  18     0  13.6   5.0   0.0     0     0
  1987   1  19     0  13.5   2.7   0.0     0     0
  1987   1  20     0  12.6   2.5   0.0     0     0
  1987   1  21     0  14.0   2.5   0.0     0     0
  1987   1  22     0  14.6   2.2   0.0     0     0
  1987   1  23     0  14.1   3.8   0.0     0     0
  1987   1  24     0  14.7   4.5   0.0     0     0
  1987   1  25     0  14.6   3.0   0.0     0     0
  1987   1  26     0  14.5   2.7   0.0     0     0
  1987   1  27     0  15.4   4.3   0.0     0     0
  1987   1  28     0  12.5   5.0   0.0     0     0
  1987   1  29     0  14.5   3.5   0.0     0     0
  1987   1  30     0  15.5   3.5   0.0     0     0
  1987   1  31     0  16.5   3.5   0.0     0     0
  1987   2   1     0  16.0   3.5   0.0     0     0
  1987   2   2     0  15.7   2.5   0.0     0     0
  1987   2   3     0  13.8   3.5   0.0     0     0
  1987   2   4     0   5.5   0.0   0.0     0     0
  1987   2   5     0  11.5   0.0   0.0     0     0
  1987   2   6     0  14.9   4.2   0.0     0     0
  1987   2   7     0  16.6   3.8   0.0     0     0
  1987   2   8     0  16.5   4.0   0.0     0     0
  1987   2   9     0  15.0   4.0   0.0     0     0
  1987   2  10     0  14.7   2.6   0.0     0     0
  1987   2  11     0  14.8   3.6   0.0     0     0
  1987   2  12     0  12.5   6.4   0.0     0     0
  1987   2  13     0  14.2   9.0   0.0     0     0
  1987   2  14     0  15.3   9.2   0.0     0     0
  1987   2  15     0  17.0   6.0   0.0     0     0
  1987   2  16     0  15.7   4.5   0.0     0     0
  1987   2  17     0  14.0   5.5   0.0     0     0
  1987   2  18     0  13.1   2.5   0.0     0     0
  1987   2  19     0  15.0   5.0   0.0     0     0
  1987   2  20     0  16.0   5.5   0.0     0     0
  1987   2  21     0  16.0   6.0   0.0     0     0
  1987   2  22     0  16.6   5.8   0.0     0     0
  1987   2  23     0  16.4   6.0   0.0     0     0
  1987   2  24     0  16.7   5.8   0.0     0     0
  1987   2  25     0  17.4   7.5   0.0     0     0
  1987   2  26     0  16.0   7.0   0.0     0     0
  1987   2  27     0  15.5   2.2   0.0     0     0
  1987   2  28     0  13.5   2.5   0.0     0     0
  1987   3   1     0  16.0   2.0   0.0     0     0
  1987   3   2     0  16.0   2.0   0.0     0     0
  1987   3   3     0  16.7   3.0   0.0     0     0
  1987   3   4     0  18.4   5.3   0.0     0     0
  1987   3   5     0  15.2   4.0   0.0     0     0
  1987   3   6     0  16.4   6.0   0.0     0     0
  1987   3   7     0  15.0   6.5   0.0     0     0
  1987   3   8     0  16.0   7.0   0.0     0     0
  1987   3   9     0  15.6   6.0   0.0     0     0
  1987   3  10     0  16.0   7.0   0.0     0     0
  1987   3  11     0  15.7   6.2   0.0     0     0
  1987   3  12     0   8.5   4.5   0.0     0     0
  1987   3  13     0  12.8   3.5   0.0     0     0
  1987   3  14     0  12.5   5.5   0.0     0     0
  1987   3  15     0  17.8   6.0   0.0     0     0
  1987   3  16     0  17.5   7.5   0.0     0     0
  1987   3  17     0  17.4   6.6   0.0     0     0
  1987   3  18     0  18.6   5.8   0.0     0     0
  1987   3  19     0  20.3   5.7   0.0     0     0
  1987   3  20     0  17.5   4.5   0.0     0     0
  1987   3  21     0  17.4   5.0   0.0     0     0
  1987   3  22     0  18.0   7.5   0.0     0     0
  1987   3  23     0  20.0   7.4   0.0     0     0
  1987   3  24     0  20.5   9.2   0.0     0     0
  1987   3  25     0  22.0  10.0   0.0     0     0
  1987   3  26     0  19.0  11.5   0.0     0     0
  1987   3  27     0  20.0   7.8   0.0     0     0
  1987   3  28     0  23.7  11.6   0.0     0     0
  1987   3  29     0  20.8  14.6   0.0     0     0
  1987   3  30     0  22.8  14.3   0.0     0     0
  1987   3  31     0  22.5  14.1   0.0     0     0
  1987   4   1     0  22.0  12.1   0.0     0     0
  1987   4   2     0  21.8  16.2   0.0     0     0
  1987   4   3     0  23.7  17.0   0.0     0     0
  1987   4   4     0  23.7  17.0   0.0     0     0
  1987   4   5     0  23.2  16.6   0.0     0     0
  1987   4   6     0  25.6  15.4   0.0     0     0
  1987   4   7     0  24.0  15.8   0.0     0     0
  1987   4   8     0  21.2   DNA   0.0     0     0
  1987   4   9     0  21.8  11.5   0.0     0     0
  1987   4  10     0  20.7  10.5   0.0     0     0
  1987   4  11     0  23.2  10.3   0.0     0     0
  1987   4  12     0  21.5  10.8   0.0     0     0
  1987   4  13     0  23.3   9.5   0.0     0     0
  1987   4  14     0  24.2  10.0   0.0     0     0
  1987   4  15     0  23.0  11.0   0.0     0     0
  1987   4  16     0  23.5  10.5   0.0     0     0
  1987   4  17     0  22.5  12.0   0.0     0     0
  1987   4  18     0  22.6  11.5   0.0     0     0
  1987   4  19     0  22.3   7.6   0.0     0     0
  1987   4  20     0  24.6  11.2   0.0     0     0
  1987   4  21     0  22.4  12.0   0.0     0     0
  1987   4  22     0  20.6  13.0   0.0     0     0
  1987   4  23     0  24.3   8.5   0.0     0     0
  1987   4  24     0  25.8  12.0   0.0     0     0
  1987   4  25     0  23.4   8.0   0.0     0     0
  1987   4  26     0  21.2   9.2   0.0     0     0
  1987   4  27     0  16.6   6.6   0.0     0     0
  1987   4  28     0  22.2   7.8   0.0     0     0
  1987   4  29     0  15.9  10.2   0.0     0     0
  1987   4  30     0  14.7   9.7   0.0     0     0
  1987   5   1     0  20.6   7.8   0.0     0     0
  1987   5   2     0  16.0   9.5   0.0     0     0
  1987   5   3     0  16.0   7.6   0.0     0     0
  1987   5   4     0  17.5   5.6   0.0     0     0
  1987   5   5     0  19.3   6.4   0.0     0     0
  1987   5   6     0  13.2   8.3   0.0     0     0
  1987   5   7     0  20.8   9.2   0.0     0     0
  1987   5   8     0  21.7  10.0   0.0     0     0
  1987   5   9     0  22.0  10.5   0.0     0     0
  1987   5  10     0  22.8  12.0   0.0     0     0
  1987   5  11     0  24.5  12.0   0.0     0     0
  1987   5  12     0  25.3  12.0   0.0     0     0
  1987   5  13     0  25.4  13.0   0.0     0     0
  1987   5  14     0  25.4  13.4   0.0     0     0
  1987   5  15     0  25.4  17.0   0.0     0     0
  1987   5  16     0  27.7  15.5   0.0     0     0
  1987   5  17     0  28.2  15.5   0.0     0     0
  1987   5  18     0  28.2  15.0   0.0     0     0
  1987   5  19     0  28.2  19.4   0.0     0     0
  1987   5  20     0  28.0  15.4   0.0     0     0
  1987   5  21     0  26.1  16.0   0.0     0     0
  1987   5  22     0  25.7  15.5   0.0     0     0
  1987   5  23     0  24.4  12.0   0.0     0     0
  1987   5  24     0  26.5  14.2   0.0     0     0
  1987   5  25     0  25.6  15.5   0.0     0     0
  1987   5  26     0  27.5  14.5   0.0     0     0
  1987   5  27     0  26.0  14.8   0.0     0     0
  1987   5  28     0  26.8  15.7   0.0     0     0
  1987   5  29     0  26.8  14.2   0.0     0     0
  1987   5  30     0  25.5  13.0   0.0     0     0
  1987   5  31     0  26.0  13.4   0.0     0     0
  1987   6   1     0  25.0  15.4   0.0     0     0
  1987   6   2     0  25.0  11.0  11.1     0     0
  1987   6   3     0  22.3  12.8   0.0     0     0
  1987   6   4     0  21.0  13.7   4.1     0     0
  1987   6   5     0  24.5  14.7   1.0     0     0
  1987   6   6     0  24.5  14.0   0.0     0     0
  1987   6   7     0  24.0  14.0   4.2     0     0
  1987   6   8     0  19.8  13.2   1.0     0     0
  1987   6   9     0  24.5  13.0  33.8     0     0
  1987   6  10     0  24.0  13.6  18.5     0     0
  1987   6  11     0  22.2  13.6   1.6     0     0
  1987   6  12     0  25.3  14.0   0.0     0     0
  1987   6  13     0  25.5  15.2   0.0     0     0
  1987   6  14     0  26.5  14.5   0.0     0     0
  1987   6  15     0  26.2  16.0   0.0     0     0
  1987   6  16     0  23.8  13.8  16.3     0     0
  1987   6  17     0  23.4  15.7   0.0     0     0
  1987   6  18     0  22.6  15.5   0.0     0     0
  1987   6  19     0  26.2  14.7  27.4     0     0
  1987   6  20     0  26.3  14.5   0.0     0     0
  1987   6  21     0  18.5  14.4  10.1     0     0
  1987   6  22     0  20.8  14.2   6.4     0     0
  1987   6  23     0  17.5  14.0  56.0     0     0
  1987   6  24     0  22.4  14.4   6.4     0     0
  1987   6  25     0  25.8  15.4   0.0     0     0
  1987   6  26     0  24.2  16.0   0.0     0     0
  1987   6  27     0  24.4  14.7   8.0     0     0
  1987   6  28     0  19.8  14.2  23.0     0     0
  1987   6  29     0  19.2  13.0  16.8     0     0
  1987   6  30     0  24.6  15.4  34.0     0     0
  1987   7   1     0  24.0  15.7   6.8     0     0
  1987   7   2     0  23.8  15.2   7.6     0     0
  1987   7   3     0  20.8  15.0  32.0     0     0
  1987   7   4     0  18.8  15.5  19.0     0     0
  1987   7   5     0  25.2  14.5  16.0     0     0
  1987   7   6     0  23.0  15.6  14.1     0     0
  1987   7   7     0  21.6  14.6  20.0     0     0
  1987   7   8     0  21.0  15.4  34.1     0     0
  1987   7   9     0  22.2  15.5  36.0     0     0
  1987   7  10     0  21.4  15.6   2.0     0     0
  1987   7  11     0  24.5  15.4   0.0     0     0
  1987   7  12     0  25.3  16.0   3.6     0     0
  1987   7  13     0  24.3  11.0   3.6     0     0
  1987   7  14     0  24.3  16.0   2.8     0     0
  1987   7  15     0  22.3  15.3   0.0     0     0
  1987   7  16     0  22.8  16.0   0.0     0     0
  1987   7  17     0  21.0  16.7  18.2     0     0
  1987   7  18     0  24.8  15.8  15.4     0     0
  1987   7  19     0  21.6  15.2  30.2     0     0
  1987   7  20     0  20.8  15.5   4.0     0     0
  1987   7  21     0  20.5  15.0   8.9     0     0
  1987   7  22     0  23.5  15.8  40.5     0     0
  1987   7  23     0  21.4  16.0  40.0     0     0
  1987   7  24     0  22.3  15.5  37.2     0     0
  1987   7  25     0  18.3  13.7  15.8     0     0
  1987   7  26     0  21.0  14.5  28.4     0     0
  1987   7  27     0  22.4  15.5  25.8     0     0
  1987   7  28     0  24.6  14.5   2.0     0     0
  1987   7  29     0  21.3  15.0  18.6     0     0
  1987   7  30     0  18.3  16.0   4.0     0     0
  1987   7  31     0  21.2  16.0   8.0     0     0
  1987   8   1     0  22.8  15.5  20.0     0     0
  1987   8   2     0  18.6  15.5   4.8     0     0
  1987   8   3     0  17.5  14.5  22.6     0     0
  1987   8   4     0  20.6  14.5  16.3     0     0
  1987   8   5     0  21.4  14.8  10.0     0     0
  1987   8   6     0  21.8  14.4   0.6     0     0
  1987   8   7     0  21.8  15.0  15.0     0     0
  1987   8   8     0  22.3  15.4   2.0     0     0
  1987   8   9     0  20.0  15.0   9.0     0     0
  1987   8  10     0  18.6  15.5  22.6     0     0
  1987   8  11     0  17.0  14.2  22.4     0     0
  1987   8  12     0  15.5  14.0  28.2     0     0
  1987   8  13     0  19.5  13.0  19.4     0     0
  1987   8  14     0  21.0  13.3  12.4     0     0
  1987   8  15     0  22.2  13.3  20.0     0     0
  1987   8  16     0  19.6  14.5   0.0     0     0
  1987   8  17     0  24.2  16.4   0.0     0     0
  1987   8  18     0  24.2  15.0   0.0     0     0
  1987   8  19     0  27.2  13.4   0.0     0     0
  1987   8  20     0  23.0  14.0  40.0     0     0
  1987   8  21     0  23.2  14.5   0.4     0     0
  1987   8  22     0  21.2  15.2  45.0     0     0
  1987   8  23     0  23.0  16.0   0.0     0     0
  1987   8  24     0  25.6  14.2   5.2     0     0
  1987   8  25     0  25.5  15.0  19.6     0     0
  1987   8  26     0  21.6  14.5  26.2     0     0
  1987   8  27     0  24.2  15.5   5.8     0     0
  1987   8  28     0  22.0  14.6  30.5     0     0
  1987   8  29     0  24.8  15.0   0.6     0     0
  1987   8  30     0  22.8  15.0   0.0     0     0
  1987   8  31     0  22.5  16.0  55.6     0     0
  1987   9   1     0  23.3  16.0   1.3     0     0
  1987   9   2     0  24.0  15.5  41.0     0     0
  1987   9   3     0  24.5  14.6  42.0     0     0
  1987   9   4     0  21.6  13.7  33.2     0     0
  1987   9   5     0  22.8  15.5  10.0     0     0
  1987   9   6     0  21.4  15.0  16.4     0     0
  1987   9   7     0  20.5  15.5  10.0     0     0
  1987   9   8     0  20.8  14.5  10.0     0     0
  1987   9   9     0  21.6  15.2   3.0     0     0
  1987   9  10     0  20.6  13.2   4.0     0     0
  1987   9  11     0  16.3  13.0  10.4     0     0
  1987   9  12     0  17.5  13.0  22.2     0     0
  1987   9  13     0  21.2  13.6   4.0     0     0
  1987   9  14     0  24.6  15.0   0.0     0     0
  1987   9  15     0  24.2  14.0   0.0     0     0
  1987   9  16     0  24.3  14.1   0.0     0     0
  1987   9  17     0  22.7  14.5   6.4     0     0
  1987   9  18     0  25.2  14.5   0.6     0     0
  1987   9  19     0  22.3  14.4   0.0     0     0
  1987   9  20     0  20.2  14.0   0.0     0     0
  1987   9  21     0  22.1  13.5   2.6     0     0
  1987   9  22     0  19.2  14.5  20.8     0     0
  1987   9  23     0  19.5  14.0   0.0     0     0
  1987   9  24     0  19.8  13.5   5.0     0     0
  1987   9  25     0  19.2  14.4   0.0     0     0
  1987   9  26     0  20.8  14.5   0.0     0     0
  1987   9  27     0  22.2  13.4   0.0     0     0
  1987   9  28     0  24.5  12.5   0.0     0     0
  1987   9  29     0  21.5  12.7   0.0     0     0
  1987   9  30     0  22.8  11.5   0.0     0     0
  1987  10   1     0  22.0  12.0   0.0     0     0
  1987  10   2     0  22.0  11.2   0.0     0     0
  1987  10   3     0  22.5  12.0   0.0     0     0
  1987  10   4     0  21.5  11.2   0.0     0     0
  1987  10   5     0  21.5  11.6   8.0     0     0
  1987  10   6     0  21.5  11.0   0.0     0     0
  1987  10   7     0  21.5  11.7   0.0     0     0
  1987  10   8     0  22.0  10.3   0.0     0     0
  1987  10   9     0  22.0   9.3   1.0     0     0
  1987  10  10     0  21.5  10.3   0.0     0     0
  1987  10  11     0  21.7  10.0   0.0     0     0
  1987  10  12     0  21.7  10.8   0.0     0     0
  1987  10  13     0  22.0  10.8   0.0     0     0
  1987  10  14     0  20.8  12.0   0.0     0     0
  1987  10  15     0  24.0  11.5   0.0     0     0
  1987  10  16     0  20.5  11.7   0.0     0     0
  1987  10  17     0  18.5  11.0   0.0     0     0
  1987  10  18     0  19.0  10.0   0.0     0     0
  1987  10  19     0  13.8   9.3  32.6     0     0
  1987  10  20     0  18.8   8.7  90.6     0     0
  1987  10  21     0  20.2   9.5   0.0     0     0
  1987  10  22     0  19.2   9.5   1.0     0     0
  1987  10  23     0  18.5  10.5   0.0     0     0
  1987  10  24     0  21.5   9.0   0.0     0     0
  1987  10  25     0  19.5  10.5   0.0     0     0
  1987  10  26     0  20.0   9.5  10.8     0     0
  1987  10  27     0  18.0   8.6   2.4     0     0
  1987  10  28     0  20.0   8.5   0.0     0     0
  1987  10  29     0  20.0   9.0   0.0     0     0
  1987  10  30     0  16.5   8.8   0.0     0     0
  1987  10  31     0  16.8   8.5   6.2     0     0
  1987  11   1     0  16.8   9.0   0.0     0     0
  1987  11   2     0  18.0   7.5   0.0     0     0
  1987  11   3     0  17.5   8.5   0.0     0     0
  1987  11   4     0  18.2   8.0   0.0     0     0
  1987  11   5     0  18.2   8.5   0.0     0     0
  1987  11   6     0  18.4   8.4   0.0     0     0
  1987  11   7     0  19.2   8.5   0.0     0     0
  1987  11   8     0  21.0   8.0   0.0     0     0
  1987  11   9     0  20.7  11.0   0.0     0     0
  1987  11  10     0  18.7   9.5   0.0     0     0
  1987  11  11     0  19.2   7.5   0.0     0     0
  1987  11  12     0  19.4   7.2   0.0     0     0
  1987  11  13     0  18.5   8.1   0.0     0     0
  1987  11  14     0  17.0   7.5   0.0     0     0
  1987  11  15     0  18.6   5.8   0.0     0     0
  1987  11  16     0  18.4   6.2   0.0     0     0
  1987  11  17     0  15.2   6.7   0.0     0     0
  1987  11  18     0  15.7   4.5   0.0     0     0
  1987  11  19     0  16.4   5.5   0.0     0     0
  1987  11  20     0  16.4   5.5   0.0     0     0
  1987  11  21     0  16.7   5.0   0.0     0     0
  1987  11  22     0  16.8   4.5   0.0     0     0
  1987  11  23     0  18.7   6.0   0.0     0     0
  1987  11  24     0  18.4   7.4   0.0     0     0
  1987  11  25     0  14.4   6.6   0.0     0     0
  1987  11  26     0  15.6   5.0   0.0     0     0
  1987  11  27     0  17.3   5.0   0.0     0     0
  1987  11  28     0  16.7   5.6   0.0     0     0
  1987  11  29     0  17.5   5.0   0.0     0     0
  1987  11  30     0  17.3   5.0   0.0     0     0
  1987  12   1     0  16.8   5.0   0.0     0     0
  1987  12   2     0  15.8   5.2   0.0     0     0
  1987  12   3     0  17.6   7.8   0.0     0     0
  1987  12   4     0  19.5   6.0   0.0     0     0
  1987  12   5     0  15.4   4.0   0.0     0     0
  1987  12   6     0  16.0   4.8   0.0     0     0
  1987  12   7     0  12.3   4.6   0.0     0     0
  1987  12   8     0  13.6   2.5   0.0     0     0
  1987  12   9     0  14.3   5.5   0.0     0     0
  1987  12  10     0  15.2   6.0   0.0     0     0
  1987  12  11     0  13.5   6.5   0.0     0     0
  1987  12  12     0   8.8   4.0  19.4     0     0
  1987  12  13     0  12.5   5.5   1.8     0     0
  1987  12  14     0  15.0   4.0   0.0     0     0
  1987  12  15     0  15.8   4.5   0.0     0     0
  1987  12  16     0  15.3   5.5   0.0     0     0
  1987  12  17     0  13.4   5.0   0.0     0     0
  1987  12  18     0  13.8   3.5   0.0     0     0
  1987  12  19     0  14.3   3.0   0.0     0     0
  1987  12  20     0  16.4   4.0   0.0     0     0
  1987  12  21     0  17.7   6.0   0.0     0     0
  1987  12  22     0  15.5   8.2   0.0     0     0
  1987  12  23     0  16.0   6.2   0.0     0     0
  1987  12  24     0  13.7   3.0   0.0     0     0
  1987  12  25     0  16.8   4.7   0.0     0     0
  1987  12  26     0  14.7   3.8   0.0     0     0
  1987  12  27     0  16.5   6.5   0.0     0     0
  1987  12  28     0  14.2   4.0   0.0     0     0
  1987  12  29     0  16.5   3.7   0.0     0     0
  1987  12  30     0  17.0   5.5   0.0     0     0
  1987  12  31     0  13.4   6.2   0.0     0     0
