      1    0.0
      2    0.0
      3    0.0
      4    0.0
      5    0.0
      6    0.0
      7    0.0
      8    0.0
      9    0.0
     10    0.0
     11    0.0
     12    0.0
     13    0.0
     14    0.0
     15    0.0
     16    0.0
     17    0.0
     18    0.0
     19    0.0
     20    0.0
     21    0.0
     22    0.0
     23    0.0
     24    0.0
     25    0.0
     26    0.0
     27    0.0
     28    0.0
     29    0.0
     30    0.0
     31    0.0
     32    0.0
     33    0.0
     34    0.0
     35    0.0
     36    0.0
     37    0.0
     38    0.0
     39    0.0
     40    0.0
     41    0.0
     42    3.3
     43    0.0
     44    T  
     45    0.0
     46    0.0
     47    0.0
     48    0.0
     49    0.0
     50    T  
     51    T  
     52    T  
     53    0.0
     54    0.0
     55    T  
     56    T  
     57    T  
     58    2.3
     59    T  
     60    0.0
     61    0.0
     62    0.0
     63    0.0
     64    0.0
     65    0.0
     66    0.0
     67    0.0
     68    4.0
     69    0.0
     70   22.0
     71    9.0
     72    T  
     73    0.0
     74    0.0
     75    0.0
     76    0.0
     77    0.0
     78    0.0
     79    0.0
     80    0.0
     81    0.0
     82    T  
     83   12.3
     84    T  
     85    0.0
     86    0.0
     87    1.0
     88    0.0
     89    0.0
     90    0.0
     91    0.0
     92    0.0
     93    0.0
     94    0.0
     95    0.0
     96    0.0
     97    0.0
     98   18.0
     99   16.0
    100    0.0
    101    0.0
    102    0.0
    103    0.0
    104    0.0
    105    0.0
    106    0.0
    107    0.0
    108    0.0
    109    0.0
    110    0.0
    111    0.0
    112    T  
    113    0.0
    114    0.0
    115    0.0
    116   20.7
    117    0.0
    118   14.0
    119    4.0
    120    0.0
    121    0.0
    122    0.0
    123    T  
    124   10.0
    125    0.0
    126   18.5
    127    T  
    128    T  
    129    0.0
    130    T  
    131    0.0
    132    0.0
    133    T  
    134    T  
    135    0.0
    136    0.0
    137    2.0
    138   26.0
    139    2.5
    140    6.0
    141    4.2
    142    0.0
    143    4.0
    144    0.0
    145    8.3
    146    0.0
    147    0.0
    148    0.0
    149   10.0
    150    4.5
    151    0.0
    152    2.0
    153   18.5
    154    2.8
    155    0.0
    156   12.5
    157    0.0
    158    0.0
    159    0.0
    160   14.5
    161    6.5
    162    1.0
    163    0.0
    164    0.0
    165    0.0
    166   10.8
    167   10.2
    168   12.5
    169    0.0
    170    6.2
    171    2.5
    172   10.8
    173   10.9
    174   20.5
    175    0.0
    176    0.0
    177    0.0
    178    4.0
    179    0.0
    180   16.5
    181   12.5
    182   14.4
    183    8.0
    184   36.5
    185    8.8
    186    2.0
    187   26.0
    188   40.8
    189   69.2
    190   16.0
    191    4.5
    192   20.7
    193    0.0
    194   20.7
    195   78.0
    196   10.5
    197    7.0
    198   34.0
    199   48.2
    200   20.5
    201   24.0
    202   24.0
    203    6.7
    204    8.0
    205    2.0
    206   10.0
    207   30.0
    208    4.0
    209   34.0
    210    0.0
    211   67.0
    212    0.0
    213   20.0
    214    8.5
    215   10.7
    216    0.0
    217    2.0
    218    4.6
    219    8.5
    220   22.7
    221   21.0
    222   32.0
    223    8.5
    224   31.0
    225   38.3
    226    8.7
    227   12.3
    228    0.0
    229   21.7
    230    0.0
    231   16.0
    232    0.0
    233    0.0
    234    4.2
    235    0.0
    236    0.0
    237    0.0
    238    0.0
    239   86.5
    240    0.0
    241   20.0
    242    0.0
    243    0.0
    244    0.0
    245    0.0
    246    0.0
    247    0.0
    248    0.0
    249    0.0
    250    0.0
    251    0.0
    252    0.0
    253    0.0
    254   60.0
    255    2.5
    256    0.0
    257    0.0
    258   18.0
    259    0.0
    260    0.0
    261    5.7
    262    0.0
    263    0.0
    264    0.0
    265    2.0
    266    0.0
    267   55.0
    268   45.3
    269   13.0
    270    0.0
    271    0.0
    272    0.0
    273    T  
    274    0.0
    275    0.0
    276    0.0
    277    0.0
    278    0.0
    279    0.0
    280    0.0
    281    0.0
    282    0.0
    283    0.0
    284    0.0
    285    T  
    286    0.0
    287   22.0
    288    0.0
    289    T  
    290    0.0
    291    0.0
    292    0.0
    293    0.0
    294    0.0
    295    0.0
    296    0.0
    297    0.0
    298    0.0
    299    0.0
    300    0.0
    301    0.0
    302    0.0
    303    0.0
    304    0.0
    305    0.0
    306    0.0
    307    0.0
    308    0.0
    309    0.0
    310    0.0
    311    0.0
    312    0.0
    313    0.0
    314    0.0
    315    0.0
    316    0.0
    317    0.0
    318    0.0
    319    0.0
    320    0.0
    321    0.0
    322    0.0
    323    0.0
    324    T  
    325    0.0
    326    0.0
    327    0.0
    328    0.0
    329    0.0
    330    0.0
    331    0.0
    332    0.0
    333    0.0
    334    0.0
    335    0.0
    336    0.0
    337    0.0
    338    0.0
    339    0.0
    340    0.0
    341    0.0
    342    0.0
    343    0.0
    344    0.0
    345    0.0
    346    0.0
    347    0.0
    348    0.0
    349    0.0
    350    0.0
    351    0.0
    352    0.0
    353    0.0
    354    0.0
    355    0.0
    356    0.0
    357    0.0
    358    0.0
    359    0.0
    360    0.0
    361    0.0
    362    0.0
    363    0.0
    364    0.0
    365    0.0
