      1    0.0
      2    0.0
      3    0.0
      4    0.0
      5    0.0
      6    0.0
      7    0.0
      8    0.0
      9    0.0
     10    0.0
     11    0.0
     12    0.0
     13    0.0
     14    0.0
     15    0.0
     16    0.0
     17    0.0
     18    0.0
     19    5.4
     20    0.0
     21    0.0
     22    0.0
     23    0.0
     24    0.0
     25    0.0
     26    0.0
     27    0.0
     28    0.0
     29    0.0
     30    0.0
     31    0.0
     32    0.0
     33    0.0
     34    0.0
     35    0.0
     36    0.0
     37    0.0
     38    0.0
     39    0.0
     40    0.0
     41    0.0
     42    0.0
     43    0.0
     44    0.0
     45    1.6
     46    4.2
     47    7.0
     48    6.6
     49    0.0
     50    0.0
     51    0.0
     52    0.0
     53    0.0
     54    0.0
     55    0.0
     56    0.0
     57    0.0
     58    0.0
     59    0.0
     60    0.0
     61   14.6
     62    0.0
     63    0.0
     64    0.0
     65    0.0
     66    0.0
     67    0.0
     68    0.0
     69    0.0
     70    0.0
     71    0.0
     72    0.0
     73    0.0
     74    0.0
     75    0.0
     76    0.0
     77    0.0
     78    0.0
     79    5.8
     80    0.0
     81    0.0
     82    5.0
     83    7.6
     84    0.0
     85    0.0
     86   13.0
     87    0.0
     88    0.0
     89    0.0
     90    0.0
     91    0.0
     92    0.0
     93    0.0
     94    2.2
     95    0.0
     96    0.0
     97    0.0
     98    0.0
     99    0.0
    100    0.0
    101    0.0
    102    0.0
    103    0.0
    104    0.0
    105    0.0
    106    0.0
    107    0.0
    108    0.0
    109    0.0
    110    0.0
    111    0.0
    112    0.0
    113    0.0
    114    0.0
    115    0.0
    116    0.0
    117    0.0
    118    0.0
    119    0.0
    120    0.0
    121    0.0
    122   20.6
    123    2.2
    124    0.0
    125   42.2
    126    0.0
    127    0.0
    128    0.0
    129    0.0
    130    0.0
    131    0.0
    132    0.0
    133    0.0
    134    0.0
    135    0.0
    136    0.0
    137    0.0
    138    0.0
    139    0.0
    140    0.0
    141    0.0
    142    0.0
    143    0.0
    144    0.0
    145    4.8
    146   24.8
    147    2.2
    148    0.0
    149    0.0
    150    5.8
    151    0.0
    152    0.0
    153   45.8
    154    0.0
    155    0.0
    156    0.0
    157    0.0
    158    0.0
    159    4.6
    160    0.0
    161    0.0
    162    8.6
    163    0.0
    164    1.2
    165    0.0
    166    0.0
    167    0.0
    168    4.2
    169    0.0
    170    0.0
    171    0.0
    172    0.0
    173   42.2
    174    0.0
    175    0.0
    176    0.0
    177    0.0
    178   12.0
    179   17.8
    180    0.0
    181    0.0
    182   77.7
    183    0.0
    184    0.0
    185    0.0
    186    0.0
    187    7.2
    188    0.0
    189    0.0
    190    4.2
    191    8.4
    192   48.2
    193    3.1
    194    7.2
    195   10.2
    196   18.8
    197   26.6
    198   12.2
    199    1.2
    200    0.0
    201    0.0
    202   21.6
    203    5.6
    204    0.0
    205   32.0
    206   28.2
    207   18.2
    208    3.0
    209    0.0
    210   27.2
    211   40.8
    212    1.4
    213    2.4
    214    0.0
    215   13.2
    216   10.6
    217    0.0
    218    0.0
    219    2.2
    220   48.2
    221   12.0
    222   32.6
    223    0.0
    224    4.0
    225    8.0
    226    9.2
    227   87.2
    228    7.0
    229    0.0
    230    0.0
    231    0.0
    232    0.0
    233    2.0
    234    0.0
    235    5.2
    236    0.0
    237    7.0
    238    8.0
    239   12.2
    240   19.2
    241    8.4
    242    2.4
    243    0.0
    244    2.0
    245    1.3
    246    3.1
    247    0.0
    248   10.2
    249    0.0
    250   34.0
    251    1.3
    252   25.2
    253   15.4
    254    8.0
    255    1.2
    256   20.4
    257   50.2
    258    2.1
    259    0.0
    260    5.4
    261    0.0
    262   17.0
    263    9.4
    264    2.4
    265   12.2
    266    0.0
    267    8.0
    268    2.2
    269    7.0
    270    0.0
    271    0.0
    272    0.0
    273    0.0
    274    0.0
    275    0.0
    276    0.0
    277    0.0
    278    0.0
    279    0.0
    280    0.0
    281    0.0
    282    0.0
    283    0.0
    284    0.0
    285    0.0
    286    0.0
    287   10.8
    288   68.4
    289    0.0
    290    0.0
    291    0.0
    292    0.0
    293    0.0
    294    0.0
    295    0.0
    296    0.0
    297    0.0
    298    0.0
    299    0.0
    300    T  
    301    0.0
    302    0.0
    303    0.0
    304    0.0
    305    0.0
    306    0.0
    307    0.0
    308    0.0
    309    0.0
    310    0.0
    311    0.0
    312    0.0
    313    0.0
    314    0.0
    315    0.0
    316    0.0
    317    0.0
    318    0.0
    319    0.0
    320    0.0
    321    0.0
    322    0.0
    323    0.0
    324    0.0
    325    0.0
    326    0.0
    327    0.0
    328    0.0
    329    0.0
    330    0.0
    331    0.0
    332    0.0
    333    0.0
    334    0.0
    335    0.0
    336    0.0
    337    0.0
    338    0.0
    339    0.0
    340    0.0
    341    0.0
    342    0.0
    343    0.0
    344    0.0
    345    0.0
    346    0.0
    347    0.0
    348    9.2
    349    8.0
    350    5.6
    351    2.6
    352    0.0
    353    0.0
    354    0.0
    355    0.0
    356    0.0
    357    0.0
    358    0.0
    359    0.0
    360    0.0
    361    0.0
    362    0.0
    363    0.0
    364    0.0
    365    0.0
