      1    0.0
      2    0.0
      3    0.0
      4    0.0
      5    0.0
      6    0.0
      7    0.0
      8    0.0
      9    0.0
     10    0.0
     11    0.0
     12    0.0
     13    0.0
     14    0.0
     15    0.0
     16    0.0
     17    0.2
     18    2.0
     19   26.6
     20    0.4
     21    0.0
     22    4.2
     23    9.0
     24   15.5
     25    0.0
     26    0.0
     27    0.0
     28    0.0
     29    0.0
     30    0.0
     31    0.0
     32    1.4
     33    0.0
     34    0.0
     35    0.0
     36    0.0
     37    0.0
     38    0.0
     39    0.0
     40    0.0
     41    0.0
     42    0.0
     43    0.0
     44    0.0
     45    0.0
     46    0.0
     47    1.6
     48    0.0
     49    0.6
     50    0.0
     51    0.0
     52    0.0
     53    0.0
     54    8.2
     55    0.0
     56    0.0
     57    0.0
     58    0.0
     59    0.0
     60    0.0
     61    0.0
     62    0.0
     63    0.6
     64    0.0
     65    0.0
     66    0.0
     67    0.0
     68    0.0
     69    0.0
     70    0.0
     71   11.4
     72    0.0
     73    0.0
     74    0.0
     75    0.0
     76    0.2
     77    0.0
     78   26.5
     79    0.0
     80    0.0
     81    4.4
     82    3.8
     83    0.0
     84    3.2
     85    0.0
     86    0.0
     87    0.0
     88    0.2
     89    0.0
     90    0.0
     91    0.0
     92    0.0
     93    0.0
     94    0.0
     95    0.0
     96    0.0
     97    0.0
     98    0.0
     99    0.4
    100    2.8
    101    0.0
    102    0.0
    103    0.0
    104    0.0
    105    0.0
    106    0.0
    107    0.0
    108    0.0
    109    0.0
    110    0.0
    111    0.0
    112    0.0
    113    2.2
    114    6.8
    115    3.4
    116    0.0
    117    2.6
    118    0.0
    119    2.5
    120   11.8
    121    3.4
    122    0.6
    123    4.5
    124    0.0
    125   12.0
    126   14.6
    127    2.8
    128    1.8
    129    1.6
    130    0.0
    131    0.0
    132    0.0
    133    0.0
    134    4.4
    135    3.2
    136    0.0
    137    5.4
    138    8.2
    139    0.0
    140    7.4
    141    0.0
    142    0.0
    143    0.0
    144    0.0
    145    0.0
    146    0.0
    147    0.0
    148   12.0
    149    0.0
    150    0.0
    151    0.0
    152    0.0
    153    0.0
    154    0.0
    155    1.6
    156    1.0
    157    6.2
    158    9.6
    159   28.4
    160    0.0
    161    0.0
    162    0.0
    163    0.0
    164    0.0
    165    0.0
    166    0.0
    167    0.0
    168    0.0
    169    0.0
    170    0.0
    171    2.8
    172    3.2
    173   48.4
    174   23.2
    175    3.0
    176    0.0
    177    1.8
    178    2.4
    179    1.2
    180    2.4
    181    2.0
    182    2.0
    183    3.6
    184    6.6
    185   12.0
    186    5.3
    187    0.0
    188    0.0
    189   12.5
    190    0.0
    191   21.0
    192    1.8
    193    7.8
    194   10.8
    195   15.4
    196   15.2
    197    0.2
    198   11.0
    199   10.0
    200    1.4
    201    3.4
    202   15.2
    203    1.0
    204    0.2
    205    2.4
    206    3.4
    207    0.0
    208    0.6
    209    0.0
    210    6.2
    211    0.2
    212    0.4
    213    1.0
    214    0.4
    215    0.0
    216    9.0
    217    2.5
    218    0.0
    219   75.4
    220    2.4
    221    0.0
    222    0.0
    223    1.4
    224   10.2
    225    0.4
    226    0.0
    227   10.2
    228    0.0
    229    0.0
    230    0.0
    231    2.6
    232   29.2
    233    0.0
    234   10.0
    235    8.0
    236    4.6
    237   10.2
    238    9.0
    239   20.6
    240    0.0
    241    0.0
    242    0.0
    243    0.0
    244    0.0
    245    0.0
    246   10.8
    247    0.0
    248   22.5
    249   18.2
    250    0.0
    251    0.0
    252   10.4
    253    5.8
    254    6.4
    255    0.0
    256    0.0
    257    0.0
    258    0.0
    259    0.0
    260    0.0
    261    0.0
    262    0.0
    263    0.0
    264    7.4
    265    0.0
    266    0.0
    267    0.0
    268    0.0
    269    0.2
    270    0.0
    271    0.0
    272    0.0
    273    0.0
    274    0.0
    275    0.2
    276    0.0
    277    0.0
    278    0.0
    279    0.0
    280    0.0
    281   15.2
    282    0.0
    283   19.0
    284    0.0
    285    0.0
    286    0.0
    287    0.0
    288    0.0
    289    0.0
    290    0.0
    291    0.0
    292    0.0
    293   10.0
    294   40.8
    295   24.6
    296    0.5
    297    0.0
    298    0.0
    299    0.0
    300    0.0
    301    0.0
    302    0.0
    303    0.0
    304    0.0
    305    0.0
    306    0.0
    307    0.0
    308    0.0
    309    0.0
    310    0.0
    311    0.0
    312    0.0
    313    0.0
    314    0.0
    315    0.0
    316    0.0
    317    0.0
    318    0.0
    319    0.0
    320    0.0
    321    0.0
    322    0.0
    323    0.0
    324    0.0
    325    0.0
    326    0.0
    327    0.0
    328    0.0
    329    0.0
    330    0.0
    331    0.0
    332    0.0
    333    0.0
    334    0.0
    335    0.0
    336    0.0
    337    0.0
    338    0.0
    339    0.0
    340    0.0
    341    0.0
    342    0.0
    343    0.0
    344    0.0
    345    0.0
    346    0.0
    347    0.0
    348    0.0
    349    0.0
    350    0.0
    351    0.0
    352    0.0
    353    0.0
    354    0.0
    355    0.0
    356    0.0
    357    0.0
    358    0.0
    359    0.0
    360    0.0
    361    0.0
    362    0.0
    363    0.0
    364    0.0
    365    0.0
