      1    0.0
      2    0.0
      3    0.0
      4    1.2
      5    0.0
      6    0.0
      7    0.0
      8    0.0
      9    0.0
     10    0.0
     11    0.0
     12    0.0
     13    0.0
     14    0.0
     15    0.0
     16    0.0
     17    0.0
     18    0.0
     19    0.0
     20    0.0
     21    0.0
     22    0.0
     23    0.0
     24    0.0
     25   22.4
     26   16.6
     27    0.0
     28    0.0
     29    0.0
     30    0.0
     31   18.9
     32    T  
     33    0.0
     34    T  
     35    0.0
     36    0.0
     37    0.0
     38    0.0
     39    0.0
     40    0.0
     41    0.0
     42    0.0
     43    T  
     44    0.0
     45    0.0
     46    0.0
     47    T  
     48    0.0
     49    0.0
     50    0.0
     51    0.0
     52    0.0
     53    0.0
     54    0.0
     55    0.0
     56    0.0
     57    0.0
     58    0.0
     59    4.8
     60    0.0
     61   17.4
     62    T  
     63    T  
     64    2.6
     65   19.4
     66    0.0
     67    0.0
     68    0.0
     69    0.0
     70    0.0
     71    0.0
     72    0.0
     73    0.0
     74    0.0
     75    0.0
     76    T  
     77    3.2
     78    0.0
     79    0.0
     80    0.0
     81    0.0
     82    T  
     83   11.4
     84    T  
     85    8.4
     86    0.0
     87    0.0
     88    0.0
     89    0.0
     90    0.0
     91    0.0
     92    0.0
     93    0.0
     94    0.0
     95    0.0
     96    0.0
     97    0.0
     98    0.0
     99    0.0
    100    0.0
    101    0.0
    102    0.0
    103    0.0
    104    0.0
    105    6.4
    106    T  
    107    3.6
    108    T  
    109    T  
    110    1.8
    111    0.0
    112    0.0
    113    0.0
    114    0.0
    115    6.6
    116    0.0
    117    0.0
    118    0.0
    119    0.0
    120    0.0
    121    0.0
    122    0.0
    123    0.0
    124    0.0
    125    0.0
    126    0.0
    127    0.0
    128    0.0
    129    1.4
    130   11.8
    131    0.0
    132    4.2
    133   74.4
    134    0.0
    135    0.0
    136    0.0
    137    0.0
    138   11.4
    139    0.0
    140    0.0
    141    1.8
    142    0.0
    143    0.0
    144    0.0
    145    0.0
    146    0.0
    147    0.0
    148    0.0
    149    0.0
    150    0.0
    151    0.0
    152    T  
    153    0.0
    154    3.2
    155    0.0
    156   51.4
    157   15.2
    158    0.0
    159    0.0
    160   11.4
    161   52.2
    162   18.2
    163    6.4
    164    2.4
    165    1.8
    166    2.4
    167    7.8
    168   28.6
    169    0.0
    170    0.0
    171    0.0
    172    0.0
    173    0.0
    174   12.8
    175    0.0
    176    0.0
    177    T  
    178    0.0
    179   36.6
    180    0.0
    181    0.0
    182    0.0
    183    0.0
    184    T  
    185    0.0
    186    0.0
    187    0.0
    188    0.0
    189    0.0
    190    0.0
    191    T  
    192    T  
    193    T  
    194   31.5
    195   22.2
    196    0.0
    197    0.0
    198   17.2
    199   57.4
    200   14.2
    201   15.4
    202    T  
    203    5.2
    204   46.4
    205   83.2
    206    6.6
    207    T  
    208   14.4
    209    0.0
    210    0.0
    211   75.2
    212    T  
    213   10.4
    214    2.8
    215   16.8
    216   40.2
    217    1.6
    218    T  
    219   35.2
    220    T  
    221    0.0
    222    T  
    223    3.0
    224    5.2
    225    T  
    226    6.2
    227    0.0
    228    0.0
    229    0.0
    230   11.2
    231   29.2
    232    1.0
    233   51.4
    234    0.0
    235   15.2
    236   10.4
    237   27.2
    238   22.6
    239    1.4
    240    T  
    241    6.4
    242   21.6
    243   28.8
    244    T  
    245    0.0
    246    0.0
    247    1.2
    248    T  
    249    0.0
    250   36.2
    251    T  
    252    4.4
    253    6.4
    254   57.2
    255  104.6
    256   17.2
    257    0.0
    258    0.0
    259   18.2
    260   17.2
    261    1.2
    262    0.0
    263    0.0
    264    0.0
    265    0.0
    266    T  
    267    T  
    268    0.0
    269    0.0
    270    0.0
    271    0.0
    272    0.0
    273    0.0
    274    0.0
    275    0.0
    276    0.0
    277    0.0
    278    0.0
    279    0.0
    280    0.0
    281    0.0
    282    T  
    283    0.0
    284    3.2
    285    0.0
    286    0.0
    287    0.0
    288    0.0
    289    0.0
    290    0.0
    291    0.0
    292    0.0
    293    0.0
    294    0.0
    295    2.6
    296    0.0
    297    0.0
    298    0.0
    299    0.0
    300    0.0
    301    0.0
    302    0.0
    303    0.0
    304    0.0
    305    0.0
    306    0.0
    307    0.0
    308    0.0
    309    0.0
    310    0.0
    311    0.0
    312    0.0
    313   16.2
    314    T  
    315    0.0
    316    0.0
    317    0.0
    318    0.0
    319    0.0
    320    0.0
    321    0.0
    322    0.0
    323    0.0
    324    0.0
    325    0.0
    326    0.0
    327    0.0
    328    0.0
    329    0.0
    330    0.0
    331    0.0
    332    0.0
    333    0.0
    334    0.0
    335    0.0
    336    0.0
    337    0.0
    338    0.0
    339    0.0
    340    0.0
    341    0.0
    342    0.0
    343    0.0
    344    0.0
    345    0.0
    346    0.0
    347    0.0
    348    0.0
    349    0.0
    350    0.0
    351    0.0
    352    0.0
    353    0.0
    354    0.0
    355    0.0
    356    0.0
    357    0.0
    358    0.0
    359    0.0
    360    0.0
    361    0.0
    362    3.2
    363    0.0
    364    0.0
    365    0.0
