      1    0.0
      2    0.0
      3    0.0
      4    0.0
      5    0.0
      6    0.0
      7    0.0
      8    0.0
      9   15.7
     10    0.0
     11    0.0
     12    0.0
     13    0.0
     14    0.0
     15    0.0
     16    0.0
     17    0.0
     18    0.0
     19    0.0
     20    0.0
     21    0.0
     22    0.0
     23    0.0
     24    0.0
     25    0.0
     26    0.0
     27    0.0
     28    0.0
     29    T  
     30    0.0
     31    0.0
     32    0.0
     33    0.0
     34    0.0
     35    0.0
     36    0.0
     37    0.0
     38    0.0
     39    0.0
     40    0.0
     41    0.0
     42    0.0
     43    0.0
     44    0.0
     45    0.0
     46    0.0
     47    0.0
     48    0.0
     49    0.0
     50    0.0
     51    0.0
     52    0.0
     53    0.0
     54    0.0
     55    0.0
     56    0.0
     57    0.0
     58    0.0
     59    0.0
     60    0.0
     61    0.0
     62    0.0
     63    0.0
     64    0.0
     65    0.0
     66    0.0
     67    0.0
     68    0.0
     69    0.0
     70    0.0
     71    0.0
     72    0.0
     73    0.0
     74    0.0
     75    0.0
     76    0.0
     77    0.0
     78    0.0
     79    0.0
     80    0.0
     81    0.0
     82    0.0
     83    0.0
     84    0.0
     85    0.0
     86    0.0
     87    0.0
     88    0.0
     89    0.0
     90    0.0
     91    0.0
     92    0.0
     93    0.0
     94    0.0
     95    0.0
     96    0.0
     97    0.0
     98    0.0
     99    0.0
    100    0.0
    101    0.0
    102    0.0
    103    0.0
    104    0.0
    105    0.0
    106    0.0
    107    0.0
    108    0.0
    109    0.0
    110    5.1
    111    T  
    112    T  
    113    6.2
    114    T  
    115    0.0
    116    0.0
    117    0.0
    118    T  
    119    5.8
    120    T  
    121    T  
    122   17.6
    123   37.7
    124   39.8
    125    T  
    126   17.8
    127    6.3
    128   12.5
    129   28.7
    130    T  
    131    0.0
    132    7.9
    133    T  
    134    0.0
    135    0.0
    136    T  
    137    T  
    138    T  
    139    T  
    140   16.3
    141    0.0
    142    5.7
    143    T  
    144   14.9
    145   49.0
    146   21.4
    147    1.5
    148   17.9
    149    0.0
    150    0.0
    151    T  
    152    0.0
    153   25.5
    154    0.0
    155    0.0
    156    0.0
    157    T  
    158    0.0
    159    T  
    160    0.0
    161    0.0
    162   35.0
    163   27.8
    164    1.5
    165    T  
    166    1.5
    167    5.1
    168    7.7
    169    T  
    170    1.5
    171    8.1
    172   11.9
    173   46.0
    174   26.5
    175   25.0
    176   39.0
    177    T  
    178   39.9
    179   43.1
    180    9.0
    181    8.7
    182    6.5
    183   62.7
    184   13.1
    185   12.9
    186   12.5
    187   35.8
    188   26.7
    189    0.0
    190    T  
    191    1.8
    192    3.1
    193   27.1
    194    8.7
    195    1.5
    196    1.8
    197    T  
    198    T  
    199    3.7
    200   19.0
    201   35.0
    202   15.7
    203   13.0
    204    1.9
    205    T  
    206    6.6
    207    T  
    208   17.8
    209   39.9
    210    7.8
    211    T  
    212   34.4
    213    T  
    214   15.0
    215   18.9
    216   31.2
    217    T  
    218    0.0
    219   30.5
    220   31.2
    221    T  
    222   10.2
    223    T  
    224    4.8
    225   12.6
    226    T  
    227    4.6
    228    T  
    229    T  
    230    T  
    231    0.0
    232    1.1
    233    T  
    234   15.1
    235   33.0
    236    6.5
    237   45.0
    238    5.9
    239   15.4
    240    T  
    241    0.0
    242    1.9
    243    0.0
    244    0.0
    245    0.0
    246    T  
    247    0.0
    248    5.1
    249    3.1
    250    T  
    251    7.3
    252    5.5
    253    2.1
    254   36.0
    255   10.0
    256    0.0
    257    T  
    258    0.0
    259    0.0
    260    0.0
    261    0.0
    262    0.0
    263    0.0
    264    0.0
    265   15.1
    266   17.1
    267    0.0
    268    0.0
    269    0.0
    270    9.1
    271    T  
    272    0.0
    273   34.4
    274   32.1
    275    0.0
    276    0.0
    277    5.1
    278    3.3
    279    0.0
    280    0.0
    281    0.0
    282    T  
    283    T  
    284    8.8
    285    3.8
    286    0.0
    287    T  
    288    0.0
    289    0.0
    290   15.2
    291    T  
    292   49.9
    293   15.1
    294    0.0
    295    0.0
    296    0.0
    297    0.0
    298    0.0
    299    0.0
    300    0.0
    301    0.0
    302    0.0
    303    0.0
    304    1.5
    305    0.0
    306    T  
    307   15.1
    308    0.0
    309    0.0
    310    0.0
    311    0.0
    312    0.0
    313    0.0
    314    0.0
    315    0.0
    316    0.0
    317    0.0
    318   15.0
    319    0.0
    320    0.0
    321    0.0
    322    0.0
    323    0.0
    324    0.0
    325    0.0
    326    0.0
    327    0.0
    328    0.0
    329    0.0
    330    0.0
    331    0.0
    332    0.0
    333    0.0
    334    0.0
    335    0.0
    336    0.0
    337    0.0
    338    0.0
    339    0.0
    340    0.0
    341    0.0
    342    0.0
    343    0.0
    344    0.0
    345    0.0
    346    0.0
    347    0.0
    348    0.0
    349    0.0
    350    0.0
    351    0.0
    352    0.0
    353    0.0
    354    0.0
    355    0.0
    356    0.0
    357    0.0
    358    0.0
    359    0.0
    360    0.0
    361    0.0
    362    0.0
    363    0.0
    364    0.0
    365    0.0
