      1    1.4
      2    T  
      3    0.0
      4    0.0
      5    0.0
      6    0.0
      7    0.0
      8    0.0
      9    0.0
     10    0.0
     11    0.0
     12    0.0
     13    0.0
     14    0.0
     15    0.0
     16    0.0
     17    7.6
     18    0.0
     19    0.0
     20    0.0
     21    0.0
     22    0.0
     23    0.0
     24    0.0
     25    0.0
     26    0.0
     27    0.0
     28    0.0
     29    0.0
     30    0.0
     31    0.0
     32    0.0
     33    0.0
     34    0.0
     35    0.0
     36    0.0
     37    0.0
     38    0.0
     39    0.0
     40    0.0
     41    0.0
     42    0.0
     43    0.0
     44    0.0
     45    0.0
     46    0.0
     47    0.3
     48   23.6
     49    0.0
     50    0.0
     51    0.0
     52    0.0
     53    0.0
     54    0.0
     55    0.0
     56    0.0
     57    0.0
     58    0.0
     59    0.0
     60    0.0
     61    0.0
     62    0.0
     63    0.0
     64    0.0
     65    0.0
     66    0.0
     67    0.0
     68    0.0
     69    T  
     70    0.0
     71    0.0
     72    0.0
     73    0.0
     74    0.0
     75    0.0
     76    0.0
     77    0.0
     78    4.6
     79    0.0
     80    0.0
     81    0.0
     82    0.0
     83    0.0
     84    0.0
     85    0.0
     86    T  
     87   10.0
     88    2.1
     89    0.2
     90    6.2
     91    7.4
     92    0.0
     93    0.0
     94    6.6
     95    3.6
     96    0.0
     97    0.0
     98    0.0
     99    0.0
    100    0.2
    101    T  
    102    0.0
    103    6.0
    104    0.5
    105    2.2
    106    T  
    107    8.5
    108    0.0
    109    1.7
    110    0.8
    111    0.0
    112    0.0
    113    0.0
    114    0.0
    115    1.7
    116    T  
    117    1.8
    118    0.0
    119    T  
    120   34.0
    121    1.8
    122   11.5
    123    0.0
    124   12.0
    125    T  
    126    0.0
    127    0.0
    128    8.2
    129    2.4
    130    0.0
    131   11.3
    132    0.2
    133    4.5
    134   27.6
    135    0.0
    136    0.0
    137    0.1
    138    0.3
    139    4.3
    140    2.3
    141    0.0
    142    6.0
    143    1.6
    144    2.4
    145    T  
    146    0.0
    147    0.0
    148    0.0
    149    8.0
    150    2.6
    151    2.3
    152    T  
    153    0.0
    154    0.0
    155    0.0
    156    0.0
    157    0.0
    158    4.5
    159    6.8
    160    0.0
    161    0.0
    162    0.0
    163    1.9
    164    2.0
    165    T  
    166    0.0
    167    0.4
    168   24.0
    169    5.2
    170   14.2
    171    6.2
    172    0.0
    173    0.0
    174    0.0
    175   77.3
    176    8.0
    177    2.0
    178    0.0
    179   12.4
    180    6.6
    181   22.4
    182   34.1
    183    4.2
    184    4.4
    185    7.2
    186    6.8
    187    6.5
    188    0.0
    189    3.0
    190    0.0
    191    0.0
    192    1.8
    193    0.0
    194   26.0
    195    0.4
    196    0.4
    197    0.5
    198    0.3
    199    0.0
    200    5.1
    201   14.5
    202    0.0
    203    1.8
    204   10.8
    205    3.0
    206    0.3
    207    0.4
    208    0.0
    209   23.2
    210    9.7
    211   19.4
    212    4.0
    213    2.0
    214    4.6
    215    0.0
    216    0.0
    217    0.5
    218    8.4
    219   12.3
    220    T  
    221    0.0
    222    0.0
    223    0.0
    224    0.0
    225    0.0
    226   34.8
    227    3.0
    228    0.4
    229   12.6
    230    5.3
    231   14.5
    232    0.0
    233    0.0
    234    5.2
    235   10.2
    236   10.4
    237   15.3
    238    0.0
    239    0.0
    240    0.0
    241    T  
    242    0.0
    243    0.0
    244    0.0
    245    0.0
    246    0.0
    247    0.0
    248    0.0
    249    0.0
    250    2.4
    251    3.1
    252    T  
    253    0.0
    254    0.0
    255    0.0
    256    0.0
    257    0.4
    258    0.0
    259    0.0
    260    0.1
    261    3.5
    262   13.7
    263    0.0
    264    0.0
    265    0.0
    266    0.0
    267    0.8
    268    7.4
    269    9.2
    270   14.4
    271    3.5
    272    0.0
    273    0.0
    274    0.0
    275    0.0
    276    0.0
    277    0.0
    278    0.0
    279    0.0
    280    0.0
    281    0.0
    282    0.0
    283    0.0
    284    0.0
    285    0.0
    286    0.0
    287    0.0
    288    0.0
    289    0.0
    290    0.0
    291    0.0
    292    0.0
    293    0.0
    294    3.7
    295    3.8
    296    0.0
    297    0.0
    298    0.0
    299    0.0
    300    0.0
    301    0.0
    302    0.0
    303    0.0
    304    0.0
    305    0.0
    306    0.1
    307    0.0
    308    0.0
    309    0.0
    310    T  
    311    0.0
    312    0.0
    313    0.0
    314    0.0
    315    0.0
    316    0.0
    317    1.2
    318    0.0
    319    0.0
    320    0.0
    321    5.5
    322    0.0
    323    0.0
    324    0.0
    325    0.0
    326    0.0
    327    0.0
    328    0.0
    329    0.0
    330    0.0
    331    0.0
    332    0.0
    333    0.0
    334    0.0
    335    0.0
    336    0.0
    337    0.0
    338    T  
    339    0.0
    340    0.0
    341    0.0
    342    0.0
    343    0.0
    344    0.0
    345    0.0
    346    0.0
    347    0.0
    348    0.0
    349    0.0
    350    0.0
    351    0.0
    352    0.0
    353    0.0
    354    0.0
    355    0.0
    356    0.0
    357    0.0
    358    0.0
    359    0.0
    360    0.0
    361    0.0
    362    0.0
    363    0.0
    364    0.0
    365    0.0
