1958          Temperature for NUWAKOT                 
        Tmax  Tmin
     1  20.7  12.1 
     2  19.8  11.4 
     3  21.9  13.4 
     4  19.7  12.3 
     5  18.8  10.1 
     6  21.3   9.6 
     7  21.3   9.6 
     8  21.0  10.2 
     9  21.1  12.2 
    10  21.0  12.2 
    11  19.7  11.5 
    12  20.3   9.9 
    13  21.6  10.5 
    14  21.1  10.6 
    15  22.6  10.9 
    16  23.2   9.9 
    17  21.9   8.8 
    18  21.1   8.3 
    19  21.1   8.9 
    20  21.2   9.8 
    21  21.8   9.5 
    22  21.0   9.8 
    23  21.5  10.0 
    24  21.4  10.2 
    25  21.4   9.7 
    26  21.3   9.7 
    27  22.9  11.3 
    28  20.8  10.9 
    29  18.7  10.1 
    30  15.7   7.9 
    31  18.7   7.3 
    32  20.1   8.4 
    33  20.4  11.4 
    34  18.7  11.0 
    35  20.1   9.8 
    36  21.9  10.0 
    37  23.3  10.6 
    38  23.3  11.2 
    39  23.7   9.9 
    40  23.5   9.5 
    41  22.6   9.5 
    42  23.0   9.0 
    43  22.5   9.2 
    44  23.1   9.7 
    45  23.5  10.1 
    46  23.5  10.3 
    47  23.3   8.6 
    48  22.6   8.6 
    49  22.1   9.5 
    50  21.9  10.1 
    51  23.9  12.3 
    52  22.9  11.9 
    53  23.1  10.6 
    54  24.2  11.7 
    55  24.6  11.3 
    56  24.8  11.4 
    57  24.7  10.1 
    58  24.3  12.7 
    59  26.2  15.6 
    60  25.3  10.3 
    61  25.3  12.8 
    62  26.6  12.7 
    63  26.8  13.4 
    64  17.9   9.9 
    65  24.9  13.1 
    66  27.2  13.2 
    67  27.2  13.9 
    68  27.8  15.2 
    69  29.1  15.5 
    70  27.9  13.9 
    71  27.9  14.7 
    72  29.7  14.7 
    73  29.6  15.4 
    74  29.9  15.2 
    75  30.0  15.3 
    76  29.5  15.6 
    77  29.6  16.2 
    78  29.5  16.7 
    79  30.7  17.3 
    80  30.4  15.7 
    81  31.5  17.1 
    82  31.3  17.6 
    83  31.3  16.6 
    84  31.0  17.8 
    85  31.8  18.0 
    86  32.3  19.3 
    87  32.1  17.4 
    88  27.1  16.4 
    89  24.3  15.7 
    90  22.0  14.9 
    91  28.5  16.7 
    92  30.4  18.9 
    93  33.1  19.0 
    94  31.7  19.1 
    95  30.9  17.1 
    96  33.1  19.8 
    97  32.6  20.9 
    98  33.6  20.9 
    99  34.2  20.9 
   100  33.7  20.4 
   101  33.7  21.3 
   102  34.0  18.4 
   103  33.6  20.6 
   104  35.6  21.8 
   105  34.5  21.7 
   106  34.3  21.4 
   107  34.3  21.7 
   108  33.8  21.2 
   109  31.6  16.7 
   110  31.6  19.4 
   111  32.1  17.3 
   112  33.1  22.1 
   113  33.3  22.0 
   114   DNA  20.4 
   115  34.2  24.6 
   116  34.2  21.7 
   117  29.5  18.4 
   118  28.9   DNA 
   119  29.8  18.8 
   120  30.3  20.4 
   121  31.2  17.7 
   122  31.5  21.4 
   123   DNA  18.8 
   124   DNA  24.4 
   125  32.4  18.1 
   126  31.7  17.3 
   127  30.9  18.8 
   128  28.5  18.1 
   129  29.8  19.4 
   130   DNA  19.2 
   131  31.2  18.6 
   132   DNA  18.9 
   133  31.3  19.2 
   134  31.9  21.2 
   135  34.2  23.0 
   136   DNA  16.1 
   137  31.6  19.6 
   138  32.3  20.6 
   139  32.3  21.2 
   140  32.4  21.4 
   141  34.4  22.9 
   142  35.3  23.1 
   143   DNA  24.5 
   144   DNA  24.4 
   145   DNA  24.6 
   146  37.3  23.9 
   147  37.3  19.0 
   148  37.7  19.2 
   149  37.1  18.9 
   150   DNA  28.4 
   151  33.6  22.6 
   152  33.4  22.4 
   153  36.6  22.8 
   154  37.3  22.8 
   155  37.9  24.5 
   156  37.8  22.3 
   157   DNA  21.7 
   158   DNA  20.7 
   159  35.7  20.4 
   160   DNA  21.2 
   161   DNA  22.3 
   162  35.4  23.4 
   163   DNA  22.1 
   164   DNA  21.8 
   165   DNA  23.8 
   166   DNA  22.8 
   167  36.8  20.5 
   168   DNA  20.2 
   169  28.6  21.4 
   170  32.3  20.6 
   171  30.1  17.2 
   172   DNA  18.1 
   173   DNA  21.2 
   174  31.6  20.1 
   175  31.2  20.6 
   176  32.4  20.2 
   177  32.7  20.1 
   178  30.1  20.4 
   179  29.5  20.3 
   180  28.4  20.1 
   181  29.5  19.6 
   182  31.0  20.4 
   183  31.6  19.7 
   184  27.4  19.6 
   185  26.5  20.1 
   186  28.4  20.5 
   187   DNA  20.9 
   188   DNA  15.6 
   189   DNA  19.9 
   190   DNA  20.6 
   191  30.7  20.5 
   192   DNA  20.3 
   193   DNA  20.2 
   194  29.8  21.7 
   195   DNA  21.4 
   196  30.6  20.7 
   197  31.6  20.7 
   198  30.8  21.8 
   199  30.9  26.3 
   200  30.6  21.7 
   201  31.2  20.4 
   202   DNA  20.2 
   203  30.7  14.2 
   204  30.1  20.3 
   205  30.6  26.2 
   206   DNA  23.8 
   207  27.3  20.8 
   208  29.7  20.1 
   209  30.1  21.0 
   210   DNA  21.2 
   211  29.8  23.0 
   212  31.0  21.4 
   213  30.2  22.3 
   214  29.7  21.4 
   215  29.8  21.9 
   216  30.4  22.2 
   217  30.5  22.1 
   218  30.9  22.7 
   219  30.0  22.5 
   220  30.2  21.6 
   221  30.0  20.9 
   222  29.3  22.0 
   223  28.4  22.1 
   224  26.7  21.8 
   225  28.8  22.1 
   226  26.9  21.5 
   227  30.9  21.1 
   228   DNA  21.5 
   229  29.8  21.9 
   230  30.7  21.7 
   231  29.7  22.5 
   232  29.0  19.2 
   233   DNA  20.2 
   234   DNA  20.8 
   235  28.2  21.7 
   236  27.2  21.7 
   237  30.4  21.1 
   238  30.7  21.8 
   239  30.4  20.7 
   240  30.5  20.5 
   241  30.8  21.0 
   242  30.7  21.3 
   243  31.2  19.7 
   244  31.0  21.9 
   245  31.3  23.2 
   246  31.2  23.6 
   247  30.8  23.2 
   248  29.9  21.8 
   249  26.9  21.4 
   250  29.2  21.4 
   251  28.6  20.6 
   252  28.7  21.6 
   253  31.1  20.2 
   254  30.4  22.2 
   255  31.1  21.6 
   256  30.1  20.5 
   257  28.2  21.6 
   258  29.7  21.6 
   259  29.4  21.8 
   260  29.4  21.3 
   261  30.5  22.2 
   262  30.0  22.1 
   263  30.4  22.7 
   264   DNA  19.6 
   265   DNA  19.8 
   266  29.9  19.8 
   267  30.1  19.9 
   268  29.9  20.6 
   269  29.9  19.2 
   270  29.3  20.2 
   271  29.8  19.8 
   272  29.8  19.4 
   273  28.7  20.6 
   274  29.3  26.4 
   275  29.2  20.7 
   276  28.4  20.6 
   277  22.2  18.2 
   278  25.5  19.3 
   279  28.4  19.9 
   280  28.7  16.7 
   281  29.4  19.2 
   282  28.8  20.2 
   283  29.3  18.9 
   284  29.2  20.1 
   285  28.7  19.7 
   286  28.9  19.2 
   287  28.1  18.4 
   288  28.8  18.1 
   289  28.6  17.8 
   290  28.1  18.6 
   291  28.6  18.6 
   292  27.1  16.5 
   293  27.4  16.9 
   294  26.9  17.1 
   295  28.2  17.4 
   296  28.4  18.2 
   297  29.2  17.7 
   298  28.8  18.2 
   299  28.4  17.5 
   300  27.1  18.2 
   301  27.4  15.5 
   302  28.3  15.8 
   303  28.1  16.0 
   304   DNA   DNA 
   305  28.1  16.6 
   306  27.7  15.4 
   307  27.4  20.9 
   308  27.0  20.4 
   309  26.6  16.9 
   310  26.1   DNA 
   311  25.1  14.0 
   312  25.2  13.1 
   313  25.8  13.6 
   314  26.4  14.1 
   315  25.8  14.2 
   316  25.4  12.7 
   317  24.9  11.9 
   318  24.8  12.6 
   319  24.9  12.2 
   320  24.9  12.6 
   321  25.2  13.5 
   322  25.6  13.0 
   323  25.4  12.7 
   324  25.2  12.5 
   325  24.8  13.0 
   326  24.8  12.6 
   327  24.1  14.2 
   328  24.0  13.6 
   329  24.2  13.8 
   330  23.9  13.3 
   331  23.2  14.9 
   332  22.7  13.1 
   333  23.9  13.7 
   334  20.5  13.0 
   335  23.9  13.3 
   336  23.2  12.7 
   337  21.6  15.2 
   338  23.9  13.4 
   339  23.8  15.6 
   340  22.2  15.4 
   341  17.8  14.2 
   342  18.6  13.2 
   343  18.2  12.2 
   344  19.3  11.9 
   345  17.9  10.8 
   346  21.0  11.8 
   347  19.1  13.2 
   348  20.2  11.6 
   349  20.1  11.1 
   350  21.4  11.1 
   351  21.4   9.9 
   352  20.4  11.6 
   353  20.5  11.7 
   354  18.3   9.3 
   355  20.2   9.7 
   356  20.3  10.9 
   357  14.1   9.9 
   358  18.2   8.5 
   359  19.3   9.3 
   360  20.1  10.2 
   361  20.7  11.6 
   362  19.8  10.3 
   363  20.6   9.0 
   364  20.1  10.4 
   365  19.7   8.2 
