1997          Temperature for NUWAKOT                 
        Tmax  Tmin
     1  21.5   8.0 
     2  20.5   8.5 
     3  20.0  10.5 
     4  20.5  10.5 
     5  19.5  10.5 
     6  20.5  10.0 
     7  19.0  10.0 
     8  17.5   9.0 
     9  20.5   8.5 
    10  21.5   8.0 
    11  21.0   8.5 
    12  20.5   8.0 
    13  21.0   8.0 
    14  20.0   8.5 
    15  19.0   8.0 
    16  18.5   7.5 
    17  19.5   7.0 
    18  18.0   8.0 
    19  16.0   8.5 
    20  18.0   8.0 
    21  15.5   7.0 
    22  17.5   6.5 
    23  18.0   6.5 
    24  17.5   8.5 
    25  17.0   7.5 
    26  18.0   8.0 
    27  18.5   9.0 
    28  20.5   8.5 
    29  19.5   9.0 
    30  20.0   9.0 
    31  19.5  10.5 
    32  19.5  10.0 
    33  19.0   8.5 
    34  15.0   9.0 
    35  19.5   8.5 
    36  19.0   8.5 
    37  18.5   8.0 
    38  18.0   8.5 
    39  19.0   8.5 
    40  20.5   8.0 
    41  21.5   8.0 
    42  20.0   9.0 
    43  21.5   9.5 
    44  21.0   9.0 
    45  22.5   9.5 
    46  24.0  11.5 
    47  23.5  11.5 
    48  24.5  10.5 
    49  23.5  10.0 
    50  18.0  11.0 
    51  22.5   9.0 
    52  21.5  10.5 
    53  19.5  11.0 
    54  22.0   9.5 
    55  22.5  11.5 
    56  17.0  12.0 
    57  24.5  11.5 
    58  22.5  13.0 
    59  24.0  11.5 
    60  24.5  12.5 
    61  25.0  13.0 
    62  24.5  15.0 
    63  26.5  13.0 
    64  27.0  14.0 
    65  28.5  14.5 
    66  27.5  14.5 
    67  27.0  15.5 
    68  28.5  15.5 
    69  28.0  16.0 
    70  28.0  16.0 
    71  29.0  16.5 
    72  23.0  17.0 
    73  27.5  13.0 
    74  29.5  16.0 
    75  27.5  16.5 
    76  28.5  15.5 
    77  27.5  15.0 
    78  27.0  16.5 
    79  27.3  16.0 
    80  26.5  16.5 
    81  26.0  15.5 
    82  27.0  13.5 
    83  29.0  14.0 
    84  26.0  15.0 
    85  29.5  15.0 
    86  27.5  17.0 
    87  27.0  17.5 
    88  24.0  17.5 
    89  24.5  12.0 
    90  26.5  12.5 
    91  24.5  15.5 
    92  25.5  13.5 
    93  22.5  16.5 
    94  24.5  12.5 
    95  25.0  14.5 
    96  25.5  11.5 
    97  26.5  12.0 
    98  27.0  15.0 
    99  25.5  15.5 
   100  25.0  13.5 
   101  26.5   9.5 
   102  26.0  17.0 
   103  29.5  17.0 
   104  26.5  17.5 
   105  29.5  16.0 
   106   DNA   DNA 
   107  29.0  18.0 
   108  31.5  19.5 
   109  29.5  19.0 
   110   DNA  19.5 
   111   DNA  19.5 
   112   DNA  15.5 
   113  30.0  19.0 
   114  31.0  19.0 
   115  27.0  17.0 
   116  25.0  17.5 
   117  30.0  18.0 
   118  29.0  16.0 
   119  29.0  18.0 
   120  30.5  19.0 
   121  30.0  20.0 
   122  30.5  18.0 
   123  29.5  17.0 
   124  31.5  19.5 
   125  32.5  20.0 
   126  33.0  20.0 
   127  29.0  21.0 
   128  26.0  17.0 
   129  29.5  16.5 
   130  31.0  18.5 
   131  31.5  20.0 
   132  33.0  20.0 
   133  34.5  21.5 
   134  35.0  22.5 
   135  35.5  22.5 
   136  34.0  19.0 
   137  34.5  23.5 
   138  34.5  22.0 
   139  33.5  22.5 
   140  29.5  17.0 
   141  32.0  19.5 
   142  33.0  20.0 
   143  32.5  19.5 
   144  31.0  18.0 
   145  30.0  20.0 
   146  29.5  20.0 
   147  31.0  20.0 
   148  30.5  19.0 
   149  31.5  21.0 
   150  29.5  21.5 
   151  31.0  19.0 
   152   DNA  21.0 
   153   DNA  21.5 
   154   DNA  22.5 
   155   DNA  20.5 
   156   DNA  20.5 
   157   DNA  23.0 
   158   DNA  23.0 
   159   DNA  22.0 
   160   DNA  22.5 
   161   DNA  25.0 
   162   DNA  20.0 
   163   DNA  21.5 
   164   DNA  23.0 
   165   DNA  22.5 
   166   DNA  20.5 
   167   DNA  19.0 
   168   DNA  23.0 
   169   DNA  18.5 
   170   DNA  20.5 
   171   DNA  20.0 
   172   DNA  21.5 
   173   DNA  20.5 
   174   DNA  21.5 
   175   DNA  22.0 
   176   DNA  21.0 
   177   DNA  21.5 
   178   DNA  21.0 
   179   DNA  21.5 
   180   DNA  21.5 
   181   DNA  20.5 
   182   DNA  21.0 
   183   DNA  22.5 
   184   DNA  22.5 
   185   DNA  23.0 
   186   DNA  22.5 
   187   DNA  22.5 
   188   DNA  22.0 
   189   DNA  22.5 
   190   DNA  22.5 
   191   DNA  22.0 
   192   DNA  20.0 
   193   DNA  21.5 
   194   DNA  21.0 
   195   DNA  22.5 
   196   DNA  19.5 
   197   DNA  23.5 
   198   DNA  22.5 
   199   DNA  22.5 
   200   DNA  23.5 
   201   DNA  22.0 
   202   DNA  21.5 
   203   DNA  22.5 
   204   DNA  22.5 
   205   DNA  22.5 
   206   DNA  22.5 
   207   DNA  21.0 
   208   DNA  22.0 
   209   DNA  22.5 
   210   DNA  22.5 
   211   DNA  22.5 
   212   DNA  22.5 
   213   DNA  23.5 
   214   DNA  23.5 
   215   DNA  23.5 
   216   DNA  23.5 
   217   DNA  22.5 
   218   DNA  21.5 
   219   DNA  23.5 
   220   DNA  22.5 
   221   DNA  22.0 
   222   DNA  20.0 
   223   DNA  22.0 
   224   DNA  21.5 
   225   DNA  21.5 
   226   DNA  21.5 
   227   DNA  21.5 
   228   DNA  22.0 
   229   DNA  21.0 
   230   DNA  21.3 
   231   DNA  21.5 
   232   DNA  21.0 
   233   DNA  22.5 
   234  31.5  22.5 
   235  30.0  20.5 
   236  31.5  19.5 
   237  32.0  23.5 
   238  31.5  20.5 
   239  32.5  23.0 
   240  31.5  21.5 
   241  30.5  22.0 
   242  29.5  21.0 
   243  31.0  23.0 
   244  30.5  22.5 
   245  29.0  22.0 
   246  30.0  22.5 
   247  31.5  22.0 
   248  30.5  22.5 
   249  30.0  21.0 
   250  30.5  22.0 
   251  29.0  20.5 
   252  31.5  22.5 
   253  31.5  21.5 
   254  30.0  20.5 
   255  28.5  21.5 
   256  29.0  20.5 
   257  30.5  21.0 
   258  29.5  20.5 
   259  30.0  22.5 
   260  27.5  21.5 
   261  29.0  20.5 
   262  31.5  21.5 
   263  30.0  21.0 
   264  29.5  19.5 
   265  28.0  19.5 
   266  29.5  20.5 
   267  30.0  20.0 
   268  29.5  20.5 
   269  30.5  20.5 
   270  30.0  20.5 
   271  29.0  20.5 
   272  29.5  19.5 
   273  28.0  18.5 
   274  26.5  16.5 
   275  28.0  14.5 
   276  27.0  17.5 
   277  26.0  15.0 
   278  27.0  17.0 
   279  27.5  17.5 
   280  28.0  18.5 
   281  26.0  18.0 
   282  25.5  19.0 
   283  30.0  16.0 
   284  33.0  16.5 
   285  29.5  17.5 
   286  26.0  16.5 
   287  31.5  16.5 
   288  33.5  16.5 
   289  29.0  16.5 
   290  28.0  17.0 
   291  26.0  16.5 
   292  27.5  16.5 
   293  26.0  18.0 
   294  28.0  17.5 
   295  27.0  13.3 
   296  29.0  16.0 
   297  25.0  14.5 
   298  28.5  12.5 
   299  25.0  13.5 
   300  26.5  15.5 
   301  28.0  16.5 
   302  26.5  15.5 
   303  25.5  14.5 
   304  27.0  14.5 
   305  28.5  13.5 
   306  26.5  14.5 
   307  24.5  13.5 
   308  27.0  13.5 
   309  26.5  14.5 
   310  26.5  14.0 
   311  27.0  14.5 
   312  25.5  14.0 
   313  28.0  16.5 
   314  24.5  14.5 
   315  24.0  14.0 
   316  29.0  12.5 
   317  30.0  12.5 
   318  26.0  12.5 
   319  29.0  12.5 
   320  27.0  12.5 
   321  23.5  13.5 
   322  25.0  13.5 
   323  27.0  13.5 
   324  28.0  12.0 
   325  22.5  12.5 
   326  20.0  12.0 
   327  21.0  14.5 
   328  20.5  13.0 
   329  22.5  14.0 
   330  24.5  12.5 
   331  22.5  12.0 
   332  23.0  11.0 
   333  20.5  10.5 
   334  18.5  11.5 
   335  15.5  10.5 
   336  18.5   8.5 
   337  20.0  10.0 
   338  21.0  10.0 
   339  21.5  11.5 
   340  20.0  10.5 
   341  21.5  11.5 
   342  19.5  10.5 
   343  19.0  11.0 
   344  19.5  11.5 
   345  18.5   9.5 
   346  20.0  10.5 
   347  20.5  11.0 
   348  18.0   8.0 
   349  19.5   7.0 
   350  16.5   7.5 
   351   DNA   7.5 
   352   DNA   7.5 
   353   DNA   9.0 
   354   DNA   9.5 
   355   DNA   8.4 
   356   DNA   9.0 
   357   DNA   8.5 
   358   DNA   9.0 
   359   DNA   8.5 
   360   DNA   8.5 
   361   DNA   8.0 
   362   DNA   8.0 
   363   DNA   9.5 
   364   DNA   9.5 
   365   DNA   8.4 
