1990          Temperature for NUWAKOT                 
        Tmax  Tmin
     1  20.3   6.8 
     2  20.0   7.0 
     3  20.4   6.5 
     4  19.8   7.0 
     5  20.3   7.5 
     6  21.0   8.0 
     7  20.3   8.2 
     8  21.7   9.0 
     9  20.2   9.0 
    10  20.0   9.5 
    11  21.4  11.0 
    12  21.7  11.0 
    13  22.0  10.4 
    14  22.5  10.0 
    15  22.2   9.4 
    16  22.0  10.5 
    17  22.3   8.8 
    18  22.0   8.5 
    19  22.5   9.0 
    20  22.6  10.0 
    21  23.0  11.8 
    22  24.4  12.5 
    23  23.8  14.0 
    24  24.0  13.0 
    25  23.5  13.6 
    26  24.0  13.0 
    27  24.3  12.5 
    28  24.7  13.4 
    29  24.2  12.0 
    30  23.6  11.2 
    31  23.0  11.4 
    32  23.5  10.1 
    33  24.8  10.0 
    34  23.0   9.5 
    35  23.0   9.6 
    36  23.0   9.0 
    37  23.5   9.3 
    38  23.4   9.5 
    39  22.5   9.6 
    40  23.0   9.8 
    41  23.8  10.5 
    42  22.6  11.8 
    43  22.7  11.0 
    44  22.6  11.2 
    45  22.0  11.0 
    46  22.4  10.0 
    47  21.6   9.6 
    48  21.4   9.0 
    49  22.2   9.2 
    50  22.0   9.5 
    51  22.4  10.5 
    52  22.2   9.0 
    53  21.8   8.8 
    54  22.0   8.0 
    55  22.2   9.3 
    56  23.0  10.5 
    57  21.6   9.5 
    58  20.4  11.0 
    59  17.8  12.0 
    60  20.0  10.3 
    61  21.5  10.0 
    62  22.2  10.4 
    63  23.0   9.8 
    64  23.5   9.5 
    65  24.0   9.9 
    66  24.5  10.5 
    67  24.2   9.3 
    68  23.2  10.0 
    69  24.4  10.5 
    70  24.6  10.2 
    71  25.2   9.8 
    72  26.0   9.7 
    73  25.8  10.8 
    74  26.5  11.3 
    75  28.0  10.0 
    76  27.3   9.2 
    77  26.8  11.0 
    78  28.7  12.4 
    79  30.0  13.2 
    80  29.5  13.0 
    81  28.6  13.4 
    82  25.4  13.5 
    83  23.5  12.0 
    84  24.0  12.8 
    85  25.2  12.2 
    86  20.0  11.0 
    87  25.4  12.4 
    88  25.0  12.0 
    89  25.7  12.0 
    90  29.3  15.0 
    91  29.0  14.5 
    92  27.0  11.4 
    93  26.0  15.2 
    94  25.0  14.0 
    95  25.0  13.2 
    96  27.7  14.4 
    97  25.0  15.0 
    98  26.0  14.0 
    99  27.0  13.0 
   100  29.2  15.5 
   101  30.7  17.0 
   102  30.0  20.2 
   103  31.7  17.7 
   104  33.0  16.6 
   105  33.5  17.4 
   106  34.0  18.7 
   107  33.7  19.5 
   108  33.6  19.5 
   109  26.5  17.0 
   110  31.8  18.2 
   111  33.2  19.0 
   112  34.0  17.5 
   113  34.5  20.5 
   114  34.3  22.0 
   115  32.6  20.5 
   116  30.6  16.9 
   117  29.6  17.0 
   118  27.5  16.0 
   119  24.5  16.8 
   120  29.0  16.3 
   121  30.0  16.4 
   122  30.2  16.8 
   123  32.6  19.0 
   124  27.0  17.0 
   125  32.0  17.0 
   126  32.0  17.5 
   127  28.0  18.0 
   128  32.4  18.0 
   129  33.5  20.5 
   130  30.4  21.0 
   131  33.7  20.4 
   132  30.0  19.4 
   133  30.4  20.0 
   134  32.6  21.5 
   135  30.6  22.4 
   136  34.2  20.0 
   137  32.3  19.5 
   138   DNA  20.4 
   139  29.2  19.0 
   140  29.4  18.4 
   141  29.5  18.7 
   142  29.4  19.3 
   143  31.2  19.8 
   144  31.4  19.5 
   145  28.5  20.2 
   146  31.6  20.0 
   147  32.0  20.3 
   148  32.5  19.8 
   149  32.2  19.0 
   150  33.5  18.2 
   151  34.0  19.0 
   152  33.0  19.2 
   153  32.4  20.0 
   154  32.2  20.5 
   155  32.0  20.4 
   156  32.1  20.0 
   157  32.2  20.6 
   158  32.6  20.4 
   159  32.8  20.6 
   160  33.0  20.5 
   161  32.8  20.7 
   162  32.5  20.5 
   163  32.7  20.3 
   164  32.8  21.0 
   165  32.5  22.5 
   166  32.6  21.5 
   167  31.8  22.5 
   168  29.0  21.4 
   169  27.4  20.2 
   170  29.6  21.5 
   171  30.0  21.0 
   172  31.2  22.0 
   173  32.8  22.8 
   174  33.5  22.3 
   175  31.6  22.8 
   176  32.0  21.7 
   177  31.3  21.6 
   178  31.5  21.9 
   179  30.0  21.0 
   180  30.5  22.2 
   181  30.3  22.0 
   182  29.9  22.0 
   183  30.0  20.9 
   184  31.2  22.7 
   185  30.5  22.2 
   186  31.3  22.0 
   187  31.0  23.0 
   188  30.7  22.8 
   189  30.2  22.0 
   190  31.0  22.0 
   191  30.2  22.5 
   192  29.5  23.0 
   193  30.0  22.3 
   194  28.5  22.3 
   195  26.5  23.0 
   196  27.6  21.0 
   197  26.5  21.6 
   198  27.2  21.0 
   199  26.0  20.4 
   200  27.3  21.3 
   201  28.5  21.0 
   202  30.0  21.6 
   203  30.8  21.3 
   204  30.2  22.6 
   205  29.4  21.5 
   206  29.0  21.2 
   207  27.9  20.4 
   208  28.2  21.0 
   209  26.5  20.7 
   210  28.0  19.2 
   211  27.2  20.0 
   212  26.8  19.4 
   213  26.0  20.8 
   214  25.5  20.0 
   215  27.0  21.4 
   216  25.7  21.0 
   217  28.0  21.6 
   218  29.5  21.5 
   219  29.0  20.8 
   220  26.4  19.4 
   221  25.8  19.6 
   222  27.2  19.8 
   223  27.0  21.0 
   224  28.5  20.7 
   225  29.7  22.2 
   226  28.0  21.6 
   227  29.5  22.3 
   228  30.0  21.0 
   229  30.2  21.5 
   230  31.0  20.6 
   231  30.0  20.4 
   232  31.5  19.7 
   233  31.2  22.0 
   234  29.8  21.8 
   235  30.0  20.5 
   236  29.4  20.9 
   237  29.7  20.4 
   238  30.3  20.5 
   239  30.0  21.6 
   240  31.4  21.8 
   241  29.7  22.0 
   242  30.0  22.5 
   243  31.2  21.0 
   244  31.6  22.7 
   245  32.0  22.3 
   246  31.4  22.5 
   247  29.2  22.0 
   248  30.0  21.5 
   249  30.6  22.2 
   250  29.9  22.0 
   251  29.7  21.5 
   252  28.0  20.4 
   253  28.5  20.0 
   254  26.3  20.8 
   255  27.0  20.0 
   256  28.6  20.2 
   257  29.0  20.4 
   258  30.6  21.5 
   259  30.2  21.0 
   260  30.0  20.7 
   261  29.6  20.0 
   262  29.3  19.8 
   263  29.5  19.5 
   264  30.0  20.0 
   265  30.6  21.0 
   266  29.8  20.2 
   267  30.0  20.4 
   268  30.5  20.0 
   269  30.2  20.3 
   270  30.0  20.0 
   271  29.6  20.1 
   272  30.0  19.5 
   273  30.7  19.8 
   274  31.2  19.2 
   275  30.5  20.6 
   276  30.0  20.0 
   277  29.2  19.4 
   278  30.8  19.7 
   279  30.0  20.3 
   280  29.4  20.5 
   281  28.7  19.0 
   282  29.3  18.8 
   283  29.0  19.3 
   284  30.5  19.2 
   285  29.2  19.6 
   286  30.8  19.0 
   287  30.5  18.5 
   288  30.0  18.0 
   289  29.4  18.7 
   290  28.9  18.0 
   291  28.5  17.4 
   292  28.2  17.5 
   293  29.0  17.0 
   294  28.5  16.8 
   295  28.0  15.2 
   296  27.7  16.0 
   297  28.7  16.5 
   298  27.5  17.0 
   299  28.0  16.4 
   300  27.3  16.9 
   301  27.0  16.4 
   302  28.5  16.7 
   303  27.8  17.7 
   304  27.4  17.0 
   305  28.2  15.5 
   306  29.5  16.0 
   307  29.0  16.8 
   308  27.3  16.2 
   309  28.0  15.7 
   310  27.8  15.2 
   311  27.2  15.0 
   312  28.6  17.3 
   313  27.5  15.8 
   314  29.2  15.2 
   315  27.3  15.6 
   316  27.0  15.0 
   317  27.6  16.5 
   318  27.7  14.8 
   319  27.0  14.5 
   320  27.5  13.8 
   321  26.7  13.5 
   322  25.0  13.0 
   323  24.5  12.5 
   324  29.4  14.8 
   325  27.2  12.5 
   326  26.8  13.4 
   327  26.0  13.2 
   328  27.0  17.0 
   329  26.0  12.5 
   330  24.5  12.0 
   331  24.5  11.3 
   332  23.7  11.2 
   333  23.6  11.5 
   334  23.7  12.4 
   335  25.0  11.2 
   336  24.5  12.6 
   337  23.5  11.8 
   338  24.0  12.0 
   339  23.2  12.4 
   340  23.4  11.0 
   341  23.0  11.5 
   342  22.0  10.7 
   343  22.5  10.0 
   344  22.0   9.5 
   345  21.7   9.3 
   346  22.4   9.0 
   347  22.8  10.0 
   348  22.3   9.5 
   349  22.7   9.2 
   350  22.5   9.0 
   351  22.0   8.5 
   352  22.4   7.8 
   353  21.5   8.3 
   354  22.2   9.2 
   355  22.7   8.5 
   356  21.5   8.0 
   357  21.4   8.2 
   358  20.6   7.5 
   359  20.0   6.8 
   360  19.5   7.3 
   361  20.8   6.5 
   362  19.0   6.7 
   363  19.8   6.4 
   364  20.5   6.9 
   365  20.0   7.4 
