1988          Temperature for NUWAKOT                 
        Tmax  Tmin
     1   DNA  10.0 
     2   DNA   9.8 
     3   DNA  10.7 
     4   DNA  10.3 
     5   DNA  13.0 
     6   DNA  10.5 
     7   DNA  10.0 
     8   DNA  10.3 
     9   DNA  10.5 
    10   DNA  10.3 
    11   DNA  10.5 
    12   DNA  11.8 
    13   DNA  11.6 
    14   DNA  11.3 
    15   DNA   9.2 
    16   DNA   9.0 
    17   DNA   8.5 
    18   DNA  10.0 
    19   DNA  11.0 
    20   DNA  12.0 
    21   DNA  11.8 
    22   DNA  10.0 
    23   DNA  10.0 
    24   DNA   9.0 
    25   DNA   8.5 
    26   DNA   7.5 
    27   DNA   7.3 
    28   DNA   8.0 
    29   DNA   8.3 
    30   DNA   9.2 
    31   DNA   9.5 
    32   DNA   9.8 
    33   DNA  12.0 
    34   DNA  12.5 
    35   DNA  11.0 
    36   DNA  12.0 
    37   DNA  11.9 
    38   DNA  12.3 
    39   DNA  13.0 
    40   DNA  12.5 
    41   DNA  12.0 
    42   DNA  12.4 
    43   DNA  13.0 
    44   DNA  14.0 
    45   DNA  10.7 
    46   DNA  10.4 
    47   DNA  10.6 
    48   DNA  11.0 
    49   DNA  10.5 
    50   DNA  12.0 
    51   DNA  14.2 
    52   DNA  13.2 
    53   DNA  11.7 
    54   DNA  12.8 
    55   DNA  10.5 
    56   DNA  10.6 
    57   DNA  11.5 
    58   DNA  12.7 
    59   DNA  14.0 
    60   DNA  11.5 
    61   DNA  13.5 
    62   DNA  13.0 
    63   DNA  13.2 
    64   DNA  13.0 
    65   DNA  15.0 
    66   DNA  15.0 
    67   DNA  20.5 
    68   DNA  16.5 
    69   DNA  14.0 
    70   DNA  15.0 
    71   DNA  15.5 
    72   DNA  15.5 
    73   DNA  11.5 
    74   DNA  14.5 
    75   DNA  12.0 
    76   DNA  13.5 
    77   DNA  16.0 
    78   DNA  13.0 
    79   DNA  12.0 
    80   DNA  10.2 
    81   DNA  12.5 
    82   DNA  13.5 
    83   DNA  15.0 
    84   DNA  15.0 
    85   DNA  16.0 
    86   DNA  17.0 
    87   DNA  13.5 
    88   DNA  14.5 
    89   DNA  15.5 
    90   DNA  16.0 
    91   DNA  17.5 
    92   DNA  17.0 
    93   DNA  14.8 
    94   DNA  18.5 
    95   DNA  18.5 
    96   DNA  20.0 
    97   DNA  20.0 
    98   DNA  21.2 
    99   DNA  15.4 
   100   DNA  21.5 
   101   DNA  20.0 
   102   DNA  20.4 
   103   DNA  20.6 
   104   DNA  20.5 
   105   DNA  16.5 
   106   DNA  17.0 
   107   DNA  19.6 
   108   DNA  18.0 
   109   DNA  15.5 
   110   DNA  19.0 
   111   DNA  16.0 
   112   DNA  19.5 
   113   DNA  17.0 
   114   DNA  19.4 
   115   DNA  15.0 
   116   DNA  18.4 
   117   DNA  18.4 
   118   DNA  18.4 
   119   DNA  21.5 
   120   DNA  20.4 
   121   DNA  24.6 
   122   DNA  22.5 
   123   DNA  24.6 
   124   DNA  23.4 
   125   DNA  22.8 
   126   DNA  22.6 
   127   DNA  21.8 
   128   DNA  24.0 
   129   DNA  23.4 
   130   DNA  21.6 
   131   DNA  20.2 
   132   DNA  20.2 
   133   DNA  22.2 
   134   DNA  22.5 
   135   DNA  18.0 
   136   DNA  16.4 
   137   DNA  18.4 
   138   DNA  20.5 
   139   DNA  16.5 
   140   DNA  17.0 
   141   DNA  20.2 
   142   DNA  21.5 
   143   DNA  21.5 
   144  31.5  19.5 
   145  31.5  17.5 
   146  32.3  21.6 
   147  31.6  20.0 
   148  33.5  21.5 
   149  33.5  24.0 
   150  32.0  21.0 
   151  31.3  22.8 
   152  32.1  22.5 
   153   DNA  21.0 
   154  28.9  21.5 
   155  31.0  20.5 
   156  31.8  22.5 
   157  29.4  16.5 
   158  30.2  21.4 
   159  31.5  21.0 
   160  31.5  20.5 
   161  29.5  22.5 
   162  29.4  23.0 
   163  31.0  19.5 
   164  28.8  20.3 
   165  28.9  20.0 
   166  26.0  20.0 
   167  26.0  20.0 
   168  27.4  19.5 
   169  28.5  19.5 
   170  30.0  20.5 
   171  29.8  21.5 
   172  31.3  21.5 
   173  29.0  22.0 
   174  30.7  20.0 
   175  31.5  20.8 
   176  28.0  20.2 
   177  30.8  22.0 
   178  31.5  23.2 
   179  33.0  23.8 
   180  30.3  22.0 
   181  31.8  23.8 
   182  31.5  23.0 
   183  30.5  23.5 
   184  30.2  22.2 
   185  31.0  21.5 
   186  31.1  21.5 
   187  26.0  21.0 
   188  28.0  21.0 
   189  29.5  20.0 
   190  31.0  22.4 
   191  30.5  21.0 
   192  31.5  21.5 
   193  29.5  22.5 
   194  30.3  21.5 
   195  31.0  22.7 
   196  31.5  22.0 
   197  31.6  22.5 
   198  30.3  22.0 
   199  31.4  21.0 
   200  28.0  21.0 
   201  31.5  23.4 
   202  30.7  21.0 
   203  30.7  20.7 
   204  29.8  22.5 
   205  31.3  21.0 
   206  30.6  21.5 
   207  29.5  22.0 
   208  30.0  22.2 
   209  30.3  22.3 
   210  30.0  21.5 
   211  30.3  22.0 
   212  30.3  23.0 
   213  28.5  21.2 
   214  29.5  21.0 
   215  30.1  22.5 
   216  30.0  20.5 
   217  31.0  23.2 
   218  28.6  22.4 
   219  31.0  23.0 
   220  28.4  23.0 
   221  31.5  22.5 
   222  31.5  22.5 
   223  30.0  21.6 
   224  30.0  20.8 
   225  30.4  21.5 
   226  30.2  21.7 
   227  30.8  21.8 
   228  28.0  22.2 
   229   DNA   DNA 
   230  32.4  22.8 
   231  33.0  21.8 
   232  33.5  20.6 
   233  31.5  22.5 
   234  29.9  22.0 
   235  29.9  20.5 
   236  30.0  20.5 
   237  30.5  20.0 
   238  30.8  22.2 
   239  30.3  21.0 
   240  30.8  20.0 
   241  30.8  20.8 
   242  31.5  23.0 
   243  30.8  20.5 
   244  30.5  21.6 
   245  30.0  20.6 
   246  31.4  20.5 
   247  30.6  22.5 
   248  30.5  21.5 
   249  30.8  23.0 
   250  30.7  20.0 
   251  30.7  20.5 
   252  27.5  20.4 
   253  28.0  19.7 
   254  30.5  20.7 
   255  31.2  20.4 
   256  30.0  21.5 
   257  31.5  22.0 
   258  33.0  22.4 
   259  33.0  22.3 
   260  29.6  17.7 
   261  31.5  19.4 
   262  31.8  20.0 
   263  31.5  20.0 
   264  28.5  20.5 
   265  30.8  20.0 
   266  31.5  20.0 
   267  31.3  20.3 
   268  31.5  21.8 
   269  30.8  20.5 
   270  30.8  20.0 
   271  30.4  21.0 
   272  31.0  20.5 
   273  30.5  20.0 
   274  32.8  21.0 
   275  31.5  20.0 
   276  30.7  20.0 
   277  31.0  20.2 
   278  31.0  20.8 
   279  31.0  21.0 
   280  31.8  21.0 
   281  32.8  22.1 
   282  31.5  21.5 
   283  31.3  20.5 
   284  32.3  21.5 
   285  31.0  20.5 
   286  31.8  21.0 
   287  32.7  21.4 
   288  30.5  17.3 
   289  31.0  20.5 
   290   DNA   DNA 
   291  28.3  20.5 
   292  25.8  19.2 
   293  26.8  16.3 
   294  25.8  15.5 
   295  26.3  15.0 
   296  26.3  13.3 
   297  26.8  12.0 
   298  26.1  16.4 
   299  26.1  17.3 
   300  26.8  17.4 
   301  27.3  17.3 
   302  27.3  16.9 
   303  26.9  15.3 
   304  26.9  16.8 
   305  25.3  17.8 
   306  25.3  18.2 
   307  24.8  16.8 
   308  25.0  15.5 
   309  26.0  15.3 
   310  25.3  12.4 
   311  25.1  12.0 
   312  23.8  13.0 
   313  25.3  12.0 
   314  25.9  13.2 
   315  25.3  14.0 
   316  24.8  14.0 
   317  24.0  12.5 
   318  24.7  13.5 
   319  25.9  13.0 
   320  26.3  13.9 
   321  26.8  13.4 
   322  25.5  13.0 
   323   DNA   DNA 
   324   DNA   DNA 
   325   DNA   DNA 
   326   DNA   DNA 
   327   DNA   DNA 
   328  26.0  12.0 
   329  26.0  12.4 
   330  25.9  11.8 
   331  26.8  11.5 
   332  26.8  11.5 
   333  27.0  12.0 
   334  26.8  11.5 
   335  26.0  11.4 
   336  26.3  11.5 
   337  26.5  11.8 
   338  26.2  11.3 
   339  26.0  11.0 
   340  26.8  11.5 
   341  25.8  12.1 
   342  23.5  11.1 
   343  23.5  12.8 
   344  23.1  12.2 
   345  22.3  12.0 
   346  21.4  11.9 
   347  22.5  11.0 
   348  21.3   9.5 
   349  23.0  11.6 
   350   DNA   DNA 
   351   DNA   DNA 
   352   DNA   DNA 
   353   DNA   DNA 
   354   DNA   DNA 
   355   DNA   DNA 
   356   DNA   DNA 
   357   DNA   DNA 
   358   DNA   DNA 
   359   DNA   DNA 
   360   DNA   DNA 
   361   DNA   DNA 
   362   DNA   DNA 
   363   DNA   DNA 
   364   DNA   DNA 
   365   DNA   DNA 
   366   DNA   DNA 
