1973          Temperature for NUWAKOT                 
        Tmax  Tmin
     1  19.0   6.5 
     2  20.5   6.5 
     3  20.0   6.0 
     4  20.0   7.5 
     5  18.9   8.0 
     6  20.0   7.3 
     7  20.0   7.5 
     8  17.0   9.5 
     9  21.0   9.0 
    10  21.5   8.0 
    11  21.2   7.5 
    12  20.0   8.5 
    13  20.5   9.0 
    14  20.5   9.9 
    15  21.0   6.5 
    16  18.9   6.0 
    17  16.5   7.5 
    18  16.0   6.5 
    19  15.0   6.5 
    20  18.5   7.5 
    21  20.5   8.0 
    22  15.0   6.6 
    23  19.9   7.0 
    24  19.5   5.5 
    25  17.0   5.5 
    26  18.0   6.0 
    27  21.9   6.5 
    28  19.5   6.7 
    29  19.9   6.0 
    30  15.0   6.0 
    31  19.5   7.5 
    32  20.0   7.2 
    33  20.5   7.0 
    34  21.5   7.0 
    35  23.2   8.9 
    36  19.5   8.0 
    37  21.2   7.5 
    38  22.2   7.5 
    39  22.2   9.5 
    40  22.0   8.0 
    41  23.0   9.0 
    42  23.2   9.0 
    43  23.2   9.5 
    44  22.0  10.5 
    45  22.1  10.5 
    46  25.0  10.0 
    47  25.0  11.0 
    48  25.5   9.5 
    49  24.0   9.5 
    50  24.5  10.0 
    51  25.2  11.0 
    52  24.5   9.8 
    53  25.0  10.0 
    54  24.9  10.0 
    55  25.0  10.0 
    56  25.0  11.5 
    57  25.0  10.0 
    58  21.5   9.5 
    59  16.0   7.0 
    60  20.0   8.2 
    61  21.0   8.5 
    62  23.0   9.5 
    63  24.0   9.5 
    64  22.0   8.4 
    65  23.0   9.0 
    66  16.0   7.0 
    67  12.0   5.0 
    68  24.0   6.6 
    69  23.0  11.0 
    70  24.9   7.5 
    71  26.0   6.0 
    72  25.0  10.0 
    73  26.5  10.5 
    74  27.5  10.6 
    75  27.0  11.0 
    76  26.5  12.2 
    77  27.5  13.0 
    78  28.0  13.5 
    79  29.0  13.5 
    80  29.0  14.0 
    81  28.0  12.5 
    82  28.5  13.5 
    83  29.0  14.5 
    84  29.4  14.0 
    85  31.2  17.0 
    86  31.2  16.5 
    87  31.0  17.0 
    88  31.0  18.0 
    89  32.0  18.0 
    90  32.0  19.0 
    91  34.0  20.5 
    92  33.2  18.5 
    93  34.0  18.5 
    94  31.0  17.5 
    95  30.5  17.9 
    96  30.5  19.5 
    97  33.0  18.0 
    98  34.0  19.5 
    99  33.0  18.0 
   100  32.0  17.5 
   101  33.0  18.5 
   102  32.0  19.5 
   103  32.0  20.0 
   104  33.5  19.5 
   105  34.0  19.0 
   106  35.9  20.0 
   107  34.0  19.0 
   108  33.2  18.0 
   109  33.5  19.0 
   110  32.0  18.5 
   111  32.0  19.0 
   112  32.0  20.5 
   113  31.5  14.0 
   114  30.5  17.0 
   115  30.0  18.0 
   116  30.5  19.5 
   117  31.5  20.5 
   118  30.2  13.5 
   119  30.2  17.9 
   120  31.6  20.0 
   121  28.6  18.0 
   122  29.0  19.0 
   123  30.5  13.5 
   124  30.0  16.2 
   125  28.0  18.0 
   126  31.5  18.0 
   127  30.0  19.2 
   128  29.5  15.0 
   129  30.0  16.0 
   130  32.0  16.0 
   131  27.2  14.6 
   132  28.6  16.6 
   133  30.0  18.0 
   134  28.2  18.1 
   135  28.0  18.0 
   136  30.0  15.0 
   137  29.5  18.0 
   138  29.0  15.5 
   139  29.0  16.0 
   140  28.0  17.0 
   141  28.0  17.0 
   142  28.5  15.6 
   143  29.0  17.5 
   144  29.0  12.8 
   145  28.0  17.0 
   146  28.9  19.0 
   147  28.9  16.5 
   148  27.0  18.0 
   149  30.0  19.0 
   150  26.0  16.0 
   151  30.0  17.6 
   152  30.5  19.5 
   153  30.5  19.5 
   154  31.5  20.1 
   155  30.0  19.0 
   156  30.0  18.0 
   157  31.0  18.0 
   158  27.5  18.0 
   159  29.0  16.0 
   160  27.0  17.5 
   161  29.6  18.0 
   162  30.5  19.0 
   163  30.5  16.0 
   164  30.1  15.5 
   165  28.0  16.0 
   166  24.5  18.2 
   167  24.0  18.0 
   168  25.0  17.5 
   169  25.1  18.0 
   170  26.5  18.1 
   171  27.6  18.0 
   172  30.0  18.2 
   173  30.2  18.5 
   174  28.2  20.0 
   175  30.0  19.5 
   176  29.0  19.0 
   177  25.0  18.5 
   178  26.0  18.0 
   179  28.0  17.5 
   180  28.0  19.0 
   181  29.0  19.0 
   182  30.6  19.5 
   183  30.9  20.5 
   184  30.2  18.0 
   185  31.0  19.0 
   186  30.0  17.5 
   187  30.0  19.8 
   188  31.0  19.0 
   189  30.5  19.5 
   190  31.9  19.0 
   191  30.5  19.5 
   192  31.0  19.0 
   193  29.5  18.0 
   194  30.0  18.5 
   195  30.0  18.0 
   196  30.0  18.5 
   197  29.0  19.5 
   198  30.5  19.0 
   199  30.0  16.0 
   200  30.2  17.0 
   201  30.2  19.5 
   202  28.6  20.0 
   203  30.0  19.5 
   204  28.5  19.2 
   205  29.0  18.5 
   206  25.5  18.0 
   207  26.0  19.0 
   208  27.0  19.0 
   209  28.0  19.5 
   210  29.5  20.0 
   211  31.0  20.0 
   212  30.0  20.2 
   213  31.0  19.5 
   214  27.5  19.0 
   215  28.0  18.5 
   216  28.5  18.5 
   217  28.0  18.6 
   218  27.5  17.5 
   219  29.0  14.5 
   220  28.6  18.0 
   221  27.3  17.3 
   222  29.0  17.5 
   223  26.5  17.0 
   224  23.5  17.5 
   225  27.0  18.5 
   226  28.3  18.2 
   227  29.0  17.0 
   228  29.9  19.0 
   229  30.0  19.5 
   230  29.5  18.2 
   231  28.2  18.0 
   232  30.5  17.0 
   233  30.5  18.5 
   234  30.9  18.6 
   235  30.5  20.5 
   236  31.5  20.0 
   237  32.0  17.6 
   238  26.0  18.2 
   239  29.5  19.5 
   240  31.0  18.9 
   241  28.6  19.0 
   242  29.5  18.5 
   243  30.5  17.5 
   244  30.5  17.0 
   245  31.5  17.5 
   246  30.5  17.6 
   247  30.4  17.5 
   248  29.2  20.0 
   249  30.5  19.0 
   250  29.0  19.6 
   251  29.5  18.5 
   252  29.0  18.0 
   253  31.0  17.5 
   254  27.5  17.8 
   255  29.0  17.0 
   256  24.0  15.5 
   257  29.5  17.0 
   258  26.5  17.0 
   259  23.5  17.0 
   260  27.5  16.5 
   261  27.0  17.0 
   262  25.0  17.0 
   263  30.0  18.5 
   264  31.0  18.0 
   265  31.0  15.5 
   266  28.2  18.0 
   267  26.0  16.8 
   268  25.0  17.2 
   269  21.5  14.5 
   270  19.5  14.0 
   271  25.5  15.0 
   272  28.5  16.0 
   273  30.0  16.6 
   274  28.0  16.0 
   275  23.0  15.0 
   276  22.0  16.5 
   277  21.5  15.0 
   278  25.0  17.0 
   279  29.5  17.5 
   280  29.5  17.5 
   281  29.5  14.5 
   282  23.4  15.0 
   283  29.5  15.0 
   284  28.5  14.0 
   285  26.9  15.6 
   286  23.6  14.0 
   287  25.4  15.0 
   288  26.0  16.0 
   289  28.5  15.3 
   290  27.5  16.0 
   291  26.5  15.0 
   292  27.6  15.0 
   293  27.6  14.0 
   294  26.0  13.5 
   295  27.2  13.0 
   296  26.5  12.5 
   297  25.0  13.5 
   298  25.4  13.0 
   299  23.0  13.5 
   300  26.0  14.0 
   301  26.0  13.5 
   302  26.5  11.0 
   303  25.5  12.5 
   304  27.0  13.0 
   305  27.5  10.0 
   306  25.0  11.0 
   307  28.5  10.0 
   308  22.0   9.5 
   309  19.5   9.0 
   310  26.0   8.5 
   311  24.0   8.5 
   312  24.0   8.6 
   313  24.0   9.9 
   314  24.0  10.0 
   315  25.2  11.6 
   316  24.5  11.0 
   317  25.5  10.5 
   318  24.5  10.5 
   319  25.6  10.0 
   320  25.0  10.1 
   321  24.0   9.5 
   322  24.2   9.8 
   323  23.0  10.0 
   324  24.0  10.0 
   325  24.5  11.5 
   326  24.5  10.5 
   327  24.7  10.5 
   328  24.5  10.0 
   329  23.5   9.5 
   330  22.5   9.0 
   331  23.5   9.0 
   332  22.9   8.5 
   333  22.9   8.5 
   334  20.5   8.3 
   335  23.0   8.0 
   336  19.0   7.0 
   337  21.5   8.0 
   338  16.5   6.6 
   339  20.0   6.5 
   340  20.0   6.6 
   341  20.5   6.5 
   342  20.5   8.6 
   343  22.0   8.0 
   344  21.0   7.0 
   345  22.5   7.2 
   346  20.5   7.5 
   347  21.0   7.5 
   348  21.5   6.6 
   349  22.0   6.5 
   350  20.5   7.0 
   351  20.5   7.0 
   352  20.9   6.3 
   353  20.5   5.5 
   354  19.5   6.5 
   355  20.5   6.0 
   356  20.0   6.0 
   357  20.0   5.5 
   358  20.5   5.0 
   359  20.0   5.5 
   360  20.0   5.0 
   361  19.0   4.5 
   362  20.0   5.0 
   363  20.0   6.0 
   364  21.0   6.5 
   365  19.5   5.0 
