      1    0.0
      2    0.0
      3    0.0
      4    0.0
      5    0.0
      6    0.0
      7    0.0
      8    0.0
      9    0.0
     10    0.0
     11    0.0
     12    0.0
     13    0.0
     14    0.0
     15    0.0
     16    0.0
     17    0.0
     18    0.0
     19    0.0
     20    0.0
     21    0.0
     22    0.0
     23    0.0
     24    0.0
     25    0.0
     26    0.0
     27    0.0
     28    0.0
     29    0.0
     30    0.0
     31    0.0
     32    0.0
     33    0.0
     34    0.0
     35    0.0
     36    0.0
     37    0.0
     38    0.0
     39    2.0
     40    0.0
     41    0.0
     42   11.2
     43    8.0
     44    0.0
     45   80.2
     46    0.0
     47    0.0
     48    0.0
     49    0.0
     50    0.0
     51    0.0
     52    0.0
     53    0.0
     54    0.0
     55    0.0
     56    0.0
     57    0.0
     58    0.0
     59    0.0
     60    0.0
     61    3.2
     62    0.0
     63    0.0
     64    0.0
     65    0.0
     66    0.0
     67    0.0
     68    0.0
     69    0.0
     70    0.0
     71    T  
     72   28.2
     73    2.0
     74    0.0
     75    0.0
     76    0.0
     77    0.0
     78    0.0
     79    0.0
     80    0.0
     81    0.0
     82    0.0
     83    0.0
     84    0.0
     85    0.0
     86    0.0
     87    0.0
     88    0.0
     89    0.0
     90    0.0
     91    0.0
     92    0.0
     93    0.0
     94    0.0
     95    0.0
     96    0.0
     97    0.0
     98    0.0
     99    0.0
    100    0.0
    101    0.0
    102    0.0
    103    0.0
    104    0.0
    105    0.0
    106    0.0
    107    0.0
    108   50.3
    109    0.0
    110    0.0
    111    0.0
    112    0.0
    113    0.0
    114    0.0
    115    0.0
    116    0.0
    117    0.0
    118    0.0
    119    0.0
    120    0.0
    121    0.0
    122    0.0
    123    0.0
    124    0.0
    125    0.0
    126    0.0
    127    0.0
    128    0.0
    129    0.0
    130    0.0
    131    0.0
    132    0.0
    133    0.0
    134    0.0
    135    0.0
    136    0.0
    137    0.0
    138    0.0
    139    0.0
    140   28.3
    141    0.0
    142    0.0
    143    0.0
    144    0.0
    145    0.0
    146    0.0
    147    0.0
    148    0.0
    149    0.0
    150    0.0
    151    0.0
    152    0.0
    153    3.5
    154    0.0
    155    0.0
    156    0.0
    157    0.0
    158    0.0
    159    T  
    160    0.0
    161    0.0
    162    0.0
    163    6.9
    164    0.0
    165    0.0
    166    0.0
    167    0.0
    168    0.0
    169    5.2
    170    0.0
    171    0.0
    172   10.5
    173    0.0
    174    0.0
    175    0.0
    176    0.0
    177    0.0
    178    0.0
    179    0.0
    180   70.0
    181    0.0
    182    5.2
    183    0.0
    184    0.0
    185   17.5
    186   33.0
    187    0.0
    188    0.0
    189    0.0
    190    4.5
    191    0.0
    192    0.0
    193   12.4
    194    0.0
    195   30.0
    196    0.0
    197    0.0
    198   45.0
    199  183.6
    200   41.2
    201    2.8
    202   26.6
    203   67.8
    204   79.8
    205   66.3
    206   29.9
    207    T  
    208   99.0
    209    T  
    210   28.2
    211   40.2
    212   62.2
    213   29.5
    214   18.6
    215   49.3
    216    0.0
    217    0.0
    218    0.0
    219    0.0
    220    0.0
    221    0.0
    222    0.0
    223    0.0
    224    6.3
    225   28.5
    226   16.0
    227    2.6
    228   10.9
    229    T  
    230   38.5
    231    0.0
    232    1.5
    233    0.0
    234    0.0
    235    0.0
    236    0.0
    237    0.0
    238   22.3
    239    0.0
    240    0.0
    241    2.5
    242    T  
    243    2.3
    244    0.0
    245    0.0
    246    0.0
    247    0.0
    248    0.0
    249    0.0
    250    0.0
    251    0.0
    252    0.0
    253    0.0
    254    0.0
    255    0.0
    256    0.0
    257    0.0
    258    0.0
    259    0.0
    260    0.0
    261    0.0
    262    0.0
    263    0.0
    264    0.0
    265    0.0
    266    0.0
    267    0.0
    268   30.3
    269   40.6
    270    0.0
    271   30.3
    272   40.7
    273   30.4
    274    0.0
    275    0.0
    276    0.0
    277    0.0
    278    0.0
    279    0.0
    280    0.0
    281    0.0
    282    0.0
    283    0.0
    284    0.0
    285    0.0
    286    0.0
    287    0.0
    288    0.0
    289    0.0
    290    0.0
    291   DNA   
    292   DNA   
    293   DNA   
    294   DNA   
    295   DNA   
    296   DNA   
    297   DNA   
    298   DNA   
    299   DNA   
    300   DNA   
    301    0.0
    302    0.0
    303    0.0
    304    0.0
    305    0.0
    306    0.0
    307    0.0
    308    0.0
    309    0.0
    310    0.0
    311    0.0
    312    0.0
    313    0.0
    314    0.0
    315    0.0
    316    0.0
    317    0.0
    318    0.0
    319    0.0
    320    0.0
    321    0.0
    322    0.0
    323    0.0
    324    0.0
    325    0.0
    326    0.0
    327    0.0
    328    0.0
    329    0.0
    330    0.0
    331    0.0
    332    0.0
    333    0.0
    334    0.0
    335    0.0
    336    0.0
    337    0.0
    338    0.0
    339    0.0
    340    0.0
    341    0.0
    342    0.0
    343    0.0
    344    0.0
    345    0.0
    346    0.0
    347    0.0
    348    0.0
    349    0.0
    350    0.0
    351    0.0
    352    0.0
    353    0.0
    354    0.0
    355    0.0
    356    0.0
    357    0.0
    358    0.0
    359    0.0
    360    0.0
    361    0.0
    362    0.0
    363    0.0
    364    0.0
    365    0.0
