      1   DNA   
      2   DNA   
      3   DNA   
      4   DNA   
      5   DNA   
      6   DNA   
      7   DNA   
      8   DNA   
      9   DNA   
     10   DNA   
     11   DNA   
     12   DNA   
     13   DNA   
     14   DNA   
     15   DNA   
     16   DNA   
     17   DNA   
     18   DNA   
     19   DNA   
     20   DNA   
     21   DNA   
     22   DNA   
     23   DNA   
     24   DNA   
     25   DNA   
     26   DNA   
     27   DNA   
     28   DNA   
     29   DNA   
     30   DNA   
     31   DNA   
     32   DNA   
     33   DNA   
     34   DNA   
     35   DNA   
     36   DNA   
     37   DNA   
     38   DNA   
     39   DNA   
     40   DNA   
     41   DNA   
     42   DNA   
     43   DNA   
     44   DNA   
     45   DNA   
     46   DNA   
     47   DNA   
     48   DNA   
     49   DNA   
     50   DNA   
     51   DNA   
     52   DNA   
     53   DNA   
     54   DNA   
     55   DNA   
     56   DNA   
     57   DNA   
     58   DNA   
     59   DNA   
     60   DNA   
     61   DNA   
     62   DNA   
     63   DNA   
     64   DNA   
     65   DNA   
     66   DNA   
     67   DNA   
     68   DNA   
     69   DNA   
     70   DNA   
     71   DNA   
     72   DNA   
     73   DNA   
     74    0.0
     75    0.0
     76    0.0
     77    0.0
     78    0.0
     79    0.0
     80    0.0
     81    0.0
     82    0.0
     83    0.0
     84    0.0
     85    0.0
     86    0.0
     87    0.0
     88    0.0
     89    0.0
     90    0.0
     91    0.0
     92    0.0
     93    0.0
     94    0.0
     95    0.0
     96    0.0
     97    0.0
     98    0.0
     99    0.0
    100    0.0
    101    0.0
    102    0.0
    103    0.1
    104    T  
    105    T  
    106    9.5
    107    T  
    108    0.0
    109   11.7
    110    0.0
    111    0.0
    112    0.0
    113    0.0
    114    0.0
    115    0.0
    116    0.0
    117    0.0
    118    5.7
    119    1.5
    120    T  
    121    T  
    122   15.3
    123    0.0
    124    0.0
    125   12.0
    126    0.0
    127    0.0
    128    0.0
    129    0.0
    130    6.5
    131    0.0
    132    0.0
    133    0.0
    134    0.0
    135    5.9
    136   16.0
    137   14.0
    138    0.0
    139    4.0
    140    0.0
    141    0.0
    142   29.8
    143    4.7
    144    1.5
    145    0.0
    146    0.0
    147    0.0
    148    0.0
    149    0.0
    150    0.0
    151    0.0
    152    0.0
    153    0.0
    154    0.0
    155    0.0
    156    0.0
    157    0.0
    158    0.0
    159    0.0
    160   21.0
    161    0.0
    162    0.0
    163    T  
    164    0.0
    165   10.6
    166    0.0
    167    0.0
    168    0.0
    169    0.0
    170    0.0
    171    0.0
    172    0.0
    173    0.0
    174    T  
    175    0.0
    176    0.0
    177    0.0
    178    0.0
    179    8.2
    180    2.0
    181    0.0
    182    0.0
    183   47.5
    184   65.0
    185  111.5
    186   16.8
    187    0.0
    188    2.0
    189   20.5
    190    0.0
    191    0.0
    192    0.0
    193    0.0
    194    0.0
    195    0.0
    196    T  
    197  108.5
    198    T  
    199    T  
    200    0.0
    201    0.0
    202    0.0
    203    T  
    204    0.0
    205    T  
    206    0.0
    207   66.8
    208    5.8
    209    4.5
    210    0.0
    211    T  
    212   10.8
    213    0.0
    214    0.0
    215   21.0
    216   44.0
    217    T  
    218    T  
    219    T  
    220    0.0
    221    0.0
    222   37.3
    223    0.0
    224    3.0
    225    0.0
    226    0.0
    227    0.0
    228    0.0
    229    0.0
    230    0.0
    231    0.0
    232    0.0
    233    0.0
    234    T  
    235   23.0
    236    T  
    237   60.0
    238    3.0
    239    T  
    240   20.5
    241    0.0
    242    0.0
    243    T  
    244    0.0
    245    0.0
    246   11.2
    247    0.0
    248    0.0
    249    T  
    250    0.0
    251    0.0
    252    0.0
    253   40.0
    254    T  
    255    0.0
    256    0.0
    257   27.0
    258    0.0
    259    0.0
    260    0.0
    261    0.0
    262    0.0
    263    0.0
    264    0.0
    265   20.7
    266   10.0
    267    0.0
    268    0.0
    269    0.0
    270    0.0
    271    0.0
    272    0.0
    273    0.0
    274    0.0
    275   24.0
    276    0.0
    277    0.0
    278    0.0
    279    0.0
    280    0.0
    281    0.0
    282    0.0
    283    0.0
    284    8.5
    285    0.0
    286    0.0
    287    0.0
    288    0.0
    289    0.0
    290    0.0
    291    0.0
    292    0.0
    293    0.0
    294    0.0
    295    0.0
    296    0.0
    297   17.7
    298    0.0
    299    0.0
    300    0.0
    301    0.0
    302    0.0
    303    0.0
    304    0.0
    305    0.0
    306    0.0
    307    0.0
    308    0.0
    309    0.0
    310    0.0
    311    0.0
    312    0.0
    313    0.0
    314    0.0
    315    0.0
    316    0.0
    317    0.0
    318    0.0
    319    0.0
    320    0.0
    321    0.0
    322    0.0
    323    0.0
    324    0.0
    325    0.0
    326    0.0
    327    0.0
    328    0.0
    329    0.0
    330    0.0
    331    0.0
    332    0.0
    333    0.0
    334    0.0
    335    0.0
    336    0.0
    337    0.0
    338    0.0
    339    0.0
    340    0.0
    341    0.0
    342    0.0
    343    0.0
    344    0.0
    345    0.0
    346    0.0
    347    0.0
    348    0.0
    349    0.0
    350    0.0
    351    0.0
    352    0.0
    353    0.0
    354    0.0
    355    0.0
    356    0.0
    357    0.0
    358    0.0
    359    0.0
    360    0.0
    361    5.3
    362    0.0
    363    0.0
    364    0.0
    365    0.0
