1985          Temperature for HETAUNDA N.F.I.         
        Tmax  Tmin
     1  23.3  10.6 
     2  22.2  10.6 
     3  15.4   6.8 
     4  19.4   8.0 
     5  14.6  11.2 
     6  20.0   9.0 
     7  20.6   5.0 
     8  20.2   6.5 
     9  20.6   5.6 
    10  22.5   5.0 
    11  23.0   7.2 
    12  22.5   5.2 
    13  21.5   6.4 
    14  21.5   5.4 
    15  21.3   3.8 
    16  21.0   7.4 
    17  21.0   6.8 
    18  22.5   6.4 
    19  20.4   9.4 
    20  23.5   9.2 
    21  24.0   6.6 
    22  21.3  12.4 
    23  22.5   7.2 
    24  23.2   7.6 
    25  24.2   8.0 
    26  22.5   8.2 
    27  24.0   8.0 
    28  25.0   8.0 
    29  23.5   9.8 
    30  23.0   9.4 
    31  24.0   8.4 
    32  23.3   6.4 
    33  23.5   7.4 
    34  22.0   7.0 
    35  21.5   8.4 
    36  23.0   8.0 
    37  21.0  10.6 
    38  22.5   8.2 
    39  22.5   8.2 
    40  22.2   7.2 
    41  23.0   7.4 
    42  24.0   7.4 
    43  23.6   6.6 
    44  24.5   7.4 
    45  25.0   5.6 
    46  24.0   6.4 
    47  23.5   6.8 
    48  24.0   7.8 
    49  24.2   9.2 
    50  25.0   8.0 
    51  26.6   9.2 
    52  26.0   9.4 
    53  25.2   9.2 
    54  25.7   9.2 
    55  26.5   9.8 
    56  26.5  11.0 
    57  25.0   9.4 
    58  26.5  12.6 
    59  26.5  11.2 
    60  26.6  12.0 
    61  27.2  13.4 
    62  28.5  13.8 
    63  28.0  14.6 
    64  30.0  16.2 
    65  30.5  14.8 
    66  31.5  15.8 
    67  33.0  11.8 
    68  32.0  12.8 
    69  31.0  14.2 
    70  30.3  15.0 
    71  32.0  14.0 
    72  32.8  13.0 
    73  31.8  11.6 
    74  31.0  11.6 
    75  30.5  12.2 
    76   DNA   DNA 
    77  33.0  13.2 
    78   DNA   DNA 
    79  29.2  12.2 
    80  30.2  14.0 
    81  30.5  12.4 
    82  31.0  14.0 
    83  31.4  17.0 
    84  28.4  10.6 
    85  30.5  17.6 
    86  31.0  19.2 
    87  32.5  18.4 
    88  32.2  18.2 
    89  33.0  19.8 
    90  34.5  15.0 
    91  34.5  11.0 
    92  33.5  16.0 
    93  33.5  17.8 
    94  31.6  16.6 
    95  32.4  15.2 
    96  34.6  17.0 
    97  33.5  18.2 
    98  34.0  16.6 
    99  32.5  19.6 
   100  31.6  19.2 
   101  32.6  17.4 
   102  34.4  19.2 
   103  36.0  18.8 
   104  38.4  20.0 
   105   DNA   DNA 
   106  35.0  18.2 
   107  35.0  18.0 
   108  34.5  20.6 
   109  34.5  23.0 
   110  34.0  22.4 
   111  34.5  22.6 
   112  34.0  24.0 
   113  33.6  11.6 
   114   DNA   DNA 
   115  38.6  18.8 
   116  36.6  18.2 
   117  35.6  18.4 
   118  32.5  23.0 
   119  31.6  21.6 
   120  33.4  20.0 
   121  31.4  20.6 
   122  33.8  22.0 
   123   DNA   DNA 
   124  31.2  19.2 
   125  31.3  19.0 
   126  32.5  20.8 
   127  30.2  17.6 
   128  32.5  20.8 
   129  33.6  22.4 
   130  29.6  22.4 
   131  31.5  17.8 
   132  29.5  22.0 
   133  32.0  22.0 
   134  32.6  23.0 
   135  33.0  15.4 
   136  32.6  21.6 
   137  35.0  20.2 
   138  33.0  20.0 
   139  32.6  24.4 
   140  32.2  23.2 
   141  32.0  18.4 
   142  31.6  20.4 
   143  32.5  21.4 
   144  30.6  20.0 
   145  32.6  21.8 
   146  33.6  23.6 
   147  33.6  23.4 
   148  35.5  24.4 
   149  34.6  24.8 
   150  34.6  21.6 
   151  33.0  24.4 
   152  33.5  23.6 
   153  33.6  22.6 
   154  33.0  21.0 
   155  32.5  21.6 
   156  32.4  23.6 
   157  30.6  23.0 
   158  31.0  20.2 
   159  31.5  23.0 
   160  33.0  23.4 
   161  32.4  22.8 
   162  31.2  23.2 
   163  33.0  24.0 
   164  34.5  24.6 
   165  32.6  21.2 
   166  31.6  23.4 
   167  31.6  22.8 
   168  31.5  25.0 
   169  32.3  25.4 
   170  31.0  22.4 
   171  32.0  25.0 
   172  29.5  23.6 
   173  32.6  23.0 
   174  32.2  25.4 
   175  33.5  24.8 
   176  32.0  24.8 
   177  32.2  24.6 
   178  32.5  25.0 
   179  25.6  24.0 
   180  30.5  23.4 
   181  30.4  24.0 
   182  32.5  23.4 
   183  31.5  24.4 
   184  29.6  24.2 
   185  29.0  23.6 
   186  29.0  23.4 
   187  29.6  23.6 
   188  27.6  22.4 
   189  29.5  22.8 
   190  29.8  22.8 
   191  29.2  23.4 
   192  28.5  23.4 
   193  30.5  23.2 
   194  31.0  23.8 
   195  30.7  22.4 
   196  30.0  22.8 
   197  30.0  23.2 
   198  28.0  23.6 
   199  30.4  23.2 
   200  30.5  23.0 
   201  30.6  23.2 
   202  30.0  23.6 
   203  31.0  22.8 
   204  29.6  22.8 
   205  30.0  22.6 
   206  26.6  22.8 
   207  29.0  22.8 
   208  30.0  23.4 
   209  27.0  23.4 
   210  29.0  22.0 
   211  29.6  23.4 
   212  33.0  23.6 
   213  34.0  23.2 
   214  31.2  24.0 
   215  31.5  25.0 
   216  32.5  24.2 
   217  32.6  22.8 
   218  32.0  23.0 
   219  31.0  24.2 
   220  30.8  24.0 
   221  30.2  24.4 
   222  31.6  24.4 
   223  32.0  23.4 
   224  33.5  23.2 
   225  33.6  25.0 
   226  32.0  22.8 
   227  32.0  24.0 
   228  30.6  23.8 
   229  32.2  25.2 
   230  32.2  24.0 
   231  29.0  24.6 
   232  30.6  24.2 
   233  29.6  24.4 
   234  29.6  23.8 
   235  28.5  23.4 
   236  30.6  24.2 
   237  29.4  24.2 
   238  31.2  24.0 
   239  32.2  24.2 
   240  32.0  23.4 
   241  32.4  24.0 
   242  31.5  20.8 
   243  30.4  24.0 
   244  30.0  23.0 
   245  29.6  23.8 
   246  29.6  24.2 
   247  26.6  23.2 
   248  25.8  22.4 
   249  30.5  21.8 
   250  31.2  22.0 
   251  31.8  22.6 
   252  31.6  23.2 
   253  30.6  22.6 
   254  29.5  22.6 
   255  32.0  22.4 
   256  31.2  23.0 
   257  29.6  22.6 
   258  29.5  23.0 
   259  24.0  21.6 
   260  23.0  20.2 
   261  29.0  19.6 
   262  30.0  20.6 
   263  30.2  21.0 
   264  29.6  21.4 
   265  29.6  22.6 
   266  30.2  21.6 
   267  30.0  21.8 
   268  25.0  20.6 
   269  29.6  19.6 
   270  29.0  21.2 
   271  29.0  21.8 
   272  26.5  21.4 
   273  29.6  20.8 
   274  29.6  20.0 
   275  30.5  20.2 
   276  31.2  20.2 
   277  30.6  21.6 
   278  29.5  22.8 
   279  30.0  21.4 
   280  28.0  21.6 
   281  26.0  20.6 
   282  21.6  19.8 
   283  24.4  19.4 
   284  29.4  17.6 
   285  30.0  21.4 
   286  30.2  21.2 
   287  31.0  20.2 
   288  31.5  21.0 
   289  25.0  21.0 
   290  23.0  20.2 
   291  25.0  20.0 
   292  27.0  19.0 
   293  28.2  18.1 
   294  27.2  15.6 
   295  28.5  16.0 
   296  29.2  15.4 
   297  29.2  16.6 
   298  29.5  17.2 
   299  27.2  14.6 
   300  26.6  14.0 
   301  25.5  14.8 
   302  26.5  15.2 
   303  26.6  15.0 
   304  27.5  15.6 
   305  27.8  16.2 
   306  26.8  15.6 
   307  26.2  15.4 
   308  26.5  20.2 
   309  26.0  13.2 
   310  25.0  12.2 
   311  25.5  12.8 
   312  25.0  12.2 
   313  24.4  13.6 
   314  24.6  13.6 
   315  24.6  13.0 
   316  25.3  14.0 
   317  26.2  14.0 
   318  27.2  10.6 
   319  28.0  12.0 
   320  27.2  10.2 
   321  26.6  11.6 
   322  26.5  11.4 
   323  25.0  12.2 
   324  25.4  10.2 
   325  24.5  11.8 
   326  23.6  11.2 
   327  23.5  10.4 
   328  23.6  11.0 
   329  25.0  10.6 
   330  25.0  10.8 
   331  25.0   9.8 
   332  24.6  10.0 
   333  23.6   9.6 
   334  24.6  10.6 
   335  24.5  11.6 
   336  23.5  10.0 
   337  25.3  10.8 
   338  24.7   9.2 
   339  24.0   9.8 
   340  24.3  10.0 
   341  24.6   9.2 
   342  24.2   9.6 
   343  24.6   8.2 
   344  23.6   9.6 
   345  22.8   9.8 
   346  22.6   9.2 
   347  22.6  10.4 
   348  23.8  11.2 
   349  24.6  11.4 
   350  25.5  10.4 
   351  23.6  11.8 
   352  24.5  11.2 
   353  22.5  11.4 
   354  21.0  10.4 
   355  22.5   9.0 
   356  24.0   8.4 
   357  24.3   9.2 
   358  23.5   8.4 
   359  23.5   8.8 
   360  21.5  11.8 
   361  16.5  12.6 
   362  18.2  10.0 
   363  19.5   8.0 
   364  19.0  10.8 
   365  19.0  11.4 
