1972          Temperature for HETAUNDA N.F.I.         
        Tmax  Tmin
     1  21.6   6.2 
     2   DNA   DNA 
     3   DNA   DNA 
     4  23.0   5.0 
     5  22.2   7.2 
     6  22.2   7.2 
     7  22.0  11.9 
     8  20.8   6.2 
     9  23.0   5.4 
    10  22.0   5.8 
    11  22.0   7.0 
    12  23.0   6.9 
    13  22.3   6.3 
    14   DNA   DNA 
    15  22.9   5.0 
    16  23.2   4.2 
    17  22.2   5.0 
    18  22.5   4.0 
    19  24.0   5.0 
    20  24.0   5.2 
    21  20.0   4.2 
    22   DNA   DNA 
    23   DNA   DNA 
    24  22.3   5.0 
    25  22.6   9.9 
    26  23.5  10.4 
    27  24.0   7.8 
    28  22.0  10.0 
    29  22.0   5.5 
    30  23.2   5.5 
    31  24.0   7.5 
    32  24.9   8.0 
    33  22.0  10.0 
    34  21.0  13.0 
    35  20.2  10.2 
    36  16.2  11.3 
    37  13.5   9.9 
    38  24.0   3.9 
    39  18.4   4.3 
    40  17.5   8.9 
    41  20.3   5.0 
    42  21.0   5.2 
    43  20.0   6.9 
    44  18.2  10.0 
    45  20.0  11.4 
    46  21.0   5.2 
    47  22.2   5.3 
    48  20.0   8.0 
    49  22.0   4.9 
    50  22.0   5.6 
    51  23.3   7.0 
    52  24.2   7.0 
    53  25.0   8.2 
    54  26.0   9.0 
    55  27.0   9.0 
    56  28.0   8.4 
    57  27.2   7.2 
    58  25.9   7.2 
    59  26.9   8.2 
    60  27.2   8.2 
    61  25.0   6.0 
    62  25.9   8.0 
    63  26.3   8.0 
    64  25.0  10.2 
    65  25.5   7.2 
    66  26.2   8.4 
    67  27.3   9.2 
    68  27.2   9.0 
    69  25.2   8.2 
    70  26.0   9.0 
    71  26.3   8.2 
    72  27.2   8.4 
    73  25.6   7.2 
    74  32.4  16.9 
    75  31.0  17.2 
    76  32.0  13.2 
    77  32.6  16.8 
    78  32.6  17.2 
    79  31.2  17.8 
    80  31.6  13.2 
    81  34.0  14.2 
    82  31.5  13.0 
    83  28.2  14.3 
    84  30.8  14.2 
    85  31.0  17.0 
    86  32.4  16.9 
    87  32.0  20.2 
    88  32.0  17.0 
    89  30.2  17.9 
    90  32.2  17.4 
    91  35.0  16.3 
    92  34.0  15.0 
    93  32.0  13.9 
    94  32.2  13.8 
    95  32.8  14.0 
    96  32.0  15.8 
    97  31.0  15.0 
    98  32.0  15.2 
    99  32.0  15.2 
   100  32.0  16.0 
   101  30.0  17.0 
   102  31.3  14.0 
   103  32.2  13.9 
   104  32.2  14.2 
   105  32.0  17.2 
   106  31.0  12.5 
   107  27.2  17.2 
   108  33.0  17.4 
   109  34.0  17.9 
   110  34.0  11.3 
   111  34.0  23.0 
   112  33.8  15.0 
   113  34.7  24.5 
   114  33.5  14.8 
   115  34.8  18.2 
   116  35.0  19.0 
   117  36.0  23.5 
   118  36.0  17.0 
   119  34.2  20.0 
   120  33.2  20.4 
   121  36.0  18.5 
   122  36.0  17.8 
   123  35.0  17.9 
   124  33.5  22.0 
   125  33.0  17.0 
   126  35.2  17.9 
   127  35.2  19.9 
   128  35.5  22.0 
   129  36.0  22.4 
   130  36.4  20.0 
   131  36.8  21.0 
   132  37.0  22.0 
   133  37.3  23.0 
   134  38.0  24.0 
   135  33.3  24.0 
   136  33.5  23.8 
   137  32.9  23.6 
   138  33.2  24.0 
   139  32.5  24.3 
   140  35.0  19.5 
   141  34.0  28.9 
   142  33.5  23.8 
   143  33.0  24.0 
   144  32.0  23.0 
   145  32.8  24.2 
   146  33.2  24.0 
   147  32.9  23.5 
   148  32.0  23.2 
   149  36.0  21.0 
   150  36.0  21.0 
   151  36.0  21.0 
   152  34.9  24.9 
   153  35.3   DNA 
   154  35.4  22.8 
   155  33.0  21.2 
   156  35.0  22.8 
   157  34.0  21.0 
   158  35.2  22.0 
   159  35.0  22.0 
   160  37.0  21.3 
   161  36.0   DNA 
   162  31.5  21.0 
   163  37.9  22.7 
   164  36.7  24.5 
   165  34.5  23.8 
   166  33.4  23.9 
   167  32.6  23.8 
   168  32.0  24.4 
   169  28.0  22.9 
   170  29.0  24.0 
   171  31.5  23.0 
   172  34.6  21.4 
   173  33.2  23.8 
   174  31.0  22.0 
   175  27.5  20.5 
   176  29.0  20.5 
   177  30.5  23.0 
   178  32.0  23.5 
   179  32.0  23.3 
   180  33.5  23.8 
   181  33.5  23.0 
   182  34.0  24.3 
   183  31.8  25.0 
   184  31.3  24.4 
   185  30.5  23.2 
   186  30.4  23.3 
   187  32.2  23.2 
   188  31.4  24.0 
   189  32.0  22.7 
   190  32.2  25.0 
   191  31.5  24.4 
   192  31.2  24.0 
   193  32.3  23.4 
   194  32.0  24.0 
   195  32.4  23.0 
   196   DNA   DNA 
   197  34.2  21.0 
   198  30.3  23.0 
   199  30.0  23.0 
   200  28.0  23.0 
   201  27.3  23.6 
   202  30.0  24.0 
   203  27.2  23.0 
   204  30.0  24.0 
   205  30.5  23.3 
   206  31.2  24.2 
   207  32.0  23.8 
   208  34.0  23.0 
   209  30.0  24.0 
   210  32.0  22.8 
   211  32.3  22.0 
   212  32.3  22.0 
   213  29.5  22.9 
   214  30.8  21.0 
   215  30.0  23.0 
   216  32.0  23.0 
   217  31.2  23.0 
   218  32.5  22.3 
   219  31.5  22.2 
   220  31.8  24.0 
   221  32.0  24.0 
   222  28.9  23.2 
   223  31.2  22.0 
   224  29.0  22.0 
   225  32.5  22.0 
   226  32.5  22.8 
   227  31.0  23.0 
   228  31.5  23.0 
   229  29.0  23.0 
   230   DNA  22.0 
   231  31.8  22.0 
   232  32.0  22.8 
   233  33.0  22.0 
   234   DNA   DNA 
   235   DNA   DNA 
   236  33.2  22.0 
   237  31.0  23.0 
   238  30.8  23.0 
   239  30.3  23.0 
   240  31.6  22.0 
   241  31.0  22.8 
   242  29.3  21.0 
   243  31.0  22.0 
   244  31.0  22.5 
   245  28.8  22.6 
   246  29.5  22.3 
   247  28.8  20.9 
   248  26.0  19.2 
   249  29.2  21.8 
   250  27.2  21.5 
   251  29.5  21.9 
   252  31.5  19.8 
   253  31.5  21.8 
   254  31.3  19.8 
   255  31.2  21.0 
   256  26.2  21.5 
   257  29.0  21.2 
   258  29.2  23.0 
   259  31.0  21.6 
   260  31.0  21.0 
   261  30.0  21.0 
   262  32.0  21.0 
   263  30.2  20.5 
   264  32.0  21.5 
   265  32.0  21.0 
   266  32.8  21.0 
   267  32.0  22.0 
   268  30.2  21.0 
   269  28.9  21.0 
   270  31.2  21.0 
   271  24.3  21.0 
   272  29.8  18.6 
   273  30.0  18.0 
   274  30.0  23.9 
   275  30.2  24.0 
   276  29.2  18.0 
   277  30.9  23.8 
   278  31.2  20.0 
   279  31.0  17.9 
   280  31.3  21.0 
   281  28.0  19.0 
   282   DNA   DNA 
   283  29.0  23.8 
   284  30.0  19.2 
   285  30.0  24.0 
   286  29.5  17.2 
   287  30.0   DNA 
   288  29.0  24.0 
   289  28.0   DNA 
   290  28.0   DNA 
   291  29.0  17.0 
   292  29.0  16.0 
   293  30.0  14.9 
   294  29.0  15.0 
   295  29.2  14.6 
   296  29.8  15.8 
   297  28.9  15.0 
   298  29.4  10.8 
   299  29.0  10.0 
   300  26.8  14.5 
   301  25.2  16.0 
   302  25.3  14.8 
   303  28.2  12.0 
   304  29.2  10.2 
   305  29.0  13.0 
   306  27.0  15.1 
   307  29.0  13.2 
   308  27.0  13.4 
   309  27.0   DNA 
   310  28.5   DNA 
   311  30.0   DNA 
   312  30.0   DNA 
   313  30.0   DNA 
   314  26.8  11.0 
   315  28.0  12.0 
   316  27.0  13.0 
   317  27.2  12.0 
   318  26.2  12.8 
   319  27.0   DNA 
   320  25.0  12.4 
   321  25.0  11.0 
   322  25.4  10.8 
   323  25.0  11.0 
   324  25.1  10.5 
   325  27.6  10.2 
   326  26.9   9.5 
   327  25.0  10.0 
   328  27.2   9.0 
   329  28.2   8.9 
   330  27.2   8.9 
   331  27.5  15.0 
   332  23.0  13.0 
   333  25.5   9.5 
   334  26.2   8.0 
   335  26.0   8.8 
   336  26.4   8.0 
   337  27.0   7.8 
   338  27.0   5.5 
   339  26.7   7.0 
   340  26.9   6.0 
   341  25.0   6.9 
   342  24.5   7.0 
   343  24.0   8.7 
   344  25.0   6.2 
   345  25.2   7.0 
   346  26.0   6.8 
   347  26.0   7.9 
   348  24.0   5.2 
   349  23.0   5.0 
   350  23.2   6.0 
   351  24.3   6.0 
   352  24.2   7.0 
   353  25.0   6.8 
   354  25.2   7.2 
   355  25.2   7.5 
   356  24.0   6.0 
   357  24.0   6.9 
   358  24.0   5.0 
   359  22.4   5.2 
   360  21.0   5.0 
   361  21.2   5.0 
   362  21.2   7.5 
   363  21.0   5.0 
   364  21.0   9.0 
   365  24.0   7.2 
   366  23.0   8.0 
