      1    0.0
      2    0.0
      3    0.0
      4    0.0
      5    0.0
      6    0.9
      7    8.0
      8    2.1
      9    0.0
     10    0.0
     11    0.0
     12    0.0
     13   21.4
     14    0.0
     15    0.0
     16    0.0
     17    0.0
     18    0.0
     19    0.0
     20    0.0
     21    0.0
     22    0.0
     23    0.0
     24    4.3
     25   46.3
     26    0.0
     27    0.0
     28    0.0
     29    0.0
     30    0.0
     31    0.0
     32    1.0
     33    0.4
     34    0.0
     35    0.0
     36    0.0
     37    0.0
     38    0.0
     39    0.0
     40    0.0
     41    0.0
     42    0.0
     43    0.0
     44    0.0
     45    0.0
     46    0.0
     47    0.0
     48    0.0
     49    0.0
     50    0.0
     51    0.0
     52    0.0
     53    0.0
     54    0.0
     55    0.0
     56    0.0
     57    0.0
     58    0.0
     59    0.8
     60    0.2
     61    0.0
     62    0.0
     63    0.0
     64    0.0
     65    0.0
     66    0.3
     67    0.0
     68    0.0
     69    0.0
     70    0.0
     71    0.0
     72    0.0
     73    0.0
     74    0.0
     75    1.5
     76    1.5
     77    0.0
     78    0.0
     79    0.0
     80    0.1
     81    0.0
     82    0.0
     83    0.0
     84    0.0
     85    0.0
     86    2.0
     87    0.0
     88    0.0
     89    0.8
     90   11.4
     91   12.5
     92    0.0
     93    0.0
     94    0.0
     95    0.2
     96    0.0
     97    0.0
     98    0.0
     99    0.0
    100    0.0
    101    0.0
    102    0.0
    103    0.0
    104    0.0
    105    0.0
    106    0.0
    107   21.5
    108   22.0
    109    0.0
    110    0.0
    111    0.0
    112    0.0
    113    0.0
    114    0.0
    115    0.0
    116    0.0
    117    0.2
    118    0.0
    119    1.7
    120    0.0
    121    0.0
    122    0.0
    123    0.0
    124    0.0
    125    0.0
    126    0.0
    127    0.0
    128    9.7
    129    0.0
    130    0.0
    131    0.0
    132    0.0
    133    0.0
    134    0.0
    135    0.0
    136    0.0
    137    0.0
    138   15.0
    139    0.0
    140    0.0
    141    1.2
    142    2.8
    143    2.5
    144    0.0
    145    0.0
    146    0.0
    147    9.0
    148   11.0
    149    0.0
    150    0.0
    151    0.0
    152    0.4
    153    0.0
    154    0.0
    155    0.0
    156    0.0
    157    0.0
    158    0.0
    159    0.0
    160    0.0
    161    4.0
    162    0.0
    163    0.0
    164    0.0
    165    0.0
    166    0.0
    167    0.0
    168    5.0
    169    0.0
    170    0.3
    171    0.0
    172    0.5
    173   20.1
    174   13.2
    175    0.0
    176    0.0
    177    0.3
    178   50.7
    179  222.9
    180  116.0
    181   12.5
    182   20.6
    183   30.6
    184  136.6
    185   24.0
    186    0.0
    187    8.5
    188    0.1
    189    0.0
    190    0.0
    191    0.0
    192    0.0
    193    2.8
    194    5.5
    195   10.2
    196    3.3
    197   68.4
    198   11.5
    199  121.2
    200   54.5
    201   12.0
    202    0.0
    203    9.0
    204    1.0
    205    0.5
    206    0.0
    207    2.3
    208   51.7
    209   30.0
    210   57.0
    211   54.0
    212  176.0
    213   77.8
    214    1.5
    215    0.0
    216    8.4
    217    3.0
    218    0.0
    219    0.0
    220    0.0
    221    0.0
    222    0.0
    223    3.7
    224    0.3
    225   44.6
    226    8.0
    227    0.0
    228    0.0
    229    0.0
    230    3.3
    231    4.8
    232  142.0
    233    2.6
    234   11.8
    235    2.7
    236   22.0
    237   57.6
    238    1.0
    239   15.4
    240    0.4
    241    4.7
    242    0.0
    243    1.0
    244    0.0
    245    0.2
    246    0.3
    247    1.6
    248    0.0
    249    3.2
    250    8.7
    251    5.8
    252   19.9
    253  153.0
    254    8.0
    255    T  
    256    0.0
    257    0.0
    258    2.3
    259    0.3
    260    0.0
    261   18.3
    262    0.0
    263    6.7
    264    0.0
    265    0.0
    266    0.0
    267    0.0
    268    0.0
    269    0.0
    270    0.0
    271    0.0
    272  227.0
    273    1.6
    274    0.0
    275    0.0
    276    0.0
    277    0.0
    278    0.0
    279    0.0
    280    0.0
    281    0.0
    282    0.0
    283    0.0
    284    0.0
    285    0.0
    286    0.0
    287    0.0
    288    0.0
    289    0.0
    290    0.0
    291    0.0
    292    0.0
    293    0.0
    294    0.0
    295    0.0
    296    0.0
    297    0.0
    298    0.0
    299    0.1
    300    0.0
    301    0.0
    302    0.0
    303    0.0
    304    0.0
    305    0.0
    306    0.0
    307    0.0
    308   16.8
    309    0.0
    310    0.0
    311    0.0
    312    0.0
    313    0.0
    314    0.0
    315    0.0
    316    0.0
    317   27.8
    318    0.0
    319    0.0
    320    0.0
    321    0.0
    322    0.0
    323    0.0
    324    0.0
    325    0.0
    326    0.0
    327    0.0
    328    0.0
    329    0.0
    330    0.0
    331    0.0
    332    0.0
    333    0.0
    334    0.0
    335    0.0
    336    0.0
    337    0.0
    338    0.0
    339    0.0
    340    0.0
    341    0.0
    342    0.0
    343    0.0
    344    0.0
    345    0.0
    346    0.0
    347    0.0
    348    0.0
    349    0.0
    350    0.0
    351    0.0
    352    0.0
    353    0.0
    354    0.0
    355    0.0
    356    0.0
    357    0.0
    358    0.0
    359    0.0
    360    0.0
    361    0.0
    362    0.0
    363    0.0
    364    0.0
    365    0.0
