      1    0.0
      2    0.0
      3    0.0
      4    0.0
      5    0.0
      6    0.0
      7    0.0
      8    0.0
      9    0.0
     10    0.0
     11    0.0
     12    0.0
     13    0.0
     14    0.0
     15    0.0
     16    0.0
     17    0.0
     18    0.0
     19    0.0
     20    0.0
     21    0.0
     22    0.0
     23    0.0
     24    0.0
     25    0.0
     26    0.0
     27    0.0
     28    0.0
     29    0.0
     30    0.0
     31    0.0
     32    0.0
     33    0.0
     34    7.4
     35    0.0
     36    2.2
     37    0.0
     38    0.0
     39    T  
     40    0.0
     41    0.0
     42    0.0
     43    0.0
     44    0.0
     45    0.0
     46    0.0
     47    T  
     48    0.0
     49    0.8
     50    3.0
     51    2.0
     52    0.0
     53    T  
     54    0.0
     55    T  
     56    9.2
     57    0.2
     58    0.0
     59    0.0
     60    0.0
     61    2.8
     62    0.0
     63    0.0
     64    0.0
     65    4.0
     66    2.4
     67    1.0
     68    0.0
     69    0.0
     70    0.0
     71    T  
     72    1.0
     73    0.6
     74    0.0
     75    0.0
     76    0.0
     77    0.0
     78    1.8
     79    0.0
     80    0.0
     81    T  
     82    2.6
     83    T  
     84   40.2
     85    0.4
     86    0.0
     87    0.0
     88   22.8
     89   28.0
     90    0.0
     91    0.0
     92    0.0
     93    0.0
     94    4.4
     95    1.6
     96    0.2
     97    T  
     98   26.4
     99    1.3
    100    T  
    101    0.0
    102    0.0
    103    0.0
    104    0.0
    105    0.0
    106    0.0
    107    0.0
    108    T  
    109    9.2
    110   71.0
    111   25.8
    112   14.8
    113   29.2
    114    T  
    115    8.4
    116    8.6
    117   25.4
    118    0.0
    119   12.0
    120    0.6
    121    T  
    122   39.4
    123    2.0
    124   68.0
    125   30.7
    126    0.8
    127    7.5
    128    3.0
    129    0.3
    130   16.0
    131    T  
    132    0.0
    133    0.4
    134    3.5
    135   46.6
    136    0.0
    137    0.0
    138   17.2
    139   20.8
    140    0.0
    141    2.8
    142   16.0
    143   30.2
    144    7.6
    145   49.4
    146    2.0
    147    0.6
    148   50.2
    149    0.1
    150    0.2
    151    0.0
    152   66.0
    153    0.0
    154   65.5
    155    1.6
    156    2.2
    157   46.4
    158    0.0
    159   37.4
    160    0.0
    161    0.0
    162    0.0
    163    0.0
    164    0.0
    165    0.2
    166    2.0
    167    T  
    168    0.0
    169    0.0
    170   71.6
    171   84.0
    172   44.0
    173   59.2
    174   55.4
    175   29.2
    176   14.4
    177   51.4
    178   35.2
    179   47.2
    180   52.2
    181    4.6
    182   59.4
    183   21.0
    184  108.2
    185    4.2
    186   70.0
    187   12.6
    188   61.2
    189   44.0
    190   24.0
    191    1.2
    192   23.6
    193   65.4
    194    0.8
    195    T  
    196   26.5
    197   13.2
    198   68.0
    199   43.5
    200   59.0
    201   10.0
    202   14.4
    203   17.8
    204   75.4
    205    4.0
    206    8.6
    207    0.2
    208   26.6
    209   32.4
    210    8.2
    211    0.4
    212   13.4
    213   32.0
    214    5.2
    215   90.2
    216   20.4
    217    0.8
    218    5.8
    219    5.0
    220    2.0
    221   33.6
    222   27.6
    223  149.0
    224   68.0
    225   38.5
    226   42.0
    227   18.4
    228    7.5
    229  152.6
    230  128.4
    231   52.6
    232    2.4
    233  151.1
    234   15.2
    235   31.0
    236   31.0
    237   86.0
    238   40.2
    239   31.2
    240   25.6
    241   29.5
    242   72.6
    243   98.1
    244   70.0
    245    0.4
    246   93.0
    247    7.5
    248   68.8
    249  106.2
    250   36.6
    251    0.0
    252    0.0
    253    T  
    254    0.8
    255    1.0
    256    0.0
    257    0.0
    258    0.0
    259    0.0
    260    0.0
    261    0.0
    262   23.4
    263    0.0
    264   21.5
    265   33.2
    266    4.4
    267    4.0
    268   40.2
    269   23.5
    270   22.8
    271  173.0
    272    6.4
    273    3.6
    274   22.6
    275    0.0
    276    0.6
    277   10.0
    278    0.0
    279    0.0
    280    0.0
    281    0.0
    282    8.6
    283    5.8
    284   37.6
    285    0.0
    286    0.0
    287    0.0
    288    0.0
    289    0.0
    290    0.0
    291    0.0
    292   17.4
    293    0.0
    294    0.3
    295    3.0
    296   21.6
    297   12.4
    298    0.0
    299   18.6
    300    0.2
    301    0.0
    302    0.0
    303    0.0
    304    0.0
    305    0.0
    306    0.0
    307    0.0
    308    0.0
    309    0.0
    310    0.0
    311    0.0
    312    0.0
    313    7.0
    314    0.0
    315    T  
    316    0.0
    317    0.0
    318    0.0
    319    0.0
    320    0.0
    321    0.0
    322    0.0
    323    2.2
    324    0.4
    325    0.0
    326    T  
    327    0.0
    328    0.0
    329    0.0
    330    0.0
    331    0.0
    332    0.0
    333    0.0
    334    0.0
    335    0.0
    336    0.0
    337    0.0
    338    0.0
    339    0.0
    340    0.0
    341    0.0
    342    0.0
    343    0.0
    344    0.0
    345    3.0
    346    0.4
    347    0.0
    348    0.0
    349    0.0
    350    0.0
    351    0.0
    352    0.0
    353    0.0
    354    0.0
    355    0.0
    356    0.0
    357    0.0
    358    0.0
    359    0.0
    360    0.0
    361    0.0
    362    0.0
    363    0.0
    364    0.0
    365    0.0
