      1    0.0
      2    0.0
      3    0.0
      4    0.0
      5    0.0
      6    T  
      7    0.0
      8    0.0
      9    0.0
     10    0.0
     11    0.0
     12    0.0
     13    0.0
     14    0.0
     15    0.0
     16   29.0
     17    1.8
     18    0.0
     19    0.0
     20    0.0
     21    0.0
     22    0.0
     23    0.0
     24    0.0
     25    0.0
     26    0.0
     27    0.0
     28    0.0
     29    0.0
     30    0.0
     31    3.9
     32    0.0
     33    0.0
     34    0.0
     35    0.0
     36    0.0
     37    0.0
     38    0.0
     39    0.0
     40   21.4
     41   10.6
     42    0.0
     43    0.0
     44    T  
     45    0.0
     46    0.0
     47    0.0
     48    6.8
     49    0.0
     50    0.0
     51    0.0
     52    0.0
     53    5.0
     54    5.7
     55    0.0
     56    0.0
     57    0.0
     58    T  
     59    0.0
     60    0.2
     61    0.0
     62    0.0
     63    0.0
     64    T  
     65    0.0
     66    0.0
     67    0.0
     68    0.0
     69    0.0
     70    0.6
     71    0.0
     72    T  
     73    2.2
     74   16.0
     75    0.0
     76    0.0
     77    0.0
     78    T  
     79    T  
     80    0.2
     81    0.0
     82    1.2
     83    0.0
     84    T  
     85    6.2
     86    1.0
     87    0.0
     88   28.6
     89   16.4
     90    0.6
     91    6.2
     92    0.0
     93    0.0
     94    0.0
     95   16.6
     96    0.5
     97    0.0
     98    0.0
     99    0.0
    100    0.0
    101    0.0
    102    0.0
    103    0.0
    104    0.0
    105    4.6
    106    0.4
    107    0.0
    108    0.0
    109    0.0
    110    0.1
    111    9.0
    112    5.0
    113   14.6
    114    2.6
    115    0.0
    116    0.0
    117    0.0
    118    0.0
    119    0.0
    120    0.0
    121    0.0
    122    0.0
    123    0.0
    124    0.0
    125    0.0
    126    T  
    127    1.4
    128    9.0
    129    1.8
    130   73.8
    131    5.2
    132    0.0
    133    0.0
    134    0.0
    135    0.0
    136    1.6
    137    0.3
    138   13.4
    139    2.2
    140    8.8
    141    2.2
    142   35.2
    143    4.6
    144   78.4
    145    6.5
    146   39.5
    147    0.8
    148    3.0
    149   65.0
    150   14.2
    151   13.8
    152    0.0
    153    7.3
    154   49.2
    155   12.2
    156    8.4
    157   36.2
    158    0.0
    159    0.0
    160    0.0
    161   46.0
    162   10.2
    163    3.0
    164    5.8
    165    8.0
    166   11.6
    167    3.0
    168   49.2
    169   37.0
    170   95.6
    171   17.6
    172   63.2
    173   45.0
    174   11.0
    175   44.0
    176    6.2
    177   20.0
    178    5.0
    179   49.6
    180   27.0
    181   15.6
    182   38.4
    183    2.2
    184   24.0
    185    1.0
    186    5.0
    187   42.6
    188   36.0
    189   44.1
    190   14.5
    191   65.2
    192   27.5
    193  133.0
    194    5.2
    195    0.2
    196  142.2
    197    0.0
    198   44.2
    199   38.0
    200   75.2
    201   65.1
    202   63.8
    203    1.6
    204   17.2
    205    1.6
    206    5.2
    207   13.7
    208   45.4
    209    1.2
    210   22.8
    211   37.2
    212    7.0
    213    0.0
    214   11.2
    215    2.0
    216    0.0
    217   14.6
    218   35.6
    219    8.4
    220    9.4
    221  199.2
    222    6.5
    223   45.3
    224   13.2
    225   16.2
    226   71.4
    227    4.8
    228    0.8
    229    8.7
    230   35.0
    231    1.4
    232    1.6
    233   64.3
    234    1.2
    235   13.2
    236   82.3
    237   92.3
    238   15.4
    239   11.0
    240   22.4
    241    4.6
    242    0.0
    243    2.4
    244    7.8
    245   30.6
    246   31.2
    247    2.0
    248    0.0
    249    0.2
    250    1.8
    251    0.0
    252  101.9
    253  157.2
    254    8.3
    255    0.0
    256   40.3
    257   33.3
    258   38.2
    259   27.6
    260    T  
    261    1.6
    262    9.5
    263   23.4
    264    0.0
    265    0.0
    266    0.0
    267    0.0
    268    4.8
    269    2.8
    270    T  
    271    1.3
    272    0.0
    273    0.0
    274    T  
    275    0.0
    276    0.0
    277    0.0
    278   38.2
    279   26.0
    280    1.6
    281    0.8
    282    0.0
    283   10.4
    284    0.0
    285    0.0
    286    0.0
    287    0.0
    288    0.0
    289    0.0
    290    0.0
    291    0.0
    292    0.0
    293    0.0
    294    0.0
    295    0.0
    296    0.0
    297    0.0
    298    0.0
    299    0.0
    300    T  
    301    0.0
    302    9.8
    303   11.0
    304    0.0
    305    0.0
    306    0.0
    307    0.0
    308    0.0
    309    0.0
    310    0.0
    311    0.0
    312    0.0
    313    0.0
    314    0.0
    315    0.0
    316    0.0
    317    T  
    318    0.0
    319    T  
    320    0.0
    321    0.0
    322    0.0
    323    0.0
    324    0.0
    325    0.0
    326    0.0
    327    0.0
    328    0.0
    329    0.0
    330    0.0
    331    0.0
    332    0.0
    333    0.0
    334    1.8
    335    0.0
    336    0.0
    337    0.0
    338    0.0
    339    0.0
    340    0.0
    341    0.0
    342    0.0
    343    0.0
    344    0.0
    345    0.0
    346    0.0
    347    0.0
    348    0.0
    349    0.0
    350    0.0
    351    0.0
    352    0.0
    353    0.0
    354    0.0
    355    0.0
    356    0.0
    357    0.0
    358    0.0
    359    0.0
    360    0.0
    361    0.0
    362    0.0
    363    0.0
    364    0.0
    365    T  
