      1    0.0
      2    1.6
      3    0.4
      4    0.0
      5    0.0
      6    0.0
      7    0.0
      8    0.0
      9    0.0
     10    0.0
     11    0.0
     12    0.0
     13    0.0
     14    0.0
     15    0.0
     16    0.0
     17    0.0
     18    0.0
     19    0.0
     20    0.0
     21    0.0
     22    0.0
     23    0.0
     24    0.0
     25    0.0
     26    0.0
     27    0.0
     28    2.3
     29   13.0
     30    0.0
     31    2.4
     32    0.0
     33    0.0
     34    0.0
     35    0.0
     36    0.0
     37    0.0
     38    0.0
     39    0.0
     40    0.0
     41    0.0
     42    0.0
     43    0.0
     44    0.0
     45    0.0
     46    T  
     47    0.0
     48    0.0
     49    0.0
     50    0.0
     51    0.0
     52    T  
     53    T  
     54    2.4
     55    0.0
     56    2.7
     57    T  
     58    0.0
     59    0.6
     60    0.0
     61    0.0
     62    0.0
     63    T  
     64    0.0
     65    0.0
     66    0.0
     67    0.0
     68    0.0
     69    0.0
     70    0.0
     71    0.0
     72    0.0
     73    0.0
     74    0.0
     75    8.6
     76    0.0
     77    0.0
     78    T  
     79   17.8
     80    0.0
     81    3.4
     82    0.0
     83    0.0
     84    0.0
     85    0.0
     86    0.0
     87    0.0
     88    0.0
     89    0.0
     90    0.0
     91    0.0
     92    0.0
     93    0.0
     94    0.0
     95    0.0
     96    0.0
     97    0.0
     98    0.0
     99    0.0
    100    0.0
    101    3.0
    102    2.7
    103    5.6
    104    0.3
    105    0.0
    106    0.0
    107    0.0
    108    0.0
    109    9.0
    110    0.0
    111    0.0
    112    0.0
    113    7.9
    114    7.5
    115    0.3
    116   22.1
    117   23.7
    118   11.0
    119   10.4
    120    0.6
    121    0.5
    122    3.4
    123   28.4
    124    0.1
    125    9.5
    126    9.6
    127    0.5
    128    2.4
    129    4.0
    130    5.0
    131    9.0
    132    3.8
    133   15.6
    134   17.9
    135    0.6
    136   40.2
    137    4.2
    138    1.9
    139    0.8
    140    3.0
    141    0.0
    142   11.6
    143    0.0
    144   25.0
    145    0.1
    146    0.0
    147    0.0
    148    7.3
    149    0.0
    150    0.7
    151    9.0
    152    0.0
    153   11.3
    154   11.3
    155    4.0
    156   41.0
    157   43.7
    158   10.0
    159    0.1
    160   43.0
    161    0.3
    162    1.8
    163    1.6
    164    0.0
    165    0.0
    166   19.4
    167   18.8
    168   12.0
    169   15.6
    170   16.2
    171    0.0
    172   13.6
    173    0.0
    174    6.0
    175   19.8
    176    0.0
    177   16.9
    178   32.3
    179   21.8
    180   20.0
    181   27.0
    182   11.7
    183   30.8
    184   12.9
    185   10.0
    186   73.6
    187   21.7
    188   39.4
    189   64.3
    190   15.1
    191   28.0
    192    1.5
    193    0.0
    194    0.0
    195   18.3
    196   48.2
    197   29.7
    198  111.1
    199    6.0
    200    0.7
    201   18.2
    202   13.4
    203   32.0
    204    1.8
    205    1.5
    206    1.4
    207   57.3
    208   23.0
    209    0.0
    210   21.2
    211    7.7
    212   13.1
    213   61.2
    214  169.2
    215   10.1
    216   43.4
    217   28.6
    218   22.6
    219   15.6
    220   30.4
    221   49.0
    222  120.0
    223   18.7
    224    0.2
    225    0.0
    226    1.0
    227    2.4
    228   18.4
    229    3.1
    230    8.0
    231    0.6
    232   16.1
    233    T  
    234    1.1
    235    T  
    236   42.7
    237   40.0
    238   29.6
    239   11.3
    240   73.0
    241  156.2
    242    4.2
    243   81.7
    244   79.3
    245   28.8
    246    3.6
    247    7.6
    248   32.4
    249   72.0
    250   48.4
    251   17.8
    252    7.0
    253   39.0
    254    6.0
    255   15.6
    256    2.9
    257    5.3
    258   39.0
    259   25.0
    260   55.8
    261   11.4
    262  105.0
    263   24.4
    264   29.6
    265    1.8
    266   19.8
    267    3.1
    268    0.6
    269   15.9
    270    T  
    271   13.8
    272    0.0
    273   12.6
    274    T  
    275    0.0
    276   17.6
    277    0.0
    278    0.0
    279    0.0
    280    0.0
    281    0.0
    282   13.1
    283   76.6
    284   28.4
    285   47.7
    286    9.9
    287    0.0
    288    0.0
    289   17.9
    290    1.0
    291    0.0
    292   13.6
    293    0.2
    294    0.0
    295    0.0
    296    0.0
    297    3.4
    298    0.3
    299    0.0
    300    0.0
    301    0.0
    302    0.0
    303    0.0
    304    6.0
    305    0.0
    306    0.0
    307    0.0
    308    0.0
    309    0.0
    310    0.0
    311    0.0
    312    0.0
    313    0.0
    314    0.0
    315    0.0
    316    0.0
    317    0.0
    318    0.0
    319    0.0
    320    0.0
    321    0.0
    322    0.0
    323    0.0
    324    0.0
    325    0.0
    326    0.0
    327    0.0
    328    0.0
    329    0.0
    330    0.0
    331    0.0
    332    0.0
    333    0.0
    334    0.0
    335    0.0
    336    0.0
    337    0.0
    338    0.0
    339    0.0
    340    0.0
    341    0.0
    342    0.0
    343    0.0
    344    0.0
    345    0.0
    346    0.0
    347    0.0
    348    0.0
    349    0.0
    350    0.0
    351    0.0
    352    0.0
    353    0.0
    354    0.0
    355    0.0
    356    0.0
    357    0.0
    358    0.0
    359    0.0
    360   76.8
    361   17.8
    362    0.0
    363    0.0
    364    0.0
    365    0.0
