      1    0.0
      2    0.0
      3    0.0
      4    T  
      5    0.0
      6    0.0
      7    0.0
      8    0.0
      9    0.0
     10    0.0
     11    0.0
     12    0.0
     13    0.0
     14    0.0
     15    0.4
     16   59.0
     17    0.3
     18    0.0
     19    0.0
     20    0.0
     21    0.0
     22    0.0
     23    0.0
     24    0.0
     25    0.0
     26    0.0
     27    0.0
     28    0.0
     29    0.0
     30    0.0
     31    0.0
     32    0.0
     33    0.0
     34    0.0
     35    0.0
     36    0.0
     37    0.0
     38    0.0
     39    0.0
     40   16.2
     41   10.5
     42   19.0
     43    6.0
     44    0.0
     45    0.0
     46    0.0
     47    4.3
     48    0.0
     49    0.0
     50    0.0
     51    T  
     52    0.0
     53    2.0
     54    0.0
     55    0.0
     56    0.6
     57    4.2
     58   12.6
     59    T  
     60    0.0
     61    0.0
     62    0.0
     63    0.0
     64   11.6
     65    0.0
     66    0.0
     67    0.0
     68   51.2
     69    0.0
     70    0.0
     71    1.2
     72    4.6
     73   11.8
     74    T  
     75    0.0
     76    0.0
     77    0.0
     78    0.0
     79    0.0
     80    0.0
     81    T  
     82    0.0
     83    1.1
     84    0.0
     85   10.6
     86    0.0
     87    0.6
     88    0.0
     89    1.6
     90    0.0
     91    0.3
     92    0.0
     93    0.0
     94    0.0
     95    4.8
     96    0.0
     97    0.0
     98    0.0
     99    0.8
    100    0.0
    101    0.0
    102    0.0
    103    0.0
    104    0.0
    105    0.0
    106    0.0
    107    0.0
    108    T  
    109    0.0
    110    0.0
    111    0.2
    112    0.0
    113    0.0
    114    T  
    115    1.0
    116    T  
    117    2.4
    118    0.0
    119    0.0
    120   12.3
    121   17.0
    122   24.6
    123    3.8
    124   10.4
    125   17.9
    126    0.5
    127    0.0
    128    T  
    129    5.4
    130   73.8
    131    0.0
    132    0.0
    133    0.0
    134    1.1
    135    0.0
    136    0.0
    137    4.0
    138   60.2
    139   39.4
    140    0.0
    141    2.0
    142    0.0
    143    0.2
    144    0.8
    145    0.0
    146    9.0
    147   43.4
    148   36.6
    149    0.0
    150    0.0
    151   10.4
    152   28.4
    153   57.4
    154   29.2
    155   22.2
    156    1.4
    157    3.0
    158    7.6
    159    0.0
    160    1.2
    161    0.1
    162    0.0
    163   64.5
    164    T  
    165    T  
    166   93.6
    167    0.0
    168    5.8
    169   31.8
    170  121.5
    171    3.6
    172    0.3
    173   13.6
    174   14.6
    175    9.0
    176    0.6
    177   46.0
    178   29.0
    179   11.8
    180    0.1
    181   52.6
    182   67.0
    183   39.0
    184   11.0
    185    3.8
    186   42.0
    187   14.6
    188   88.5
    189   12.4
    190    6.2
    191   29.0
    192   38.0
    193   88.4
    194   11.2
    195   62.0
    196   94.4
    197   32.0
    198   16.2
    199   88.0
    200   50.7
    201   27.4
    202   36.6
    203    1.0
    204   46.6
    205   31.0
    206    2.0
    207    6.0
    208    0.0
    209   41.0
    210    0.6
    211    2.0
    212    5.8
    213    9.4
    214    8.6
    215   31.0
    216   25.2
    217    2.4
    218    2.0
    219    0.0
    220   10.2
    221   35.0
    222   25.5
    223   45.2
    224    3.0
    225   64.2
    226  168.0
    227   62.2
    228   64.0
    229    9.0
    230   58.0
    231   54.6
    232   36.6
    233    0.8
    234   12.5
    235   12.2
    236    0.3
    237    0.0
    238    0.2
    239   10.4
    240   18.0
    241    0.0
    242   28.6
    243   28.7
    244   41.0
    245   48.5
    246   14.8
    247    2.0
    248   24.0
    249   27.4
    250   57.0
    251   20.2
    252    5.6
    253    6.8
    254   17.8
    255    7.8
    256   25.0
    257    4.4
    258    0.2
    259   20.0
    260    0.0
    261    0.0
    262   13.5
    263    0.6
    264    4.6
    265    0.0
    266    0.0
    267    0.0
    268    6.6
    269  138.2
    270   79.0
    271  101.0
    272   10.2
    273   68.2
    274    T  
    275    0.1
    276   45.2
    277    0.0
    278    3.6
    279   40.0
    280   18.0
    281    0.0
    282    0.5
    283    1.2
    284    4.8
    285   13.6
    286    T  
    287    0.0
    288    0.0
    289    0.1
    290    0.8
    291    0.0
    292    0.0
    293    0.0
    294    0.0
    295    0.0
    296    0.0
    297    0.0
    298    0.0
    299    0.4
    300    3.4
    301    T  
    302    0.0
    303    0.0
    304    0.0
    305    0.0
    306    0.0
    307    0.0
    308    0.0
    309    0.0
    310    0.0
    311    0.0
    312    0.0
    313    0.0
    314    0.0
    315    0.0
    316    0.0
    317    0.0
    318    0.0
    319    0.0
    320    0.0
    321    0.0
    322    0.0
    323    0.0
    324    0.0
    325    0.0
    326    0.0
    327    0.0
    328    0.0
    329    0.0
    330    0.0
    331    0.0
    332    0.0
    333    0.0
    334    0.0
    335    0.0
    336    0.0
    337    0.0
    338    0.0
    339    0.0
    340    0.0
    341    0.0
    342    0.0
    343    0.0
    344    0.0
    345    0.0
    346    0.0
    347    0.0
    348    0.0
    349    0.0
    350    0.0
    351    0.0
    352    0.0
    353    0.0
    354    0.0
    355    0.0
    356    0.0
    357    0.0
    358    0.0
    359    0.0
    360    0.0
    361    0.0
    362    0.0
    363    0.0
    364    0.0
    365    0.0
    366    0.0
