  1983   1   1     0  11.0   8.0   0.0     0     0
  1983   1   2     0  14.5   9.5   0.0     0     0
  1983   1   3     0  19.0   7.5   0.0     0     0
  1983   1   4     0  11.0   7.4   0.0     0     0
  1983   1   5     0  15.0   8.0   0.0     0     0
  1983   1   6     0  11.0   7.0   0.0     0     0
  1983   1   7     0  11.0   7.5   0.0     0     0
  1983   1   8     0  17.0   8.5   0.0     0     0
  1983   1   9     0  16.0   6.0   0.0     0     0
  1983   1  10     0  18.0   7.5   0.0     0     0
  1983   1  11     0  14.5   6.5   0.0     0     0
  1983   1  12     0  17.1   7.5   0.0     0     0
  1983   1  13     0  19.0   7.7   0.0     0     0
  1983   1  14     0  15.1   5.5   0.0     0     0
  1983   1  15     0  20.0   7.5   0.0     0     0
  1983   1  16     0  22.0   6.0   0.0     0     0
  1983   1  17     0  22.0   7.0   0.0     0     0
  1983   1  18     0  22.0   7.0   0.0     0     0
  1983   1  19     0  22.0   6.0   0.0     0     0
  1983   1  20     0  23.0   7.0   0.0     0     0
  1983   1  21     0  24.0   7.5   0.0     0     0
  1983   1  22     0  25.0   8.5   0.0     0     0
  1983   1  23     0  24.5   9.5   0.0     0     0
  1983   1  24     0  25.0  10.0   0.0     0     0
  1983   1  25     0  25.0  10.5   0.0     0     0
  1983   1  26     0  25.0  10.0   0.0     0     0
  1983   1  27     0  25.0  12.5   0.0     0     0
  1983   1  28     0  21.0  12.0  28.0     0     0
  1983   1  29     0  22.0  12.0  18.0     0     0
  1983   1  30     0  21.0  11.5   0.0     0     0
  1983   1  31     0  19.0   9.5   0.0     0     0
  1983   2   1     0  19.0   6.5   0.0     0     0
  1983   2   2     0  20.5   6.0   0.0     0     0
  1983   2   3     0  21.5   6.5   0.0     0     0
  1983   2   4     0  21.0   7.6   0.0     0     0
  1983   2   5     0  21.0   7.5   0.0     0     0
  1983   2   6     0  22.0   7.5   0.0     0     0
  1983   2   7     0  22.0   8.0   0.0     0     0
  1983   2   8     0  23.0   9.5   0.0     0     0
  1983   2   9     0  25.0   8.5   0.0     0     0
  1983   2  10     0  24.0   9.0   0.0     0     0
  1983   2  11     0  24.0   9.5   0.0     0     0
  1983   2  12     0  24.0   8.5   0.0     0     0
  1983   2  13     0  22.0  13.5   0.0     0     0
  1983   2  14     0  24.0  13.0   0.0     0     0
  1983   2  15     0  29.0  14.0   0.0     0     0
  1983   2  16     0  27.1  14.5   0.0     0     0
  1983   2  17     0  27.0  10.5   0.0     0     0
  1983   2  18     0  26.0  12.0   0.0     0     0
  1983   2  19     0  25.0  10.0   0.0     0     0
  1983   2  20     0  25.0  10.0   0.0     0     0
  1983   2  21     0  25.0  10.5   0.0     0     0
  1983   2  22     0  25.0  11.0   0.0     0     0
  1983   2  23     0  27.0  10.0   0.0     0     0
  1983   2  24     0  23.0  14.5   1.0     0     0
  1983   2  25     0  26.0  12.0   0.0     0     0
  1983   2  26     0  26.0  12.0   0.0     0     0
  1983   2  27     0  26.0   9.6   0.0     0     0
  1983   2  28     0  27.0  10.0   0.0     0     0
  1983   3   1     0  27.0  14.0   0.7     0     0
  1983   3   2     0  28.0  15.0   0.0     0     0
  1983   3   3     0  29.2  16.0   0.0     0     0
  1983   3   4     0  29.0  14.0   0.0     0     0
  1983   3   5     0  29.0  11.0   0.0     0     0
  1983   3   6     0  27.5  10.0   0.0     0     0
  1983   3   7     0  27.0  11.0   0.0     0     0
  1983   3   8     0  27.0  12.9   0.0     0     0
  1983   3   9     0  28.0  14.6   0.0     0     0
  1983   3  10     0  32.5  15.5   0.2     0     0
  1983   3  11     0  34.0  16.2   0.0     0     0
  1983   3  12     0  31.9  18.0   0.0     0     0
  1983   3  13     0  29.0  14.5   0.0     0     0
  1983   3  14     0  30.0  13.6   0.0     0     0
  1983   3  15     0  30.0  18.4   0.1     0     0
  1983   3  16     0  30.0  12.9   0.0     0     0
  1983   3  17     0  31.4  16.5   0.0     0     0
  1983   3  18     0  31.2  16.5   0.0     0     0
  1983   3  19     0  32.9  19.0   0.4     0     0
  1983   3  20     0  32.0  19.4   0.4     0     0
  1983   3  21     0  29.0  17.0   0.0     0     0
  1983   3  22     0  26.0  12.1   0.0     0     0
  1983   3  23     0  28.0  11.8   0.0     0     0
  1983   3  24     0  29.8  11.6   0.0     0     0
  1983   3  25     0  31.0  15.3   0.0     0     0
  1983   3  26     0  32.7  20.8   0.0     0     0
  1983   3  27     0  33.0  19.4   0.0     0     0
  1983   3  28     0  33.0  14.5   0.0     0     0
  1983   3  29     0  31.5  16.0   0.0     0     0
  1983   3  30     0  31.5  14.4   0.0     0     0
  1983   3  31     0  32.0  16.0   0.0     0     0
  1983   4   1     0  33.0  18.4   0.0     0     0
  1983   4   2     0  36.5  18.0   0.0     0     0
  1983   4   3     0  35.5  18.5   0.0     0     0
  1983   4   4     0  36.0  20.0   0.0     0     0
  1983   4   5     0  34.0  20.0   0.0     0     0
  1983   4   6     0  34.0  17.5   0.0     0     0
  1983   4   7     0  35.0  18.5   0.0     0     0
  1983   4   8     0  35.0  21.0   0.0     0     0
  1983   4   9     0  34.5  21.5   0.0     0     0
  1983   4  10     0  34.0  21.0   0.0     0     0
  1983   4  11     0  32.5  17.5   0.0     0     0
  1983   4  12     0  32.5  17.0   0.0     0     0
  1983   4  13     0  30.0  19.5     T     0     0
  1983   4  14     0  25.0  20.5     T     0     0
  1983   4  15     0  24.0  19.0     T     0     0
  1983   4  16     0  26.0  19.0   2.8     0     0
  1983   4  17     0  32.0  19.0   0.0     0     0
  1983   4  18     0  36.0  20.0   0.0     0     0
  1983   4  19     0  32.0  17.0   7.2     0     0
  1983   4  20     0  33.0  24.0   0.0     0     0
  1983   4  21     0  34.0  18.5   0.0     0     0
  1983   4  22     0  35.0  18.5   0.0     0     0
  1983   4  23     0  36.0  19.5   0.0     0     0
  1983   4  24     0  36.0  22.5   0.0     0     0
  1983   4  25     0  35.0  24.5   0.0     0     0
  1983   4  26     0  35.0  23.5   0.0     0     0
  1983   4  27     0  37.0  19.5   0.0     0     0
  1983   4  28     0  37.0  25.0   0.0     0     0
  1983   4  29     0  38.0  25.0   0.0     0     0
  1983   4  30     0  38.0  21.5   0.0     0     0
  1983   5   1     0  37.0  26.0   0.0     0     0
  1983   5   2     0  35.0  22.5   2.2     0     0
  1983   5   3     0  36.0  26.5   0.0     0     0
  1983   5   4     0  39.0  22.5   0.0     0     0
  1983   5   5     0  38.0  26.5   0.0     0     0
  1983   5   6     0  37.0  24.0   0.0     0     0
  1983   5   7     0   DNA   DNA   0.0     0     0
  1983   5   8     0  38.0   DNA   0.0     0     0
  1983   5   9     0  36.0  26.0   0.0     0     0
  1983   5  10     0  31.0  24.0     T     0     0
  1983   5  11     0  35.0  23.5   0.6     0     0
  1983   5  12     0  32.0  18.0  46.0     0     0
  1983   5  13     0  33.5  22.5  18.2     0     0
  1983   5  14     0  35.0  25.0   0.0     0     0
  1983   5  15     0  36.0  25.5   0.0     0     0
  1983   5  16     0  35.6  23.5   0.0     0     0
  1983   5  17     0  29.5  19.0  39.5     0     0
  1983   5  18     0  35.0  22.5   3.8     0     0
  1983   5  19     0  31.5  25.5   0.0     0     0
  1983   5  20     0  34.8  23.5   0.0     0     0
  1983   5  21     0  35.0  24.2   0.0     0     0
  1983   5  22     0  33.0  22.2   8.7     0     0
  1983   5  23     0  32.7  21.4   0.0     0     0
  1983   5  24     0  34.0  21.5     T     0     0
  1983   5  25     0  35.8  22.9   0.0     0     0
  1983   5  26     0  37.0  24.0   0.0     0     0
  1983   5  27     0  38.0  26.5   0.0     0     0
  1983   5  28     0  39.0  25.9   0.0     0     0
  1983   5  29     0  39.1  25.5   0.0     0     0
  1983   5  30     0  39.0  24.4   0.0     0     0
  1983   5  31     0  39.0  23.5   0.0     0     0
  1983   6   1     0  40.0  26.8   0.0     0     0
  1983   6   2     0  40.0  28.0   0.0     0     0
  1983   6   3     0  41.9  28.5   0.0     0     0
  1983   6   4     0  42.0  26.0   0.0     0     0
  1983   6   5     0  41.5  25.1   0.0     0     0
  1983   6   6     0  42.0  23.2   0.0     0     0
  1983   6   7     0  41.6  23.6   0.0     0     0
  1983   6   8     0  42.0  26.3   0.0     0     0
  1983   6   9     0  35.0  26.4     T     0     0
  1983   6  10     0  35.5  22.5     T     0     0
  1983   6  11     0  36.0  22.5   4.6     0     0
  1983   6  12     0  35.5  22.0   2.0     0     0
  1983   6  13     0  39.0  26.0   0.0     0     0
  1983   6  14     0  40.3  26.0   0.0     0     0
  1983   6  15     0  39.0  28.4     T     0     0
  1983   6  16     0  33.9  24.8   3.2     0     0
  1983   6  17     0  37.2  24.8   1.2     0     0
  1983   6  18     0  40.3  25.6   0.0     0     0
  1983   6  19     0  41.3  27.5   0.0     0     0
  1983   6  20     0  42.0  28.2   0.0     0     0
  1983   6  21     0  43.0  29.0   0.0     0     0
  1983   6  22     0  43.0  26.5   0.0     0     0
  1983   6  23     0  40.0  29.8   0.0     0     0
  1983   6  24     0  37.5  25.6   0.0     0     0
  1983   6  25     0  36.0  28.5   0.0     0     0
  1983   6  26     0  34.0  27.0   0.0     0     0
  1983   6  27     0  34.0  24.0  28.3     0     0
  1983   6  28     0  31.0  26.6   0.5     0     0
  1983   6  29     0  35.0  27.0   0.0     0     0
  1983   6  30     0  37.0  27.5   0.0     0     0
  1983   7   1     0  36.7  25.4   8.0     0     0
  1983   7   2     0  30.5  24.8  45.6     0     0
  1983   7   3     0  31.0  25.0  13.0     0     0
  1983   7   4     0  34.0  24.0  31.0     0     0
  1983   7   5     0  34.0  26.0   0.0     0     0
  1983   7   6     0  34.0  26.0   0.0     0     0
  1983   7   7     0  35.0  26.5   0.0     0     0
  1983   7   8     0  36.3  26.5   0.0     0     0
  1983   7   9     0  36.9  26.5   0.0     0     0
  1983   7  10     0  34.0  24.5   0.7     0     0
  1983   7  11     0  35.4  27.4  11.7     0     0
  1983   7  12     0  36.3  27.0   0.0     0     0
  1983   7  13     0  37.7  29.3   0.0     0     0
  1983   7  14     0  38.5  29.5   0.0     0     0
  1983   7  15     0  38.7  30.0   0.0     0     0
  1983   7  16     0  37.7  29.4   0.0     0     0
  1983   7  17     0  33.0  24.0  45.5     0     0
  1983   7  18     0  34.7  27.0   0.0     0     0
  1983   7  19     0  35.6  26.5   0.3     0     0
  1983   7  20     0  32.8  25.0  46.8     0     0
  1983   7  21     0  35.0  28.3   3.2     0     0
  1983   7  22     0  34.7  28.9   0.0     0     0
  1983   7  23     0  33.4  28.3   0.1     0     0
  1983   7  24     0  31.0  28.3   0.0     0     0
  1983   7  25     0  30.7  25.8   2.8     0     0
  1983   7  26     0  28.0  25.5   1.9     0     0
  1983   7  27     0  28.6  23.5  17.8     0     0
  1983   7  28     0  32.4  24.0  79.8     0     0
  1983   7  29     0  33.8  26.5   0.0     0     0
  1983   7  30     0  33.5  26.2  14.8     0     0
  1983   7  31     0  34.5  28.2   0.2     0     0
  1983   8   1     0  34.5  28.4   1.0     0     0
  1983   8   2     0  31.5  23.5 131.5     0     0
  1983   8   3     0  35.4  25.5   5.3     0     0
  1983   8   4     0  30.4  25.0   4.2     0     0
  1983   8   5     0  27.9  23.5  83.5     0     0
  1983   8   6     0  33.7  24.5   8.0     0     0
  1983   8   7     0  34.4  28.0   0.0     0     0
  1983   8   8     0  34.8  27.5   0.0     0     0
  1983   8   9     0  36.0  27.5   0.0     0     0
  1983   8  10     0  34.0  27.7   0.0     0     0
  1983   8  11     0  33.9  26.2  11.7     0     0
  1983   8  12     0  33.8  25.4   3.0     0     0
  1983   8  13     0  33.7  26.8  13.0     0     0
  1983   8  14     0  33.8  27.0   4.0     0     0
  1983   8  15     0  33.7  28.0   0.0     0     0
  1983   8  16     0  33.9  27.7   0.0     0     0
  1983   8  17     0  35.2  28.0   0.0     0     0
  1983   8  18     0  34.8  28.5   0.0     0     0
  1983   8  19     0  33.8  28.0   0.0     0     0
  1983   8  20     0  33.9  27.5   0.0     0     0
  1983   8  21     0  33.3  27.8   0.0     0     0
  1983   8  22     0  32.8  26.5   0.0     0     0
  1983   8  23     0  29.8  26.5   1.4     0     0
  1983   8  24     0  29.9  25.0   8.8     0     0
  1983   8  25     0  30.4  25.8  12.2     0     0
  1983   8  26     0  31.4  25.0   4.0     0     0
  1983   8  27     0  32.7  25.5  27.5     0     0
  1983   8  28     0  33.0  25.0   7.3     0     0
  1983   8  29     0  33.8  27.0   0.0     0     0
  1983   8  30     0  33.4  26.5   0.0     0     0
  1983   8  31     0  33.2  25.5   4.0     0     0
  1983   9   1     0  31.8  25.0  13.6     0     0
  1983   9   2     0  34.0  27.3   1.8     0     0
  1983   9   3     0  33.4  27.0   0.0     0     0
  1983   9   4     0  33.9  24.0   5.7     0     0
  1983   9   5     0  31.8  26.4   0.0     0     0
  1983   9   6     0  31.0  23.0  36.2     0     0
  1983   9   7     0  33.0  25.4   0.0     0     0
  1983   9   8     0  34.4  25.2   0.0     0     0
  1983   9   9     0  31.0  25.5   2.2     0     0
  1983   9  10     0  30.4  24.2  15.0     0     0
  1983   9  11     0  27.3  24.0 112.4     0     0
  1983   9  12     0  31.7  23.3  42.5     0     0
  1983   9  13     0  33.0  25.0   0.0     0     0
  1983   9  14     0  33.0  26.0   0.0     0     0
  1983   9  15     0  31.0  24.2  24.4     0     0
  1983   9  16     0  32.0  24.2   1.8     0     0
  1983   9  17     0  32.8  25.5   0.0     0     0
  1983   9  18     0  28.8  23.5   6.5     0     0
  1983   9  19     0  34.9  23.0   7.8     0     0
  1983   9  20     0  29.4  23.0 160.0     0     0
  1983   9  21     0  33.0  24.0  32.8     0     0
  1983   9  22     0  31.0  23.3  29.5     0     0
  1983   9  23     0  29.8  25.0   0.6     0     0
  1983   9  24     0  28.0  24.0   3.5     0     0
  1983   9  25     0  32.7  23.0  12.0     0     0
  1983   9  26     0  31.8  23.0  10.0     0     0
  1983   9  27     0  33.5  24.0   0.0     0     0
  1983   9  28     0  34.0  25.0   0.0     0     0
  1983   9  29     0  34.9  26.3   0.0     0     0
  1983   9  30     0  34.4  26.0   0.0     0     0
  1983  10   1     0  34.0  25.2   0.0     0     0
  1983  10   2     0  32.0  21.0  45.0     0     0
  1983  10   3     0  32.8  24.0   0.3     0     0
  1983  10   4     0  34.0  23.0   1.0     0     0
  1983  10   5     0  35.0  25.0   0.0     0     0
  1983  10   6     0  34.8  25.0   0.0     0     0
  1983  10   7     0  34.4  25.2   0.0     0     0
  1983  10   8     0  34.5  25.3   0.0     0     0
  1983  10   9     0  33.2  24.2   0.0     0     0
  1983  10  10     0  27.7  23.4   0.0     0     0
  1983  10  11     0  22.8  20.0 114.7     0     0
  1983  10  12     0  27.6  20.0  78.6     0     0
  1983  10  13     0  30.6  19.5   0.0     0     0
  1983  10  14     0  31.0  20.3   0.0     0     0
  1983  10  15     0  30.7  18.6   0.0     0     0
  1983  10  16     0  29.0  18.1   0.0     0     0
  1983  10  17     0  28.5  18.4   0.0     0     0
  1983  10  18     0  30.0  18.0   0.0     0     0
  1983  10  19     0  30.3  19.1   0.0     0     0
  1983  10  20     0  30.2  18.3   0.0     0     0
  1983  10  21     0  32.2  19.0   0.0     0     0
  1983  10  22     0  32.0  20.2   0.0     0     0
  1983  10  23     0  31.4  21.4   0.0     0     0
  1983  10  24     0  29.2  19.1   0.0     0     0
  1983  10  25     0  29.0  17.3   0.0     0     0
  1983  10  26     0  29.8  13.0   0.0     0     0
  1983  10  27     0  29.7  18.2   0.0     0     0
  1983  10  28     0  29.0  18.0   0.0     0     0
  1983  10  29     0  29.4  17.2   0.0     0     0
  1983  10  30     0  31.1  17.3   0.0     0     0
  1983  10  31     0  32.0  17.8   0.0     0     0
  1983  11   1     0  31.8  17.6   0.0     0     0
  1983  11   2     0  30.0  17.0   0.0     0     0
  1983  11   3     0  30.2  16.8   0.0     0     0
  1983  11   4     0  30.0  16.7   0.0     0     0
  1983  11   5     0  30.1  16.9   0.0     0     0
  1983  11   6     0  28.4  16.2   0.0     0     0
  1983  11   7     0  28.0  15.1   0.0     0     0
  1983  11   8     0  28.4  15.3   0.0     0     0
  1983  11   9     0  29.0  14.0   0.0     0     0
  1983  11  10     0  28.0  14.1   0.0     0     0
  1983  11  11     0  28.2  13.7   0.0     0     0
  1983  11  12     0  28.0  14.7   0.0     0     0
  1983  11  13     0  28.7  14.5   0.0     0     0
  1983  11  14     0  28.3  14.2   0.0     0     0
  1983  11  15     0  28.5  15.0   0.0     0     0
  1983  11  16     0  28.2  15.0   0.0     0     0
  1983  11  17     0  28.8  15.4   0.0     0     0
  1983  11  18     0  27.4  14.0   0.0     0     0
  1983  11  19     0  26.7  13.0   0.0     0     0
  1983  11  20     0  26.8  14.0   0.0     0     0
  1983  11  21     0  28.0  13.0   0.0     0     0
  1983  11  22     0  27.8  13.3   0.0     0     0
  1983  11  23     0  28.7  15.2   0.0     0     0
  1983  11  24     0  28.2  14.2   0.0     0     0
  1983  11  25     0  26.2  12.4   0.0     0     0
  1983  11  26     0  28.0  12.0   0.0     0     0
  1983  11  27     0  27.7  14.0   0.0     0     0
  1983  11  28     0  27.2  14.0   0.0     0     0
  1983  11  29     0  26.8  13.3   0.0     0     0
  1983  11  30     0  25.3  14.4   0.0     0     0
  1983  12   1     0  25.1  10.3   0.0     0     0
  1983  12   2     0  26.0  10.4   0.0     0     0
  1983  12   3     0  26.0  11.0   0.0     0     0
  1983  12   4     0  25.2  10.2   0.0     0     0
  1983  12   5     0  24.5   9.2   0.0     0     0
  1983  12   6     0  25.0   8.4   0.0     0     0
  1983  12   7     0  24.8   9.2   0.0     0     0
  1983  12   8     0  24.8  12.0   0.0     0     0
  1983  12   9     0  24.6  12.0   0.0     0     0
  1983  12  10     0  23.9   9.0   0.0     0     0
  1983  12  11     0  24.9  11.4   0.0     0     0
  1983  12  12     0  23.8   9.3   0.0     0     0
  1983  12  13     0  23.5   9.2   0.0     0     0
  1983  12  14     0  24.9  11.0   0.0     0     0
  1983  12  15     0  23.9   9.3   0.0     0     0
  1983  12  16     0  23.2   8.2   0.0     0     0
  1983  12  17     0  24.0  10.3   0.0     0     0
  1983  12  18     0  24.7   8.4   0.0     0     0
  1983  12  19     0  19.5  10.2   0.0     0     0
  1983  12  20     0  23.5   8.3   2.7     0     0
  1983  12  21     0  24.4   8.2   0.0     0     0
  1983  12  22     0  24.5   8.2   0.0     0     0
  1983  12  23     0  24.5   7.3   0.0     0     0
  1983  12  24     0  23.5   8.3   0.0     0     0
  1983  12  25     0  22.0   9.3   0.0     0     0
  1983  12  26     0  16.7  10.9  19.0     0     0
  1983  12  27     0  18.4   9.2  18.6     0     0
  1983  12  28     0  17.9   7.0   0.0     0     0
  1983  12  29     0  17.9   8.0   0.0     0     0
  1983  12  30     0  19.0   8.2   0.0     0     0
  1983  12  31     0  20.5   7.3   0.0     0     0
