  1978   1   1     0  21.0  10.5   0.0     0     0
  1978   1   2     0  18.0   7.0   0.0     0     0
  1978   1   3     0  19.0   5.6   0.0     0     0
  1978   1   4     0  20.8   7.5   0.0     0     0
  1978   1   5     0  21.0   8.0   0.0     0     0
  1978   1   6     0  20.5   6.6   0.0     0     0
  1978   1   7     0  22.0   7.6   0.0     0     0
  1978   1   8     0  22.6   8.2   0.0     0     0
  1978   1   9     0  23.0   9.5   0.0     0     0
  1978   1  10     0  21.5   8.5   0.0     0     0
  1978   1  11     0  21.2   8.5   0.0     0     0
  1978   1  12     0  21.8   8.0   0.0     0     0
  1978   1  13     0  20.0  10.2   0.0     0     0
  1978   1  14     0  24.0  11.5   0.0     0     0
  1978   1  15     0  24.4  11.5   0.0     0     0
  1978   1  16     0  24.5  11.0   0.0     0     0
  1978   1  17     0  24.4  11.5   0.0     0     0
  1978   1  18     0  20.1   9.0   0.0     0     0
  1978   1  19     0  20.8   7.0   0.0     0     0
  1978   1  20     0  22.5   9.0   0.0     0     0
  1978   1  21     0  15.8  12.4   0.0     0     0
  1978   1  22     0  21.0  12.4  26.0     0     0
  1978   1  23     0  23.6  11.0   0.0     0     0
  1978   1  24     0  24.5   9.5   0.0     0     0
  1978   1  25     0  24.5  11.5   0.0     0     0
  1978   1  26     0  22.5   9.5   0.0     0     0
  1978   1  27     0  23.5  10.2   0.0     0     0
  1978   1  28     0  23.8  11.0   0.0     0     0
  1978   1  29     0  25.0  12.5   0.0     0     0
  1978   1  30     0  25.4  12.4   0.0     0     0
  1978   1  31     0  24.6  12.6   0.0     0     0
  1978   2   1     0  23.6  10.5   0.0     0     0
  1978   2   2     0  23.5   9.5   0.0     0     0
  1978   2   3     0  23.7  10.2   0.0     0     0
  1978   2   4     0  23.0   9.7   0.0     0     0
  1978   2   5     0  23.8  10.2   0.0     0     0
  1978   2   6     0  25.0  12.0   0.0     0     0
  1978   2   7     0  23.3  14.4   2.0     0     0
  1978   2   8     0  23.3  14.0   6.0     0     0
  1978   2   9     0  21.6   8.4   0.0     0     0
  1978   2  10     0  22.2   9.4   0.0     0     0
  1978   2  11     0  25.1  11.5   0.0     0     0
  1978   2  12     0  23.6  13.5   0.0     0     0
  1978   2  13     0  24.8  14.5   0.0     0     0
  1978   2  14     0  24.5  14.5   0.0     0     0
  1978   2  15     0  23.5  16.4   0.0     0     0
  1978   2  16     0  19.5  15.3   0.0     0     0
  1978   2  17     0  23.8  16.5   0.0     0     0
  1978   2  18     0  24.3  16.2  20.5     0     0
  1978   2  19     0  22.5  10.5   0.0     0     0
  1978   2  20     0  22.0  11.0   0.0     0     0
  1978   2  21     0  23.5  11.7   0.0     0     0
  1978   2  22     0  25.5  13.2   0.0     0     0
  1978   2  23     0  26.5  14.1   0.0     0     0
  1978   2  24     0  26.6  15.5   0.0     0     0
  1978   2  25     0  28.3  15.0   0.0     0     0
  1978   2  26     0  30.6  16.5   0.0     0     0
  1978   2  27     0  30.6  18.0   0.0     0     0
  1978   2  28     0  31.0  16.9   0.0     0     0
  1978   3   1     0  31.3  19.8   0.0     0     0
  1978   3   2     0  28.8  19.5   0.0     0     0
  1978   3   3     0  29.0  19.3   0.0     0     0
  1978   3   4     0  31.0  16.5   0.0     0     0
  1978   3   5     0  28.0  17.0   2.0     0     0
  1978   3   6     0  28.0  16.0   0.0     0     0
  1978   3   7     0  26.7  14.0   0.0     0     0
  1978   3   8     0  27.7  13.0   0.0     0     0
  1978   3   9     0  29.0  15.5   0.0     0     0
  1978   3  10     0  24.5  18.6   0.0     0     0
  1978   3  11     0  21.6  13.8   0.0     0     0
  1978   3  12     0  22.8  16.0  41.2     0     0
  1978   3  13     0  24.4  14.5   0.0     0     0
  1978   3  14     0  27.3  15.6   0.0     0     0
  1978   3  15     0  28.5  18.3   0.0     0     0
  1978   3  16     0  29.8  19.5   0.0     0     0
  1978   3  17     0  29.8  18.8   2.6     0     0
  1978   3  18     0  27.0  19.5   1.7     0     0
  1978   3  19     0  27.3  16.4  19.2     0     0
  1978   3  20     0  29.0  16.5   0.0     0     0
  1978   3  21     0  30.3  16.0   0.0     0     0
  1978   3  22     0  29.8  18.2   0.0     0     0
  1978   3  23     0  30.4  16.7   0.0     0     0
  1978   3  24     0  32.0  16.4   0.0     0     0
  1978   3  25     0  32.0  18.5   0.0     0     0
  1978   3  26     0  31.0  16.8   0.0     0     0
  1978   3  27     0  32.5  16.8   0.0     0     0
  1978   3  28     0  33.4  17.0   0.0     0     0
  1978   3  29     0  28.4  20.5   0.0     0     0
  1978   3  30     0  30.0  17.5   0.0     0     0
  1978   3  31     0  31.1  18.4   3.0     0     0
  1978   4   1     0  31.5  18.0   0.0     0     0
  1978   4   2     0  30.0  17.0   0.0     0     0
  1978   4   3     0  31.8  18.0   0.0     0     0
  1978   4   4     0  32.4  19.8   0.0     0     0
  1978   4   5     0  33.0  18.4   0.0     0     0
  1978   4   6     0  32.9  17.7   0.0     0     0
  1978   4   7     0  34.4  19.3   0.0     0     0
  1978   4   8     0  36.2  21.0   0.0     0     0
  1978   4   9     0  36.1  20.8   0.0     0     0
  1978   4  10     0  37.7  20.5   0.0     0     0
  1978   4  11     0  38.4  21.5   0.0     0     0
  1978   4  12     0  38.0  22.5   0.0     0     0
  1978   4  13     0  37.8  21.0   0.0     0     0
  1978   4  14     0  37.9  23.1   0.0     0     0
  1978   4  15     0  37.9  23.0   0.0     0     0
  1978   4  16     0   DNA  23.1   0.0     0     0
  1978   4  17     0  37.5   DNA   0.0     0     0
  1978   4  18     0  37.5   DNA   0.0     0     0
  1978   4  19     0  37.4   DNA   0.0     0     0
  1978   4  20     0  37.5   DNA   0.0     0     0
  1978   4  21     0  37.5   DNA   0.0     0     0
  1978   4  22     0  37.5  20.0   0.0     0     0
  1978   4  23     0  37.5   DNA   0.0     0     0
  1978   4  24     0  37.5   DNA   0.0     0     0
  1978   4  25     0  37.5  19.7  42.2     0     0
  1978   4  26     0  36.5  18.5   0.0     0     0
  1978   4  27     0  38.8  23.6   0.0     0     0
  1978   4  28     0  38.2  22.5   0.0     0     0
  1978   4  29     0  38.2  22.3   0.0     0     0
  1978   4  30     0  38.9  21.7   0.0     0     0
  1978   5   1     0  39.0  20.7   0.0     0     0
  1978   5   2     0  39.2  20.0   0.0     0     0
  1978   5   3     0  37.7  16.8   0.0     0     0
  1978   5   4     0  39.0  17.9   0.0     0     0
  1978   5   5     0  36.9  27.5   0.0     0     0
  1978   5   6     0  39.0  26.0   0.0     0     0
  1978   5   7     0  38.0  26.0   0.0     0     0
  1978   5   8     0  39.0  26.0   0.0     0     0
  1978   5   9     0  38.8  26.0   0.0     0     0
  1978   5  10     0  38.5  26.0   0.0     0     0
  1978   5  11     0  36.2  20.6  16.2     0     0
  1978   5  12     0  37.6  26.4   0.0     0     0
  1978   5  13     0  38.9  27.8   0.0     0     0
  1978   5  14     0  39.5  28.5   0.0     0     0
  1978   5  15     0  39.0  29.0   0.0     0     0
  1978   5  16     0  39.5  28.3   0.0     0     0
  1978   5  17     0  41.9  29.0   0.0     0     0
  1978   5  18     0  43.5  27.5   0.0     0     0
  1978   5  19     0  43.6  26.5   0.0     0     0
  1978   5  20     0  43.5  26.0   0.0     0     0
  1978   5  21     0  43.5  28.0   0.0     0     0
  1978   5  22     0  43.5  25.5   0.0     0     0
  1978   5  23     0  40.5  26.0   0.0     0     0
  1978   5  24     0  35.5  26.0   0.0     0     0
  1978   5  25     0  36.8  27.0   0.0     0     0
  1978   5  26     0  38.0  27.0   0.0     0     0
  1978   5  27     0  39.4  24.4   0.0     0     0
  1978   5  28     0  40.3  28.0   0.0     0     0
  1978   5  29     0  41.0  26.0   0.0     0     0
  1978   5  30     0  41.6  28.4   0.0     0     0
  1978   5  31     0  40.7  30.0   0.0     0     0
  1978   6   1     0  39.8  28.8   0.0     0     0
  1978   6   2     0  40.7  29.1   0.0     0     0
  1978   6   3     0  39.3  28.0   0.0     0     0
  1978   6   4     0  39.8  29.3   0.0     0     0
  1978   6   5     0  38.6  30.5   0.0     0     0
  1978   6   6     0  38.0  26.6   0.0     0     0
  1978   6   7     0  38.0  29.8   0.0     0     0
  1978   6   8     0  38.0  30.5   0.0     0     0
  1978   6   9     0  39.0  28.0   0.0     0     0
  1978   6  10     0  32.3  20.2  44.8     0     0
  1978   6  11     0  34.8  23.8   0.0     0     0
  1978   6  12     0  36.8  27.0   0.0     0     0
  1978   6  13     0  37.5  28.2   0.0     0     0
  1978   6  14     0  37.0  28.5   0.0     0     0
  1978   6  15     0  39.2  24.8  12.0     0     0
  1978   6  16     0  35.4  23.8  29.5     0     0
  1978   6  17     0  37.0  23.0   0.0     0     0
  1978   6  18     0  37.0  24.0   0.0     0     0
  1978   6  19     0  38.2  24.0  80.2     0     0
  1978   6  20     0  31.5  25.3  53.4     0     0
  1978   6  21     0  34.0  25.8   2.8     0     0
  1978   6  22     0  34.0  28.2   0.0     0     0
  1978   6  23     0  35.1  26.0  81.0     0     0
  1978   6  24     0  32.8  27.5   0.0     0     0
  1978   6  25     0  29.9  27.5  11.7     0     0
  1978   6  26     0  28.5  25.1  16.2     0     0
  1978   6  27     0  28.2  26.0   0.0     0     0
  1978   6  28     0  32.0  26.4   0.0     0     0
  1978   6  29     0  32.6  25.1  82.0     0     0
  1978   6  30     0  32.6  25.6  26.5     0     0
  1978   7   1     0  32.8  26.6   0.0     0     0
  1978   7   2     0  32.0  26.5   0.0     0     0
  1978   7   3     0  33.4  25.5   8.5     0     0
  1978   7   4     0  32.0  26.3   0.0     0     0
  1978   7   5     0  32.4  23.4 130.2     0     0
  1978   7   6     0  33.5  23.3  11.2     0     0
  1978   7   7     0  32.3  24.5  17.8     0     0
  1978   7   8     0  32.3  24.5   9.8     0     0
  1978   7   9     0  34.6  25.4   2.0     0     0
  1978   7  10     0  34.0  27.2   0.0     0     0
  1978   7  11     0  34.6  28.2   0.0     0     0
  1978   7  12     0  33.8  27.2   1.0     0     0
  1978   7  13     0  33.8  26.4  10.7     0     0
  1978   7  14     0  34.4  27.0   0.0     0     0
  1978   7  15     0  34.5  27.0   1.0     0     0
  1978   7  16     0  27.2  25.0  16.0     0     0
  1978   7  17     0  25.7  24.5  83.7     0     0
  1978   7  18     0  27.2  24.0 105.0     0     0
  1978   7  19     0  32.5  24.2  13.0     0     0
  1978   7  20     0  34.3  26.3   6.4     0     0
  1978   7  21     0  32.3  25.2  87.5     0     0
  1978   7  22     0  34.0  27.0   0.0     0     0
  1978   7  23     0  34.3  28.0   0.0     0     0
  1978   7  24     0  34.4  28.0   0.0     0     0
  1978   7  25     0  33.5  27.7   0.0     0     0
  1978   7  26     0  34.8  27.5   0.0     0     0
  1978   7  27     0  35.0  27.7   0.0     0     0
  1978   7  28     0  32.8  25.0  21.2     0     0
  1978   7  29     0  31.6  25.5  13.2     0     0
  1978   7  30     0  33.3  26.0  14.1     0     0
  1978   7  31     0  33.8  26.1  12.3     0     0
  1978   8   1     0  33.7  25.2   0.0     0     0
  1978   8   2     0  32.4  25.0  14.0     0     0
  1978   8   3     0  32.4  25.0   8.4     0     0
  1978   8   4     0  33.5  25.0   5.0     0     0
  1978   8   5     0  33.0  25.5   1.5     0     0
  1978   8   6     0  33.0  25.5   2.1     0     0
  1978   8   7     0  33.7  27.0   1.5     0     0
  1978   8   8     0  33.0  25.6  17.4     0     0
  1978   8   9     0  33.4  26.5   1.0     0     0
  1978   8  10     0  32.8  27.4   0.0     0     0
  1978   8  11     0  34.4  25.6  19.3     0     0
  1978   8  12     0  34.3  25.0  26.8     0     0
  1978   8  13     0  34.2  24.8   0.0     0     0
  1978   8  14     0  35.8  27.0   0.0     0     0
  1978   8  15     0  35.8  26.5   0.0     0     0
  1978   8  16     0  33.7  25.7   0.5     0     0
  1978   8  17     0  34.4  26.5   0.0     0     0
  1978   8  18     0  27.8  23.5  70.2     0     0
  1978   8  19     0  32.2  23.0 126.9     0     0
  1978   8  20     0  34.5  26.0   0.0     0     0
  1978   8  21     0  35.5  27.0   0.0     0     0
  1978   8  22     0  34.6  25.4   1.8     0     0
  1978   8  23     0  32.5  24.5 107.7     0     0
  1978   8  24     0  32.4  25.9   0.3     0     0
  1978   8  25     0  34.4  26.5   0.0     0     0
  1978   8  26     0  35.3  26.8   0.0     0     0
  1978   8  27     0  35.7  27.0   0.0     0     0
  1978   8  28     0  36.6  25.2   0.0     0     0
  1978   8  29     0  36.8  24.2   0.0     0     0
  1978   8  30     0  36.0  24.4   0.0     0     0
  1978   8  31     0  32.2  26.8   0.0     0     0
  1978   9   1     0  33.8  24.0   7.2     0     0
  1978   9   2     0  31.2  26.0   0.0     0     0
  1978   9   3     0  31.3  25.0  26.4     0     0
  1978   9   4     0  33.3  26.2  33.5     0     0
  1978   9   5     0  31.7  26.0  22.1     0     0
  1978   9   6     0  28.4  25.0   2.7     0     0
  1978   9   7     0  30.0  23.0   3.6     0     0
  1978   9   8     0   DNA   DNA   0.0     0     0
  1978   9   9     0  32.7  26.5   1.5     0     0
  1978   9  10     0  33.1  24.3  14.1     0     0
  1978   9  11     0  33.5  24.1   6.2     0     0
  1978   9  12     0  31.0  25.5   0.0     0     0
  1978   9  13     0  33.0  24.1   0.0     0     0
  1978   9  14     0  33.4  25.2   0.0     0     0
  1978   9  15     0  34.4  23.2   0.0     0     0
  1978   9  16     0  32.8  24.0  17.0     0     0
  1978   9  17     0  34.4  24.2   0.0     0     0
  1978   9  18     0  32.2  25.4   0.0     0     0
  1978   9  19     0  29.4  25.0  21.3     0     0
  1978   9  20     0  32.0  23.2  10.2     0     0
  1978   9  21     0  33.1  24.6   0.0     0     0
  1978   9  22     0  33.6  25.0   0.0     0     0
  1978   9  23     0  34.0  24.0   0.5     0     0
  1978   9  24     0  34.2  25.5   0.0     0     0
  1978   9  25     0  34.6  25.3   0.0     0     0
  1978   9  26     0  33.9  25.5   1.8     0     0
  1978   9  27     0  29.4  25.0     T     0     0
  1978   9  28     0  33.0  24.5   0.0     0     0
  1978   9  29     0  33.0  25.2   0.0     0     0
  1978   9  30     0  31.5  23.5   4.8     0     0
  1978  10   1     0  32.2  22.8   0.0     0     0
  1978  10   2     0  33.5  22.5   0.0     0     0
  1978  10   3     0  33.1  23.5   0.0     0     0
  1978  10   4     0  34.7  23.2   0.0     0     0
  1978  10   5     0  35.0  24.8   0.0     0     0
  1978  10   6     0  31.6  24.6   0.0     0     0
  1978  10   7     0  34.2  23.8   0.0     0     0
  1978  10   8     0  34.0  23.7   0.0     0     0
  1978  10   9     0  34.5  24.5   0.0     0     0
  1978  10  10     0  32.5  23.1   0.0     0     0
  1978  10  11     0  32.1  20.1   0.0     0     0
  1978  10  12     0  33.0  19.1   0.0     0     0
  1978  10  13     0  32.4  20.2   0.0     0     0
  1978  10  14     0  32.5  18.8   0.0     0     0
  1978  10  15     0  32.7  19.3   0.0     0     0
  1978  10  16     0  33.3  21.2   0.0     0     0
  1978  10  17     0  32.6  20.9   0.0     0     0
  1978  10  18     0  32.3  20.1   0.0     0     0
  1978  10  19     0  32.3  18.9   0.0     0     0
  1978  10  20     0  31.5  19.4   0.0     0     0
  1978  10  21     0  32.0  19.5   0.0     0     0
  1978  10  22     0  30.8  20.5   0.0     0     0
  1978  10  23     0  32.0  20.5   0.0     0     0
  1978  10  24     0  31.8  20.0   0.0     0     0
  1978  10  25     0  32.5  20.5   0.0     0     0
  1978  10  26     0  31.0  19.5   0.0     0     0
  1978  10  27     0  31.6  19.0   0.0     0     0
  1978  10  28     0  32.3  20.0   0.0     0     0
  1978  10  29     0  31.3  20.5   0.0     0     0
  1978  10  30     0  31.0  19.5   0.5     0     0
  1978  10  31     0  31.5  19.0   0.0     0     0
  1978  11   1     0  31.7  17.6   0.0     0     0
  1978  11   2     0  30.8  17.0   0.0     0     0
  1978  11   3     0  31.5  17.8   0.0     0     0
  1978  11   4     0  30.9  18.0   0.0     0     0
  1978  11   5     0  31.7  18.3   0.0     0     0
  1978  11   6     0  30.9  19.2   0.0     0     0
  1978  11   7     0  29.8  17.8   0.0     0     0
  1978  11   8     0  30.0  16.5   0.0     0     0
  1978  11   9     0  28.6  14.6   0.0     0     0
  1978  11  10     0  28.4  16.3   0.0     0     0
  1978  11  11     0  27.0  18.0   0.0     0     0
  1978  11  12     0  29.0  18.5   0.0     0     0
  1978  11  13     0  29.7  20.0   0.0     0     0
  1978  11  14     0  29.4  16.6   0.0     0     0
  1978  11  15     0  29.5  15.6   0.0     0     0
  1978  11  16     0  28.4  15.4   0.0     0     0
  1978  11  17     0  27.7  15.0   0.0     0     0
  1978  11  18     0  27.2  13.5   0.0     0     0
  1978  11  19     0  27.5  13.7   0.0     0     0
  1978  11  20     0  27.6  12.3   0.0     0     0
  1978  11  21     0  28.5  14.5   0.0     0     0
  1978  11  22     0  26.4  17.1   0.0     0     0
  1978  11  23     0  27.8  17.8   0.0     0     0
  1978  11  24     0  26.8  17.6   0.0     0     0
  1978  11  25     0  29.0  14.0   0.0     0     0
  1978  11  26     0  28.0  13.4   0.0     0     0
  1978  11  27     0  24.8  12.5   0.0     0     0
  1978  11  28     0  23.5   9.8   0.0     0     0
  1978  11  29     0  22.8   9.0   0.0     0     0
  1978  11  30     0  22.2   9.5   0.0     0     0
  1978  12   1     0  21.0  11.2   0.0     0     0
  1978  12   2     0  17.5  12.6  12.0     0     0
  1978  12   3     0  23.8  13.0   2.7     0     0
  1978  12   4     0  24.5  12.5   0.0     0     0
  1978  12   5     0  24.4  11.2   0.0     0     0
  1978  12   6     0  25.2  10.5   0.0     0     0
  1978  12   7     0  25.2  10.7   0.0     0     0
  1978  12   8     0  24.5  11.0   0.0     0     0
  1978  12   9     0  25.3  11.5   0.0     0     0
  1978  12  10     0  25.8  11.3   0.0     0     0
  1978  12  11     0  26.3  10.5   0.0     0     0
  1978  12  12     0  26.2  10.2   0.0     0     0
  1978  12  13     0  27.4  11.5   0.0     0     0
  1978  12  14     0  26.4  10.5   0.0     0     0
  1978  12  15     0  25.5  10.0   0.0     0     0
  1978  12  16     0  25.5   9.3   0.0     0     0
  1978  12  17     0  23.7   9.4   0.0     0     0
  1978  12  18     0  23.7  11.5   0.0     0     0
  1978  12  19     0  23.0   9.7   0.0     0     0
  1978  12  20     0  25.0   9.5   0.0     0     0
  1978  12  21     0  25.0  11.0   0.0     0     0
  1978  12  22     0  25.3  11.0   0.0     0     0
  1978  12  23     0  24.8   9.7   0.0     0     0
  1978  12  24     0  23.7   9.5   0.0     0     0
  1978  12  25     0  23.8  10.3   0.0     0     0
  1978  12  26     0  23.0   8.2   0.0     0     0
  1978  12  27     0  23.4   7.3   0.0     0     0
  1978  12  28     0  23.8   8.9   0.0     0     0
  1978  12  29     0  23.4   8.3   0.0     0     0
  1978  12  30     0  24.4   8.9   0.0     0     0
  1978  12  31     0  24.2   9.4   0.0     0     0
