  1988   1   1     0  17.6   8.5   0.0     0     0
  1988   1   2     0  14.8   9.5   0.0     0     0
  1988   1   3     0  16.6   8.4   0.0     0     0
  1988   1   4     0  16.2   7.8   0.0     0     0
  1988   1   5     0  16.6   7.8   0.0     0     0
  1988   1   6     0  16.8   9.4   0.0     0     0
  1988   1   7     0  16.2   6.5   7.0     0     0
  1988   1   8     0  16.6   6.4   0.0     0     0
  1988   1   9     0  16.2   7.2   0.0     0     0
  1988   1  10     0  16.4   7.4   0.0     0     0
  1988   1  11     0  15.4   7.8   0.0     0     0
  1988   1  12     0  12.4   9.6   3.0     0     0
  1988   1  13     0  11.2   7.2   0.0     0     0
  1988   1  14     0  14.2   5.4   7.0     0     0
  1988   1  15     0  15.6   6.5   0.0     0     0
  1988   1  16     0  15.8   6.6   0.0     0     0
  1988   1  17     0  16.2   5.6   0.0     0     0
  1988   1  18     0  16.6   6.6   0.0     0     0
  1988   1  19     0  16.4   6.2   0.0     0     0
  1988   1  20     0  16.2   9.4   0.0     0     0
  1988   1  21     0  16.4   8.2   0.0     0     0
  1988   1  22     0  18.2   7.8   0.0     0     0
  1988   1  23     0  17.8   7.2   0.0     0     0
  1988   1  24     0  18.4   7.2   0.0     0     0
  1988   1  25     0  17.2   4.8   0.0     0     0
  1988   1  26     0  17.2   4.5   0.0     0     0
  1988   1  27     0  17.2   5.6   0.0     0     0
  1988   1  28     0  17.2   5.4   0.0     0     0
  1988   1  29     0  17.8   6.6   0.0     0     0
  1988   1  30     0  17.6   6.4   0.0     0     0
  1988   1  31     0  18.8   7.6   0.0     0     0
  1988   2   1     0  19.4   7.8   0.0     0     0
  1988   2   2     0  18.8   7.6   0.0     0     0
  1988   2   3     0  19.2   6.7   0.0     0     0
  1988   2   4     0  19.4   9.2   0.0     0     0
  1988   2   5     0  20.4   9.2   0.0     0     0
  1988   2   6     0  19.2   9.5   0.0     0     0
  1988   2   7     0  19.6   9.6   0.0     0     0
  1988   2   8     0  19.2   8.4   0.0     0     0
  1988   2   9     0  19.0   9.4   0.0     0     0
  1988   2  10     0  19.6   8.8   0.0     0     0
  1988   2  11     0  19.4   9.2   0.0     0     0
  1988   2  12     0  18.2  10.5     T     0     0
  1988   2  13     0  18.8   9.2   0.0     0     0
  1988   2  14     0  15.2   8.2   0.0     0     0
  1988   2  15     0  16.4   6.6   7.0     0     0
  1988   2  16     0  15.8   8.8   0.0     0     0
  1988   2  17     0  18.6   7.7   0.0     0     0
  1988   2  18     0  20.6   7.4   0.0     0     0
  1988   2  19     0  20.2   9.6   0.0     0     0
  1988   2  20     0  17.4   9.5   0.0     0     0
  1988   2  21     0  17.8  10.6     T     0     0
  1988   2  22     0  18.8   8.8   2.5     0     0
  1988   2  23     0  19.6  10.4   0.0     0     0
  1988   2  24     0  17.4   6.2  36.0     0     0
  1988   2  25     0  17.8   7.5   0.0     0     0
  1988   2  26     0  18.6   8.2   0.0     0     0
  1988   2  27     0  18.8  10.2     T     0     0
  1988   2  28     0  17.2   9.8   0.0     0     0
  1988   2  29     0  19.2   8.6   9.8     0     0
  1988   3   1     0  18.6   9.1   0.0     0     0
  1988   3   2     0  19.8   7.8   0.0     0     0
  1988   3   3     0  21.6   8.6   0.0     0     0
  1988   3   4     0  20.2   7.4   0.0     0     0
  1988   3   5     0  18.8   5.2   0.0     0     0
  1988   3   6     0  21.4   8.2     T     0     0
  1988   3   7     0  22.8   8.8   0.0     0     0
  1988   3   8     0  21.4   8.2  11.2     0     0
  1988   3   9     0  21.4   8.6  20.6     0     0
  1988   3  10     0  21.8   7.8   0.0     0     0
  1988   3  11     0  15.6   8.5   0.0     0     0
  1988   3  12     0  16.8   9.2  26.5     0     0
  1988   3  13     0  17.6   8.6  20.6     0     0
  1988   3  14     0  22.4   7.2   4.2     0     0
  1988   3  15     0  22.6   8.6   0.0     0     0
  1988   3  16     0  22.8   9.2   0.0     0     0
  1988   3  17     0  20.6   8.6   0.0     0     0
  1988   3  18     0  18.4   9.8   8.6     0     0
  1988   3  19     0  14.2   5.2  16.5     0     0
  1988   3  20     0  18.6   6.8     T     0     0
  1988   3  21     0  20.2   8.8   0.0     0     0
  1988   3  22     0  22.2  10.2   0.0     0     0
  1988   3  23     0  22.6  11.4   0.0     0     0
  1988   3  24     0  23.6  12.2   0.0     0     0
  1988   3  25     0  25.2  13.6   0.0     0     0
  1988   3  26     0  25.8  15.8   0.0     0     0
  1988   3  27     0  23.2  13.5   6.2     0     0
  1988   3  28     0  23.6  11.4   0.0     0     0
  1988   3  29     0  24.4  12.2   0.0     0     0
  1988   3  30     0  25.4  13.4   0.0     0     0
  1988   3  31     0  24.8  13.6   0.0     0     0
  1988   4   1     0  24.6  12.4   0.0     0     0
  1988   4   2     0  25.8  12.2   0.0     0     0
  1988   4   3     0  28.2  15.4   0.0     0     0
  1988   4   4     0  28.4  16.4   0.0     0     0
  1988   4   5     0  29.2  17.6   0.0     0     0
  1988   4   6     0  29.4  16.6   0.0     0     0
  1988   4   7     0  30.6  17.8   0.0     0     0
  1988   4   8     0  29.4  16.8   0.0     0     0
  1988   4   9     0  29.1  17.6   0.0     0     0
  1988   4  10     0  28.2  17.4   0.0     0     0
  1988   4  11     0  30.2  18.1   0.0     0     0
  1988   4  12     0  30.9  19.4   0.0     0     0
  1988   4  13     0  30.4  19.2   0.0     0     0
  1988   4  14     0  29.4  18.1   0.0     0     0
  1988   4  15     0  28.3  15.2   0.0     0     0
  1988   4  16     0  28.3  18.6   0.0     0     0
  1988   4  17     0  16.6  13.6  17.2     0     0
  1988   4  18     0  25.8  12.8  12.6     0     0
  1988   4  19     0  25.6  16.4   0.0     0     0
  1988   4  20     0  24.2  13.6   8.2     0     0
  1988   4  21     0  25.2  15.4     T     0     0
  1988   4  22     0  26.4  16.6   0.0     0     0
  1988   4  23     0  27.2  16.2   0.0     0     0
  1988   4  24     0  25.8  12.2   7.7     0     0
  1988   4  25     0  26.2  17.4   0.6     0     0
  1988   4  26     0  28.6  16.8   2.8     0     0
  1988   4  27     0  27.4  17.4   0.0     0     0
  1988   4  28     0  28.8  18.6   0.0     0     0
  1988   4  29     0  27.3  18.2   0.0     0     0
  1988   4  30     0  28.3  17.8     T     0     0
  1988   5   1     0  28.4  13.8     T     0     0
  1988   5   2     0  25.2  16.6   6.2     0     0
  1988   5   3     0  26.4  14.8   6.4     0     0
  1988   5   4     0  27.2  16.4   2.0     0     0
  1988   5   5     0  22.2   9.2   5.3     0     0
  1988   5   6     0  27.2  10.4   0.0     0     0
  1988   5   7     0  28.4  15.4   0.0     0     0
  1988   5   8     0  29.2  17.2   3.6     0     0
  1988   5   9     0  29.6  15.8   6.8     0     0
  1988   5  10     0  31.2  12.4   0.0     0     0
  1988   5  11     0  32.2  20.6   0.0     0     0
  1988   5  12     0  32.6  17.6   0.0     0     0
  1988   5  13     0  31.6  16.4   0.0     0     0
  1988   5  14     0  29.4  18.2     T     0     0
  1988   5  15     0  26.2  10.4  11.4     0     0
  1988   5  16     0  25.2  19.2     T     0     0
  1988   5  17     0  24.8  16.6  16.4     0     0
  1988   5  18     0  26.2  15.2   9.5     0     0
  1988   5  19     0  27.6  19.2   0.0     0     0
  1988   5  20     0  27.2  18.6   0.0     0     0
  1988   5  21     0  28.3  17.8   5.8     0     0
  1988   5  22     0  29.2  18.8   0.0     0     0
  1988   5  23     0  30.2  17.6     T     0     0
  1988   5  24     0  31.8  17.2   0.0     0     0
  1988   5  25     0  32.6  20.2   0.0     0     0
  1988   5  26     0  32.8  22.4   0.0     0     0
  1988   5  27     0  33.2  22.6   0.0     0     0
  1988   5  28     0  33.8  19.8   0.0     0     0
  1988   5  29     0  31.4  17.2  16.6     0     0
  1988   5  30     0  30.2  21.4   0.0     0     0
  1988   5  31     0  28.6  21.8     T     0     0
  1988   6   1     0  29.2  18.2  14.3     0     0
  1988   6   2     0  26.8  16.8  10.8     0     0
  1988   6   3     0  29.2  19.6   0.8     0     0
  1988   6   4     0  27.4  20.4   2.4     0     0
  1988   6   5     0  29.2  16.4   8.2     0     0
  1988   6   6     0  29.4  19.6   0.0     0     0
  1988   6   7     0  30.2  21.6     T     0     0
  1988   6   8     0  30.8  20.6   0.0     0     0
  1988   6   9     0  30.4  18.2   0.0     0     0
  1988   6  10     0  28.4  18.4   2.5     0     0
  1988   6  11     0  29.4  17.6   0.0     0     0
  1988   6  12     0  27.4  19.2   0.0     0     0
  1988   6  13     0  27.2  21.6     T     0     0
  1988   6  14     0  28.4  20.4     T     0     0
  1988   6  15     0  30.4  17.6     T     0     0
  1988   6  16     0  27.4  19.8  42.2     0     0
  1988   6  17     0  28.2  20.2   0.0     0     0
  1988   6  18     0  26.2  19.8   2.5     0     0
  1988   6  19     0  26.2  20.2   5.2     0     0
  1988   6  20     0  25.4  21.8  21.6     0     0
  1988   6  21     0  27.2  20.6   0.0     0     0
  1988   6  22     0  25.6  20.8  29.2     0     0
  1988   6  23     0  25.2  18.8  37.8     0     0
  1988   6  24     0  27.3  19.6  17.6     0     0
  1988   6  25     0  25.2  19.8  20.8     0     0
  1988   6  26     0  27.2  21.6   1.6     0     0
  1988   6  27     0  28.6  21.8   1.2     0     0
  1988   6  28     0  29.2  19.8   8.2     0     0
  1988   6  29     0  29.6  21.6  15.2     0     0
  1988   6  30     0  28.2  21.4   5.2     0     0
  1988   7   1     0  28.4  23.5  12.4     0     0
  1988   7   2     0  24.3  19.6  45.4     0     0
  1988   7   3     0  27.4  19.9   1.6     0     0
  1988   7   4     0  26.2  19.9   9.5     0     0
  1988   7   5     0  27.4  18.4  23.8     0     0
  1988   7   6     0  26.8  19.6  44.6     0     0
  1988   7   7     0  25.4  19.8  18.6     0     0
  1988   7   8     0  27.4  19.6   0.0     0     0
  1988   7   9     0  25.6  20.2  63.6     0     0
  1988   7  10     0  27.6  20.6  16.4     0     0
  1988   7  11     0  27.8  20.8  25.5     0     0
  1988   7  12     0  27.4  20.6  32.8     0     0
  1988   7  13     0  25.4  20.4  15.4     0     0
  1988   7  14     0  27.2  21.4     T     0     0
  1988   7  15     0  28.3  20.6  11.6     0     0
  1988   7  16     0  26.8  20.5  42.6     0     0
  1988   7  17     0  26.4  20.8  40.6     0     0
  1988   7  18     0  26.6  20.6  17.4     0     0
  1988   7  19     0  26.8  22.4   5.5     0     0
  1988   7  20     0  27.2  20.4  12.6     0     0
  1988   7  21     0  25.2  19.6  26.4     0     0
  1988   7  22     0  27.2  21.8   5.3     0     0
  1988   7  23     0  27.2  21.2  30.4     0     0
  1988   7  24     0  26.8  21.4   8.7     0     0
  1988   7  25     0  25.4  21.6  24.2     0     0
  1988   7  26     0  26.2  20.5  32.5     0     0
  1988   7  27     0  26.8  20.8   2.6     0     0
  1988   7  28     0  26.4  21.2  38.4     0     0
  1988   7  29     0  27.2  22.8  19.8     0     0
  1988   7  30     0  27.2  20.8  19.6     0     0
  1988   7  31     0  26.8  21.4  14.6     0     0
  1988   8   1     0  26.2  19.4  25.4     0     0
  1988   8   2     0  25.6  20.4   3.4     0     0
  1988   8   3     0  27.2  16.8     T     0     0
  1988   8   4     0  28.2  20.4     T     0     0
  1988   8   5     0  27.2  20.6     T     0     0
  1988   8   6     0  27.4  20.8  27.4     0     0
  1988   8   7     0  27.4   DNA  32.9     0     0
  1988   8   8     0  27.4  19.8  10.4     0     0
  1988   8   9     0  28.2  19.6  25.4     0     0
  1988   8  10     0  24.2  20.4  24.8     0     0
  1988   8  11     0  26.2  20.6  32.9     0     0
  1988   8  12     0  25.2  20.8   2.4     0     0
  1988   8  13     0  25.6  20.6   2.0     0     0
  1988   8  14     0  26.4  20.8  28.6     0     0
  1988   8  15     0  26.8  20.4   8.6     0     0
  1988   8  16     0  25.2  19.6  72.4     0     0
  1988   8  17     0  26.6  20.6   3.5     0     0
  1988   8  18     0  26.4  20.8   3.4     0     0
  1988   8  19     0  25.4  20.2  54.6     0     0
  1988   8  20     0  27.2  20.8   2.5     0     0
  1988   8  21     0  25.2  21.6   0.0     0     0
  1988   8  22     0  27.2  20.4   0.0     0     0
  1988   8  23     0  27.2  19.6  42.6     0     0
  1988   8  24     0  25.6  20.4   0.0     0     0
  1988   8  25     0  24.4  19.4  32.4     0     0
  1988   8  26     0  24.4  19.6  28.5     0     0
  1988   8  27     0  26.2  20.2   2.4     0     0
  1988   8  28     0  27.6  19.6   0.0     0     0
  1988   8  29     0  27.4  19.6   0.0     0     0
  1988   8  30     0  28.2  20.4   0.0     0     0
  1988   8  31     0  27.4  20.8   0.0     0     0
  1988   9   1     0  27.2  20.6   0.0     0     0
  1988   9   2     0  26.8  20.2   0.0     0     0
  1988   9   3     0  25.6  20.4   0.0     0     0
  1988   9   4     0  27.4  20.8   0.0     0     0
  1988   9   5     0  26.2  20.2   0.0     0     0
  1988   9   6     0  28.4  19.6  32.8     0     0
  1988   9   7     0  26.2  19.2   8.4     0     0
  1988   9   8     0  25.6  19.6   3.4     0     0
  1988   9   9     0  24.2  18.8   5.6     0     0
  1988   9  10     0  25.8  18.4     T     0     0
  1988   9  11     0  26.2  17.8   0.0     0     0
  1988   9  12     0  27.4  19.4   0.0     0     0
  1988   9  13     0  26.6  20.6   0.0     0     0
  1988   9  14     0  27.4  18.8   0.0     0     0
  1988   9  15     0  27.2  20.6     T     0     0
  1988   9  16     0  27.8  17.6  17.8     0     0
  1988   9  17     0   DNA  17.4     T     0     0
  1988   9  18     0  25.4  18.2     T     0     0
  1988   9  19     0  25.2  19.4   0.0     0     0
  1988   9  20     0  26.2  18.2   0.0     0     0
  1988   9  21     0  26.8  18.6  17.2     0     0
  1988   9  22     0  27.4  17.4  15.4     0     0
  1988   9  23     0  25.2  18.6  13.6     0     0
  1988   9  24     0  27.2  20.4   0.0     0     0
  1988   9  25     0  27.6  19.8   0.0     0     0
  1988   9  26     0  27.2  20.6   0.0     0     0
  1988   9  27     0  27.2  21.6   0.0     0     0
  1988   9  28     0  27.8  21.5   0.0     0     0
  1988   9  29     0  28.4  19.4   0.0     0     0
  1988   9  30     0  27.2  17.8   0.0     0     0
  1988  10   1     0  26.4  17.4   0.0     0     0
  1988  10   2     0  25.4  17.8   0.0     0     0
  1988  10   3     0  26.2  17.2   0.0     0     0
  1988  10   4     0  25.2  18.4   0.0     0     0
  1988  10   5     0  25.4  17.4   0.0     0     0
  1988  10   6     0  24.2  16.4     T     0     0
  1988  10   7     0  25.4  15.6   0.0     0     0
  1988  10   8     0  23.8  16.2   0.0     0     0
  1988  10   9     0  24.2  14.2   0.0     0     0
  1988  10  10     0  24.4  15.4   0.0     0     0
  1988  10  11     0  24.8  16.2   0.0     0     0
  1988  10  12     0  25.4  16.2   0.0     0     0
  1988  10  13     0  25.8  16.0   0.0     0     0
  1988  10  14     0  24.8  15.6   0.0     0     0
  1988  10  15     0  24.4  15.2   0.0     0     0
  1988  10  16     0  25.4  16.8   0.0     0     0
  1988  10  17     0  25.2  14.4   0.0     0     0
  1988  10  18     0  20.5  14.6   0.0     0     0
  1988  10  19     0  25.2  14.4   0.0     0     0
  1988  10  20     0  22.2  14.2   0.0     0     0
  1988  10  21     0  23.4  13.6   0.0     0     0
  1988  10  22     0  23.2  14.4   0.0     0     0
  1988  10  23     0  22.2  13.6   0.0     0     0
  1988  10  24     0  24.2  13.6   0.0     0     0
  1988  10  25     0  24.4  14.4   0.0     0     0
  1988  10  26     0  23.4  14.8   0.0     0     0
  1988  10  27     0  23.4  13.6   0.0     0     0
  1988  10  28     0  22.4  13.6   0.0     0     0
  1988  10  29     0  23.2  13.4   0.0     0     0
  1988  10  30     0  23.2  12.4   0.0     0     0
  1988  10  31     0  22.4  12.6   0.0     0     0
  1988  11   1     0  21.4  11.6   0.0     0     0
  1988  11   2     0  22.2  12.8   0.0     0     0
  1988  11   3     0  22.2  12.4     T     0     0
  1988  11   4     0  18.2  12.6     T     0     0
  1988  11   5     0  17.2  10.4     T     0     0
  1988  11   6     0  23.2  10.6   0.0     0     0
  1988  11   7     0  21.2  11.6   0.0     0     0
  1988  11   8     0  22.2  11.4   0.0     0     0
  1988  11   9     0  22.2  11.6   0.0     0     0
  1988  11  10     0  21.4  11.8   0.0     0     0
  1988  11  11     0  22.2  11.4   0.0     0     0
  1988  11  12     0  22.8  11.6   0.0     0     0
  1988  11  13     0  22.2  11.6   0.0     0     0
  1988  11  14     0  22.8  11.8   0.0     0     0
  1988  11  15     0  22.4  10.6   0.0     0     0
  1988  11  16     0  22.8  11.8   0.0     0     0
  1988  11  17     0  21.4  12.6   0.0     0     0
  1988  11  18     0  20.2  11.6   0.0     0     0
  1988  11  19     0  20.8  11.6   0.0     0     0
  1988  11  20     0  20.4  10.6   0.0     0     0
  1988  11  21     0  20.8  10.6   0.0     0     0
  1988  11  22     0  19.6   9.4   0.0     0     0
  1988  11  23     0  19.2  11.2   0.0     0     0
  1988  11  24     0  19.6  10.8   0.0     0     0
  1988  11  25     0  19.4   8.6   0.0     0     0
  1988  11  26     0  18.4   8.8   0.0     0     0
  1988  11  27     0  18.2   8.6   0.0     0     0
  1988  11  28     0  17.6   8.4   0.0     0     0
  1988  11  29     0  19.2   8.2   0.0     0     0
  1988  11  30     0  19.8   8.4   0.0     0     0
  1988  12   1     0  19.2  10.2   0.0     0     0
  1988  12   2     0  19.4  10.4   0.0     0     0
  1988  12   3     0  20.2  10.6   0.0     0     0
  1988  12   4     0  21.4  10.8   0.0     0     0
  1988  12   5     0  20.4   9.8   0.0     0     0
  1988  12   6     0  19.4  10.6   0.0     0     0
  1988  12   7     0  19.6  10.6   0.0     0     0
  1988  12   8     0  18.2   8.6   0.0     0     0
  1988  12   9     0  18.4   8.4   0.0     0     0
  1988  12  10     0  19.4   8.2   0.0     0     0
  1988  12  11     0  18.2   9.6   0.0     0     0
  1988  12  12     0  15.2   9.6   0.0     0     0
  1988  12  13     0  18.2   8.6   0.0     0     0
  1988  12  14     0  17.2   7.4   0.0     0     0
  1988  12  15     0  17.4   7.4   0.0     0     0
  1988  12  16     0  17.8   7.2   0.0     0     0
  1988  12  17     0  17.2   8.2   0.0     0     0
  1988  12  18     0  18.2   7.6   0.0     0     0
  1988  12  19     0  18.4   7.6   0.0     0     0
  1988  12  20     0  18.6   7.6   0.0     0     0
  1988  12  21     0  19.2   7.8   0.0     0     0
  1988  12  22     0  18.6   8.4   0.0     0     0
  1988  12  23     0  15.4   8.2     T     0     0
  1988  12  24     0  15.2   7.8     T     0     0
  1988  12  25     0  13.6   7.6   8.5     0     0
  1988  12  26     0  14.6   5.4  36.2     0     0
  1988  12  27     0  15.2   6.8   0.0     0     0
  1988  12  28     0  15.6   7.4   0.0     0     0
  1988  12  29     0  15.2   8.4   0.0     0     0
  1988  12  30     0  16.6   8.2   0.0     0     0
  1988  12  31     0  15.4   6.8   0.0     0     0
