  1995   1   1     0  13.4   4.2   0.0     0     0
  1995   1   2     0  15.2   3.2   0.0     0     0
  1995   1   3     0  14.2   2.6   0.0     0     0
  1995   1   4     0  13.8   3.8   0.0     0     0
  1995   1   5     0  14.4   2.6   0.0     0     0
  1995   1   6     0  13.2   3.2   0.0     0     0
  1995   1   7     0  12.4   2.6   0.0     0     0
  1995   1   8     0  10.2   3.4   0.0     0     0
  1995   1   9     0  11.6   2.6  15.2     0     0
  1995   1  10     0  12.4   0.1  14.6     0     0
  1995   1  11     0  10.8   1.8   0.0     0     0
  1995   1  12     0  11.4   1.2     T     0     0
  1995   1  13     0  10.9   1.6   0.0     0     0
  1995   1  14     0  11.6   0.8   0.0     0     0
  1995   1  15     0  12.4   1.2   0.0     0     0
  1995   1  16     0  14.2   2.4     T     0     0
  1995   1  17     0  11.8   1.9   0.0     0     0
  1995   1  18     0  14.8   2.8   0.0     0     0
  1995   1  19     0  12.8   3.4   0.0     0     0
  1995   1  20     0  13.8   4.2   0.0     0     0
  1995   1  21     0  11.2   3.8   0.0     0     0
  1995   1  22     0  14.2   2.8   0.0     0     0
  1995   1  23     0  11.6   2.8   0.0     0     0
  1995   1  24     0  13.6   3.6   0.0     0     0
  1995   1  25     0  14.8   4.2   0.0     0     0
  1995   1  26     0  13.8   4.8   0.0     0     0
  1995   1  27     0  15.6   3.6   0.0     0     0
  1995   1  28     0  17.2   4.2   0.0     0     0
  1995   1  29     0  18.8   6.4   0.0     0     0
  1995   1  30     0  16.8   7.2   0.0     0     0
  1995   1  31     0  18.2   6.8   0.0     0     0
  1995   2   1     0  19.4   7.2   0.0     0     0
  1995   2   2     0  17.2   8.2   0.0     0     0
  1995   2   3     0  19.6   5.6   0.0     0     0
  1995   2   4     0  18.6   7.2   0.0     0     0
  1995   2   5     0  20.6   8.2   0.0     0     0
  1995   2   6     0  19.8   7.8   0.0     0     0
  1995   2   7     0  20.2   9.2   0.0     0     0
  1995   2   8     0  21.8  10.6   0.0     0     0
  1995   2   9     0  19.8   8.2   0.0     0     0
  1995   2  10     0  21.2  10.8   0.0     0     0
  1995   2  11     0  20.6  10.2   0.0     0     0
  1995   2  12     0  19.2  10.6   0.0     0     0
  1995   2  13     0  21.2   9.2   0.0     0     0
  1995   2  14     0  20.8   9.4     T     0     0
  1995   2  15     0  21.6   3.2  24.1     0     0
  1995   2  16     0  22.2   7.2   0.0     0     0
  1995   2  17     0  21.8   6.4   0.0     0     0
  1995   2  18     0  20.4   8.2   0.0     0     0
  1995   2  19     0  19.8   6.2   0.0     0     0
  1995   2  20     0  20.2   7.6   0.0     0     0
  1995   2  21     0  19.6   6.2   0.0     0     0
  1995   2  22     0  18.6   5.6   0.0     0     0
  1995   2  23     0  20.2   4.2  15.8     0     0
  1995   2  24     0  21.2   5.2   0.0     0     0
  1995   2  25     0  22.8   7.2   0.0     0     0
  1995   2  26     0  20.6   6.6   0.0     0     0
  1995   2  27     0  21.6   5.8   0.0     0     0
  1995   2  28     0  22.6   7.2   0.0     0     0
  1995   3   1     0  20.8   8.2   0.0     0     0
  1995   3   2     0  21.9   7.6   0.0     0     0
  1995   3   3     0  20.8   7.2   0.0     0     0
  1995   3   4     0  22.2   6.4   0.0     0     0
  1995   3   5     0  21.8   8.6   0.0     0     0
  1995   3   6     0  23.2   9.4   0.0     0     0
  1995   3   7     0  22.8   7.2   8.8     0     0
  1995   3   8     0  23.8   6.2   0.0     0     0
  1995   3   9     0  21.2   8.2   0.0     0     0
  1995   3  10     0  22.8   7.2   0.0     0     0
  1995   3  11     0  23.4  10.2   0.0     0     0
  1995   3  12     0  22.8  10.8   0.0     0     0
  1995   3  13     0  23.8  11.4   0.0     0     0
  1995   3  14     0  22.2  10.2   0.0     0     0
  1995   3  15     0  24.2  11.6   0.0     0     0
  1995   3  16     0  23.8  12.4   0.0     0     0
  1995   3  17     0  24.2  11.8   0.0     0     0
  1995   3  18     0  25.8  13.2   0.0     0     0
  1995   3  19     0  24.8  12.4   0.0     0     0
  1995   3  20     0  23.2  14.2   0.0     0     0
  1995   3  21     0  24.2  12.6   0.0     0     0
  1995   3  22     0  25.8  13.2   0.0     0     0
  1995   3  23     0  26.2  14.2   0.0     0     0
  1995   3  24     0  26.2  12.8   0.0     0     0
  1995   3  25     0  24.4  11.9   0.0     0     0
  1995   3  26     0  22.2  10.8   5.2     0     0
  1995   3  27     0  23.8  11.2  20.8     0     0
  1995   3  28     0  22.4  12.4   0.0     0     0
  1995   3  29     0  21.2  10.4     T     0     0
  1995   3  30     0  23.6  12.6  22.8     0     0
  1995   3  31     0  25.2  12.4   0.0     0     0
  1995   4   1     0  26.4  13.2   0.0     0     0
  1995   4   2     0  27.6  11.6   0.0     0     0
  1995   4   3     0  25.2  12.2   0.0     0     0
  1995   4   4     0  26.2  13.2   0.0     0     0
  1995   4   5     0  24.2  12.8   0.0     0     0
  1995   4   6     0  25.2  12.2   0.0     0     0
  1995   4   7     0  27.2  11.4   0.0     0     0
  1995   4   8     0  26.8  12.6   0.0     0     0
  1995   4   9     0  27.8  13.2   0.0     0     0
  1995   4  10     0  26.4  12.8   0.0     0     0
  1995   4  11     0  28.2  12.8   0.0     0     0
  1995   4  12     0  27.2  14.2   0.0     0     0
  1995   4  13     0  28.6  13.8   0.0     0     0
  1995   4  14     0  29.2  12.4   0.0     0     0
  1995   4  15     0  28.2  13.2   0.0     0     0
  1995   4  16     0  27.2  14.2   0.0     0     0
  1995   4  17     0  28.2  13.2   0.0     0     0
  1995   4  18     0  30.2  13.8   0.0     0     0
  1995   4  19     0  28.2  14.2   0.0     0     0
  1995   4  20     0  29.6  13.6   0.0     0     0
  1995   4  21     0  30.2  15.2   0.0     0     0
  1995   4  22     0  31.2  14.2   0.0     0     0
  1995   4  23     0  30.8  16.2   0.0     0     0
  1995   4  24     0  29.2  15.8   0.0     0     0
  1995   4  25     0  30.2  13.2   0.0     0     0
  1995   4  26     0  29.6  12.4   0.0     0     0
  1995   4  27     0  31.2  14.2   0.0     0     0
  1995   4  28     0  30.8  13.2   0.0     0     0
  1995   4  29     0  29.6  12.6     T     0     0
  1995   4  30     0  30.2  15.2   0.0     0     0
  1995   5   1     0  30.2  16.2   0.0     0     0
  1995   5   2     0  31.2  14.2   0.0     0     0
  1995   5   3     0  32.8  15.2   0.0     0     0
  1995   5   4     0  30.8  16.2   0.0     0     0
  1995   5   5     0  32.6  16.4   0.0     0     0
  1995   5   6     0  31.6  18.2   0.0     0     0
  1995   5   7     0  32.4  16.4   0.0     0     0
  1995   5   8     0  33.2  14.2   0.0     0     0
  1995   5   9     0  32.2  16.2   8.2     0     0
  1995   5  10     0  31.6  17.2   0.0     0     0
  1995   5  11     0  32.2  15.2   0.0     0     0
  1995   5  12     0  31.2  16.4   8.2     0     0
  1995   5  13     0  30.2  17.2  12.4     0     0
  1995   5  14     0  31.2  15.2  15.2     0     0
  1995   5  15     0  30.2  16.2     T     0     0
  1995   5  16     0  31.2  14.2   5.5     0     0
  1995   5  17     0  32.4  16.4   0.0     0     0
  1995   5  18     0  30.4  17.2   0.0     0     0
  1995   5  19     0  31.6  18.2   0.0     0     0
  1995   5  20     0  31.6  16.2     T     0     0
  1995   5  21     0  30.2  14.2   0.0     0     0
  1995   5  22     0  32.2  16.4   0.0     0     0
  1995   5  23     0  31.2  17.2   0.0     0     0
  1995   5  24     0  30.6  18.2   0.0     0     0
  1995   5  25     0  32.2  16.4   0.0     0     0
  1995   5  26     0  31.8  18.8   0.0     0     0
  1995   5  27     0  32.8  16.4   0.0     0     0
  1995   5  28     0  33.2  17.2   0.0     0     0
  1995   5  29     0  35.6  18.2   0.0     0     0
  1995   5  30     0  36.2  19.2   0.0     0     0
  1995   5  31     0  37.2  20.4   0.0     0     0
  1995   6   1     0  38.2  21.2   0.0     0     0
  1995   6   2     0  37.2  21.4   0.0     0     0
  1995   6   3     0  35.2  22.2   0.0     0     0
  1995   6   4     0  34.2  19.4   0.0     0     0
  1995   6   5     0  35.2  20.4   0.0     0     0
  1995   6   6     0  36.4  19.4   0.0     0     0
  1995   6   7     0  35.2  20.6   0.0     0     0
  1995   6   8     0  34.2  19.2     T     0     0
  1995   6   9     0  33.2  17.2   1.4     0     0
  1995   6  10     0  30.2  18.4     T     0     0
  1995   6  11     0  30.2  15.2  10.8     0     0
  1995   6  12     0  29.2  14.2  40.8     0     0
  1995   6  13     0  28.2  16.4  28.2     0     0
  1995   6  14     0  28.2  14.2     T     0     0
  1995   6  15     0  29.2  15.2  20.4     0     0
  1995   6  16     0  28.2  16.2   0.0     0     0
  1995   6  17     0  27.2  15.6  25.2     0     0
  1995   6  18     0  26.2  12.4     T     0     0
  1995   6  19     0  25.2  11.2  50.8     0     0
  1995   6  20     0  27.2  12.4  61.2     0     0
  1995   6  21     0  26.4  14.2  25.6     0     0
  1995   6  22     0  25.8  12.4  35.5     0     0
  1995   6  23     0  24.2  10.2  50.2     0     0
  1995   6  24     0  26.2  11.2  25.8     0     0
  1995   6  25     0  27.2  12.2  10.6     0     0
  1995   6  26     0  25.4  13.2  14.2     0     0
  1995   6  27     0  24.2  10.2  35.9     0     0
  1995   6  28     0  26.2  12.4  14.2     0     0
  1995   6  29     0  27.2  11.4     T     0     0
  1995   6  30     0  26.8  13.2  10.6     0     0
  1995   7   1     0  27.2  12.2  70.2     0     0
  1995   7   2     0  28.2  14.2  60.8     0     0
  1995   7   3     0  27.2  15.2  40.2     0     0
  1995   7   4     0  28.2  13.2  38.9     0     0
  1995   7   5     0  27.8  14.2  36.2     0     0
  1995   7   6     0  29.2  13.8  10.8     0     0
  1995   7   7     0  30.4  15.2   0.0     0     0
  1995   7   8     0  28.2  14.2  21.6     0     0
  1995   7   9     0  27.2  11.2  14.8     0     0
  1995   7  10     0  28.8  12.2  25.2     0     0
  1995   7  11     0  29.2  13.2   0.0     0     0
  1995   7  12     0  28.2  15.2   0.0     0     0
  1995   7  13     0  30.6  11.2   0.0     0     0
  1995   7  14     0  29.8  10.2   0.0     0     0
  1995   7  15     0  28.2   9.6   0.0     0     0
  1995   7  16     0  29.2   9.4  27.6     0     0
  1995   7  17     0  28.6   8.2  20.8     0     0
  1995   7  18     0  29.6  10.2  30.6     0     0
  1995   7  19     0  27.2  10.2   5.6     0     0
  1995   7  20     0  29.6  11.2  25.6     0     0
  1995   7  21     0  28.2  10.4  15.8     0     0
  1995   7  22     0  27.8  12.4     T     0     0
  1995   7  23     0  29.2   9.2   0.0     0     0
  1995   7  24     0  28.6  11.2   1.5     0     0
  1995   7  25     0  29.8  10.4  15.9     0     0
  1995   7  26     0  30.2  13.2  10.5     0     0
  1995   7  27     0  29.2  11.2   0.0     0     0
  1995   7  28     0  30.6  12.2   0.0     0     0
  1995   7  29     0  29.6  13.6  10.8     0     0
  1995   7  30     0  28.4  12.2  15.6     0     0
  1995   7  31     0  29.8  10.4  20.4     0     0
  1995   8   1     0  30.2  11.2  15.5     0     0
  1995   8   2     0  29.8  12.2  10.6     0     0
  1995   8   3     0  30.2  12.4  25.8     0     0
  1995   8   4     0  29.6  11.2  15.9     0     0
  1995   8   5     0  28.6  10.4  18.6     0     0
  1995   8   6     0  29.8  11.2   9.8     0     0
  1995   8   7     0  28.6  12.8  12.8     0     0
  1995   8   8     0  29.8  16.4  28.6     0     0
  1995   8   9     0  27.2  16.8  22.6     0     0
  1995   8  10     0  28.2  16.8  35.8     0     0
  1995   8  11     0  27.8  17.2  30.2     0     0
  1995   8  12     0  28.6  18.2  35.2     0     0
  1995   8  13     0  27.6  14.2  50.8     0     0
  1995   8  14     0  29.2  19.2  52.2     0     0
  1995   8  15     0  28.2  18.6     T     0     0
  1995   8  16     0  30.2  19.4   0.0     0     0
  1995   8  17     0  29.2  18.2  25.6     0     0
  1995   8  18     0  30.6  17.2  12.4     0     0
  1995   8  19     0  28.6  16.2     T     0     0
  1995   8  20     0  28.8  18.4   0.0     0     0
  1995   8  21     0  29.8  16.2  10.8     0     0
  1995   8  22     0  27.2  18.4  50.8     0     0
  1995   8  23     0  29.2  17.6   0.0     0     0
  1995   8  24     0  28.2  16.8  15.8     0     0
  1995   8  25     0  29.8  17.2     T     0     0
  1995   8  26     0  28.8  17.6  15.9     0     0
  1995   8  27     0  27.2  16.4  19.8     0     0
  1995   8  28     0  28.2  15.6     T     0     0
  1995   8  29     0  29.2  16.2   0.0     0     0
  1995   8  30     0  28.6  17.2   0.0     0     0
  1995   8  31     0  29.6  18.6   0.0     0     0
  1995   9   1     0  28.2  18.2   0.0     0     0
  1995   9   2     0  29.6  16.4   0.0     0     0
  1995   9   3     0  28.2  18.2  10.8     0     0
  1995   9   4     0  29.6  16.2  18.8     0     0
  1995   9   5     0  28.6  16.2  19.8     0     0
  1995   9   6     0  27.2  18.2  30.8     0     0
  1995   9   7     0  28.6  15.2  21.2     0     0
  1995   9   8     0  27.6  16.8   5.6     0     0
  1995   9   9     0  27.6  14.2   0.0     0     0
  1995   9  10     0  29.2  17.2   0.0     0     0
  1995   9  11     0  30.2  16.2   0.0     0     0
  1995   9  12     0  29.2  17.6   0.0     0     0
  1995   9  13     0  28.6  16.4   0.0     0     0
  1995   9  14     0  29.2  17.2   0.0     0     0
  1995   9  15     0  30.2  16.4   0.0     0     0
  1995   9  16     0  29.2  17.2   0.0     0     0
  1995   9  17     0  28.2  15.4  35.8     0     0
  1995   9  18     0  27.2  15.2  25.6     0     0
  1995   9  19     0  29.2  12.6   0.0     0     0
  1995   9  20     0  28.2  13.6   0.0     0     0
  1995   9  21     0  27.6  12.2   0.0     0     0
  1995   9  22     0  28.2  11.2   0.0     0     0
  1995   9  23     0  26.6  10.4   0.0     0     0
  1995   9  24     0  27.2  10.8   0.0     0     0
  1995   9  25     0  28.1  11.6   0.0     0     0
  1995   9  26     0  26.4  12.2   0.0     0     0
  1995   9  27     0  27.8  11.8   0.0     0     0
  1995   9  28     0  28.2  12.6   0.0     0     0
  1995   9  29     0  27.8  11.4   0.0     0     0
  1995   9  30     0  28.4  12.4   0.0     0     0
  1995  10   1     0  27.6  13.2   0.0     0     0
  1995  10   2     0  28.2  12.4   0.0     0     0
  1995  10   3     0  27.2  11.6   0.0     0     0
  1995  10   4     0  28.6  10.6   0.0     0     0
  1995  10   5     0  26.6  13.2   0.0     0     0
  1995  10   6     0  27.2  12.4   0.0     0     0
  1995  10   7     0  28.6  12.8   0.0     0     0
  1995  10   8     0  27.2  11.2   0.0     0     0
  1995  10   9     0  26.2  10.6   0.0     0     0
  1995  10  10     0  27.4  12.6   0.0     0     0
  1995  10  11     0  26.4  10.6   0.0     0     0
  1995  10  12     0  27.2  11.2   0.0     0     0
  1995  10  13     0  26.6  10.8   0.0     0     0
  1995  10  14     0  25.8  12.2   0.0     0     0
  1995  10  15     0  26.6  11.2   0.0     0     0
  1995  10  16     0  27.8  10.6   0.0     0     0
  1995  10  17     0  26.8  12.6   0.0     0     0
  1995  10  18     0  27.8  10.6   0.0     0     0
  1995  10  19     0  25.2  11.2   0.0     0     0
  1995  10  20     0  24.2  11.2   0.0     0     0
  1995  10  21     0   DNA  10.4   0.0     0     0
  1995  10  22     0  22.8   9.2   0.0     0     0
  1995  10  23     0  23.2   8.8   0.0     0     0
  1995  10  24     0  22.8  10.2   0.0     0     0
  1995  10  25     0  23.2  11.2   0.0     0     0
  1995  10  26     0  24.2  11.2   0.0     0     0
  1995  10  27     0  23.6  10.2   0.0     0     0
  1995  10  28     0  22.6   9.6   0.0     0     0
  1995  10  29     0  24.2   8.6   0.0     0     0
  1995  10  30     0  23.6  10.6   0.0     0     0
  1995  10  31     0  24.2  10.2   0.0     0     0
  1995  11   1     0  25.2   9.6   0.0     0     0
  1995  11   2     0  23.2   8.6   0.0     0     0
  1995  11   3     0  24.6   7.6   0.0     0     0
  1995  11   4     0  23.2   8.2   0.0     0     0
  1995  11   5     0  22.2   7.2   0.0     0     0
  1995  11   6     0  21.2   8.2   0.0     0     0
  1995  11   7     0  22.4   7.6   0.0     0     0
  1995  11   8     0  24.2   9.4   0.0     0     0
  1995  11   9     0  23.2  11.2   0.0     0     0
  1995  11  10     0  22.2  10.4  20.6     0     0
  1995  11  11     0  21.2   9.8  18.8     0     0
  1995  11  12     0  22.8   8.2   0.0     0     0
  1995  11  13     0  21.8  10.6   0.0     0     0
  1995  11  14     0  22.6   9.6   0.0     0     0
  1995  11  15     0  21.2  11.2   0.0     0     0
  1995  11  16     0  20.8  12.2   0.0     0     0
  1995  11  17     0  19.4   8.6   0.0     0     0
  1995  11  18     0  18.2   8.2   0.0     0     0
  1995  11  19     0  20.6   7.8     T     0     0
  1995  11  20     0  21.2   9.2   0.0     0     0
  1995  11  21     0  20.6   8.4   0.0     0     0
  1995  11  22     0  22.6   7.2   0.0     0     0
  1995  11  23     0  21.6   6.8   0.0     0     0
  1995  11  24     0  22.8   8.2   0.0     0     0
  1995  11  25     0  24.6   7.6   0.0     0     0
  1995  11  26     0  21.6   8.6   0.0     0     0
  1995  11  27     0  20.8   8.8   0.0     0     0
  1995  11  28     0  19.8   7.2   0.0     0     0
  1995  11  29     0  20.4   7.6   0.0     0     0
  1995  11  30     0  19.8   8.2   0.0     0     0
  1995  12   1     0  18.2   9.2   0.0     0     0
  1995  12   2     0  17.2   7.6   0.0     0     0
  1995  12   3     0  16.2   5.8   0.0     0     0
  1995  12   4     0  15.6   5.8   0.0     0     0
  1995  12   5     0  16.6   6.6   0.0     0     0
  1995  12   6     0  17.6   5.2   0.0     0     0
  1995  12   7     0  15.2   4.2   0.0     0     0
  1995  12   8     0  16.4   5.2   0.0     0     0
  1995  12   9     0  17.2   6.4   0.0     0     0
  1995  12  10     0  18.6   5.8   0.0     0     0
  1995  12  11     0  17.2   6.6   0.0     0     0
  1995  12  12     0  16.4   6.6   0.0     0     0
  1995  12  13     0  17.8   5.8   0.0     0     0
  1995  12  14     0  16.6   6.2   0.0     0     0
  1995  12  15     0  15.9   5.6   0.0     0     0
  1995  12  16     0  16.6   7.6   0.0     0     0
  1995  12  17     0  15.8   5.4   0.0     0     0
  1995  12  18     0  16.2   5.8   0.0     0     0
  1995  12  19     0  17.2   5.8   0.0     0     0
  1995  12  20     0  16.6   4.6   0.0     0     0
  1995  12  21     0  17.6   5.6   0.0     0     0
  1995  12  22     0  16.6   4.6   0.0     0     0
  1995  12  23     0  15.4   5.2   2.4     0     0
  1995  12  24     0  14.8   4.6   5.6     0     0
  1995  12  25     0  15.2   5.6   6.8     0     0
  1995  12  26     0  14.8   4.6   0.0     0     0
  1995  12  27     0  15.6   6.2   0.0     0     0
  1995  12  28     0  16.2   4.8   0.0     0     0
  1995  12  29     0  14.2   4.2   0.0     0     0
  1995  12  30     0  15.8   5.6   0.0     0     0
  1995  12  31     0  14.2   4.6   0.0     0     0
