  2006   1   1     0  13.6   4.2   0.0     0     0
  2006   1   2     0  14.2   4.4   0.0     0     0
  2006   1   3     0  13.2   3.2   0.0     0     0
  2006   1   4     0  12.6   3.6   0.0     0     0
  2006   1   5     0  13.6   3.2   0.0     0     0
  2006   1   6     0  14.6   4.2   0.0     0     0
  2006   1   7     0  13.2   3.4   0.0     0     0
  2006   1   8     0  15.6   4.4   0.0     0     0
  2006   1   9     0  16.2   5.6   0.0     0     0
  2006   1  10     0  16.6   4.6   0.0     0     0
  2006   1  11     0  17.2   5.8   0.0     0     0
  2006   1  12     0  15.2   4.6   0.0     0     0
  2006   1  13     0  16.6   5.2   0.0     0     0
  2006   1  14     0  14.6   4.6   0.0     0     0
  2006   1  15     0  14.2   3.2   0.0     0     0
  2006   1  16     0  13.2   2.4   0.0     0     0
  2006   1  17     0  13.4   2.2   0.0     0     0
  2006   1  18     0  14.2   3.4   0.0     0     0
  2006   1  19     0  13.8   4.2   0.0     0     0
  2006   1  20     0  12.6   3.6   0.0     0     0
  2006   1  21     0  13.2   2.2   0.0     0     0
  2006   1  22     0  12.6   2.8   0.0     0     0
  2006   1  23     0  13.6   2.4   0.0     0     0
  2006   1  24     0  14.2   3.6   0.0     0     0
  2006   1  25     0  15.2   3.8   0.0     0     0
  2006   1  26     0  14.2   2.6   0.0     0     0
  2006   1  27     0  15.6   2.4   0.0     0     0
  2006   1  28     0  14.6   3.4   0.0     0     0
  2006   1  29     0  14.2   2.8   0.0     0     0
  2006   1  30     0  13.6   3.2   0.0     0     0
  2006   1  31     0  15.6   4.4   0.0     0     0
  2006   2   1     0  16.2   5.2   0.0     0     0
  2006   2   2     0  16.6   5.6   0.0     0     0
  2006   2   3     0  17.2   6.6   0.0     0     0
  2006   2   4     0  18.2   6.8   0.0     0     0
  2006   2   5     0  18.6   7.8   0.0     0     0
  2006   2   6     0  19.2   6.6   0.0     0     0
  2006   2   7     0  20.6   7.6   0.0     0     0
  2006   2   8     0  18.6   6.8   0.0     0     0
  2006   2   9     0  17.6   5.6   0.0     0     0
  2006   2  10     0  18.2   6.2   0.0     0     0
  2006   2  11     0  19.2   7.6   0.0     0     0
  2006   2  12     0  18.2   7.2   0.0     0     0
  2006   2  13     0  19.6   8.8   0.0     0     0
  2006   2  14     0  18.8   7.6   0.0     0     0
  2006   2  15     0  19.6   6.2   0.0     0     0
  2006   2  16     0  20.6   7.8   0.0     0     0
  2006   2  17     0  20.8   8.6   0.0     0     0
  2006   2  18     0  21.6   8.8   0.0     0     0
  2006   2  19     0  22.4   9.4   0.0     0     0
  2006   2  20     0  23.2  10.2   0.0     0     0
  2006   2  21     0  23.8  11.2   0.0     0     0
  2006   2  22     0  24.2  10.6   0.0     0     0
  2006   2  23     0  22.6  10.2   0.0     0     0
  2006   2  24     0  23.2  11.2   0.0     0     0
  2006   2  25     0  24.6  12.4   0.0     0     0
  2006   2  26     0  23.6  11.6   0.0     0     0
  2006   2  27     0  24.2  12.6   0.0     0     0
  2006   2  28     0  23.2  11.2   0.0     0     0
  2006   3   1     0  24.2  12.2   0.0     0     0
  2006   3   2     0  24.6  11.6   0.0     0     0
  2006   3   3     0  25.2  12.2   0.0     0     0
  2006   3   4     0  24.4  11.2   0.0     0     0
  2006   3   5     0  25.2  11.8   0.0     0     0
  2006   3   6     0  26.2  12.6   0.0     0     0
  2006   3   7     0  26.8  13.6   0.0     0     0
  2006   3   8     0  27.2  13.2   0.0     0     0
  2006   3   9     0  28.2  13.6   0.0     0     0
  2006   3  10     0  26.2  12.6   0.0     0     0
  2006   3  11     0  25.4  11.6     T     0     0
  2006   3  12     0  24.6  11.8  13.2     0     0
  2006   3  13     0  23.6  10.8  15.6     0     0
  2006   3  14     0  22.6   9.4   2.6     0     0
  2006   3  15     0  23.2  10.4     T     0     0
  2006   3  16     0  24.2  10.6   0.0     0     0
  2006   3  17     0  25.2  11.2   0.0     0     0
  2006   3  18     0  25.8  12.6   0.0     0     0
  2006   3  19     0  26.2  13.6   0.0     0     0
  2006   3  20     0  25.4  12.6   0.0     0     0
  2006   3  21     0  25.8  11.6     T     0     0
  2006   3  22     0  26.6  12.4   0.0     0     0
  2006   3  23     0  27.0  12.6   0.0     0     0
  2006   3  24     0  27.4  13.2   0.0     0     0
  2006   3  25     0  28.2  14.4   0.0     0     0
  2006   3  26     0  29.6  14.6   0.0     0     0
  2006   3  27     0  30.2  15.2   0.0     0     0
  2006   3  28     0  29.8  15.6   0.0     0     0
  2006   3  29     0  29.4  13.2   0.0     0     0
  2006   3  30     0  30.2  14.6   0.0     0     0
  2006   3  31     0  30.8  15.2   0.0     0     0
  2006   4   1     0  31.2  15.2   0.0     0     0
  2006   4   2     0  30.2  14.6   0.0     0     0
  2006   4   3     0  29.6  13.6   0.0     0     0
  2006   4   4     0  30.2  14.2   0.0     0     0
  2006   4   5     0  29.6  13.6   0.0     0     0
  2006   4   6     0  29.8  13.8   0.0     0     0
  2006   4   7     0  29.2  12.6   0.0     0     0
  2006   4   8     0  30.2  13.6   0.0     0     0
  2006   4   9     0  30.8  14.4   0.0     0     0
  2006   4  10     0  29.6  13.8   0.0     0     0
  2006   4  11     0  29.2  12.6   5.2     0     0
  2006   4  12     0  30.6  13.2     T     0     0
  2006   4  13     0  30.8  13.6   0.0     0     0
  2006   4  14     0  31.2  14.6   0.0     0     0
  2006   4  15     0  31.6  13.2   0.0     0     0
  2006   4  16     0  30.2  12.6   0.0     0     0
  2006   4  17     0  29.6  13.2   4.4     0     0
  2006   4  18     0  29.2  12.6   6.4     0     0
  2006   4  19     0  30.2  13.2     T     0     0
  2006   4  20     0  30.8  13.4   0.0     0     0
  2006   4  21     0  31.2  14.2   0.0     0     0
  2006   4  22     0  31.4  13.6   8.2     0     0
  2006   4  23     0  30.2  13.8   0.0     0     0
  2006   4  24     0  29.8  14.2   0.0     0     0
  2006   4  25     0  30.2  14.6   0.0     0     0
  2006   4  26     0  31.6  15.2   0.0     0     0
  2006   4  27     0  32.2  14.2   0.0     0     0
  2006   4  28     0  32.6  15.8   0.0     0     0
  2006   4  29     0  31.2  15.2   0.0     0     0
  2006   4  30     0  30.2  14.6   0.0     0     0
  2006   5   1     0  29.6  15.6     T     0     0
  2006   5   2     0  29.8  14.4   0.0     0     0
  2006   5   3     0  28.2  13.6     T     0     0
  2006   5   4     0  28.6  13.2   0.0     0     0
  2006   5   5     0  29.2  13.6  12.4     0     0
  2006   5   6     0  29.6  12.2   0.0     0     0
  2006   5   7     0  28.2  12.6  27.2     0     0
  2006   5   8     0  29.2  13.2     T     0     0
  2006   5   9     0  29.8  13.6  10.2     0     0
  2006   5  10     0  29.4  13.2   8.2     0     0
  2006   5  11     0  30.2  14.2  17.8     0     0
  2006   5  12     0  31.6  14.6   0.0     0     0
  2006   5  13     0  31.8  14.8     T     0     0
  2006   5  14     0  30.2  15.2   0.0     0     0
  2006   5  15     0  29.6  13.6   7.2     0     0
  2006   5  16     0  29.2  13.2     T     0     0
  2006   5  17     0  29.8  12.6   0.0     0     0
  2006   5  18     0  29.4  13.4   2.2     0     0
  2006   5  19     0  28.2  18.2   4.6     0     0
  2006   5  20     0  29.6  12.8     T     0     0
  2006   5  21     0  29.2  12.2  72.2     0     0
  2006   5  22     0  30.6  13.2     T     0     0
  2006   5  23     0  31.2  13.8   0.0     0     0
  2006   5  24     0  32.2  14.6   0.0     0     0
  2006   5  25     0  32.6  14.8   0.0     0     0
  2006   5  26     0  33.2  15.6     T     0     0
  2006   5  27     0  32.8  15.4     T     0     0
  2006   5  28     0  31.6  15.8  33.8     0     0
  2006   5  29     0  30.4  13.6  29.2     0     0
  2006   5  30     0  30.2  13.2   4.2     0     0
  2006   5  31     0  31.2  14.2   0.0     0     0
  2006   6   1     0  30.8  13.6     T     0     0
  2006   6   2     0  30.2  13.2   6.4     0     0
  2006   6   3     0  31.2  13.8  10.6     0     0
  2006   6   4     0  30.6  12.6  35.6     0     0
  2006   6   5     0  30.2  11.2   8.2     0     0
  2006   6   6     0  30.8  12.4   6.6     0     0
  2006   6   7     0  31.2  13.4     T     0     0
  2006   6   8     0  31.4  13.6     T     0     0
  2006   6   9     0  32.2  14.2   0.0     0     0
  2006   6  10     0  32.4  14.6   0.0     0     0
  2006   6  11     0  33.6  15.2   0.0     0     0
  2006   6  12     0  33.8  15.8   0.0     0     0
  2006   6  13     0  34.2  16.2   0.0     0     0
  2006   6  14     0  33.6  15.2   0.0     0     0
  2006   6  15     0  34.6  15.6   0.0     0     0
  2006   6  16     0  35.2  15.8   0.0     0     0
  2006   6  17     0  36.2  16.2   0.0     0     0
  2006   6  18     0  36.4  17.2   0.0     0     0
  2006   6  19     0  37.2  16.8   0.0     0     0
  2006   6  20     0  37.4  17.6   0.0     0     0
  2006   6  21     0  36.6  17.8   0.0     0     0
  2006   6  22     0  36.8  17.2   0.0     0     0
  2006   6  23     0  36.2  18.2   0.0     0     0
  2006   6  24     0  33.2  16.2 100.8     0     0
  2006   6  25     0  32.6  16.4     T     0     0
  2006   6  26     0  32.2  15.6   2.4     0     0
  2006   6  27     0  32.6  15.4  48.6     0     0
  2006   6  28     0  32.2  14.2  34.8     0     0
  2006   6  29     0  31.6  13.6   6.8     0     0
  2006   6  30     0  30.2  13.8  23.4     0     0
  2006   7   1     0  30.4  14.6  13.6     0     0
  2006   7   2     0  29.4  13.6   6.8     0     0
  2006   7   3     0  29.2  13.8  12.6     0     0
  2006   7   4     0  28.6  12.4   2.2     0     0
  2006   7   5     0  28.4  12.2  13.8     0     0
  2006   7   6     0  29.4  11.6  23.2     0     0
  2006   7   7     0  28.6  11.2  16.6     0     0
  2006   7   8     0  27.2  12.2   6.8     0     0
  2006   7   9     0  28.2  11.8   8.8     0     0
  2006   7  10     0  27.6  11.2  21.6     0     0
  2006   7  11     0  28.6  12.6  25.2     0     0
  2006   7  12     0  27.6  11.6  17.2     0     0
  2006   7  13     0  28.6  11.8   6.6     0     0
  2006   7  14     0  28.2  10.2  22.6     0     0
  2006   7  15     0  27.2  10.4  31.8     0     0
  2006   7  16     0  27.8   9.6  30.4     0     0
  2006   7  17     0  28.2  10.6  12.8     0     0
  2006   7  18     0  27.6  10.8  20.2     0     0
  2006   7  19     0  28.2  11.2  16.8     0     0
  2006   7  20     0  27.6  11.6  32.6     0     0
  2006   7  21     0  28.2  12.6  23.6     0     0
  2006   7  22     0  29.6  13.6  15.8     0     0
  2006   7  23     0  28.6  12.6   3.6     0     0
  2006   7  24     0  27.6  12.8  21.8     0     0
  2006   7  25     0  27.4  11.2   6.6     0     0
  2006   7  26     0  27.2  10.2  13.2     0     0
  2006   7  27     0  28.2  11.2   4.6     0     0
  2006   7  28     0  28.6  12.4   8.8     0     0
  2006   7  29     0  27.4  11.6   2.2     0     0
  2006   7  30     0  27.2  10.4   4.2     0     0
  2006   7  31     0  27.4  10.2   2.0     0     0
  2006   8   1     0  27.6  11.4     T     0     0
  2006   8   2     0  28.2  12.2  10.6     0     0
  2006   8   3     0  29.4  11.2  86.2     0     0
  2006   8   4     0  28.8  11.6  38.2     0     0
  2006   8   5     0  28.2  12.2  31.2     0     0
  2006   8   6     0  28.8  11.4  35.8     0     0
  2006   8   7     0  29.6  13.6  23.8     0     0
  2006   8   8     0  29.2  13.4  18.8     0     0
  2006   8   9     0  30.2  14.2  33.2     0     0
  2006   8  10     0  29.4  13.8  12.6     0     0
  2006   8  11     0  30.2  13.2  82.2     0     0
  2006   8  12     0  31.6  14.6   0.0     0     0
  2006   8  13     0  32.4  15.2  13.6     0     0
  2006   8  14     0  31.2  15.6  17.2     0     0
  2006   8  15     0  32.4  14.2   2.6     0     0
  2006   8  16     0  32.6  15.2   3.6     0     0
  2006   8  17     0  31.2  14.6     T     0     0
  2006   8  18     0  30.6  13.6   3.4     0     0
  2006   8  19     0  31.2  14.2  48.2     0     0
  2006   8  20     0  31.2  15.2     T     0     0
  2006   8  21     0  29.6  14.6   0.0     0     0
  2006   8  22     0  29.2  13.6  12.8     0     0
  2006   8  23     0  29.6  13.2  11.6     0     0
  2006   8  24     0  28.6  13.6   8.2     0     0
  2006   8  25     0  28.2  12.6  10.6     0     0
  2006   8  26     0  29.2  12.2  12.2     0     0
  2006   8  27     0  27.2  13.2   9.6     0     0
  2006   8  28     0  27.4  11.6   7.2     0     0
  2006   8  29     0  28.2  10.6  21.6     0     0
  2006   8  30     0  27.2  11.6     T     0     0
  2006   8  31     0  27.8  11.4   7.8     0     0
  2006   9   1     0  28.2  12.6     T     0     0
  2006   9   2     0  27.6  11.6   0.0     0     0
  2006   9   3     0  28.6  10.6   0.0     0     0
  2006   9   4     0  28.2  11.2   0.0     0     0
  2006   9   5     0  29.2  12.4   0.0     0     0
  2006   9   6     0  28.4  11.2   6.4     0     0
  2006   9   7     0  28.2  10.2  12.6     0     0
  2006   9   8     0  29.2  10.8  10.2     0     0
  2006   9   9     0  28.8  11.4  14.2     0     0
  2006   9  10     0  28.2  10.2  21.6     0     0
  2006   9  11     0  27.2  11.2  24.2     0     0
  2006   9  12     0  27.4  10.6  48.6     0     0
  2006   9  13     0  28.2  10.2  10.2     0     0
  2006   9  14     0  27.8   9.6   4.6     0     0
  2006   9  15     0  28.2  10.2   4.2     0     0
  2006   9  16     0  27.2  11.2   2.2     0     0
  2006   9  17     0  26.2  10.6     T     0     0
  2006   9  18     0  27.6  10.8   0.0     0     0
  2006   9  19     0  28.6  11.2   0.0     0     0
  2006   9  20     0  26.2  10.2  12.2     0     0
  2006   9  21     0  27.2   9.2  17.8     0     0
  2006   9  22     0  27.6  10.2     T     0     0
  2006   9  23     0  28.2  10.6   0.0     0     0
  2006   9  24     0  27.2  10.4   0.0     0     0
  2006   9  25     0  28.6   9.6   0.0     0     0
  2006   9  26     0  27.8  10.6   0.0     0     0
  2006   9  27     0  27.2   9.2   0.0     0     0
  2006   9  28     0  26.2   8.2   0.0     0     0
  2006   9  29     0  27.6   9.6   0.0     0     0
  2006   9  30     0  26.4   8.6   0.0     0     0
  2006  10   1     0  27.2   9.6   0.0     0     0
  2006  10   2     0  26.2   8.4   0.0     0     0
  2006  10   3     0  26.8   9.2   0.0     0     0
  2006  10   4     0  26.4   9.6   0.0     0     0
  2006  10   5     0  27.6  10.2   0.0     0     0
  2006  10   6     0  27.2  10.4   0.0     0     0
  2006  10   7     0  26.6   9.6   0.0     0     0
  2006  10   8     0  26.2   8.6   0.0     0     0
  2006  10   9     0  27.4   9.4   0.0     0     0
  2006  10  10     0  26.6   8.6   0.0     0     0
  2006  10  11     0  26.2   9.6   0.0     0     0
  2006  10  12     0  25.6   9.2   0.0     0     0
  2006  10  13     0  26.2  10.2   0.0     0     0
  2006  10  14     0  26.4  10.4   0.0     0     0
  2006  10  15     0  25.6   9.8   0.0     0     0
  2006  10  16     0  26.2  10.6   0.0     0     0
  2006  10  17     0  25.4  11.2   0.0     0     0
  2006  10  18     0  26.6  10.8   0.0     0     0
  2006  10  19     0  26.2  11.2   0.0     0     0
  2006  10  20     0  25.6  11.6   0.0     0     0
  2006  10  21     0  25.2  10.2     T     0     0
  2006  10  22     0  24.2   9.6   2.2     0     0
  2006  10  23     0  24.6   9.8     T     0     0
  2006  10  24     0  25.6   9.2   0.0     0     0
  2006  10  25     0  26.2  10.2   0.0     0     0
  2006  10  26     0  26.6  10.6   0.0     0     0
  2006  10  27     0  25.6  11.2   0.0     0     0
  2006  10  28     0  26.2  10.2   0.0     0     0
  2006  10  29     0  25.6   9.2   0.0     0     0
  2006  10  30     0  26.2   9.8   0.0     0     0
  2006  10  31     0  25.6   9.6   0.0     0     0
  2006  11   1     0  24.6  11.2   0.0     0     0
  2006  11   2     0  23.6  10.4   0.0     0     0
  2006  11   3     0  23.2  10.2   0.0     0     0
  2006  11   4     0  22.2  11.4   0.0     0     0
  2006  11   5     0  21.2  10.2   0.0     0     0
  2006  11   6     0  20.2   9.6   0.0     0     0
  2006  11   7     0  21.2   9.2   0.0     0     0
  2006  11   8     0  22.2  10.2   0.0     0     0
  2006  11   9     0  21.2   9.8   0.0     0     0
  2006  11  10     0  21.4   9.4   0.0     0     0
  2006  11  11     0  21.6   9.6   0.0     0     0
  2006  11  12     0  20.2   9.2   0.0     0     0
  2006  11  13     0  19.6   8.2   0.0     0     0
  2006  11  14     0  19.2   9.2   0.0     0     0
  2006  11  15     0  18.2   8.2   0.0     0     0
  2006  11  16     0  17.2   7.2   0.0     0     0
  2006  11  17     0  17.6   8.6   0.0     0     0
  2006  11  18     0  18.2   7.6   0.0     0     0
  2006  11  19     0  19.2   6.6   0.0     0     0
  2006  11  20     0  18.4   6.2   0.0     0     0
  2006  11  21     0  19.6   7.6   0.0     0     0
  2006  11  22     0  20.2   8.2   0.0     0     0
  2006  11  23     0  18.2   7.2   0.0     0     0
  2006  11  24     0  17.8   6.6   0.0     0     0
  2006  11  25     0  18.2   6.2   0.0     0     0
  2006  11  26     0  17.2   5.4   0.0     0     0
  2006  11  27     0  18.2   6.8   0.0     0     0
  2006  11  28     0  17.6   7.6   0.0     0     0
  2006  11  29     0  17.2   6.2   0.0     0     0
  2006  11  30     0  17.8   7.2   0.0     0     0
  2006  12   1     0  18.2   6.6   0.0     0     0
  2006  12   2     0  17.2   6.2   0.0     0     0
  2006  12   3     0  17.6   5.6   0.0     0     0
  2006  12   4     0  16.6   6.8   0.0     0     0
  2006  12   5     0  16.8   6.2   0.0     0     0
  2006  12   6     0  17.6   5.8   0.0     0     0
  2006  12   7     0  18.2   6.4   0.0     0     0
  2006  12   8     0  17.2   6.8   0.0     0     0
  2006  12   9     0  16.6   5.4   0.0     0     0
  2006  12  10     0  16.2   5.2   8.4     0     0
  2006  12  11     0  16.4   4.6   4.2     0     0
  2006  12  12     0  17.2   5.6     T     0     0
  2006  12  13     0  16.4   4.2   0.0     0     0
  2006  12  14     0  16.8   5.2   0.0     0     0
  2006  12  15     0  16.2   4.4   0.0     0     0
  2006  12  16     0  16.6   3.6   0.0     0     0
  2006  12  17     0  17.2   4.2   0.0     0     0
  2006  12  18     0  17.6   5.6   0.0     0     0
  2006  12  19     0  18.2   6.2   0.0     0     0
  2006  12  20     0  16.2   5.4   0.0     0     0
  2006  12  21     0  16.8   5.2   0.0     0     0
  2006  12  22     0  15.2   4.6   0.0     0     0
  2006  12  23     0  15.4   3.6   0.0     0     0
  2006  12  24     0  16.2   4.2   0.0     0     0
  2006  12  25     0  15.6   3.6   0.0     0     0
  2006  12  26     0  16.6   4.2   0.0     0     0
  2006  12  27     0  15.8   3.2   0.0     0     0
  2006  12  28     0  16.4   3.8   0.0     0     0
  2006  12  29     0  16.6   3.4   0.0     0     0
  2006  12  30     0  15.2   4.2   0.0     0     0
  2006  12  31     0  14.2   3.8   0.0     0     0
