  1975   1   1     0   9.9   6.3   1.0     0     0
  1975   1   2     0  10.3   4.7  12.0     0     0
  1975   1   3     0   9.2   6.3   0.0     0     0
  1975   1   4     0  11.3   2.5  23.8     0     0
  1975   1   5     0  12.5   3.3   0.0     0     0
  1975   1   6     0  15.1   4.5   0.0     0     0
  1975   1   7     0  15.5   5.4   0.0     0     0
  1975   1   8     0  12.1   5.7   0.0     0     0
  1975   1   9     0  13.3   7.5   0.0     0     0
  1975   1  10     0  16.3   7.4   0.0     0     0
  1975   1  11     0  13.4   6.5   0.0     0     0
  1975   1  12     0  11.5   6.2   1.0     0     0
  1975   1  13     0  12.5   2.5   2.0     0     0
  1975   1  14     0  13.5   4.5   0.0     0     0
  1975   1  15     0  12.7   4.6   0.0     0     0
  1975   1  16     0  14.5   6.3   0.4     0     0
  1975   1  17     0  13.4   4.4   0.0     0     0
  1975   1  18     0  11.7   4.6   0.0     0     0
  1975   1  19     0  13.3   4.3   0.0     0     0
  1975   1  20     0  10.5   6.2   0.0     0     0
  1975   1  21     0  14.2   5.2   0.0     0     0
  1975   1  22     0  13.5   7.5   3.2     0     0
  1975   1  23     0  14.5   6.3   1.2     0     0
  1975   1  24     0  10.1   6.2     T     0     0
  1975   1  25     0  12.4   2.5   0.4     0     0
  1975   1  26     0  12.9   2.9   0.0     0     0
  1975   1  27     0  14.2   4.5   0.0     0     0
  1975   1  28     0  16.7   5.6   0.0     0     0
  1975   1  29     0  16.1   8.5   0.0     0     0
  1975   1  30     0  10.4   9.0   0.0     0     0
  1975   1  31     0  12.5   5.4  20.2     0     0
  1975   2   1     0  11.2   6.4   3.2     0     0
  1975   2   2     0  11.5   2.3  22.0     0     0
  1975   2   3     0  15.4   4.5   0.0     0     0
  1975   2   4     0  12.5   4.7   0.0     0     0
  1975   2   5     0  14.5   6.7   1.4     0     0
  1975   2   6     0  15.3   6.0   0.0     0     0
  1975   2   7     0  15.2   6.5   0.0     0     0
  1975   2   8     0  15.5   6.0   0.0     0     0
  1975   2   9     0  17.6   7.6   0.0     0     0
  1975   2  10     0  16.1   6.5   0.0     0     0
  1975   2  11     0  14.5   6.7   0.0     0     0
  1975   2  12     0  16.4   4.2   0.8     0     0
  1975   2  13     0  12.7   7.5     T     0     0
  1975   2  14     0  15.1   6.4  22.4     0     0
  1975   2  15     0  14.3   6.0   0.0     0     0
  1975   2  16     0  15.7   5.2   0.0     0     0
  1975   2  17     0  13.4   7.4   0.0     0     0
  1975   2  18     0  16.2   6.1   0.0     0     0
  1975   2  19     0  19.1   7.8   0.0     0     0
  1975   2  20     0  11.4   4.8   1.6     0     0
  1975   2  21     0  17.7   7.6   8.8     0     0
  1975   2  22     0  15.5   9.0   0.0     0     0
  1975   2  23     0  17.5   7.0   0.0     0     0
  1975   2  24     0  18.9   6.3   0.0     0     0
  1975   2  25     0  20.1   7.7   0.0     0     0
  1975   2  26     0  17.3   9.8   0.0     0     0
  1975   2  27     0  17.6  10.4     T     0     0
  1975   2  28     0  19.9  10.8   0.0     0     0
  1975   3   1     0  18.6  10.5   0.0     0     0
  1975   3   2     0  17.6  12.1  12.0     0     0
  1975   3   3     0  16.1  11.2   0.0     0     0
  1975   3   4     0  17.6   9.4   0.0     0     0
  1975   3   5     0  17.9   9.8   0.0     0     0
  1975   3   6     0  18.6  10.0   0.0     0     0
  1975   3   7     0  18.7  10.5   0.0     0     0
  1975   3   8     0  17.5  10.8   0.0     0     0
  1975   3   9     0  17.3   9.9   0.0     0     0
  1975   3  10     0  22.8  10.3   0.0     0     0
  1975   3  11     0  19.5  13.5   0.0     0     0
  1975   3  12     0  20.1   9.5  11.6     0     0
  1975   3  13     0  21.3   9.7   0.0     0     0
  1975   3  14     0  22.3   8.7   0.0     0     0
  1975   3  15     0  22.7   9.4   0.0     0     0
  1975   3  16     0  21.7  10.5   0.0     0     0
  1975   3  17     0  22.2  10.4   0.0     0     0
  1975   3  18     0  22.5  10.6   0.0     0     0
  1975   3  19     0  22.7  10.4   0.0     0     0
  1975   3  20     0  22.3  13.5   0.0     0     0
  1975   3  21     0  23.5  10.4   0.0     0     0
  1975   3  22     0  24.5  12.3   0.0     0     0
  1975   3  23     0  20.3  13.5   0.4     0     0
  1975   3  24     0  22.9  13.4   2.4     0     0
  1975   3  25     0  19.5  10.2  12.6     0     0
  1975   3  26     0  18.3   7.9  10.2     0     0
  1975   3  27     0  22.5   9.6   0.0     0     0
  1975   3  28     0  22.3  10.5   0.0     0     0
  1975   3  29     0  23.5  12.3   0.0     0     0
  1975   3  30     0  24.2  13.4   0.0     0     0
  1975   3  31     0  24.5  12.5   0.0     0     0
  1975   4   1     0  25.5  13.5   0.0     0     0
  1975   4   2     0  27.5  14.9   0.0     0     0
  1975   4   3     0  27.7  16.2   0.0     0     0
  1975   4   4     0  28.5  17.5   0.0     0     0
  1975   4   5     0  29.3  17.7   0.0     0     0
  1975   4   6     0  29.7  16.5   0.0     0     0
  1975   4   7     0  30.5  16.7   0.0     0     0
  1975   4   8     0  27.0  16.5   0.0     0     0
  1975   4   9     0  24.5  14.5   0.0     0     0
  1975   4  10     0  21.5  13.5   0.0     0     0
  1975   4  11     0  26.2  12.7   0.0     0     0
  1975   4  12     0  28.5  13.4   0.0     0     0
  1975   4  13     0  27.5  13.8   0.0     0     0
  1975   4  14     0  26.1  15.5   0.0     0     0
  1975   4  15     0  25.9  16.2   0.0     0     0
  1975   4  16     0  26.5  12.5   0.0     0     0
  1975   4  17     0  28.5  14.5   0.0     0     0
  1975   4  18     0  28.7  16.2   0.0     0     0
  1975   4  19     0  28.9  17.5   0.0     0     0
  1975   4  20     0  28.5  17.0   0.0     0     0
  1975   4  21     0  29.2  18.0   0.0     0     0
  1975   4  22     0  29.4  18.1   0.0     0     0
  1975   4  23     0  28.9  16.1   0.0     0     0
  1975   4  24     0  28.7  15.4   0.0     0     0
  1975   4  25     0  29.4  15.8   0.0     0     0
  1975   4  26     0  29.5  14.2   0.0     0     0
  1975   4  27     0  25.5  13.1   0.0     0     0
  1975   4  28     0  27.3  14.2   0.0     0     0
  1975   4  29     0  26.2  13.1   0.0     0     0
  1975   4  30     0  26.1  12.1   0.0     0     0
  1975   5   1     0  27.1  11.2   0.0     0     0
  1975   5   2     0  27.3  13.2   0.0     0     0
  1975   5   3     0  30.7  17.5   0.0     0     0
  1975   5   4     0  28.9  15.5     T     0     0
  1975   5   5     0  30.9  16.1   0.0     0     0
  1975   5   6     0  30.5  16.6   0.0     0     0
  1975   5   7     0  30.7  17.5   0.0     0     0
  1975   5   8     0  32.2  18.5   0.0     0     0
  1975   5   9     0  31.5  20.3   0.0     0     0
  1975   5  10     0  32.7  20.5   0.0     0     0
  1975   5  11     0  31.7  20.7   0.0     0     0
  1975   5  12     0  31.5  20.6   0.0     0     0
  1975   5  13     0  29.5  21.2   0.0     0     0
  1975   5  14     0  28.5  15.5  22.8     0     0
  1975   5  15     0  25.7  20.3   0.0     0     0
  1975   5  16     0  26.5  19.5   4.8     0     0
  1975   5  17     0  28.7  20.6   0.0     0     0
  1975   5  18     0  27.5  18.5   1.2     0     0
  1975   5  19     0  28.5  16.7   0.8     0     0
  1975   5  20     0  30.5  19.5   0.0     0     0
  1975   5  21     0  28.9  20.5   0.0     0     0
  1975   5  22     0  27.0  16.2   0.6     0     0
  1975   5  23     0  26.5  15.5   0.0     0     0
  1975   5  24     0  28.5  18.5   0.0     0     0
  1975   5  25     0  26.5  18.9   0.0     0     0
  1975   5  26     0  29.5  17.5   0.0     0     0
  1975   5  27     0  30.5  21.3   0.0     0     0
  1975   5  28     0  31.1  20.4   0.0     0     0
  1975   5  29     0  32.4  21.5   0.0     0     0
  1975   5  30     0  32.6  21.8   0.0     0     0
  1975   5  31     0  25.7  20.5   0.0     0     0
  1975   6   1     0  28.9  17.5   2.4     0     0
  1975   6   2     0  26.2  17.2   1.4     0     0
  1975   6   3     0  24.2  15.7  22.4     0     0
  1975   6   4     0  28.1  18.5   9.1     0     0
  1975   6   5     0  29.5  20.4   0.0     0     0
  1975   6   6     0  29.3  21.3   0.0     0     0
  1975   6   7     0  31.6  21.1   0.0     0     0
  1975   6   8     0  31.6  22.6   0.0     0     0
  1975   6   9     0  30.6  20.4   0.0     0     0
  1975   6  10     0  31.3  20.5   0.0     0     0
  1975   6  11     0  32.1  22.4   0.0     0     0
  1975   6  12     0  32.5  22.7   0.0     0     0
  1975   6  13     0  33.5  23.5   0.0     0     0
  1975   6  14     0  33.1  23.7   0.0     0     0
  1975   6  15     0  30.5  24.3   0.1     0     0
  1975   6  16     0  30.7  24.2   0.0     0     0
  1975   6  17     0  25.9  20.2  48.8     0     0
  1975   6  18     0  26.4  18.5  34.1     0     0
  1975   6  19     0  22.5  18.7  36.6     0     0
  1975   6  20     0  23.9  19.6  25.1     0     0
  1975   6  21     0  20.9  19.5  54.4     0     0
  1975   6  22     0  19.5  18.5  63.4     0     0
  1975   6  23     0  22.5  16.1  92.8     0     0
  1975   6  24     0  27.5  19.5   3.2     0     0
  1975   6  25     0  28.3  21.4   2.4     0     0
  1975   6  26     0  28.5  20.0   5.2     0     0
  1975   6  27     0  27.7  19.6  25.2     0     0
  1975   6  28     0  24.1  19.5  20.2     0     0
  1975   6  29     0  25.5  18.4  16.4     0     0
  1975   6  30     0  18.6  17.5  56.8     0     0
  1975   7   1     0  21.1  17.7  29.8     0     0
  1975   7   2     0  25.5  18.3  16.4     0     0
  1975   7   3     0  25.9  18.5  11.2     0     0
  1975   7   4     0  20.6  19.5  12.4     0     0
  1975   7   5     0  26.5  19.5  18.6     0     0
  1975   7   6     0  26.7  19.7   8.2     0     0
  1975   7   7     0  26.2  20.5   3.4     0     0
  1975   7   8     0  27.0  20.0   3.2     0     0
  1975   7   9     0  26.7  20.4  84.7     0     0
  1975   7  10     0  28.5  20.8   0.0     0     0
  1975   7  11     0  25.1  19.5  48.0     0     0
  1975   7  12     0  24.5  19.3  25.4     0     0
  1975   7  13     0  23.7  19.5  16.4     0     0
  1975   7  14     0  25.4  19.7   2.4     0     0
  1975   7  15     0  25.7  19.5  49.2     0     0
  1975   7  16     0  25.9  19.2  34.0     0     0
  1975   7  17     0  25.0  19.5  30.4     0     0
  1975   7  18     0  26.1  19.6  10.8     0     0
  1975   7  19     0  25.5  18.4  19.4     0     0
  1975   7  20     0  26.5  20.3   2.8     0     0
  1975   7  21     0  24.2  18.5   0.0     0     0
  1975   7  22     0  23.9  18.3  14.8     0     0
  1975   7  23     0  22.5  18.5  33.2     0     0
  1975   7  24     0  25.7  18.5  16.0     0     0
  1975   7  25     0  26.0  19.5   4.6     0     0
  1975   7  26     0  24.5  21.0   0.0     0     0
  1975   7  27     0  24.5  19.5  15.0     0     0
  1975   7  28     0  24.4  19.8  54.4     0     0
  1975   7  29     0  25.7  18.4  40.0     0     0
  1975   7  30     0  25.5  19.5   6.6     0     0
  1975   7  31     0  24.6  20.0   5.8     0     0
  1975   8   1     0  22.5  19.4   6.8     0     0
  1975   8   2     0  24.5  19.4  27.2     0     0
  1975   8   3     0  20.5  19.5  25.2     0     0
  1975   8   4     0  25.7  18.4  28.0     0     0
  1975   8   5     0  24.5  19.4   2.8     0     0
  1975   8   6     0  25.4  19.5  11.4     0     0
  1975   8   7     0  26.5  20.4   4.4     0     0
  1975   8   8     0  26.7  20.5  12.0     0     0
  1975   8   9     0  26.3  21.5   0.0     0     0
  1975   8  10     0  26.2  21.0   5.0     0     0
  1975   8  11     0  27.5  20.0  38.0     0     0
  1975   8  12     0  24.5  20.2  34.6     0     0
  1975   8  13     0  28.3  20.3   0.8     0     0
  1975   8  14     0  27.2  20.7   0.0     0     0
  1975   8  15     0  25.5  19.5  43.6     0     0
  1975   8  16     0  26.2  19.2  60.2     0     0
  1975   8  17     0  25.5  19.3   9.0     0     0
  1975   8  18     0  27.5  19.5  19.8     0     0
  1975   8  19     0  25.7  19.6  21.2     0     0
  1975   8  20     0  25.9  18.5   8.0     0     0
  1975   8  21     0  25.7  19.2  11.8     0     0
  1975   8  22     0  25.1  18.1  40.4     0     0
  1975   8  23     0  23.5  19.4   1.0     0     0
  1975   8  24     0  20.1  18.5   7.2     0     0
  1975   8  25     0  24.7  17.5  27.2     0     0
  1975   8  26     0  25.1  19.5   0.0     0     0
  1975   8  27     0  26.2  20.1   1.2     0     0
  1975   8  28     0  26.6  17.5  13.2     0     0
  1975   8  29     0  25.7  19.5   0.0     0     0
  1975   8  30     0  24.2  19.2  10.4     0     0
  1975   8  31     0  24.0  20.2  25.2     0     0
  1975   9   1     0  23.5  19.5  36.0     0     0
  1975   9   2     0  26.1  18.6  15.2     0     0
  1975   9   3     0  25.2  19.4   3.2     0     0
  1975   9   4     0  25.0  19.8  64.8     0     0
  1975   9   5     0  24.9  18.5  12.8     0     0
  1975   9   6     0  24.9  19.5  10.4     0     0
  1975   9   7     0  22.5  19.2   0.0     0     0
  1975   9   8     0  21.1  19.4  18.4     0     0
  1975   9   9     0  21.4  18.5  20.4     0     0
  1975   9  10     0  23.5  17.3  12.8     0     0
  1975   9  11     0  24.7  18.3   2.2     0     0
  1975   9  12     0  24.9  18.6   0.0     0     0
  1975   9  13     0  23.5  17.7  30.4     0     0
  1975   9  14     0  23.7  17.5   0.0     0     0
  1975   9  15     0  23.9  16.2   0.8     0     0
  1975   9  16     0  21.5  19.2   0.0     0     0
  1975   9  17     0  23.3  16.5   9.8     0     0
  1975   9  18     0  25.1  18.5   0.0     0     0
  1975   9  19     0  23.5  18.8   0.0     0     0
  1975   9  20     0  24.5  18.6   0.0     0     0
  1975   9  21     0  23.6  18.5  32.6     0     0
  1975   9  22     0  24.1  18.7   0.0     0     0
  1975   9  23     0  23.6  17.2   0.0     0     0
  1975   9  24     0  23.6  17.4   0.0     0     0
  1975   9  25     0  24.2  17.8   0.0     0     0
  1975   9  26     0  24.7  18.0   0.0     0     0
  1975   9  27     0  23.6  17.9   0.0     0     0
  1975   9  28     0  23.2  16.5  24.6     0     0
  1975   9  29     0  24.1  16.0  26.0     0     0
  1975   9  30     0  25.7  16.6   8.8     0     0
  1975  10   1     0  25.9  16.8   0.0     0     0
  1975  10   2     0  26.1  17.1   0.0     0     0
  1975  10   3     0  25.1  17.4   0.0     0     0
  1975  10   4     0  24.0  17.7   0.0     0     0
  1975  10   5     0  23.6  16.0   0.0     0     0
  1975  10   6     0  23.9  16.5   0.0     0     0
  1975  10   7     0  24.2  16.8   0.0     0     0
  1975  10   8     0  24.7  17.1   0.0     0     0
  1975  10   9     0  24.9  17.5   0.0     0     0
  1975  10  10     0  23.6  16.5   0.0     0     0
  1975  10  11     0  23.5  16.2   0.0     0     0
  1975  10  12     0  23.4  15.9   0.0     0     0
  1975  10  13     0  23.7  15.7   0.0     0     0
  1975  10  14     0  23.5  15.5   0.0     0     0
  1975  10  15     0  23.7  15.5   0.0     0     0
  1975  10  16     0  23.1  16.1   0.0     0     0
  1975  10  17     0  23.4  15.0   0.0     0     0
  1975  10  18     0  22.9  15.6   0.0     0     0
  1975  10  19     0  23.5  15.5   0.0     0     0
  1975  10  20     0  23.7  15.1   0.0     0     0
  1975  10  21     0  23.5  14.5   0.0     0     0
  1975  10  22     0  23.1  14.4   0.0     0     0
  1975  10  23     0  23.5  14.7   0.0     0     0
  1975  10  24     0  23.7  15.6   0.0     0     0
  1975  10  25     0  23.2  15.9   0.0     0     0
  1975  10  26     0  22.9  15.5   0.0     0     0
  1975  10  27     0  22.5  14.1   0.0     0     0
  1975  10  28     0  22.1  14.0   0.0     0     0
  1975  10  29     0  23.0  13.7   0.0     0     0
  1975  10  30     0  22.2  13.9   0.0     0     0
  1975  10  31     0  22.5  12.7   0.0     0     0
  1975  11   1     0  18.9  11.5   0.0     0     0
  1975  11   2     0  19.9  10.5   0.0     0     0
  1975  11   3     0  20.0  10.6   0.0     0     0
  1975  11   4     0  19.5  10.5   0.0     0     0
  1975  11   5     0  19.6  12.5   0.0     0     0
  1975  11   6     0  19.4  11.1   0.0     0     0
  1975  11   7     0  19.5  10.8   0.0     0     0
  1975  11   8     0  19.9  11.1   0.0     0     0
  1975  11   9     0  18.7  10.2   0.0     0     0
  1975  11  10     0  18.3   9.9   0.0     0     0
  1975  11  11     0  18.5   9.8   0.0     0     0
  1975  11  12     0  18.7   9.3   0.0     0     0
  1975  11  13     0  19.0   9.6   0.0     0     0
  1975  11  14     0  18.1   9.8   0.0     0     0
  1975  11  15     0  18.2   8.1   0.0     0     0
  1975  11  16     0  19.7   8.5   0.0     0     0
  1975  11  17     0  18.2   8.5   0.0     0     0
  1975  11  18     0  17.1   8.0   0.0     0     0
  1975  11  19     0  15.9   7.5   0.0     0     0
  1975  11  20     0  16.6   7.0   0.0     0     0
  1975  11  21     0  17.6   7.2   0.0     0     0
  1975  11  22     0  18.0   7.7   0.0     0     0
  1975  11  23     0  16.7   7.3   0.0     0     0
  1975  11  24     0  16.0   6.5   0.0     0     0
  1975  11  25     0  15.2   5.9   0.0     0     0
  1975  11  26     0  13.5   5.5   0.0     0     0
  1975  11  27     0  14.5   5.2   0.0     0     0
  1975  11  28     0  15.5   5.6   0.0     0     0
  1975  11  29     0  14.6   5.7   0.0     0     0
  1975  11  30     0  15.6   6.2   0.0     0     0
  1975  12   1     0  17.1   6.5   0.0     0     0
  1975  12   2     0  11.9   6.6   0.0     0     0
  1975  12   3     0  16.5   6.5   0.0     0     0
  1975  12   4     0  15.5   7.1   0.0     0     0
  1975  12   5     0  17.1   7.4   0.0     0     0
  1975  12   6     0  14.9   7.3   0.0     0     0
  1975  12   7     0  13.9   5.7   0.0     0     0
  1975  12   8     0  13.5   5.0   0.0     0     0
  1975  12   9     0  12.9   3.7   0.0     0     0
  1975  12  10     0  12.5   4.9   0.0     0     0
  1975  12  11     0  12.4   4.0   0.0     0     0
  1975  12  12     0   9.9   3.4   0.0     0     0
  1975  12  13     0   9.8   4.4   0.0     0     0
  1975  12  14     0   9.3   4.5   0.0     0     0
  1975  12  15     0  13.1   4.7   0.0     0     0
  1975  12  16     0  12.0   4.6   0.0     0     0
  1975  12  17     0  14.4   6.3   0.0     0     0
  1975  12  18     0  12.2   5.7   0.0     0     0
  1975  12  19     0  12.1   6.3   0.0     0     0
  1975  12  20     0  13.4   5.6   0.0     0     0
  1975  12  21     0  13.5   6.6   0.0     0     0
  1975  12  22     0  14.0   6.1   0.0     0     0
  1975  12  23     0  13.1   6.5   0.0     0     0
  1975  12  24     0  12.5   5.9   0.0     0     0
  1975  12  25     0  13.7   6.5   0.0     0     0
  1975  12  26     0  14.8   6.4   0.0     0     0
  1975  12  27     0  13.7   6.3   0.0     0     0
  1975  12  28     0  12.6   6.4   0.0     0     0
  1975  12  29     0  12.9   7.6   0.0     0     0
  1975  12  30     0   9.5   5.1   0.0     0     0
  1975  12  31     0  12.1   5.0   0.0     0     0
