  1962   1   1     0   DNA   DNA   DNA     0     0
  1962   1   2     0   DNA   DNA   DNA     0     0
  1962   1   3     0   DNA   DNA   DNA     0     0
  1962   1   4     0   DNA   DNA   DNA     0     0
  1962   1   5     0   DNA   DNA   DNA     0     0
  1962   1   6     0   DNA   DNA   DNA     0     0
  1962   1   7     0   DNA   DNA   DNA     0     0
  1962   1   8     0   DNA   DNA   DNA     0     0
  1962   1   9     0   DNA   DNA   DNA     0     0
  1962   1  10     0   DNA   DNA   DNA     0     0
  1962   1  11     0   DNA   DNA   DNA     0     0
  1962   1  12     0   DNA   DNA   DNA     0     0
  1962   1  13     0   DNA   DNA   DNA     0     0
  1962   1  14     0   DNA   DNA   DNA     0     0
  1962   1  15     0   DNA   DNA   DNA     0     0
  1962   1  16     0   DNA   DNA   DNA     0     0
  1962   1  17     0   DNA   DNA   DNA     0     0
  1962   1  18     0   DNA   DNA   DNA     0     0
  1962   1  19     0   DNA   DNA   DNA     0     0
  1962   1  20     0   DNA   DNA   DNA     0     0
  1962   1  21     0   DNA   DNA   DNA     0     0
  1962   1  22     0   DNA   DNA   DNA     0     0
  1962   1  23     0   DNA   DNA   DNA     0     0
  1962   1  24     0   DNA   DNA   DNA     0     0
  1962   1  25     0   DNA   DNA   DNA     0     0
  1962   1  26     0   DNA   DNA   DNA     0     0
  1962   1  27     0   DNA   DNA   DNA     0     0
  1962   1  28     0   DNA   DNA   DNA     0     0
  1962   1  29     0   DNA   DNA   DNA     0     0
  1962   1  30     0   DNA   DNA   DNA     0     0
  1962   1  31     0   DNA   DNA   DNA     0     0
  1962   2   1     0   DNA   DNA   DNA     0     0
  1962   2   2     0   DNA   DNA   DNA     0     0
  1962   2   3     0   DNA   DNA   DNA     0     0
  1962   2   4     0   DNA   DNA   DNA     0     0
  1962   2   5     0   DNA   DNA   DNA     0     0
  1962   2   6     0   DNA   DNA   DNA     0     0
  1962   2   7     0   DNA   DNA   DNA     0     0
  1962   2   8     0   DNA   DNA   DNA     0     0
  1962   2   9     0   DNA   DNA   DNA     0     0
  1962   2  10     0   DNA   DNA   DNA     0     0
  1962   2  11     0   DNA   DNA   DNA     0     0
  1962   2  12     0  18.2   8.8   0.0     0     0
  1962   2  13     0  18.7   8.8   0.0     0     0
  1962   2  14     0  18.8   7.7   0.0     0     0
  1962   2  15     0  18.8   8.3   0.0     0     0
  1962   2  16     0  17.1   9.4   0.0     0     0
  1962   2  17     0  20.4  10.6   0.0     0     0
  1962   2  18     0  15.4   9.4   0.0     0     0
  1962   2  19     0  13.9   7.8  13.8     0     0
  1962   2  20     0  10.8   6.3   1.3     0     0
  1962   2  21     0  16.3   8.0   0.0     0     0
  1962   2  22     0  17.8   8.5   0.0     0     0
  1962   2  23     0  18.2   8.9   0.0     0     0
  1962   2  24     0  18.6   9.7   0.0     0     0
  1962   2  25     0  17.1   6.7  15.2     0     0
  1962   2  26     0  13.2   6.1   3.8     0     0
  1962   2  27     0  17.1   7.7   0.0     0     0
  1962   2  28     0  17.1   6.2   0.0     0     0
  1962   3   1     0  17.7   7.8   0.0     0     0
  1962   3   2     0  17.7   9.4   0.0     0     0
  1962   3   3     0  17.7   9.7   0.0     0     0
  1962   3   4     0  16.9  10.5   0.0     0     0
  1962   3   5     0  13.9   7.2  36.3     0     0
  1962   3   6     0   9.7   7.1  19.5     0     0
  1962   3   7     0  14.5   6.4   0.0     0     0
  1962   3   8     0  17.2   7.8   0.0     0     0
  1962   3   9     0  18.2   8.3   0.0     0     0
  1962   3  10     0  19.1   8.3   0.0     0     0
  1962   3  11     0  19.3  10.2   0.0     0     0
  1962   3  12     0  19.9   9.1   0.0     0     0
  1962   3  13     0  20.0   9.6   0.0     0     0
  1962   3  14     0  21.0  11.3   0.0     0     0
  1962   3  15     0  21.6  12.0   0.0     0     0
  1962   3  16     0  23.2  12.2   0.0     0     0
  1962   3  17     0  22.8  12.2   0.0     0     0
  1962   3  18     0  23.2  12.6   0.0     0     0
  1962   3  19     0  23.6  12.5   0.0     0     0
  1962   3  20     0  23.2  12.2   0.0     0     0
  1962   3  21     0  23.2  11.7   0.0     0     0
  1962   3  22     0  23.2  11.7   0.0     0     0
  1962   3  23     0  22.2  10.7   0.0     0     0
  1962   3  24     0  23.0  11.7   0.0     0     0
  1962   3  25     0  22.9  11.6   0.0     0     0
  1962   3  26     0  24.1  13.8   0.0     0     0
  1962   3  27     0  25.0  13.7   0.0     0     0
  1962   3  28     0  24.9  12.1   0.0     0     0
  1962   3  29     0  24.9  13.9   0.0     0     0
  1962   3  30     0  25.6  14.4   0.0     0     0
  1962   3  31     0  25.9  14.2   0.0     0     0
  1962   4   1     0  26.5  15.0   0.0     0     0
  1962   4   2     0  26.5  14.4   0.0     0     0
  1962   4   3     0  24.3  11.6   0.0     0     0
  1962   4   4     0  23.9  12.3   0.0     0     0
  1962   4   5     0  25.2  15.6   0.0     0     0
  1962   4   6     0  27.1  14.9   0.0     0     0
  1962   4   7     0  26.7  15.1   0.0     0     0
  1962   4   8     0  27.7  16.9   0.0     0     0
  1962   4   9     0  28.3  15.8   0.0     0     0
  1962   4  10     0  28.2  15.6   0.0     0     0
  1962   4  11     0  26.8  16.2   0.0     0     0
  1962   4  12     0  27.7  14.7   0.0     0     0
  1962   4  13     0  27.1  17.8   0.0     0     0
  1962   4  14     0  26.2  15.9   0.0     0     0
  1962   4  15     0  25.1  15.8   0.0     0     0
  1962   4  16     0  25.9  14.6   0.0     0     0
  1962   4  17     0  26.3  15.0   0.0     0     0
  1962   4  18     0  21.0  13.0   0.5     0     0
  1962   4  19     0  25.8  14.0   0.0     0     0
  1962   4  20     0  26.0  12.9   0.0     0     0
  1962   4  21     0  24.6  13.7   3.1     0     0
  1962   4  22     0  25.4  17.8   0.0     0     0
  1962   4  23     0  22.6  17.6   0.0     0     0
  1962   4  24     0  21.8  17.5   0.0     0     0
  1962   4  25     0  27.8  18.8   0.0     0     0
  1962   4  26     0  28.2  17.9   2.6     0     0
  1962   4  27     0  28.1  17.1   7.4     0     0
  1962   4  28     0  26.9  13.3  72.4     0     0
  1962   4  29     0  24.1  13.6  19.6     0     0
  1962   4  30     0  24.9  13.5  16.3     0     0
  1962   5   1     0  23.0  12.5   1.5     0     0
  1962   5   2     0  25.1  15.9   0.0     0     0
  1962   5   3     0  27.3  17.9   0.0     0     0
  1962   5   4     0  26.7  16.8   0.0     0     0
  1962   5   5     0  27.3  16.1   3.1     0     0
  1962   5   6     0  27.1  17.2   0.0     0     0
  1962   5   7     0  27.8  16.4   0.0     0     0
  1962   5   8     0  27.4  17.6   0.0     0     0
  1962   5   9     0  28.6  14.4   1.5     0     0
  1962   5  10     0  26.4  15.6   0.0     0     0
  1962   5  11     0  27.0  17.5   0.0     0     0
  1962   5  12     0  26.6  14.4  11.2     0     0
  1962   5  13     0  25.0  17.0   0.0     0     0
  1962   5  14     0  25.8  18.3   0.0     0     0
  1962   5  15     0  26.1  16.1   0.0     0     0
  1962   5  16     0  28.3  17.9   0.0     0     0
  1962   5  17     0  28.7  16.7   0.0     0     0
  1962   5  18     0  29.7  18.3   0.0     0     0
  1962   5  19     0  31.0  19.2   0.0     0     0
  1962   5  20     0  30.4  18.2   0.0     0     0
  1962   5  21     0  31.0  20.6   0.0     0     0
  1962   5  22     0  31.0  19.1   0.0     0     0
  1962   5  23     0  31.6  20.7   0.0     0     0
  1962   5  24     0  31.3  21.1   0.0     0     0
  1962   5  25     0  31.3  11.9  16.0     0     0
  1962   5  26     0  29.3  17.2   0.0     0     0
  1962   5  27     0  30.6  18.1   0.0     0     0
  1962   5  28     0  31.7  21.2   0.0     0     0
  1962   5  29     0  32.6  15.5   5.0     0     0
  1962   5  30     0  30.6  17.5   4.0     0     0
  1962   5  31     0  30.6  16.5   4.8     0     0
  1962   6   1     0  29.5  17.2   3.6     0     0
  1962   6   2     0  30.2  21.5   0.0     0     0
  1962   6   3     0  29.5  17.1   3.8     0     0
  1962   6   4     0  29.5  20.2   0.0     0     0
  1962   6   5     0  30.9  21.5   0.0     0     0
  1962   6   6     0  31.5  22.7   0.0     0     0
  1962   6   7     0  31.5  22.1   0.0     0     0
  1962   6   8     0  29.9  20.8   0.0     0     0
  1962   6   9     0  29.6  20.1   0.0     0     0
  1962   6  10     0  31.2  16.8  43.8     0     0
  1962   6  11     0  27.9  19.9   0.0     0     0
  1962   6  12     0  25.2  18.4  29.8     0     0
  1962   6  13     0  22.2  17.8   8.6     0     0
  1962   6  14     0  24.9  18.3   2.8     0     0
  1962   6  15     0  24.9  17.1  31.0     0     0
  1962   6  16     0  26.2  17.9   0.0     0     0
  1962   6  17     0  27.9  17.9   0.0     0     0
  1962   6  18     0  28.5  20.5   0.0     0     0
  1962   6  19     0  29.5  19.5   0.0     0     0
  1962   6  20     0  28.5  19.5   2.0     0     0
  1962   6  21     0  28.5  20.5   0.0     0     0
  1962   6  22     0  27.8  19.6  33.8     0     0
  1962   6  23     0  25.5  19.8   0.0     0     0
  1962   6  24     0  25.9  19.2  16.8     0     0
  1962   6  25     0  25.8  19.2   0.0     0     0
  1962   6  26     0  25.5  19.3   1.6     0     0
  1962   6  27     0  28.2  21.1   1.2     0     0
  1962   6  28     0  28.9  20.6   0.0     0     0
  1962   6  29     0  29.1  19.5   0.0     0     0
  1962   6  30     0  28.2  21.2   0.0     0     0
  1962   7   1     0  28.8  19.5   0.0     0     0
  1962   7   2     0  29.8  20.8   0.0     0     0
  1962   7   3     0  29.9  21.2   0.0     0     0
  1962   7   4     0  29.5  19.4   0.0     0     0
  1962   7   5     0  29.2  20.4  12.0     0     0
  1962   7   6     0  24.5  19.1   3.8     0     0
  1962   7   7     0  28.5  18.9  16.0     0     0
  1962   7   8     0  28.6  18.9  12.0     0     0
  1962   7   9     0  25.7  19.4   0.0     0     0
  1962   7  10     0  28.9  21.2   0.0     0     0
  1962   7  11     0  27.5  20.6   0.0     0     0
  1962   7  12     0  26.9  19.9   0.0     0     0
  1962   7  13     0  29.4  20.2  21.2     0     0
  1962   7  14     0  28.5  19.9  33.5     0     0
  1962   7  15     0  29.7  19.2  22.5     0     0
  1962   7  16     0  28.5  19.8  25.2     0     0
  1962   7  17     0  26.5  19.2  17.6     0     0
  1962   7  18     0  26.1  20.5  14.0     0     0
  1962   7  19     0  29.2  20.4  24.0     0     0
  1962   7  20     0  30.9  20.6   0.0     0     0
  1962   7  21     0  28.9  21.6   0.0     0     0
  1962   7  22     0  29.9  21.8  57.4     0     0
  1962   7  23     0  26.9  20.6   4.6     0     0
  1962   7  24     0  24.9  21.2   6.6     0     0
  1962   7  25     0  25.9  20.5   0.0     0     0
  1962   7  26     0  24.2  19.2   8.0     0     0
  1962   7  27     0  24.2  18.6  29.0     0     0
  1962   7  28     0  24.8  19.4   0.0     0     0
  1962   7  29     0  25.9  19.5  25.0     0     0
  1962   7  30     0  26.5  19.4  13.4     0     0
  1962   7  31     0  25.2  20.4   5.6     0     0
  1962   8   1     0  26.9  19.5   6.2     0     0
  1962   8   2     0  25.2  19.4  20.2     0     0
  1962   8   3     0  25.6  18.2  95.0     0     0
  1962   8   4     0  22.6  18.4   4.4     0     0
  1962   8   5     0  26.5  20.4   0.0     0     0
  1962   8   6     0  26.6  19.4  28.0     0     0
  1962   8   7     0  26.7  19.5  18.6     0     0
  1962   8   8     0  28.6  19.4   0.0     0     0
  1962   8   9     0  27.5  19.9  68.0     0     0
  1962   8  10     0  25.2  18.5   9.3     0     0
  1962   8  11     0  25.4  19.2   0.0     0     0
  1962   8  12     0  26.3  19.2  30.0     0     0
  1962   8  13     0  26.7  20.1   0.0     0     0
  1962   8  14     0  25.5  18.9  88.8     0     0
  1962   8  15     0  26.4  20.2  59.0     0     0
  1962   8  16     0  26.5  19.6  44.2     0     0
  1962   8  17     0  23.9  18.9   9.4     0     0
  1962   8  18     0  24.5  19.4  48.8     0     0
  1962   8  19     0  22.5  18.5   7.0     0     0
  1962   8  20     0  23.5  18.8   0.8     0     0
  1962   8  21     0  24.5  19.2   0.0     0     0
  1962   8  22     0  26.2  19.5   9.0     0     0
  1962   8  23     0  26.3  19.9   0.0     0     0
  1962   8  24     0  25.2  18.9  28.2     0     0
  1962   8  25     0  25.4  18.8  31.0     0     0
  1962   8  26     0  22.1  18.3  18.0     0     0
  1962   8  27     0  23.9  18.2   0.8     0     0
  1962   8  28     0  24.4  19.2   7.2     0     0
  1962   8  29     0  24.1  18.5  34.4     0     0
  1962   8  30     0  24.9  18.6   2.4     0     0
  1962   8  31     0  24.5  17.9  32.2     0     0
  1962   9   1     0  25.5  18.6   6.4     0     0
  1962   9   2     0  26.2  19.2   0.0     0     0
  1962   9   3     0  26.9  19.3   0.0     0     0
  1962   9   4     0  26.7  19.4   0.0     0     0
  1962   9   5     0  26.5  19.3   0.0     0     0
  1962   9   6     0  25.9  18.7  23.4     0     0
  1962   9   7     0  25.2  18.9   0.0     0     0
  1962   9   8     0  25.5  18.6  17.4     0     0
  1962   9   9     0  26.9  19.2   5.4     0     0
  1962   9  10     0  26.5  17.2  33.4     0     0
  1962   9  11     0  26.6  19.1   1.2     0     0
  1962   9  12     0  25.2  18.6   0.0     0     0
  1962   9  13     0  25.7  19.1   5.0     0     0
  1962   9  14     0  25.6  18.9  43.0     0     0
  1962   9  15     0  24.9  19.2   0.0     0     0
  1962   9  16     0  25.9  18.4   3.2     0     0
  1962   9  17     0  23.9  18.9   0.0     0     0
  1962   9  18     0  25.9  20.5   0.0     0     0
  1962   9  19     0  25.7  18.5  15.2     0     0
  1962   9  20     0  26.9  19.2  11.0     0     0
  1962   9  21     0  26.9  19.4   0.0     0     0
  1962   9  22     0  22.9  17.2  46.0     0     0
  1962   9  23     0  20.5  17.4   7.4     0     0
  1962   9  24     0  21.2  17.5   1.4     0     0
  1962   9  25     0  23.5  18.2   1.2     0     0
  1962   9  26     0  21.9  15.7  47.4     0     0
  1962   9  27     0  21.2  16.4   0.0     0     0
  1962   9  28     0  24.9  15.6   0.0     0     0
  1962   9  29     0  25.5  16.4   0.0     0     0
  1962   9  30     0  25.8  17.6   0.0     0     0
  1962  10   1     0  24.9  16.6   0.0     0     0
  1962  10   2     0  25.9  16.2   0.0     0     0
  1962  10   3     0  25.1  17.2   0.0     0     0
  1962  10   4     0  24.9  16.2   0.0     0     0
  1962  10   5     0  25.2  15.6   0.0     0     0
  1962  10   6     0  25.9  14.2   0.0     0     0
  1962  10   7     0  24.9  14.9   0.0     0     0
  1962  10   8     0  24.2  15.2   0.0     0     0
  1962  10   9     0  23.9  13.3   0.0     0     0
  1962  10  10     0  23.2  13.3   0.0     0     0
  1962  10  11     0  23.3  13.9   0.0     0     0
  1962  10  12     0  23.9  13.4   0.0     0     0
  1962  10  13     0  23.5  12.6   0.0     0     0
  1962  10  14     0  22.9  12.5   0.0     0     0
  1962  10  15     0  22.6  12.2   0.0     0     0
  1962  10  16     0  22.2  10.1   0.0     0     0
  1962  10  17     0  22.3  11.4   0.0     0     0
  1962  10  18     0  22.2  11.6   0.0     0     0
  1962  10  19     0  22.9  12.5   0.0     0     0
  1962  10  20     0  24.6  13.3   0.0     0     0
  1962  10  21     0  24.6  11.8   0.0     0     0
  1962  10  22     0  22.3  11.2   0.0     0     0
  1962  10  23     0  24.5  11.6   0.0     0     0
  1962  10  24     0  21.5  10.4   0.0     0     0
  1962  10  25     0  21.6  10.7   0.0     0     0
  1962  10  26     0  21.7  12.1   0.0     0     0
  1962  10  27     0  21.9  11.2   0.0     0     0
  1962  10  28     0  22.8  12.3   0.0     0     0
  1962  10  29     0  22.9  12.5   0.0     0     0
  1962  10  30     0  21.5  10.4   0.0     0     0
  1962  10  31     0  20.6  10.2   0.0     0     0
  1962  11   1     0  20.9  10.1   0.0     0     0
  1962  11   2     0  21.7  10.2   0.0     0     0
  1962  11   3     0  21.8  11.3   0.0     0     0
  1962  11   4     0  21.5   9.2   0.0     0     0
  1962  11   5     0  20.9   8.9   0.0     0     0
  1962  11   6     0  19.9   7.7   0.0     0     0
  1962  11   7     0  20.5   8.8   0.0     0     0
  1962  11   8     0  21.5   8.5   0.0     0     0
  1962  11   9     0  20.5   8.9   0.0     0     0
  1962  11  10     0  19.9   9.9   0.0     0     0
  1962  11  11     0  21.9  10.3   0.0     0     0
  1962  11  12     0  20.6  10.2   0.0     0     0
  1962  11  13     0  20.9  11.1   0.0     0     0
  1962  11  14     0  20.8  11.2   0.0     0     0
  1962  11  15     0  20.9   8.9   0.0     0     0
  1962  11  16     0  21.5   9.6   0.0     0     0
  1962  11  17     0  21.2   8.9   0.0     0     0
  1962  11  18     0  21.3   9.5   0.0     0     0
  1962  11  19     0  20.5  10.5   0.0     0     0
  1962  11  20     0  20.6  10.4   0.0     0     0
  1962  11  21     0  20.9  10.6   0.0     0     0
  1962  11  22     0  21.2  10.7   0.0     0     0
  1962  11  23     0  21.5   7.9   0.0     0     0
  1962  11  24     0  17.9   7.8   0.0     0     0
  1962  11  25     0  17.2   5.6   0.0     0     0
  1962  11  26     0  15.7   7.6   0.0     0     0
  1962  11  27     0  17.5   7.7   0.0     0     0
  1962  11  28     0  21.9   8.2   0.0     0     0
  1962  11  29     0  21.4   8.7   0.0     0     0
  1962  11  30     0  21.5   7.4   0.0     0     0
  1962  12   1     0  19.8   6.4   0.0     0     0
  1962  12   2     0  20.6   6.6   0.0     0     0
  1962  12   3     0  20.5   6.9   0.0     0     0
  1962  12   4     0  19.2   6.7   0.0     0     0
  1962  12   5     0  19.7   7.2   0.0     0     0
  1962  12   6     0  19.2   6.2   1.8     0     0
  1962  12   7     0  19.7   6.4   0.0     0     0
  1962  12   8     0  16.4   6.7   0.0     0     0
  1962  12   9     0  16.9   6.6   0.0     0     0
  1962  12  10     0  16.8   5.6   0.0     0     0
  1962  12  11     0  17.6   5.7   0.0     0     0
  1962  12  12     0  18.4   6.4   0.0     0     0
  1962  12  13     0  18.7   5.2   0.0     0     0
  1962  12  14     0  15.6   5.7   0.0     0     0
  1962  12  15     0  16.5   4.5   0.0     0     0
  1962  12  16     0  16.4   5.2   0.0     0     0
  1962  12  17     0  15.5   5.5   0.0     0     0
  1962  12  18     0  18.2   5.6   0.0     0     0
  1962  12  19     0  18.5   5.8   0.0     0     0
  1962  12  20     0  18.9   5.3   0.0     0     0
  1962  12  21     0  19.4   5.2   0.0     0     0
  1962  12  22     0  15.5   6.9   0.0     0     0
  1962  12  23     0  15.6   5.1   0.0     0     0
  1962  12  24     0  15.4   5.5   0.0     0     0
  1962  12  25     0  15.3   5.4   0.0     0     0
  1962  12  26     0  16.1   5.7   0.0     0     0
  1962  12  27     0  16.2   5.6   0.0     0     0
  1962  12  28     0  17.6   5.5   0.0     0     0
  1962  12  29     0  17.6   4.7   0.0     0     0
  1962  12  30     0  16.5   4.3   0.0     0     0
  1962  12  31     0  16.6   4.4   0.0     0     0
