      1    0.0
      2    0.0
      3    0.0
      4    0.0
      5    0.0
      6    0.0
      7    0.0
      8    0.0
      9    0.0
     10    0.0
     11    0.0
     12    0.0
     13    0.0
     14    0.0
     15    0.0
     16    0.0
     17    0.0
     18    0.0
     19   10.8
     20    0.0
     21    0.0
     22    0.0
     23    0.0
     24    0.0
     25    0.0
     26    0.0
     27    0.0
     28    0.0
     29    0.0
     30    0.0
     31    0.0
     32    0.0
     33    0.0
     34    0.0
     35    0.0
     36    0.0
     37    0.0
     38    T  
     39    0.0
     40    0.0
     41    0.0
     42    0.0
     43    0.0
     44    0.0
     45    0.0
     46    0.0
     47    T  
     48   28.2
     49    0.0
     50    0.0
     51    0.0
     52    0.0
     53    0.0
     54    0.0
     55    0.0
     56    0.0
     57    0.0
     58    0.0
     59    0.0
     60    0.0
     61    0.0
     62    0.0
     63    0.0
     64    0.0
     65    0.0
     66    0.0
     67    1.2
     68    0.0
     69    0.0
     70   22.0
     71   19.4
     72    0.0
     73    0.0
     74    0.0
     75    0.0
     76    0.0
     77    0.0
     78    0.0
     79    0.0
     80    0.0
     81   20.3
     82    0.0
     83    0.0
     84    0.0
     85    0.0
     86    0.0
     87    0.0
     88    0.0
     89    0.0
     90    0.0
     91    0.0
     92    0.0
     93    0.0
     94    0.0
     95    0.0
     96    0.0
     97    0.0
     98    0.0
     99    0.0
    100    0.0
    101    0.0
    102    0.0
    103    0.0
    104    0.0
    105    0.0
    106   10.5
    107    4.8
    108    5.5
    109    5.3
    110    1.7
    111    4.5
    112   13.5
    113   17.0
    114    0.5
    115    0.0
    116    0.0
    117    2.5
    118    0.0
    119    0.0
    120    0.0
    121    0.0
    122    0.0
    123    0.0
    124    0.0
    125    0.0
    126   16.9
    127    1.2
    128    0.0
    129    0.0
    130    7.5
    131    0.0
    132    0.0
    133    0.0
    134    0.5
    135    0.4
    136    1.5
    137    3.0
    138    3.5
    139    0.8
    140    0.0
    141    9.1
    142    0.0
    143    3.2
    144    6.0
    145    0.7
    146    0.0
    147   28.4
    148    4.2
    149    0.4
    150   20.5
    151   20.8
    152    9.2
    153    0.2
    154    0.0
    155    0.0
    156   35.0
    157    1.0
    158    3.8
    159   21.8
    160    7.5
    161    0.5
    162    0.0
    163    0.0
    164    0.0
    165    0.0
    166    3.2
    167    5.0
    168   17.2
    169    0.0
    170    2.2
    171    0.1
    172   22.0
    173    0.0
    174    1.0
    175    0.0
    176   15.2
    177    0.8
    178    3.1
    179   15.3
    180    1.5
    181    0.0
    182   14.2
    183    0.0
    184    0.0
    185   30.0
    186    0.0
    187    1.8
    188   19.7
    189    6.2
    190   19.9
    191   14.0
    192   21.5
    193    1.0
    194    0.0
    195    3.8
    196    0.0
    197    5.7
    198    4.5
    199    4.8
    200    1.0
    201    0.7
    202   18.7
    203    3.5
    204    0.0
    205    7.6
    206    2.0
    207    0.7
    208    7.7
    209    2.5
    210    0.0
    211    0.0
    212   10.7
    213    9.5
    214    0.0
    215    4.3
    216    0.0
    217    8.0
    218    4.7
    219    4.8
    220    7.0
    221   32.2
    222   12.2
    223   45.5
    224    4.7
    225   23.1
    226   11.0
    227   11.5
    228    6.9
    229   18.2
    230    0.2
    231    0.0
    232    3.0
    233    9.7
    234    0.0
    235    0.0
    236    0.0
    237    0.0
    238    4.5
    239    7.7
    240    4.2
    241    0.7
    242    8.5
    243    1.1
    244    5.0
    245    0.0
    246   10.0
    247   11.2
    248    6.2
    249    0.3
    250    0.0
    251    0.0
    252    0.0
    253    0.0
    254    0.0
    255    0.0
    256    0.0
    257   13.9
    258    4.7
    259   12.8
    260    0.0
    261    0.0
    262    0.0
    263    0.0
    264    2.1
    265    0.0
    266    0.0
    267    0.0
    268    0.0
    269    0.0
    270    0.0
    271    0.0
    272    4.0
    273    0.0
    274    0.0
    275    0.0
    276    0.0
    277    0.5
    278    0.0
    279    8.6
    280    2.2
    281    0.0
    282    0.0
    283    0.0
    284    0.0
    285    0.0
    286    0.0
    287   11.0
    288   58.2
    289    0.5
    290    0.0
    291    0.2
    292    0.0
    293    0.0
    294    0.0
    295    0.0
    296    0.0
    297    0.0
    298    0.0
    299    0.0
    300    9.6
    301    4.9
    302    0.0
    303    0.0
    304    0.0
    305    0.0
    306    0.0
    307    0.0
    308    0.0
    309    0.0
    310    0.0
    311    0.0
    312    0.0
    313    0.0
    314    0.0
    315    0.0
    316    0.0
    317    0.0
    318    0.0
    319    0.0
    320    0.0
    321    0.0
    322    0.0
    323    0.0
    324    0.0
    325    0.0
    326    0.0
    327    0.0
    328    0.0
    329    0.0
    330    0.0
    331    0.0
    332    0.0
    333    0.0
    334    0.0
    335    0.0
    336    0.0
    337    0.0
    338    0.0
    339    0.0
    340    0.0
    341    0.0
    342    0.0
    343    0.0
    344    0.0
    345    0.0
    346    0.0
    347    0.0
    348    0.0
    349    0.0
    350    0.0
    351    0.0
    352    0.0
    353    0.0
    354    0.0
    355    0.0
    356    0.0
    357    0.0
    358    0.0
    359    0.0
    360    0.0
    361    0.0
    362    0.0
    363    0.0
    364    0.0
    365    0.0
