      1    0.0
      2    0.0
      3    0.0
      4    0.0
      5    0.0
      6    7.2
      7    0.0
      8    0.0
      9    0.0
     10    0.0
     11    0.0
     12    0.0
     13    0.0
     14    0.0
     15    0.0
     16    0.0
     17    0.0
     18    0.0
     19    0.0
     20    0.0
     21    0.0
     22    0.0
     23    1.2
     24    0.0
     25    0.0
     26    0.0
     27    0.0
     28    0.0
     29    0.0
     30    0.0
     31    0.0
     32    0.0
     33    0.0
     34    0.0
     35    0.0
     36    0.0
     37    T  
     38    5.5
     39    2.7
     40    1.8
     41    0.0
     42    0.0
     43    0.0
     44    0.0
     45    0.0
     46    0.0
     47    0.0
     48    0.0
     49    2.5
     50    0.0
     51    0.0
     52    0.0
     53    0.0
     54    0.0
     55    0.0
     56    0.0
     57    0.0
     58    0.0
     59    0.0
     60    0.0
     61    0.0
     62    0.0
     63    0.0
     64    0.0
     65    0.0
     66    0.0
     67    0.0
     68    0.0
     69    0.0
     70    0.0
     71    0.0
     72    0.0
     73    0.0
     74    0.0
     75    0.0
     76    0.0
     77    0.0
     78    0.0
     79    0.0
     80    0.0
     81    0.0
     82    0.0
     83    0.0
     84    0.6
     85    2.4
     86    1.0
     87    0.0
     88    0.0
     89    0.0
     90    0.0
     91    0.0
     92    0.0
     93    0.0
     94    0.0
     95    0.0
     96    0.0
     97    0.0
     98   27.4
     99    0.0
    100    0.0
    101    0.0
    102    0.0
    103    0.0
    104    0.0
    105    0.0
    106    0.0
    107    0.0
    108    1.7
    109   10.4
    110    1.5
    111    0.0
    112    0.0
    113    0.0
    114    0.0
    115    0.0
    116    0.0
    117    5.5
    118    0.0
    119    0.0
    120    0.0
    121    1.5
    122    7.4
    123   21.5
    124    1.7
    125    6.5
    126    0.0
    127    0.0
    128    0.0
    129    0.0
    130    0.0
    131    4.7
    132   18.4
    133   21.5
    134    4.8
    135    5.2
    136    0.0
    137    0.0
    138   11.5
    139   15.7
    140   34.2
    141    4.4
    142    0.0
    143    0.0
    144    0.0
    145    0.0
    146    0.0
    147    9.4
    148   11.4
    149    2.3
    150    5.4
    151    6.2
    152    0.0
    153    0.0
    154    2.6
    155    3.2
    156    0.0
    157   15.4
    158    0.0
    159    0.0
    160    0.0
    161    0.0
    162    0.0
    163    0.0
    164    0.0
    165    0.0
    166    0.0
    167    1.5
    168   11.2
    169    0.0
    170    6.0
    171    0.0
    172    0.0
    173   49.4
    174    0.0
    175    0.6
    176    5.4
    177    6.4
    178    0.0
    179    0.0
    180    9.8
    181   24.6
    182   19.2
    183    0.0
    184    0.0
    185    6.5
    186    3.7
    187    6.3
    188    3.4
    189    9.6
    190   33.4
    191    6.5
    192   23.7
    193   16.4
    194    8.3
    195   23.4
    196   25.7
    197   10.2
    198   11.7
    199    0.5
    200    0.7
    201    0.4
    202   21.5
    203    2.5
    204   17.3
    205   40.8
    206   24.7
    207   47.4
    208    3.2
    209   43.5
    210   11.5
    211    0.0
    212    T  
    213    3.2
    214   10.4
    215    0.6
    216   21.5
    217    3.4
    218   27.5
    219    5.3
    220    0.0
    221    0.0
    222    1.3
    223    0.0
    224    0.0
    225    0.0
    226    0.0
    227    7.3
    228    0.0
    229    0.0
    230    2.7
    231    7.3
    232    2.5
    233    T  
    234    3.6
    235    5.4
    236    8.7
    237   31.4
    238    T  
    239   10.0
    240    2.5
    241    4.1
    242    4.3
    243   16.9
    244   11.2
    245    T  
    246    5.2
    247    6.0
    248   30.6
    249   12.0
    250    0.0
    251    0.0
    252    0.0
    253    2.0
    254   33.0
    255    0.2
    256    0.0
    257    4.3
    258   11.0
    259   42.6
    260    8.2
    261    0.0
    262    0.0
    263   10.4
    264    0.0
    265    0.0
    266    1.5
    267    4.2
    268   28.4
    269    2.4
    270    0.0
    271    0.0
    272    0.6
    273    0.0
    274    0.0
    275    T  
    276    T  
    277    T  
    278    0.0
    279    0.0
    280    0.0
    281    0.0
    282    6.7
    283    0.9
    284    0.0
    285    0.0
    286    0.0
    287    0.0
    288    0.0
    289   29.4
    290   20.2
    291   25.3
    292    0.0
    293    0.0
    294    0.0
    295    0.0
    296    0.0
    297    9.8
    298    0.0
    299    0.0
    300    0.0
    301    0.0
    302    0.0
    303    0.0
    304    0.0
    305    0.0
    306   12.3
    307    4.3
    308    0.0
    309    0.0
    310    0.0
    311    0.0
    312    0.0
    313    0.0
    314    0.0
    315    1.5
    316    2.7
    317    0.0
    318    0.0
    319    0.0
    320    0.0
    321    0.0
    322    0.0
    323    0.0
    324    0.0
    325    0.0
    326    0.0
    327    0.0
    328    0.0
    329    0.0
    330    0.0
    331    0.0
    332    0.0
    333    0.0
    334    0.0
    335    0.0
    336    0.0
    337    0.0
    338    0.0
    339    0.0
    340    0.0
    341    0.0
    342    0.0
    343    0.0
    344    0.0
    345    0.0
    346    0.0
    347    0.0
    348    0.0
    349    0.0
    350    0.0
    351    0.0
    352    0.0
    353    0.0
    354    0.0
    355    0.0
    356    0.0
    357    0.0
    358    0.0
    359    0.0
    360    0.0
    361   12.5
    362   15.8
    363    0.0
    364    0.0
    365    0.0
