      1    0.0
      2    0.0
      3    0.0
      4    0.0
      5    0.0
      6    0.0
      7    0.0
      8    0.0
      9    0.0
     10    0.0
     11    0.0
     12    0.0
     13    0.0
     14    0.0
     15    0.0
     16    0.0
     17    0.0
     18    0.0
     19    0.0
     20    0.0
     21    0.0
     22    0.0
     23    0.0
     24    0.0
     25    0.0
     26    0.0
     27    0.0
     28    0.0
     29    0.0
     30    0.0
     31    0.0
     32    0.0
     33    0.0
     34    0.0
     35    0.0
     36    0.0
     37    0.0
     38    0.0
     39    0.0
     40    0.0
     41    4.8
     42    0.0
     43    0.0
     44    2.1
     45    0.0
     46    0.0
     47    0.0
     48    0.0
     49    0.0
     50    0.0
     51    0.0
     52    0.0
     53    0.0
     54    0.0
     55    0.0
     56    0.0
     57    0.0
     58    0.0
     59    0.0
     60    0.0
     61    0.0
     62    0.0
     63    0.0
     64    0.0
     65    0.0
     66    0.0
     67    0.0
     68    0.0
     69    0.0
     70    0.0
     71    0.0
     72    0.0
     73    0.0
     74    0.0
     75    0.0
     76    0.0
     77    0.0
     78    0.0
     79    0.0
     80    0.0
     81    0.0
     82    0.0
     83    0.0
     84    0.0
     85    0.0
     86    0.0
     87    0.0
     88    0.0
     89    0.0
     90   13.8
     91    6.8
     92    0.0
     93    0.0
     94    0.0
     95    0.0
     96    0.0
     97    0.0
     98    0.0
     99    0.0
    100    0.0
    101    0.0
    102    0.0
    103    0.0
    104    0.0
    105    0.0
    106    4.0
    107    0.7
    108    3.1
    109    2.6
    110    0.0
    111   11.5
    112    0.0
    113    0.0
    114    0.0
    115    0.7
    116    0.0
    117    2.0
    118    0.0
    119    0.0
    120    0.6
    121    0.0
    122    4.4
    123    0.0
    124    0.0
    125    0.2
    126    0.0
    127    2.1
    128    0.0
    129    6.7
    130    0.0
    131    0.0
    132    0.0
    133    0.0
    134    0.0
    135    0.0
    136    0.0
    137   26.9
    138    1.5
    139    0.0
    140    0.0
    141    0.0
    142    0.0
    143    0.0
    144   19.0
    145    0.0
    146    2.3
    147    3.2
    148   10.2
    149   36.8
    150    2.1
    151    0.0
    152    0.0
    153    0.0
    154    0.0
    155    1.8
    156    1.4
    157    0.0
    158    0.0
    159    0.0
    160    0.0
    161    0.0
    162    0.0
    163    3.5
    164    0.0
    165    0.0
    166    0.0
    167    0.0
    168    7.5
    169    1.8
    170   21.6
    171   14.7
    172    0.2
    173    0.8
    174    2.8
    175    0.0
    176    0.0
    177    0.0
    178   10.7
    179   13.7
    180    0.0
    181   17.5
    182    0.2
    183   15.0
    184    1.0
    185    1.2
    186    9.3
    187   11.7
    188   10.5
    189    0.0
    190    0.0
    191   27.5
    192   19.2
    193   14.7
    194   25.5
    195    4.0
    196    0.0
    197    9.7
    198   19.1
    199   12.0
    200    2.7
    201   22.7
    202    9.0
    203    6.7
    204   15.7
    205    0.0
    206    1.6
    207   16.2
    208    6.8
    209    0.8
    210   19.7
    211   10.2
    212   66.2
    213    2.3
    214    2.4
    215    5.0
    216    2.5
    217    8.7
    218    0.0
    219    3.2
    220    4.3
    221    1.2
    222   21.0
    223    0.7
    224   11.5
    225   53.0
    226    7.8
    227   23.8
    228    9.9
    229    2.0
    230    1.0
    231   46.5
    232    0.0
    233    0.6
    234    0.0
    235   24.8
    236   16.0
    237   20.0
    238    0.0
    239   11.2
    240    1.6
    241    2.3
    242   15.5
    243   34.6
    244    9.7
    245   13.8
    246    1.7
    247    0.0
    248    1.2
    249   17.2
    250   17.2
    251    0.0
    252    0.0
    253    0.5
    254   16.6
    255   16.2
    256    0.0
    257    5.4
    258   15.5
    259    6.5
    260   25.4
    261    1.6
    262   12.2
    263   14.1
    264    1.0
    265   22.2
    266   11.0
    267    0.0
    268    0.4
    269    0.0
    270    0.0
    271    0.0
    272    0.0
    273    0.0
    274    0.0
    275    0.0
    276    0.0
    277    0.0
    278    0.0
    279    0.0
    280    0.0
    281    0.0
    282    0.0
    283    0.0
    284    0.0
    285    0.0
    286    0.0
    287    0.0
    288    0.0
    289   45.0
    290   13.6
    291    1.0
    292    0.0
    293   21.4
    294   21.2
    295    1.3
    296    0.0
    297    0.0
    298    0.0
    299    0.0
    300    0.0
    301    0.0
    302    0.0
    303    0.0
    304    0.0
    305    1.1
    306    0.5
    307    0.0
    308    0.0
    309    0.0
    310    0.0
    311    0.0
    312    0.0
    313    0.0
    314    0.0
    315    0.0
    316    0.0
    317    0.1
    318    1.5
    319    1.7
    320    0.0
    321    0.0
    322    0.0
    323    0.0
    324    0.0
    325    0.0
    326    0.0
    327    0.0
    328    0.0
    329    0.0
    330    0.0
    331    0.0
    332    0.0
    333    0.0
    334    0.0
    335    0.0
    336    0.0
    337    0.0
    338    0.0
    339    0.0
    340    0.0
    341    0.0
    342    0.0
    343    0.0
    344    0.0
    345    0.0
    346    0.0
    347    0.0
    348    0.0
    349    0.0
    350    0.0
    351    0.0
    352    0.0
    353    0.0
    354    0.0
    355    0.0
    356    0.0
    357    0.0
    358    0.0
    359    0.0
    360    0.0
    361    0.0
    362    0.0
    363    0.0
    364    0.0
    365    0.0
