1979.0 1.0 1.0   0.0   0.0   0.0   0.0   0.0   0.0
1979.0 1.0 2.0   0.0   0.0   0.0   0.0   0.0   0.0
1979.0 1.0 3.0   0.0   0.0   0.0   0.0   0.0   0.0
1979.0 1.0 4.0   0.0   0.0   0.0   0.0   0.0   0.0
1979.0 1.0 5.0   0.0   0.0   0.0   0.0   0.0   0.0
1979.0 1.0 6.0   0.0   0.0   0.0   0.0   0.0   0.0
1979.0 1.0 7.0   0.0   0.0   0.0   0.0   0.0   0.0
1979.0 1.0 8.0   0.0   0.0   0.0   0.0   0.0   0.0
1979.0 1.0 9.0   0.0   0.0   0.0   0.0   0.0   0.0
1979.0 1.010.0   0.0   0.0   0.0   0.0   0.0   0.0
1979.0 1.011.0   0.0   0.0   0.0   0.0   0.0   0.0
1979.0 1.012.0   0.0   0.0   0.0   0.0   0.0   0.0
1979.0 1.013.0   0.0   0.0   0.0   0.0   0.0   0.0
1979.0 1.014.0   0.0   0.0   0.0   0.0   0.0   0.0
1979.0 1.015.0   0.0   0.0   0.0   0.0   0.0   0.0
1979.0 1.016.0   0.0   0.0   0.0   0.5   0.0   0.0
1979.0 1.017.0   0.0   0.0   0.0   0.0   0.0   0.0
1979.0 1.018.0   0.0   0.0   0.0   0.0   0.0   0.0
1979.0 1.019.0   0.0   0.0   0.0   0.0   0.0   0.0
1979.0 1.020.0   0.0   0.0   0.0   0.0   0.0   0.0
1979.0 1.021.0   0.0   0.0   0.0   0.0   0.0   0.0
1979.0 1.022.0   0.0   0.0   0.0   0.0   0.0   0.0
1979.0 1.023.0   0.0   0.0   0.0   0.0   0.0   0.0
1979.0 1.024.0   0.0   0.0   0.0   0.0   0.0   0.0
1979.0 1.025.0   0.0   0.0   0.0   0.0   0.0   0.0
1979.0 1.026.0   0.0   0.0   0.0   0.0   0.0   0.0
1979.0 1.027.0   0.0   0.0   0.0   0.0   0.0   0.0
1979.0 1.028.0   0.0   0.0   0.0   0.0   0.0   0.0
1979.0 1.029.0   0.0   0.0   0.0   3.0   0.0   0.0
1979.0 1.030.0   0.0   0.0   0.0   1.0   0.0   0.0
1979.0 1.031.0   0.0   0.0   0.0   0.0   0.0   0.0
1979.0 2.0 1.0   0.0   0.0   0.0   0.0   0.0   0.0
1979.0 2.0 2.0   0.0   0.0   0.0   0.0   0.0   0.0
1979.0 2.0 3.0   0.0   0.0   0.0   0.0   0.0   0.0
1979.0 2.0 4.0   0.0   0.0   0.0   0.0   0.0   0.0
1979.0 2.0 5.0   0.0   0.0   0.0   0.0   0.0   0.0
1979.0 2.0 6.0   0.0   0.0   0.0   0.0   0.0   0.0
1979.0 2.0 7.0   0.0   0.0   0.0   0.0   0.0   0.0
1979.0 2.0 8.0   0.0   0.0   0.0   7.7   0.0   0.0
1979.0 2.0 9.0   0.0   0.0   0.0   0.0   0.0   0.0
1979.0 2.010.0   0.0   0.0   0.0   0.0   0.0   0.0
1979.0 2.011.0   0.0   0.0   0.0   0.0   0.0   0.0
1979.0 2.012.0   0.0   0.0   0.0   0.0   0.0   0.0
1979.0 2.013.0   0.0   0.0   0.0   0.0   0.0   0.0
1979.0 2.014.0   0.0   0.0   0.0   0.0   0.0   0.0
1979.0 2.015.0   0.0   0.0   0.0   0.0   0.0   0.0
1979.0 2.016.0   0.0   0.0   0.0   0.0   0.0   0.0
1979.0 2.017.0   0.0   0.0   0.0   0.0   0.0   0.0
1979.0 2.018.0   0.0   0.0   0.0   0.0   0.0   0.0
1979.0 2.019.0   0.0   0.0   0.0   0.0   0.0   0.0
1979.0 2.020.0   0.0   0.0   0.0   7.0   0.0   0.0
1979.0 2.021.0   0.0   0.0   0.0   0.0   0.0   0.0
1979.0 2.022.0   0.0   0.0   0.0   0.0   0.0   0.0
1979.0 2.023.0   0.0   0.0   0.0   0.0   0.0   0.0
1979.0 2.024.0   0.0   0.0   0.0   0.0   0.0   0.0
1979.0 2.025.0   0.0   0.0   0.0   0.0   0.0   0.0
1979.0 2.026.0   0.0   0.0   0.0   0.0   0.0   0.0
1979.0 2.027.0   0.0   0.0   0.0   0.0   0.0   0.0
1979.0 2.028.0   0.0   0.0   0.0   0.0   0.0   0.0
1979.0 3.0 1.0   0.0   0.0   0.0   0.0   0.0   0.0
1979.0 3.0 2.0   0.0   0.0   0.0   0.0   0.0   0.0
1979.0 3.0 3.0   0.0   0.0   0.0   0.0   0.0   0.0
1979.0 3.0 4.0   0.0   0.0   0.0   0.0   0.0   0.0
1979.0 3.0 5.0   0.0   0.0   0.0   0.0   0.0   0.0
1979.0 3.0 6.0   0.0   0.0   0.0   0.0   0.0   0.0
1979.0 3.0 7.0   0.0   0.0   0.0   0.5   0.0   0.0
1979.0 3.0 8.0   0.0   0.0   0.0   0.0   0.0   0.0
1979.0 3.0 9.0   0.0   0.0   0.0   0.0   0.0   0.0
1979.0 3.010.0   0.0   0.0   0.0   0.0   0.0   0.0
1979.0 3.011.0   0.0   0.0   0.0   0.0   0.0   0.0
1979.0 3.012.0   0.0   0.0   0.0   0.0   0.0   0.0
1979.0 3.013.0   0.0   0.0   0.0   0.0   0.0   0.0
1979.0 3.014.0   0.0   0.0   0.0   0.0   0.0   0.0
1979.0 3.015.0   0.0   0.0   0.0   0.0   0.0   0.0
1979.0 3.016.0   0.0   0.0   0.0   0.0   0.0   0.0
1979.0 3.017.0   0.0   0.0   0.0   0.0   0.0   0.0
1979.0 3.018.0   0.0   0.0   0.0   0.2   0.0   0.0
1979.0 3.019.0   0.0   0.0   0.0   0.0   0.0   0.0
1979.0 3.020.0   0.0   0.0   0.0   0.0   0.0   0.0
1979.0 3.021.0   0.0   0.0   0.0   0.0   0.0   0.0
1979.0 3.022.0   0.0   0.0   0.0   0.0   0.0   0.0
1979.0 3.023.0   0.0   0.0   0.0   0.0   0.0   0.0
1979.0 3.024.0   0.0   0.0   0.0   0.0   0.0   0.0
1979.0 3.025.0   0.0   0.0   0.0   0.0   0.0   0.0
1979.0 3.026.0   0.0   0.0   0.0   0.0   0.0   0.0
1979.0 3.027.0   0.0   0.0   0.0   0.0   0.0   0.0
1979.0 3.028.0   0.0   0.0   0.0   0.0   0.0   0.0
1979.0 3.029.0   0.0   0.0   0.0   0.0   0.0   0.0
1979.0 3.030.0   0.0   0.0   0.0   0.0   0.0   0.0
1979.0 3.031.0   0.0   0.0   0.0   0.0   0.0   0.0
1979.0 4.0 1.0   0.0   0.0   0.0   0.0   0.0   0.0
1979.0 4.0 2.0   0.0   0.0   0.0   0.0   0.0   0.0
1979.0 4.0 3.0   0.0   0.0   0.0   0.0   0.0   0.0
1979.0 4.0 4.0   0.0   0.0   0.0   0.0   0.0   0.0
1979.0 4.0 5.0   0.0   0.0   0.0   0.0   0.0   0.0
1979.0 4.0 6.0   0.0   0.0   0.0   1.5   0.0   0.0
1979.0 4.0 7.0   0.0   0.0   0.0   0.0   0.0   0.0
1979.0 4.0 8.0   0.0   0.0   0.0   0.0   0.0   0.0
1979.0 4.0 9.0   0.0   0.0   0.0   0.0   0.0   0.0
1979.0 4.010.0   0.0   0.0   0.0   0.0   0.0   0.0
1979.0 4.011.0   0.0   0.0   0.0   0.7   0.0   0.0
1979.0 4.012.0   0.0   0.0   0.0   0.0   0.0   0.0
1979.0 4.013.0   0.0   0.0   0.0   0.0   0.0   0.0
1979.0 4.014.0   0.0   0.0   0.0   0.0   0.0   0.0
1979.0 4.015.0   0.0   0.0   0.0   2.2   0.0   0.0
1979.0 4.016.0   0.0   0.0   0.0   9.5   0.0   0.0
1979.0 4.017.0   0.0   0.0   0.0   0.0   0.0   0.0
1979.0 4.018.0   0.0   0.0   0.0   0.0   0.0   0.0
1979.0 4.019.0   0.0   0.0   0.0   0.0   0.0   0.0
1979.0 4.020.0   0.0   0.0   0.0   0.0   0.0   0.0
1979.0 4.021.0   0.0   0.0   0.0   0.0   0.0   0.0
1979.0 4.022.0   0.0   0.0   0.0   0.0   0.0   0.0
1979.0 4.023.0   0.0   0.0   0.0   0.6   0.0   0.0
1979.0 4.024.0   0.0   0.0   0.0   0.0   0.0   0.0
1979.0 4.025.0   0.0   0.0   0.0   0.0   0.0   0.0
1979.0 4.026.0   0.0   0.0   0.0   0.0   0.0   0.0
1979.0 4.027.0   0.0   0.0   0.0   0.0   0.0   0.0
1979.0 4.028.0   0.0   0.0   0.0   0.0   0.0   0.0
1979.0 4.029.0   0.0   0.0   0.0   0.0   0.0   0.0
1979.0 4.030.0   0.0   0.0   0.0  10.0   0.0   0.0
1979.0 5.0 1.0   0.0   0.0   0.0   0.0   0.0   0.0
1979.0 5.0 2.0   0.0   0.0   0.0   0.0   0.0   0.0
1979.0 5.0 3.0   0.0   0.0   0.0   0.0   0.0   0.0
1979.0 5.0 4.0   0.0   0.0   0.0   0.0   0.0   0.0
1979.0 5.0 5.0   0.0   0.0   0.0   0.0   0.0   0.0
1979.0 5.0 6.0   0.0   0.0   0.0   0.0   0.0   0.0
1979.0 5.0 7.0   0.0   0.0   0.0   0.0   0.0   0.0
1979.0 5.0 8.0   0.0   0.0   0.0   0.0   0.0   0.0
1979.0 5.0 9.0   0.0   0.0   0.0   0.0   0.0   0.0
1979.0 5.010.0   0.0   0.0   0.0   0.0   0.0   0.0
1979.0 5.011.0   0.0   0.0   0.0   1.7   0.0   0.0
1979.0 5.012.0   0.0   0.0   0.0   0.0   0.0   0.0
1979.0 5.013.0   0.0   0.0   0.0   0.0   0.0   0.0
1979.0 5.014.0   0.0   0.0   0.0   0.0   0.0   0.0
1979.0 5.015.0   0.0   0.0   0.0   0.0   0.0   0.0
1979.0 5.016.0   0.0   0.0   0.0   0.0   0.0   0.0
1979.0 5.017.0   0.0   0.0   0.0   0.0   0.0   0.0
1979.0 5.018.0   0.0   0.0   0.0   0.0   0.0   0.0
1979.0 5.019.0   0.0   0.0   0.0   0.0   0.0   0.0
1979.0 5.020.0   0.0   0.0   0.0   0.0   0.0   0.0
1979.0 5.021.0   0.0   0.0   0.0   6.8   0.0   0.0
1979.0 5.022.0   0.0   0.0   0.0   0.0   0.0   0.0
1979.0 5.023.0   0.0   0.0   0.0   0.0   0.0   0.0
1979.0 5.024.0   0.0   0.0   0.0   0.0   0.0   0.0
1979.0 5.025.0   0.0   0.0   0.0   0.0   0.0   0.0
1979.0 5.026.0   0.0   0.0   0.0   0.0   0.0   0.0
1979.0 5.027.0   0.0   0.0   0.0   0.0   0.0   0.0
1979.0 5.028.0   0.0   0.0   0.0   0.0   0.0   0.0
1979.0 5.029.0   0.0   0.0   0.0   0.0   0.0   0.0
1979.0 5.030.0   0.0   0.0   0.0   0.0   0.0   0.0
1979.0 5.031.0   0.0   0.0   0.0   0.0   0.0   0.0
1979.0 6.0 1.0   0.0   0.0   0.0   0.0   0.0   0.0
1979.0 6.0 2.0   0.0   0.0   0.0   0.0   0.0   0.0
1979.0 6.0 3.0   0.0   0.0   0.0   0.0   0.0   0.0
1979.0 6.0 4.0   0.0   0.0   0.0   0.0   0.0   0.0
1979.0 6.0 5.0   0.0   0.0   0.0   0.0   0.0   0.0
1979.0 6.0 6.0   0.0   0.0   0.0   0.0   0.0   0.0
1979.0 6.0 7.0   0.0   0.0   0.0   0.0   0.0   0.0
1979.0 6.0 8.0   0.0   0.0   0.0   6.3   0.0   0.0
1979.0 6.0 9.0   0.0   0.0   0.0  13.3   0.0   0.0
1979.0 6.010.0   0.0   0.0   0.0   0.0   0.0   0.0
1979.0 6.011.0   0.0   0.0   0.0  14.5   0.0   0.0
1979.0 6.012.0   0.0   0.0   0.0   7.8   0.0   0.0
1979.0 6.013.0   0.0   0.0   0.0  54.7   0.0   0.0
1979.0 6.014.0   0.0   0.0   0.0  11.8   0.0   0.0
1979.0 6.015.0   0.0   0.0   0.0  10.2   0.0   0.0
1979.0 6.016.0   0.0   0.0   0.0  29.0   0.0   0.0
1979.0 6.017.0   0.0   0.0   0.0   0.0   0.0   0.0
1979.0 6.018.0   0.0   0.0   0.0   1.6   0.0   0.0
1979.0 6.019.0   0.0   0.0   0.0   0.0   0.0   0.0
1979.0 6.020.0   0.0   0.0   0.0   0.0   0.0   0.0
1979.0 6.021.0   0.0   0.0   0.0  47.0   0.0   0.0
1979.0 6.022.0   0.0   0.0   0.0   3.2   0.0   0.0
1979.0 6.023.0   0.0   0.0   0.0  10.2   0.0   0.0
1979.0 6.024.0   0.0   0.0   0.0   0.3   0.0   0.0
1979.0 6.025.0   0.0   0.0   0.0   4.8   0.0   0.0
1979.0 6.026.0   0.0   0.0   0.0   1.1   0.0   0.0
1979.0 6.027.0   0.0   0.0   0.0   5.2   0.0   0.0
1979.0 6.028.0   0.0   0.0   0.0  56.2   0.0   0.0
1979.0 6.029.0   0.0   0.0   0.0  24.5   0.0   0.0
1979.0 6.030.0   0.0   0.0   0.0   1.0   0.0   0.0
1979.0 7.0 1.0   0.0   0.0   0.0  12.6   0.0   0.0
1979.0 7.0 2.0   0.0   0.0   0.0   8.0   0.0   0.0
1979.0 7.0 3.0   0.0   0.0   0.0   8.3   0.0   0.0
1979.0 7.0 4.0   0.0   0.0   0.0   0.0   0.0   0.0
1979.0 7.0 5.0   0.0   0.0   0.0   0.2   0.0   0.0
1979.0 7.0 6.0   0.0   0.0   0.0   0.0   0.0   0.0
1979.0 7.0 7.0   0.0   0.0   0.0   0.0   0.0   0.0
1979.0 7.0 8.0   0.0   0.0   0.0   1.5   0.0   0.0
1979.0 7.0 9.0   0.0   0.0   0.0   0.0   0.0   0.0
1979.0 7.010.0   0.0   0.0   0.0   3.1   0.0   0.0
1979.0 7.011.0   0.0   0.0   0.0  10.1   0.0   0.0
1979.0 7.012.0   0.0   0.0   0.0  29.0   0.0   0.0
1979.0 7.013.0   0.0   0.0   0.0  62.5   0.0   0.0
1979.0 7.014.0   0.0   0.0   0.0  35.5   0.0   0.0
1979.0 7.015.0   0.0   0.0   0.0  53.7   0.0   0.0
1979.0 7.016.0   0.0   0.0   0.0  23.2   0.0   0.0
1979.0 7.017.0   0.0   0.0   0.0   1.0   0.0   0.0
1979.0 7.018.0   0.0   0.0   0.0  21.4   0.0   0.0
1979.0 7.019.0   0.0   0.0   0.0   9.0   0.0   0.0
1979.0 7.020.0   0.0   0.0   0.0  16.5   0.0   0.0
1979.0 7.021.0   0.0   0.0   0.0  37.2   0.0   0.0
1979.0 7.022.0   0.0   0.0   0.0  13.7   0.0   0.0
1979.0 7.023.0   0.0   0.0   0.0  19.8   0.0   0.0
1979.0 7.024.0   0.0   0.0   0.0 108.0   0.0   0.0
1979.0 7.025.0   0.0   0.0   0.0  13.1   0.0   0.0
1979.0 7.026.0   0.0   0.0   0.0   1.0   0.0   0.0
1979.0 7.027.0   0.0   0.0   0.0  24.0   0.0   0.0
1979.0 7.028.0   0.0   0.0   0.0  10.7   0.0   0.0
1979.0 7.029.0   0.0   0.0   0.0  27.6   0.0   0.0
1979.0 7.030.0   0.0   0.0   0.0   7.2   0.0   0.0
1979.0 7.031.0   0.0   0.0   0.0   0.0   0.0   0.0
1979.0 8.0 1.0   0.0   0.0   0.0   3.4   0.0   0.0
1979.0 8.0 2.0   0.0   0.0   0.0   1.3   0.0   0.0
1979.0 8.0 3.0   0.0   0.0   0.0   2.1   0.0   0.0
1979.0 8.0 4.0   0.0   0.0   0.0   0.0   0.0   0.0
1979.0 8.0 5.0   0.0   0.0   0.0   0.4   0.0   0.0
1979.0 8.0 6.0   0.0   0.0   0.0   5.5   0.0   0.0
1979.0 8.0 7.0   0.0   0.0   0.0   0.0   0.0   0.0
1979.0 8.0 8.0   0.0   0.0   0.0   7.7   0.0   0.0
1979.0 8.0 9.0   0.0   0.0   0.0   0.2   0.0   0.0
1979.0 8.010.0   0.0   0.0   0.0   4.7   0.0   0.0
1979.0 8.011.0   0.0   0.0   0.0   9.0   0.0   0.0
1979.0 8.012.0   0.0   0.0   0.0  28.0   0.0   0.0
1979.0 8.013.0   0.0   0.0   0.0   1.5   0.0   0.0
1979.0 8.014.0   0.0   0.0   0.0  81.5   0.0   0.0
1979.0 8.015.0   0.0   0.0   0.0   2.2   0.0   0.0
1979.0 8.016.0   0.0   0.0   0.0   0.2   0.0   0.0
1979.0 8.017.0   0.0   0.0   0.0  15.2   0.0   0.0
1979.0 8.018.0   0.0   0.0   0.0   0.2   0.0   0.0
1979.0 8.019.0   0.0   0.0   0.0   0.0   0.0   0.0
1979.0 8.020.0   0.0   0.0   0.0  19.0   0.0   0.0
1979.0 8.021.0   0.0   0.0   0.0 227.0   0.0   0.0
1979.0 8.022.0   0.0   0.0   0.0  22.5   0.0   0.0
1979.0 8.023.0   0.0   0.0   0.0   0.5   0.0   0.0
1979.0 8.024.0   0.0   0.0   0.0   9.3   0.0   0.0
1979.0 8.025.0   0.0   0.0   0.0   0.0   0.0   0.0
1979.0 8.026.0   0.0   0.0   0.0   0.5   0.0   0.0
1979.0 8.027.0   0.0   0.0   0.0   1.0   0.0   0.0
1979.0 8.028.0   0.0   0.0   0.0   0.0   0.0   0.0
1979.0 8.029.0   0.0   0.0   0.0   0.6   0.0   0.0
1979.0 8.030.0   0.0   0.0   0.0   4.8   0.0   0.0
1979.0 8.031.0   0.0   0.0   0.0   5.0   0.0   0.0
1979.0 9.0 1.0   0.0   0.0   0.0   3.5   0.0   0.0
1979.0 9.0 2.0   0.0   0.0   0.0   0.1   0.0   0.0
1979.0 9.0 3.0   0.0   0.0   0.0 113.5   0.0   0.0
1979.0 9.0 4.0   0.0   0.0   0.0  33.3   0.0   0.0
1979.0 9.0 5.0   0.0   0.0   0.0  17.7   0.0   0.0
1979.0 9.0 6.0   0.0   0.0   0.0  26.5   0.0   0.0
1979.0 9.0 7.0   0.0   0.0   0.0  14.0   0.0   0.0
1979.0 9.0 8.0   0.0   0.0   0.0   0.0   0.0   0.0
1979.0 9.0 9.0   0.0   0.0   0.0  35.0   0.0   0.0
1979.0 9.010.0   0.0   0.0   0.0   0.2   0.0   0.0
1979.0 9.011.0   0.0   0.0   0.0  30.5   0.0   0.0
1979.0 9.012.0   0.0   0.0   0.0   0.0   0.0   0.0
1979.0 9.013.0   0.0   0.0   0.0   9.0   0.0   0.0
1979.0 9.014.0   0.0   0.0   0.0   0.0   0.0   0.0
1979.0 9.015.0   0.0   0.0   0.0   0.0   0.0   0.0
1979.0 9.016.0   0.0   0.0   0.0   1.0   0.0   0.0
1979.0 9.017.0   0.0   0.0   0.0   0.0   0.0   0.0
1979.0 9.018.0   0.0   0.0   0.0   0.0   0.0   0.0
1979.0 9.019.0   0.0   0.0   0.0   0.0   0.0   0.0
1979.0 9.020.0   0.0   0.0   0.0   0.6   0.0   0.0
1979.0 9.021.0   0.0   0.0   0.0   0.0   0.0   0.0
1979.0 9.022.0   0.0   0.0   0.0   0.0   0.0   0.0
1979.0 9.023.0   0.0   0.0   0.0   0.0   0.0   0.0
1979.0 9.024.0   0.0   0.0   0.0   0.0   0.0   0.0
1979.0 9.025.0   0.0   0.0   0.0   0.0   0.0   0.0
1979.0 9.026.0   0.0   0.0   0.0   0.0   0.0   0.0
1979.0 9.027.0   0.0   0.0   0.0   0.2   0.0   0.0
1979.0 9.028.0   0.0   0.0   0.0   0.0   0.0   0.0
1979.0 9.029.0   0.0   0.0   0.0   0.1   0.0   0.0
1979.0 9.030.0   0.0   0.0   0.0   0.0   0.0   0.0
1979.010.0 1.0   0.0   0.0   0.0   1.8   0.0   0.0
1979.010.0 2.0   0.0   0.0   0.0  16.2   0.0   0.0
1979.010.0 3.0   0.0   0.0   0.0   1.8   0.0   0.0
1979.010.0 4.0   0.0   0.0   0.0  13.7   0.0   0.0
1979.010.0 5.0   0.0   0.0   0.0   0.0   0.0   0.0
1979.010.0 6.0   0.0   0.0   0.0   0.0   0.0   0.0
1979.010.0 7.0   0.0   0.0   0.0   0.0   0.0   0.0
1979.010.0 8.0   0.0   0.0   0.0   0.0   0.0   0.0
1979.010.0 9.0   0.0   0.0   0.0   0.0   0.0   0.0
1979.010.010.0   0.0   0.0   0.0  50.5   0.0   0.0
1979.010.011.0   0.0   0.0   0.0   2.0   0.0   0.0
1979.010.012.0   0.0   0.0   0.0   4.0   0.0   0.0
1979.010.013.0   0.0   0.0   0.0   0.0   0.0   0.0
1979.010.014.0   0.0   0.0   0.0   0.0   0.0   0.0
1979.010.015.0   0.0   0.0   0.0   0.0   0.0   0.0
1979.010.016.0   0.0   0.0   0.0   0.0   0.0   0.0
1979.010.017.0   0.0   0.0   0.0   0.0   0.0   0.0
1979.010.018.0   0.0   0.0   0.0   0.0   0.0   0.0
1979.010.019.0   0.0   0.0   0.0   0.0   0.0   0.0
1979.010.020.0   0.0   0.0   0.0   0.0   0.0   0.0
1979.010.021.0   0.0   0.0   0.0   0.0   0.0   0.0
1979.010.022.0   0.0   0.0   0.0   0.0   0.0   0.0
1979.010.023.0   0.0   0.0   0.0   0.0   0.0   0.0
1979.010.024.0   0.0   0.0   0.0   0.0   0.0   0.0
1979.010.025.0   0.0   0.0   0.0   0.0   0.0   0.0
1979.010.026.0   0.0   0.0   0.0   0.0   0.0   0.0
1979.010.027.0   0.0   0.0   0.0   0.0   0.0   0.0
1979.010.028.0   0.0   0.0   0.0   0.0   0.0   0.0
1979.010.029.0   0.0   0.0   0.0   0.0   0.0   0.0
1979.010.030.0   0.0   0.0   0.0   0.0   0.0   0.0
1979.010.031.0   0.0   0.0   0.0   0.0   0.0   0.0
1979.011.0 1.0   0.0   0.0   0.0   0.0   0.0   0.0
1979.011.0 2.0   0.0   0.0   0.0   0.0   0.0   0.0
1979.011.0 3.0   0.0   0.0   0.0   0.0   0.0   0.0
1979.011.0 4.0   0.0   0.0   0.0   0.0   0.0   0.0
1979.011.0 5.0   0.0   0.0   0.0   0.0   0.0   0.0
1979.011.0 6.0   0.0   0.0   0.0   0.0   0.0   0.0
1979.011.0 7.0   0.0   0.0   0.0   0.0   0.0   0.0
1979.011.0 8.0   0.0   0.0   0.0   0.0   0.0   0.0
1979.011.0 9.0   0.0   0.0   0.0   0.0   0.0   0.0
1979.011.010.0   0.0   0.0   0.0   0.0   0.0   0.0
1979.011.011.0   0.0   0.0   0.0   0.0   0.0   0.0
1979.011.012.0   0.0   0.0   0.0   0.0   0.0   0.0
1979.011.013.0   0.0   0.0   0.0   0.0   0.0   0.0
1979.011.014.0   0.0   0.0   0.0   0.0   0.0   0.0
1979.011.015.0   0.0   0.0   0.0   0.0   0.0   0.0
1979.011.016.0   0.0   0.0   0.0   0.0   0.0   0.0
1979.011.017.0   0.0   0.0   0.0   0.0   0.0   0.0
1979.011.018.0   0.0   0.0   0.0   0.0   0.0   0.0
1979.011.019.0   0.0   0.0   0.0   0.0   0.0   0.0
1979.011.020.0   0.0   0.0   0.0   0.0   0.0   0.0
1979.011.021.0   0.0   0.0   0.0   0.0   0.0   0.0
1979.011.022.0   0.0   0.0   0.0   0.0   0.0   0.0
1979.011.023.0   0.0   0.0   0.0   0.6   0.0   0.0
1979.011.024.0   0.0   0.0   0.0   0.0   0.0   0.0
1979.011.025.0   0.0   0.0   0.0   0.0   0.0   0.0
1979.011.026.0   0.0   0.0   0.0   0.0   0.0   0.0
1979.011.027.0   0.0   0.0   0.0   0.0   0.0   0.0
1979.011.028.0   0.0   0.0   0.0   2.7   0.0   0.0
1979.011.029.0   0.0   0.0   0.0   6.1   0.0   0.0
1979.011.030.0   0.0   0.0   0.0  20.0   0.0   0.0
1979.012.0 1.0   0.0   0.0   0.0  31.4   0.0   0.0
1979.012.0 2.0   0.0   0.0   0.0   0.0   0.0   0.0
1979.012.0 3.0   0.0   0.0   0.0   0.0   0.0   0.0
1979.012.0 4.0   0.0   0.0   0.0   0.0   0.0   0.0
1979.012.0 5.0   0.0   0.0   0.0   0.0   0.0   0.0
1979.012.0 6.0   0.0   0.0   0.0   0.0   0.0   0.0
1979.012.0 7.0   0.0   0.0   0.0   0.0   0.0   0.0
1979.012.0 8.0   0.0   0.0   0.0   0.0   0.0   0.0
1979.012.0 9.0   0.0   0.0   0.0   0.0   0.0   0.0
1979.012.010.0   0.0   0.0   0.0   0.0   0.0   0.0
1979.012.011.0   0.0   0.0   0.0   0.0   0.0   0.0
1979.012.012.0   0.0   0.0   0.0   0.0   0.0   0.0
1979.012.013.0   0.0   0.0   0.0   0.0   0.0   0.0
1979.012.014.0   0.0   0.0   0.0   0.0   0.0   0.0
1979.012.015.0   0.0   0.0   0.0   0.0   0.0   0.0
1979.012.016.0   0.0   0.0   0.0   0.0   0.0   0.0
1979.012.017.0   0.0   0.0   0.0   0.0   0.0   0.0
1979.012.018.0   0.0   0.0   0.0   0.0   0.0   0.0
1979.012.019.0   0.0   0.0   0.0   0.0   0.0   0.0
1979.012.020.0   0.0   0.0   0.0   0.0   0.0   0.0
1979.012.021.0   0.0   0.0   0.0   0.0   0.0   0.0
1979.012.022.0   0.0   0.0   0.0   0.0   0.0   0.0
1979.012.023.0   0.0   0.0   0.0   0.0   0.0   0.0
1979.012.024.0   0.0   0.0   0.0   0.0   0.0   0.0
1979.012.025.0   0.0   0.0   0.0   0.0   0.0   0.0
1979.012.026.0   0.0   0.0   0.0   0.0   0.0   0.0
1979.012.027.0   0.0   0.0   0.0   0.0   0.0   0.0
1979.012.028.0   0.0   0.0   0.0   0.0   0.0   0.0
1979.012.029.0   0.0   0.0   0.0   0.0   0.0   0.0
1979.012.030.0   0.0   0.0   0.0  11.0   0.0   0.0
1979.012.031.0   0.0   0.0   0.0  11.5   0.0   0.0
