1994.0 1.0 1.0   0.0  25.8   8.9   0.0   0.0   0.0
1994.0 1.0 2.0   0.0  26.0   8.0   0.0   0.0   0.0
1994.0 1.0 3.0   0.0  25.0   8.5   0.0   0.0   0.0
1994.0 1.0 4.0   0.0  24.0   8.5   0.0   0.0   0.0
1994.0 1.0 5.0   0.0  24.5   9.0   0.0   0.0   0.0
1994.0 1.0 6.0   0.0  25.0   8.3   0.0   0.0   0.0
1994.0 1.0 7.0   0.0  24.5   8.0   0.0   0.0   0.0
1994.0 1.0 8.0   0.0  24.5   8.5   0.0   0.0   0.0
1994.0 1.0 9.0   0.0  25.3   8.5   0.0   0.0   0.0
1994.0 1.010.0   0.0  20.4   9.0   0.0   0.0   0.0
1994.0 1.011.0   0.0  23.0  10.5   0.0   0.0   0.0
1994.0 1.012.0   0.0  23.4  12.5   0.5   0.0   0.0
1994.0 1.013.0   0.0  27.0  12.5   0.6   0.0   0.0
1994.0 1.014.0   0.0  28.0  12.0   0.0   0.0   0.0
1994.0 1.015.0   0.0  16.0  12.0   0.0   0.0   0.0
1994.0 1.016.0   0.0  22.0  11.0  38.3   0.0   0.0
1994.0 1.017.0   0.0  16.0   6.5   0.5   0.0   0.0
1994.0 1.018.0   0.0  21.0   8.0   0.0   0.0   0.0
1994.0 1.019.0   0.0  23.5   8.4   0.0   0.0   0.0
1994.0 1.020.0   0.0  24.8   6.5   0.0   0.0   0.0
1994.0 1.021.0   0.0  25.2   6.5   0.0   0.0   0.0
1994.0 1.022.0   0.0  24.8   6.0   0.0   0.0   0.0
1994.0 1.023.0   0.0  25.0   7.0   0.0   0.0   0.0
1994.0 1.024.0   0.0  24.8   8.4   0.0   0.0   0.0
1994.0 1.025.0   0.0  26.5   9.8   0.0   0.0   0.0
1994.0 1.026.0   0.0  26.5   9.0   0.0   0.0   0.0
1994.0 1.027.0   0.0  27.0  10.3   0.0   0.0   0.0
1994.0 1.028.0   0.0  27.0  10.0   0.0   0.0   0.0
1994.0 1.029.0   0.0  22.3  11.0   0.0   0.0   0.0
1994.0 1.030.0   0.0  25.8  13.0   0.0   0.0   0.0
1994.0 1.031.0   0.0  24.5  11.5   0.0   0.0   0.0
1994.0 2.0 1.0   0.0  24.8  10.0   0.0   0.0   0.0
1994.0 2.0 2.0   0.0  25.8   9.5   0.0   0.0   0.0
1994.0 2.0 3.0   0.0  24.8   8.8   0.0   0.0   0.0
1994.0 2.0 4.0   0.0  23.8   7.5   0.0   0.0   0.0
1994.0 2.0 5.0   0.0  23.8   8.0   0.0   0.0   0.0
1994.0 2.0 6.0   0.0  27.0   8.5   0.0   0.0   0.0
1994.0 2.0 7.0   0.0  29.3   9.0   0.0   0.0   0.0
1994.0 2.0 8.0   0.0  19.5  13.0   0.0   0.0   0.0
1994.0 2.0 9.0   0.0  25.0  14.0  10.4   0.0   0.0
1994.0 2.010.0   0.0  24.7  10.0   0.0   0.0   0.0
1994.0 2.011.0   0.0  23.0  10.3   0.0   0.0   0.0
1994.0 2.012.0   0.0  24.4   7.5   0.0   0.0   0.0
1994.0 2.013.0   0.0  25.4   8.0   0.0   0.0   0.0
1994.0 2.014.0   0.0  25.0   7.4   0.0   0.0   0.0
1994.0 2.015.0   0.0  25.0   6.0   0.0   0.0   0.0
1994.0 2.016.0   0.0  27.0   7.0   0.0   0.0   0.0
1994.0 2.017.0   0.0  27.2   9.0   0.0   0.0   0.0
1994.0 2.018.0   0.0  28.0  10.0   0.0   0.0   0.0
1994.0 2.019.0   0.0  28.5   7.0   0.0   0.0   0.0
1994.0 2.020.0   0.0  28.5   9.4   0.0   0.0   0.0
1994.0 2.021.0   0.0  27.5  12.5   0.0   0.0   0.0
1994.0 2.022.0   0.0  26.5  10.5  22.2   0.0   0.0
1994.0 2.023.0   0.0  25.5   7.5   0.0   0.0   0.0
1994.0 2.024.0   0.0  26.0   8.5   0.0   0.0   0.0
1994.0 2.025.0   0.0  25.5   8.9   0.0   0.0   0.0
1994.0 2.026.0   0.0  26.3  10.5   0.0   0.0   0.0
1994.0 2.027.0   0.0  29.5  11.5   0.0   0.0   0.0
1994.0 2.028.0   0.0  29.5  12.0   0.0   0.0   0.0
1994.0 3.0 1.0   0.0  28.0  10.5   0.0   0.0   0.0
1994.0 3.0 2.0   0.0  28.0  11.0   0.0   0.0   0.0
1994.0 3.0 3.0   0.0  28.5  11.0   0.0   0.0   0.0
1994.0 3.0 4.0   0.0  28.5  12.0   0.0   0.0   0.0
1994.0 3.0 5.0   0.0  31.2  12.0   0.0   0.0   0.0
1994.0 3.0 6.0   0.0  31.3  11.8   0.0   0.0   0.0
1994.0 3.0 7.0   0.0  31.0  11.0   0.0   0.0   0.0
1994.0 3.0 8.0   0.0  29.0  11.0   0.0   0.0   0.0
1994.0 3.0 9.0   0.0  32.0  12.0   0.0   0.0   0.0
1994.0 3.010.0   0.0  30.9  12.5   0.0   0.0   0.0
1994.0 3.011.0   0.0  31.0  12.5   0.0   0.0   0.0
1994.0 3.012.0   0.0  31.3  14.0   0.0   0.0   0.0
1994.0 3.013.0   0.0  31.9  17.5   0.0   0.0   0.0
1994.0 3.014.0   0.0  31.5  17.0   0.0   0.0   0.0
1994.0 3.015.0   0.0  32.5  20.0   0.0   0.0   0.0
1994.0 3.016.0   0.0  34.8  17.5   0.0   0.0   0.0
1994.0 3.017.0   0.0  33.5  17.0   0.0   0.0   0.0
1994.0 3.018.0   0.0  34.0  19.5   0.0   0.0   0.0
1994.0 3.019.0   0.0  33.7  19.8   0.0   0.0   0.0
1994.0 3.020.0   0.0  33.5  21.3   0.0   0.0   0.0
1994.0 3.021.0   0.0  36.5  17.5   0.0   0.0   0.0
1994.0 3.022.0   0.0  36.5  15.5   0.0   0.0   0.0
1994.0 3.023.0   0.0  34.5  14.0   0.0   0.0   0.0
1994.0 3.024.0   0.0  33.0  15.0   0.0   0.0   0.0
1994.0 3.025.0   0.0  33.0  16.0   0.0   0.0   0.0
1994.0 3.026.0   0.0  34.5  18.5   0.0   0.0   0.0
1994.0 3.027.0   0.0  31.0  14.8   9.3   0.0   0.0
1994.0 3.028.0   0.0  30.5  16.5   0.0   0.0   0.0
1994.0 3.029.0   0.0  29.5  21.0   0.0   0.0   0.0
1994.0 3.030.0   0.0  31.5  21.5   0.0   0.0   0.0
1994.0 3.031.0   0.0  34.2  21.0   0.0   0.0   0.0
1994.0 4.0 1.0   0.0  36.8  20.5   0.0   0.0   0.0
1994.0 4.0 2.0   0.0  34.5  20.8   0.0   0.0   0.0
1994.0 4.0 3.0   0.0  32.0  19.5   3.8   0.0   0.0
1994.0 4.0 4.0   0.0  33.0  18.5   0.0   0.0   0.0
1994.0 4.0 5.0   0.0  34.5  19.0   0.0   0.0   0.0
1994.0 4.0 6.0   0.0  35.8  18.5   0.0   0.0   0.0
1994.0 4.0 7.0   0.0  38.0  21.4   0.0   0.0   0.0
1994.0 4.0 8.0   0.0  37.0  18.3   0.0   0.0   0.0
1994.0 4.0 9.0   0.0  37.5  19.5   0.0   0.0   0.0
1994.0 4.010.0   0.0  37.8  17.4   0.0   0.0   0.0
1994.0 4.011.0   0.0  37.5  13.8   0.0   0.0   0.0
1994.0 4.012.0   0.0  37.0  15.5   0.0   0.0   0.0
1994.0 4.013.0   0.0  38.0  13.0   0.0   0.0   0.0
1994.0 4.014.0   0.0  39.8  14.0   0.0   0.0   0.0
1994.0 4.015.0   0.0  39.8  16.8   0.0   0.0   0.0
1994.0 4.016.0   0.0  32.2  19.5   0.0   0.0   0.0
1994.0 4.017.0   0.0  36.0  14.5   1.0   0.0   0.0
1994.0 4.018.0   0.0  36.7  15.5   0.0   0.0   0.0
1994.0 4.019.0   0.0  37.8  15.0   0.0   0.0   0.0
1994.0 4.020.0   0.0  37.2  18.5   0.0   0.0   0.0
1994.0 4.021.0   0.0  37.9  19.3   0.0   0.0   0.0
1994.0 4.022.0   0.0  31.8  21.0   0.0   0.0   0.0
1994.0 4.023.0   0.0  35.3  16.0   0.3   0.0   0.0
1994.0 4.024.0   0.0  38.8  17.5   0.0   0.0   0.0
1994.0 4.025.0   0.0  39.0  16.0   0.0   0.0   0.0
1994.0 4.026.0   0.0  40.0  15.6   0.0   0.0   0.0
1994.0 4.027.0   0.0  39.4  22.0   0.0   0.0   0.0
1994.0 4.028.0   0.0  39.3  19.5   3.7   0.0   0.0
1994.0 4.029.0   0.0  38.4  20.6   0.0   0.0   0.0
1994.0 4.030.0   0.0  36.0  19.0  16.0   0.0   0.0
1994.0 5.0 1.0   0.0  38.2  20.8   0.0   0.0   0.0
1994.0 5.0 2.0   0.0  38.6  23.5   0.0   0.0   0.0
1994.0 5.0 3.0   0.0  41.6  23.3   0.0   0.0   0.0
1994.0 5.0 4.0   0.0  42.5  22.4   0.0   0.0   0.0
1994.0 5.0 5.0   0.0  42.5  23.0   0.0   0.0   0.0
1994.0 5.0 6.0   0.0  42.0  22.0   0.0   0.0   0.0
1994.0 5.0 7.0   0.0  40.5  20.0   0.0   0.0   0.0
1994.0 5.0 8.0   0.0  39.3  24.0   0.8   0.0   0.0
1994.0 5.0 9.0   0.0  39.0  23.5   3.2   0.0   0.0
1994.0 5.010.0   0.0  36.5  22.2   1.5   0.0   0.0
1994.0 5.011.0   0.0  37.0  19.0   3.2   0.0   0.0
1994.0 5.012.0   0.0  38.3  18.0   0.0   0.0   0.0
1994.0 5.013.0   0.0  40.2  20.0   0.0   0.0   0.0
1994.0 5.014.0   0.0  42.5  21.5   0.0   0.0   0.0
1994.0 5.015.0   0.0  39.8  22.0   0.0   0.0   0.0
1994.0 5.016.0   0.0  39.4  22.0   0.0   0.0   0.0
1994.0 5.017.0   0.0  35.5  22.0   1.1   0.0   0.0
1994.0 5.018.0   0.0  34.4  22.5   0.3   0.0   0.0
1994.0 5.019.0   0.0  36.0  22.5   8.4   0.0   0.0
1994.0 5.020.0   0.0  37.8  24.0   1.2   0.0   0.0
1994.0 5.021.0   0.0  39.5  25.5   0.0   0.0   0.0
1994.0 5.022.0   0.0  34.9  22.5  15.5   0.0   0.0
1994.0 5.023.0   0.0  34.8  24.0  14.6   0.0   0.0
1994.0 5.024.0   0.0  35.9  24.5   1.6   0.0   0.0
1994.0 5.025.0   0.0  34.5  20.5  40.8   0.0   0.0
1994.0 5.026.0   0.0  36.0  23.5   0.5   0.0   0.0
1994.0 5.027.0   0.0  37.0  25.5   0.0   0.0   0.0
1994.0 5.028.0   0.0  37.0  25.5   0.2   0.0   0.0
1994.0 5.029.0   0.0  39.0  26.5   0.0   0.0   0.0
1994.0 5.030.0   0.0  36.0  22.0  27.3   0.0   0.0
1994.0 5.031.0   0.0  36.8  23.5   3.2   0.0   0.0
1994.0 6.0 1.0   0.0  36.8  22.8  29.7   0.0   0.0
1994.0 6.0 2.0   0.0  36.8  26.8   0.2   0.0   0.0
1994.0 6.0 3.0   0.0  37.5  23.0  29.0   0.0   0.0
1994.0 6.0 4.0   0.0  37.9  25.2   0.0   0.0   0.0
1994.0 6.0 5.0   0.0  38.8  20.5  17.0   0.0   0.0
1994.0 6.0 6.0   0.0  38.8  22.5   0.0   0.0   0.0
1994.0 6.0 7.0   0.0  36.0  26.4   0.0   0.0   0.0
1994.0 6.0 8.0   0.0  34.7  23.4  22.5   0.0   0.0
1994.0 6.0 9.0   0.0  37.0  25.0   0.3   0.0   0.0
1994.0 6.010.0   0.0  33.2  25.0   1.5   0.0   0.0
1994.0 6.011.0   0.0  34.5  26.0   3.5   0.0   0.0
1994.0 6.012.0   0.0  35.3  25.0   0.2   0.0   0.0
1994.0 6.013.0   0.0  36.0  26.0   0.0   0.0   0.0
1994.0 6.014.0   0.0  36.5  27.0   0.0   0.0   0.0
1994.0 6.015.0   0.0  36.4  25.8   4.2   0.0   0.0
1994.0 6.016.0   0.0  36.5  26.0  56.6   0.0   0.0
1994.0 6.017.0   0.0  38.8  24.8  31.0   0.0   0.0
1994.0 6.018.0   0.0  37.2  26.5   0.3   0.0   0.0
1994.0 6.019.0   0.0  33.5  25.5   6.7   0.0   0.0
1994.0 6.020.0   0.0  33.5  25.6  72.1   0.0   0.0
1994.0 6.021.0   0.0  34.3  26.5  10.4   0.0   0.0
1994.0 6.022.0   0.0  36.0  26.5  16.9   0.0   0.0
1994.0 6.023.0   0.0  34.5  26.0  10.2   0.0   0.0
1994.0 6.024.0   0.0  35.8  27.0  31.3   0.0   0.0
1994.0 6.025.0   0.0  35.3  24.5  45.9   0.0   0.0
1994.0 6.026.0   0.0  34.0  25.5   3.9   0.0   0.0
1994.0 6.027.0   0.0  35.8  25.0   7.0   0.0   0.0
1994.0 6.028.0   0.0  35.8  26.0   0.0   0.0   0.0
1994.0 6.029.0   0.0  33.5  25.5   5.7   0.0   0.0
1994.0 6.030.0   0.0  35.0  26.5   0.2   0.0   0.0
1994.0 7.0 1.0   0.0  35.8  25.0  47.2   0.0   0.0
1994.0 7.0 2.0   0.0  32.0  24.0  72.0   0.0   0.0
1994.0 7.0 3.0   0.0  34.0  25.0   8.0   0.0   0.0
1994.0 7.0 4.0   0.0  34.9  25.8   0.3   0.0   0.0
1994.0 7.0 5.0   0.0  34.0  25.5   5.6   0.0   0.0
1994.0 7.0 6.0   0.0  35.0  26.0   0.0   0.0   0.0
1994.0 7.0 7.0   0.0  34.5  26.8   7.5   0.0   0.0
1994.0 7.0 8.0   0.0  34.5  25.5  57.2   0.0   0.0
1994.0 7.0 9.0   0.0  33.0  26.0   0.3   0.0   0.0
1994.0 7.010.0   0.0  36.2  26.8   0.0   0.0   0.0
1994.0 7.011.0   0.0  35.4  26.6   7.2   0.0   0.0
1994.0 7.012.0   0.0  36.0  26.5   0.0   0.0   0.0
1994.0 7.013.0   0.0  36.8  25.5   1.4   0.0   0.0
1994.0 7.014.0   0.0  35.0  26.0   1.6   0.0   0.0
1994.0 7.015.0   0.0  37.5  26.5  14.7   0.0   0.0
1994.0 7.016.0   0.0  36.5  27.5   0.0   0.0   0.0
1994.0 7.017.0   0.0  37.5  26.4   0.0   0.0   0.0
1994.0 7.018.0   0.0  34.5  25.0  17.8   0.0   0.0
1994.0 7.019.0   0.0  34.0  25.8  24.3   0.0   0.0
1994.0 7.020.0   0.0  36.0  26.8   0.2   0.0   0.0
1994.0 7.021.0   0.0  33.9  25.8   2.9   0.0   0.0
1994.0 7.022.0   0.0  34.5  26.0   1.6   0.0   0.0
1994.0 7.023.0   0.0  32.4  25.0  12.4   0.0   0.0
1994.0 7.024.0   0.0  34.0  26.0   3.7   0.0   0.0
1994.0 7.025.0   0.0  33.8  26.0   7.2   0.0   0.0
1994.0 7.026.0   0.0  32.0  25.0  44.5   0.0   0.0
1994.0 7.027.0   0.0  33.5  25.5  39.2   0.0   0.0
1994.0 7.028.0   0.0  34.5  26.4   4.8   0.0   0.0
1994.0 7.029.0   0.0  31.5  26.0  17.8   0.0   0.0
1994.0 7.030.0   0.0  34.0  25.5  17.0   0.0   0.0
1994.0 7.031.0   0.0  36.0  25.0   3.3   0.0   0.0
1994.0 8.0 1.0   0.0  36.9  26.5   1.7   0.0   0.0
1994.0 8.0 2.0   0.0  37.3  27.0   2.5   0.0   0.0
1994.0 8.0 3.0   0.0  35.4  25.5   4.2   0.0   0.0
1994.0 8.0 4.0   0.0  33.5  27.5   0.0   0.0   0.0
1994.0 8.0 5.0   0.0  33.0  25.8   0.0   0.0   0.0
1994.0 8.0 6.0   0.0  36.0  25.5   8.5   0.0   0.0
1994.0 8.0 7.0   0.0  35.0  25.5  38.9   0.0   0.0
1994.0 8.0 8.0   0.0  36.0  27.0   0.5   0.0   0.0
1994.0 8.0 9.0   0.0  34.8  25.4  31.4   0.0   0.0
1994.0 8.010.0   0.0  34.7  26.5   0.5   0.0   0.0
1994.0 8.011.0   0.0  33.5  26.0   8.9   0.0   0.0
1994.0 8.012.0   0.0  33.4  24.5  25.8   0.0   0.0
1994.0 8.013.0   0.0  33.5  26.0  32.2   0.0   0.0
1994.0 8.014.0   0.0  31.0  24.8  30.2   0.0   0.0
1994.0 8.015.0   0.0  28.4  25.0  34.5   0.0   0.0
1994.0 8.016.0   0.0  36.5  25.5  14.7   0.0   0.0
1994.0 8.017.0   0.0  36.5  24.5   0.0   0.0   0.0
1994.0 8.018.0   0.0  35.0  25.8   1.4   0.0   0.0
1994.0 8.019.0   0.0  35.4  25.0   4.4   0.0   0.0
1994.0 8.020.0   0.0  34.8  26.4   0.0   0.0   0.0
1994.0 8.021.0   0.0  33.0  25.2  98.2   0.0   0.0
1994.0 8.022.0   0.0  33.4  26.0   2.9   0.0   0.0
1994.0 8.023.0   0.0  33.5  25.0   9.6   0.0   0.0
1994.0 8.024.0   0.0  33.2  24.3   5.9   0.0   0.0
1994.0 8.025.0   0.0  35.0  25.0  11.5   0.0   0.0
1994.0 8.026.0   0.0  34.3  25.0  30.9   0.0   0.0
1994.0 8.027.0   0.0  35.4  25.4   0.4   0.0   0.0
1994.0 8.028.0   0.0  36.5  26.0   0.0   0.0   0.0
1994.0 8.029.0   0.0  34.2  26.0   0.6   0.0   0.0
1994.0 8.030.0   0.0  36.0  25.0   0.0   0.0   0.0
1994.0 8.031.0   0.0  35.0  25.3   0.0   0.0   0.0
1994.0 9.0 1.0   0.0  34.8  27.0   7.2   0.0   0.0
1994.0 9.0 2.0   0.0  35.2  25.5   7.2   0.0   0.0
1994.0 9.0 3.0   0.0  33.5  25.5   0.2   0.0   0.0
1994.0 9.0 4.0   0.0  35.4  26.0   0.2   0.0   0.0
1994.0 9.0 5.0   0.0  33.0  26.0   0.0   0.0   0.0
1994.0 9.0 6.0   0.0  33.0  26.0   0.0   0.0   0.0
1994.0 9.0 7.0   0.0  35.0  26.0   2.4   0.0   0.0
1994.0 9.0 8.0   0.0  35.8  26.4   0.0   0.0   0.0
1994.0 9.0 9.0   0.0  35.0  26.3   0.0   0.0   0.0
1994.0 9.010.0   0.0  27.7  24.3 175.9   0.0   0.0
1994.0 9.011.0   0.0  35.0  24.0   7.4   0.0   0.0
1994.0 9.012.0   0.0  31.0  26.0   2.7   0.0   0.0
1994.0 9.013.0   0.0  32.4  25.5   0.5   0.0   0.0
1994.0 9.014.0   0.0  25.0  23.6  48.9   0.0   0.0
1994.0 9.015.0   0.0  28.5  22.5  78.2   0.0   0.0
1994.0 9.016.0   0.0  35.0  21.5  35.0   0.0   0.0
1994.0 9.017.0   0.0  36.8  23.5  37.3   0.0   0.0
1994.0 9.018.0   0.0  34.4  23.5   0.0   0.0   0.0
1994.0 9.019.0   0.0  27.4  23.6  15.4   0.0   0.0
1994.0 9.020.0   0.0  30.5  23.0  64.7   0.0   0.0
1994.0 9.021.0   0.0  33.3  24.5   0.3   0.0   0.0
1994.0 9.022.0   0.0  34.0  24.5   0.0   0.0   0.0
1994.0 9.023.0   0.0  34.5  24.5   0.0   0.0   0.0
1994.0 9.024.0   0.0  34.5  24.5   0.0   0.0   0.0
1994.0 9.025.0   0.0  34.0  23.5   0.0   0.0   0.0
1994.0 9.026.0   0.0  34.5  21.0   0.0   0.0   0.0
1994.0 9.027.0   0.0  35.0  22.0   0.0   0.0   0.0
1994.0 9.028.0   0.0  35.5  23.0   0.0   0.0   0.0
1994.0 9.029.0   0.0  34.3  25.0   0.0   0.0   0.0
1994.0 9.030.0   0.0  34.5  21.8   0.0   0.0   0.0
1994.010.0 1.0   0.0  34.0  22.0   0.0   0.0   0.0
1994.010.0 2.0   0.0  33.9  22.0   0.0   0.0   0.0
1994.010.0 3.0   0.0  33.5  21.0   0.0   0.0   0.0
1994.010.0 4.0   0.0  33.8  21.0   0.0   0.0   0.0
1994.010.0 5.0   0.0  33.5  21.5   0.0   0.0   0.0
1994.010.0 6.0   0.0  33.0  21.0   0.0   0.0   0.0
1994.010.0 7.0   0.0  34.5  23.4   0.0   0.0   0.0
1994.010.0 8.0   0.0  32.3  24.0   0.0   0.0   0.0
1994.010.0 9.0   0.0  33.3  23.0   0.0   0.0   0.0
1994.010.010.0   0.0  33.2  23.2   0.0   0.0   0.0
1994.010.011.0   0.0  33.2  23.5   0.0   0.0   0.0
1994.010.012.0   0.0  33.2  23.0   0.0   0.0   0.0
1994.010.013.0   0.0  33.5  23.2   0.0   0.0   0.0
1994.010.014.0   0.0  33.3  23.5   0.0   0.0   0.0
1994.010.015.0   0.0  33.8  19.0   0.0   0.0   0.0
1994.010.016.0   0.0  33.8  19.8   0.0   0.0   0.0
1994.010.017.0   0.0  31.8  14.5   0.0   0.0   0.0
1994.010.018.0   0.0  31.9  16.0   0.0   0.0   0.0
1994.010.019.0   0.0  31.5  16.5   0.0   0.0   0.0
1994.010.020.0   0.0  31.8  16.5   0.0   0.0   0.0
1994.010.021.0   0.0  31.5  14.5   0.0   0.0   0.0
1994.010.022.0   0.0  31.4  14.5   0.0   0.0   0.0
1994.010.023.0   0.0  31.9  14.5   0.0   0.0   0.0
1994.010.024.0   0.0  32.0  15.0   0.2   0.0   0.0
1994.010.025.0   0.0  31.0  13.8   0.2   0.0   0.0
1994.010.026.0   0.0  30.5  14.4   0.0   0.0   0.0
1994.010.027.0   0.0  29.5  17.5   0.0   0.0   0.0
1994.010.028.0   0.0  30.0  18.5   0.0   0.0   0.0
1994.010.029.0   0.0  30.5  20.0   3.2   0.0   0.0
1994.010.030.0   0.0  31.0  18.5   0.0   0.0   0.0
1994.010.031.0   0.0  26.0  19.5   0.0   0.0   0.0
1994.011.0 1.0   0.0  30.2  18.5   0.0   0.0   0.0
1994.011.0 2.0   0.0  30.0  14.5   0.0   0.0   0.0
1994.011.0 3.0   0.0  30.5  15.0   0.0   0.0   0.0
1994.011.0 4.0   0.0  30.5  14.5   0.0   0.0   0.0
1994.011.0 5.0   0.0  30.8  12.0   0.0   0.0   0.0
1994.011.0 6.0   0.0  30.0  13.5   0.0   0.0   0.0
1994.011.0 7.0   0.0  30.5  12.5   0.0   0.0   0.0
1994.011.0 8.0   0.0  31.0  13.0   0.0   0.0   0.0
1994.011.0 9.0   0.0  31.2  13.5   0.0   0.0   0.0
1994.011.010.0   0.0  31.0  12.5   0.0   0.0   0.0
1994.011.011.0   0.0  30.9  12.5   0.0   0.0   0.0
1994.011.012.0   0.0  31.0  13.2   0.0   0.0   0.0
1994.011.013.0   0.0  31.0  13.5   0.0   0.0   0.0
1994.011.014.0   0.0  31.8  13.8   0.0   0.0   0.0
1994.011.015.0   0.0  28.2  14.8   0.0   0.0   0.0
1994.011.016.0   0.0  28.5  13.8   0.0   0.0   0.0
1994.011.017.0   0.0  28.8  11.5   0.0   0.0   0.0
1994.011.018.0   0.0  28.8  11.0   0.0   0.0   0.0
1994.011.019.0   0.0  29.3   9.5   0.0   0.0   0.0
1994.011.020.0   0.0  29.0  11.0   0.0   0.0   0.0
1994.011.021.0   0.0  29.8  10.0   0.0   0.0   0.0
1994.011.022.0   0.0  29.0  10.3   0.0   0.0   0.0
1994.011.023.0   0.0  24.0  12.0   0.0   0.0   0.0
1994.011.024.0   0.0  25.5  12.0   0.0   0.0   0.0
1994.011.025.0   0.0  28.5  12.5   0.0   0.0   0.0
1994.011.026.0   0.0  27.2   9.5   0.0   0.0   0.0
1994.011.027.0   0.0  27.2   9.0   0.0   0.0   0.0
1994.011.028.0   0.0  26.2   8.5   0.0   0.0   0.0
1994.011.029.0   0.0  23.8  10.5   0.0   0.0   0.0
1994.011.030.0   0.0  22.5  13.5   0.0   0.0   0.0
1994.012.0 1.0   0.0  22.0  16.3   4.2   0.0   0.0
1994.012.0 2.0   0.0  23.8  12.2   0.0   0.0   0.0
1994.012.0 3.0   0.0  23.5  13.0   0.0   0.0   0.0
1994.012.0 4.0   0.0  25.5  12.8   0.0   0.0   0.0
1994.012.0 5.0   0.0  25.8  11.0   0.0   0.0   0.0
1994.012.0 6.0   0.0  26.8  12.0   0.0   0.0   0.0
1994.012.0 7.0   0.0  26.8  12.5   0.0   0.0   0.0
1994.012.0 8.0   0.0  26.5   8.0   0.0   0.0   0.0
1994.012.0 9.0   0.0  25.5   8.0   0.0   0.0   0.0
1994.012.010.0   0.0  25.8   8.0   0.0   0.0   0.0
1994.012.011.0   0.0  25.8   8.5   0.0   0.0   0.0
1994.012.012.0   0.0  24.0   7.5   0.0   0.0   0.0
1994.012.013.0   0.0  23.8   6.5   0.0   0.0   0.0
1994.012.014.0   0.0  23.8   6.8   0.0   0.0   0.0
1994.012.015.0   0.0  24.0   6.8   0.0   0.0   0.0
1994.012.016.0   0.0  24.5   7.5   0.0   0.0   0.0
1994.012.017.0   0.0  24.7   7.8   0.0   0.0   0.0
1994.012.018.0   0.0  25.0   5.8   0.0   0.0   0.0
1994.012.019.0   0.0  24.0   5.0   0.0   0.0   0.0
1994.012.020.0   0.0  24.2   6.0   0.0   0.0   0.0
1994.012.021.0   0.0  25.5   5.5   0.0   0.0   0.0
1994.012.022.0   0.0  26.0   5.5   0.0   0.0   0.0
1994.012.023.0   0.0  25.8   4.5   0.0   0.0   0.0
1994.012.024.0   0.0  25.8   4.8   0.0   0.0   0.0
1994.012.025.0   0.0  25.3   5.0   0.0   0.0   0.0
1994.012.026.0   0.0  25.5   5.5   0.0   0.0   0.0
1994.012.027.0   0.0  25.0   7.0   0.0   0.0   0.0
1994.012.028.0   0.0  22.5   9.0   0.0   0.0   0.0
1994.012.029.0   0.0  24.3   7.5   0.0   0.0   0.0
1994.012.030.0   0.0  23.3  10.0   0.0   0.0   0.0
1994.012.031.0   0.0  21.5   7.5   0.0   0.0   0.0
