2013.0 1.0 1.0   0.0  24.1   0.6   0.0   0.0   0.0
2013.0 1.0 2.0   0.0  24.4   0.6   0.0   0.0   0.0
2013.0 1.0 3.0   0.0  23.4   0.5   0.0   0.0   0.0
2013.0 1.0 4.0   0.0  21.3   0.4   0.0   0.0   0.0
2013.0 1.0 5.0   0.0  21.2  -3.5   0.0   0.0   0.0
2013.0 1.0 6.0   0.0  19.2  -2.6   0.0   0.0   0.0
2013.0 1.0 7.0   0.0  10.3  -3.9   0.0   0.0   0.0
2013.0 1.0 8.0   0.0  19.9   0.9   0.0   0.0   0.0
2013.0 1.0 9.0   0.0  18.3  -5.0   0.0   0.0   0.0
2013.0 1.010.0   0.0  20.0   0.2   0.0   0.0   0.0
2013.0 1.011.0   0.0  19.4  -3.0   0.0   0.0   0.0
2013.0 1.012.0   0.0  21.2  -2.8   0.0   0.0   0.0
2013.0 1.013.0   0.0  23.2  -2.5   0.0   0.0   0.0
2013.0 1.014.0   0.0  22.3  -1.6   0.0   0.0   0.0
2013.0 1.015.0   0.0  22.4  -0.6   0.0   0.0   0.0
2013.0 1.016.0   0.0  22.3  -2.0   0.0   0.0   0.0
2013.0 1.017.0   0.0  22.3   0.5   0.0   0.0   0.0
2013.0 1.018.0   0.0  25.4   4.7   0.0   0.0   0.0
2013.0 1.019.0   0.0  23.3   7.8   9.6   0.0   0.0
2013.0 1.020.0   0.0  23.0   4.5   0.0   0.0   0.0
2013.0 1.021.0   0.0  22.2   1.9   0.0   0.0   0.0
2013.0 1.022.0   0.0  22.3   1.5   0.0   0.0   0.0
2013.0 1.023.0   0.0  22.3   0.5   0.0   0.0   0.0
2013.0 1.024.0   0.0  17.3   1.0   0.0   0.0   0.0
2013.0 1.025.0   0.0  12.4  -1.0   0.0   0.0   0.0
2013.0 1.026.0   0.0  19.2  -1.2   0.0   0.0   0.0
2013.0 1.027.0   0.0  21.4   0.5   0.0   0.0   0.0
2013.0 1.028.0   0.0  23.0   0.6   0.0   0.0   0.0
2013.0 1.029.0   0.0  25.3   0.4   0.0   0.0   0.0
2013.0 1.030.0   0.0  26.3   1.8   0.0   0.0   0.0
2013.0 1.031.0   0.0  25.3   2.6   0.0   0.0   0.0
2013.0 2.0 1.0   0.0  25.2   2.8   0.0   0.0   0.0
2013.0 2.0 2.0   0.0  27.3   2.0   0.0   0.0   0.0
2013.0 2.0 3.0   0.0  27.2   2.2   0.0   0.0   0.0
2013.0 2.0 4.0   0.0  25.2   1.3   0.0   0.0   0.0
2013.0 2.0 5.0   0.0  21.3   8.5   0.0   0.0   0.0
2013.0 2.0 6.0   0.0  20.3   5.7   0.0   0.0   0.0
2013.0 2.0 7.0   0.0  27.3   5.5   0.0   0.0   0.0
2013.0 2.0 8.0   0.0  26.3   7.0   0.0   0.0   0.0
2013.0 2.0 9.0   0.0  25.3   2.4   0.0   0.0   0.0
2013.0 2.010.0   0.0  26.3   2.2   0.0   0.0   0.0
2013.0 2.011.0   0.0  27.0   1.5   0.0   0.0   0.0
2013.0 2.012.0   0.0  27.2   2.9   0.0   0.0   0.0
2013.0 2.013.0   0.0  27.3   4.0   0.0   0.0   0.0
2013.0 2.014.0   0.0  27.4   3.8   0.0   0.0   0.0
2013.0 2.015.0   0.0  26.2   4.5   0.0   0.0   0.0
2013.0 2.016.0   0.0  26.6   7.2   0.0   0.0   0.0
2013.0 2.017.0   0.0  26.3   8.5   0.0   0.0   0.0
2013.0 2.018.0   0.0  24.1   1.9   0.0   0.0   0.0
2013.0 2.019.0   0.0  25.4   2.4   0.0   0.0   0.0
2013.0 2.020.0   0.0  27.0   4.5   0.0   0.0   0.0
2013.0 2.021.0   0.0  26.3   3.5   0.0   0.0   0.0
2013.0 2.022.0   0.0  26.3   3.7   0.0   0.0   0.0
2013.0 2.023.0   0.0  27.3   5.7   0.0   0.0   0.0
2013.0 2.024.0   0.0  27.4  10.9   0.0   0.0   0.0
2013.0 2.025.0   0.0  30.2   4.8   0.0   0.0   0.0
2013.0 2.026.0   0.0  30.4   4.9   0.0   0.0   0.0
2013.0 2.027.0   0.0  30.2   5.2   0.0   0.0   0.0
2013.0 2.028.0   0.0  31.3   6.0   0.0   0.0   0.0
2013.0 3.0 1.0   0.0  33.0   4.9   0.0   0.0   0.0
2013.0 3.0 2.0   0.0  32.0   5.8   0.0   0.0   0.0
2013.0 3.0 3.0   0.0  30.4   6.4   0.0   0.0   0.0
2013.0 3.0 4.0   0.0  31.0   7.2   0.0   0.0   0.0
2013.0 3.0 5.0   0.0  31.3   8.4   0.0   0.0   0.0
2013.0 3.0 6.0   0.0  31.4   8.2   0.0   0.0   0.0
2013.0 3.0 7.0   0.0  31.3   7.5   0.0   0.0   0.0
2013.0 3.0 8.0   0.0  31.4   8.8   0.0   0.0   0.0
2013.0 3.0 9.0   0.0  31.4   7.8   0.0   0.0   0.0
2013.0 3.010.0   0.0  31.2   9.4   0.0   0.0   0.0
2013.0 3.011.0   0.0  31.4   7.6   0.0   0.0   0.0
2013.0 3.012.0   0.0  32.2   7.8   0.0   0.0   0.0
2013.0 3.013.0   0.0  33.4   6.2   0.0   0.0   0.0
2013.0 3.014.0   0.0  33.4   7.6   0.0   0.0   0.0
2013.0 3.015.0   0.0  35.0   9.2   0.0   0.0   0.0
2013.0 3.016.0   0.0  35.3   9.8   0.0   0.0   0.0
2013.0 3.017.0   0.0  29.4   8.5   0.0   0.0   0.0
2013.0 3.018.0   0.0  31.4   4.9   0.0   0.0   0.0
2013.0 3.019.0   0.0  32.0   6.2   0.0   0.0   0.0
2013.0 3.020.0   0.0  32.0   8.6   0.0   0.0   0.0
2013.0 3.021.0   0.0  31.4   7.5  12.5   0.0   0.0
2013.0 3.022.0   0.0  30.4   6.5  17.0   0.0   0.0
2013.0 3.023.0   0.0  30.6   7.5   0.0   0.0   0.0
2013.0 3.024.0   0.0  31.2   7.6   0.0   0.0   0.0
2013.0 3.025.0   0.0  32.6   8.0   0.0   0.0   0.0
2013.0 3.026.0   0.0  33.2   8.8   0.0   0.0   0.0
2013.0 3.027.0   0.0  33.4   9.4   0.0   0.0   0.0
2013.0 3.028.0   0.0  31.6  12.0   0.0   0.0   0.0
2013.0 3.029.0   0.0  33.2  10.5   0.0   0.0   0.0
2013.0 3.030.0   0.0  34.3  10.5   0.0   0.0   0.0
2013.0 3.031.0   0.0  32.1  10.9   0.0   0.0   0.0
2013.0 4.0 1.0   0.0  35.0  10.3   0.0   0.0   0.0
2013.0 4.0 2.0   0.0  34.3   8.0   0.0   0.0   0.0
2013.0 4.0 3.0   0.0  37.0   9.4   0.0   0.0   0.0
2013.0 4.0 4.0   0.0  35.2   9.5   0.0   0.0   0.0
2013.0 4.0 5.0   0.0  34.3   7.7   0.0   0.0   0.0
2013.0 4.0 6.0   0.0  35.2   7.5   0.0   0.0   0.0
2013.0 4.0 7.0   0.0  35.0   8.2   0.0   0.0   0.0
2013.0 4.0 8.0   0.0  36.1  10.5   0.0   0.0   0.0
2013.0 4.0 9.0   0.0  36.2  12.6   0.0   0.0   0.0
2013.0 4.010.0   0.0  38.1  13.8   0.0   0.0   0.0
2013.0 4.011.0   0.0  38.4  10.8   0.0   0.0   0.0
2013.0 4.012.0   0.0  38.0  11.2   0.0   0.0   0.0
2013.0 4.013.0   0.0  39.4  10.9   0.0   0.0   0.0
2013.0 4.014.0   0.0  38.2  11.2   0.0   0.0   0.0
2013.0 4.015.0   0.0  36.1  12.5   0.0   0.0   0.0
2013.0 4.016.0   0.0  33.0  12.3   0.0   0.0   0.0
2013.0 4.017.0   0.0  32.3  12.5   9.6   0.0   0.0
2013.0 4.018.0   0.0  33.3  13.5   2.9   0.0   0.0
2013.0 4.019.0   0.0  32.4  13.4   0.0   0.0   0.0
2013.0 4.020.0   0.0  32.3  14.0   0.0   0.0   0.0
2013.0 4.021.0   0.0  31.4  15.0  38.0   0.0   0.0
2013.0 4.022.0   0.0  29.0  12.9   2.0   0.0   0.0
2013.0 4.023.0   0.0  31.3  11.5   0.0   0.0   0.0
2013.0 4.024.0   0.0  29.0  14.2  21.0   0.0   0.0
2013.0 4.025.0   0.0  30.2  15.2   1.0   0.0   0.0
2013.0 4.026.0   0.0  31.0  15.9   0.0   0.0   0.0
2013.0 4.027.0   0.0  36.0  15.9   0.0   0.0   0.0
2013.0 4.028.0   0.0  34.3  16.3   0.0   0.0   0.0
2013.0 4.029.0   0.0  33.3  17.5   0.0   0.0   0.0
2013.0 4.030.0   0.0  36.2  17.2   0.0   0.0   0.0
2013.0 5.0 1.0   0.0  37.2  16.2   0.0   0.0   0.0
2013.0 5.0 2.0   0.0  38.2  15.6   0.0   0.0   0.0
2013.0 5.0 3.0   0.0  38.2  10.0   0.0   0.0   0.0
2013.0 5.0 4.0   0.0  37.0  16.2   0.0   0.0   0.0
2013.0 5.0 5.0   0.0  37.0  19.4   0.0   0.0   0.0
2013.0 5.0 6.0   0.0  35.0  20.2   0.0   0.0   0.0
2013.0 5.0 7.0   0.0  34.0  22.9   0.0   0.0   0.0
2013.0 5.0 8.0   0.0  34.4  24.2   0.0   0.0   0.0
2013.0 5.0 9.0   0.0  36.2  24.3   0.0   0.0   0.0
2013.0 5.010.0   0.0  35.0  23.8   2.8   0.0   0.0
2013.0 5.011.0   0.0  37.2  23.5   0.0   0.0   0.0
2013.0 5.012.0   0.0  39.0  21.6   0.0   0.0   0.0
2013.0 5.013.0   0.0  35.0  20.1   0.0   0.0   0.0
2013.0 5.014.0   0.0  35.2  20.5   0.0   0.0   0.0
2013.0 5.015.0   0.0  37.0  22.0  10.2   0.0   0.0
2013.0 5.016.0   0.0  33.4  20.5   0.0   0.0   0.0
2013.0 5.017.0   0.0  34.0  20.6   0.0   0.0   0.0
2013.0 5.018.0   0.0  34.0  22.4   0.0   0.0   0.0
2013.0 5.019.0   0.0  34.2  24.5   0.0   0.0   0.0
2013.0 5.020.0   0.0  32.3  24.0  72.4   0.0   0.0
2013.0 5.021.0   0.0  33.3  25.2   2.8   0.0   0.0
2013.0 5.022.0   0.0  34.2  26.0   9.5   0.0   0.0
2013.0 5.023.0   0.0  34.0  24.5  14.0   0.0   0.0
2013.0 5.024.0   0.0  34.0  23.5  68.9   0.0   0.0
2013.0 5.025.0   0.0  35.2  25.4   4.6   0.0   0.0
2013.0 5.026.0   0.0  34.3  29.4  63.0   0.0   0.0
2013.0 5.027.0   0.0  35.2  22.2  68.0   0.0   0.0
2013.0 5.028.0   0.0  35.2  23.3   2.6   0.0   0.0
2013.0 5.029.0   0.0  35.1  25.3   1.5   0.0   0.0
2013.0 5.030.0   0.0  33.0  23.6  33.2   0.0   0.0
2013.0 5.031.0   0.0  36.0  22.7  22.4   0.0   0.0
2013.0 6.0 1.0   0.0  32.0  22.9   7.1   0.0   0.0
2013.0 6.0 2.0   0.0  34.2  23.5   0.0   0.0   0.0
2013.0 6.0 3.0   0.0  36.3  26.5   0.0   0.0   0.0
2013.0 6.0 4.0   0.0  36.2  25.0   0.0   0.0   0.0
2013.0 6.0 5.0   0.0  34.0  26.2   0.0   0.0   0.0
2013.0 6.0 6.0   0.0  33.0  22.8 104.1   0.0   0.0
2013.0 6.0 7.0   0.0  33.1  22.4  57.0   0.0   0.0
2013.0 6.0 8.0   0.0  34.0  26.0   0.0   0.0   0.0
2013.0 6.0 9.0   0.0  34.3  23.5  48.4   0.0   0.0
2013.0 6.010.0   0.0  35.3  27.5   0.0   0.0   0.0
2013.0 6.011.0   0.0  35.2  25.0  10.4   0.0   0.0
2013.0 6.012.0   0.0  36.0  27.0  26.7   0.0   0.0
2013.0 6.013.0   0.0  36.2  24.0   3.6   0.0   0.0
2013.0 6.014.0   0.0  35.4  25.0   0.0   0.0   0.0
2013.0 6.015.0   0.0  35.0  24.6   6.3   0.0   0.0
2013.0 6.016.0   0.0  35.4  24.3  19.7   0.0   0.0
2013.0 6.017.0   0.0  35.3  23.2 168.4   0.0   0.0
2013.0 6.018.0   0.0  34.4  22.2  69.2   0.0   0.0
2013.0 6.019.0   0.0  30.4  23.0  15.9   0.0   0.0
2013.0 6.020.0   0.0  33.4  24.0   0.0   0.0   0.0
2013.0 6.021.0   0.0  34.0  25.1   7.0   0.0   0.0
2013.0 6.022.0   0.0  34.3  26.5   0.0   0.0   0.0
2013.0 6.023.0   0.0  34.3  26.0   0.0   0.0   0.0
2013.0 6.024.0   0.0  32.3  24.6  36.8   0.0   0.0
2013.0 6.025.0   0.0  34.4  25.9  37.2   0.0   0.0
2013.0 6.026.0   0.0  34.0  25.7   7.0   0.0   0.0
2013.0 6.027.0   0.0  33.2  26.0   8.0   0.0   0.0
2013.0 6.028.0   0.0  33.4  26.4   0.0   0.0   0.0
2013.0 6.029.0   0.0  34.0  25.5  27.3   0.0   0.0
2013.0 6.030.0   0.0  34.2  26.0   7.4   0.0   0.0
2013.0 7.0 1.0   0.0  34.0  26.0  18.2   0.0   0.0
2013.0 7.0 2.0   0.0  34.4  26.5   0.0   0.0   0.0
2013.0 7.0 3.0   0.0  34.4  25.5   0.0   0.0   0.0
2013.0 7.0 4.0   0.0  35.1  26.5   0.0   0.0   0.0
2013.0 7.0 5.0   0.0  33.2  24.3  52.1   0.0   0.0
2013.0 7.0 6.0   0.0  32.4  26.0  34.3   0.0   0.0
2013.0 7.0 7.0   0.0  32.6  24.5  95.0   0.0   0.0
2013.0 7.0 8.0   0.0  32.4  25.0  21.2   0.0   0.0
2013.0 7.0 9.0   0.0  32.4  25.3  34.7   0.0   0.0
2013.0 7.010.0   0.0  33.3  25.2  29.2   0.0   0.0
2013.0 7.011.0   0.0  33.3  25.2  29.0   0.0   0.0
2013.0 7.012.0   0.0  34.0  25.5   9.3   0.0   0.0
2013.0 7.013.0   0.0  35.0  26.0   0.0   0.0   0.0
2013.0 7.014.0   0.0  34.6  26.4   0.0   0.0   0.0
2013.0 7.015.0   0.0  35.2  26.4   0.0   0.0   0.0
2013.0 7.016.0   0.0  35.0  26.3   0.0   0.0   0.0
2013.0 7.017.0   0.0  34.6  27.2   0.0   0.0   0.0
2013.0 7.018.0   0.0  34.4  26.0   4.7   0.0   0.0
2013.0 7.019.0   0.0  34.2  25.5  14.0   0.0   0.0
2013.0 7.020.0   0.0  34.3  27.0   6.1   0.0   0.0
2013.0 7.021.0   0.0  35.2  26.2   1.9   0.0   0.0
2013.0 7.022.0   0.0  34.3  26.5   1.5   0.0   0.0
2013.0 7.023.0   0.0  35.0  25.8   0.0   0.0   0.0
2013.0 7.024.0   0.0  35.2  26.5   0.0   0.0   0.0
2013.0 7.025.0   0.0  34.3  25.0   7.1   0.0   0.0
2013.0 7.026.0   0.0  35.0  25.7   0.0   0.0   0.0
2013.0 7.027.0   0.0  35.4  24.3  62.1   0.0   0.0
2013.0 7.028.0   0.0  34.0  25.6   9.7   0.0   0.0
2013.0 7.029.0   0.0  35.3  27.0   0.0   0.0   0.0
2013.0 7.030.0   0.0  35.2  27.0   0.0   0.0   0.0
2013.0 7.031.0   0.0  36.4  27.0   0.0   0.0   0.0
2013.0 8.0 1.0   0.0  35.2  25.3  25.0   0.0   0.0
2013.0 8.0 2.0   0.0  35.2  25.5   9.6   0.0   0.0
2013.0 8.0 3.0   0.0  34.6  26.8   0.0   0.0   0.0
2013.0 8.0 4.0   0.0  35.2  26.8   0.0   0.0   0.0
2013.0 8.0 5.0   0.0  34.6  24.5   2.3   0.0   0.0
2013.0 8.0 6.0   0.0  34.0  26.0   0.0   0.0   0.0
2013.0 8.0 7.0   0.0  34.0  26.4   2.6   0.0   0.0
2013.0 8.0 8.0   0.0  34.0  26.4   0.0   0.0   0.0
2013.0 8.0 9.0   0.0  33.3  25.2   8.8   0.0   0.0
2013.0 8.010.0   0.0  34.0  26.2   0.0   0.0   0.0
2013.0 8.011.0   0.0  34.0  25.4   4.2   0.0   0.0
2013.0 8.012.0   0.0  34.2  26.2   0.0   0.0   0.0
2013.0 8.013.0   0.0  34.4  26.4   0.0   0.0   0.0
2013.0 8.014.0   0.0  33.2  26.8  18.4   0.0   0.0
2013.0 8.015.0   0.0  34.2  26.6   0.0   0.0   0.0
2013.0 8.016.0   0.0  33.0  25.4   0.0   0.0   0.0
2013.0 8.017.0   0.0  35.1  26.2   0.0   0.0   0.0
2013.0 8.018.0   0.0  34.0  25.2  12.6   0.0   0.0
2013.0 8.019.0   0.0  33.4  24.6   8.2   0.0   0.0
2013.0 8.020.0   0.0  33.2  25.0  21.4   0.0   0.0
2013.0 8.021.0   0.0  34.2  26.8   0.8   0.0   0.0
2013.0 8.022.0   0.0  34.4  26.4   0.0   0.0   0.0
2013.0 8.023.0   0.0  34.3  27.6   0.0   0.0   0.0
2013.0 8.024.0   0.0  33.2  25.2   5.8   0.0   0.0
2013.0 8.025.0   0.0  33.4  25.0  19.2   0.0   0.0
2013.0 8.026.0   0.0  34.0  25.4   0.5   0.0   0.0
2013.0 8.027.0   0.0  33.2  25.2   1.6   0.0   0.0
2013.0 8.028.0   0.0  31.3  24.5  12.4   0.0   0.0
2013.0 8.029.0   0.0  32.2  25.5  25.3   0.0   0.0
2013.0 8.030.0   0.0  33.2  25.6   0.0   0.0   0.0
2013.0 8.031.0   0.0  35.2  25.4   2.4   0.0   0.0
2013.0 9.0 1.0   0.0  35.0  26.0   0.0   0.0   0.0
2013.0 9.0 2.0   0.0  28.3  26.0  33.5   0.0   0.0
2013.0 9.0 3.0   0.0  32.2  25.5   6.0   0.0   0.0
2013.0 9.0 4.0   0.0  32.6  25.0   2.9   0.0   0.0
2013.0 9.0 5.0   0.0  32.3  25.1   0.0   0.0   0.0
2013.0 9.0 6.0   0.0  34.0  25.6   0.0   0.0   0.0
2013.0 9.0 7.0   0.0  32.3  22.0  72.3   0.0   0.0
2013.0 9.0 8.0   0.0  34.0  23.8   0.0   0.0   0.0
2013.0 9.0 9.0   0.0  35.2  23.2   0.0   0.0   0.0
2013.0 9.010.0   0.0  34.2  23.2   2.3   0.0   0.0
2013.0 9.011.0   0.0  34.0  24.0   0.0   0.0   0.0
2013.0 9.012.0   0.0  33.4  29.1   0.0   0.0   0.0
2013.0 9.013.0   0.0  35.1  31.2   0.0   0.0   0.0
2013.0 9.014.0   0.0  35.0  28.3   0.0   0.0   0.0
2013.0 9.015.0   0.0  33.3  29.2   0.0   0.0   0.0
2013.0 9.016.0   0.0  33.4  29.2   0.0   0.0   0.0
2013.0 9.017.0   0.0  34.4  30.4   0.0   0.0   0.0
2013.0 9.018.0   0.0  35.4  29.0   0.0   0.0   0.0
2013.0 9.019.0   0.0  34.4  28.3   0.0   0.0   0.0
2013.0 9.020.0   0.0  35.2  25.8  10.5   0.0   0.0
2013.0 9.021.0   0.0  34.8  26.0   1.5   0.0   0.0
2013.0 9.022.0   0.0  36.0  25.2   0.0   0.0   0.0
2013.0 9.023.0   0.0  35.3  26.2   0.0   0.0   0.0
2013.0 9.024.0   0.0  35.1  27.7   0.0   0.0   0.0
2013.0 9.025.0   0.0  34.0  29.5   0.3   0.0   0.0
2013.0 9.026.0   0.0  35.4  25.0   0.0   0.0   0.0
2013.0 9.027.0   0.0  32.4  24.2   0.0   0.0   0.0
2013.0 9.028.0   0.0  32.4  25.2   0.0   0.0   0.0
2013.0 9.029.0   0.0  29.2  22.4  70.0   0.0   0.0
2013.0 9.030.0   0.0  31.3  25.3   0.0   0.0   0.0
2013.010.0 1.0   0.0  31.4  22.5   5.0   0.0   0.0
2013.010.0 2.0   0.0  31.2  24.3   0.0   0.0   0.0
2013.010.0 3.0   0.0  30.1  23.4   0.0   0.0   0.0
2013.010.0 4.0   0.0  30.2  23.0   7.3   0.0   0.0
2013.010.0 5.0   0.0  27.0  23.3   5.3   0.0   0.0
2013.010.0 6.0   0.0  30.4  23.4   0.0   0.0   0.0
2013.010.0 7.0   0.0  33.2  23.3   0.0   0.0   0.0
2013.010.0 8.0   0.0  32.4  23.0   0.0   0.0   0.0
2013.010.0 9.0   0.0  32.0  22.0   0.0   0.0   0.0
2013.010.010.0   0.0  31.2  22.3   0.0   0.0   0.0
2013.010.011.0   0.0  32.0  24.0   0.0   0.0   0.0
2013.010.012.0   0.0  32.0  22.0   0.0   0.0   0.0
2013.010.013.0   0.0  32.0  24.2   0.0   0.0   0.0
2013.010.014.0   0.0  32.2  25.6  41.1   0.0   0.0
2013.010.015.0   0.0  30.4  24.4  36.4   0.0   0.0
2013.010.016.0   0.0  31.2  25.2  39.0   0.0   0.0
2013.010.017.0   0.0  32.0  25.4   0.0   0.0   0.0
2013.010.018.0   0.0  31.2  20.8   0.0   0.0   0.0
2013.010.019.0   0.0  30.0  22.0   0.0   0.0   0.0
2013.010.020.0   0.0  31.0  20.5   0.0   0.0   0.0
2013.010.021.0   0.0  31.2  24.9  24.7   0.0   0.0
2013.010.022.0   0.0  30.0  23.0   0.0   0.0   0.0
2013.010.023.0   0.0  31.0  19.0   0.0   0.0   0.0
2013.010.024.0   0.0  30.0  18.0   0.0   0.0   0.0
2013.010.025.0   0.0  30.0  18.2   0.0   0.0   0.0
2013.010.026.0   0.0  30.2  19.5   0.0   0.0   0.0
2013.010.027.0   0.0  30.0  19.0   0.0   0.0   0.0
2013.010.028.0   0.0  29.3  18.8   0.0   0.0   0.0
2013.010.029.0   0.0  28.0  17.7   0.0   0.0   0.0
2013.010.030.0   0.0  28.0  17.2   0.0   0.0   0.0
2013.010.031.0   0.0  27.0  17.5   0.0   0.0   0.0
2013.011.0 1.0   0.0  27.0  18.5   0.0   0.0   0.0
2013.011.0 2.0   0.0  27.4  19.2   1.6   0.0   0.0
2013.011.0 3.0   0.0  28.0  18.4   0.0   0.0   0.0
2013.011.0 4.0   0.0  28.0  16.0   0.0   0.0   0.0
2013.011.0 5.0   0.0  27.3  15.2   0.0   0.0   0.0
2013.011.0 6.0   0.0  29.0  14.5   0.0   0.0   0.0
2013.011.0 7.0   0.0  28.6  15.0   0.0   0.0   0.0
2013.011.0 8.0   0.0  28.2  15.2   0.0   0.0   0.0
2013.011.0 9.0   0.0  28.4  15.0   0.0   0.0   0.0
2013.011.010.0   0.0  28.0  13.6   0.0   0.0   0.0
2013.011.011.0   0.0  28.2  12.5   0.0   0.0   0.0
2013.011.012.0   0.0  29.0  11.5   0.0   0.0   0.0
2013.011.013.0   0.0  27.0  11.3   0.0   0.0   0.0
2013.011.014.0   0.0  27.0  10.4   0.0   0.0   0.0
2013.011.015.0   0.0  27.2   9.0   0.0   0.0   0.0
2013.011.016.0   0.0  28.2  10.0   0.0   0.0   0.0
2013.011.017.0   0.0  27.6   9.8   0.0   0.0   0.0
2013.011.018.0   0.0  27.4  10.8   0.0   0.0   0.0
2013.011.019.0   0.0  27.3   9.4   0.0   0.0   0.0
2013.011.020.0   0.0  27.3  11.0   0.0   0.0   0.0
2013.011.021.0   0.0  28.2  11.7   0.0   0.0   0.0
2013.011.022.0   0.0  27.0  10.3   0.0   0.0   0.0
2013.011.023.0   0.0  26.3  12.8   0.0   0.0   0.0
2013.011.024.0   0.0  26.2  11.0   0.0   0.0   0.0
2013.011.025.0   0.0  26.0  10.5   0.0   0.0   0.0
2013.011.026.0   0.0  27.0  12.0   0.0   0.0   0.0
2013.011.027.0   0.0  27.0  12.5   0.0   0.0   0.0
2013.011.028.0   0.0  28.0  13.0   0.0   0.0   0.0
2013.011.029.0   0.0  27.0  12.5   0.0   0.0   0.0
2013.011.030.0   0.0  27.6  11.8   0.0   0.0   0.0
2013.012.0 1.0   0.0  27.3  11.8   0.0   0.0   0.0
2013.012.0 2.0   0.0  27.0  11.7   0.0   0.0   0.0
2013.012.0 3.0   0.0  27.2  11.7   0.0   0.0   0.0
2013.012.0 4.0   0.0  27.0  11.5   0.0   0.0   0.0
2013.012.0 5.0   0.0  27.0  11.0   0.0   0.0   0.0
2013.012.0 6.0   0.0  26.2   9.0   0.0   0.0   0.0
2013.012.0 7.0   0.0  26.8  10.4   0.0   0.0   0.0
2013.012.0 8.0   0.0  26.2  11.5   0.0   0.0   0.0
2013.012.0 9.0   0.0  26.0  10.0   0.0   0.0   0.0
2013.012.010.0   0.0  26.0   9.3   0.0   0.0   0.0
2013.012.011.0   0.0  25.0  10.3   0.0   0.0   0.0
2013.012.012.0   0.0  24.0  10.5   0.0   0.0   0.0
2013.012.013.0   0.0  24.3  10.0   0.0   0.0   0.0
2013.012.014.0   0.0  24.0  10.0   0.0   0.0   0.0
2013.012.015.0   0.0  24.2   9.0   0.0   0.0   0.0
2013.012.016.0   0.0  24.0   8.8   0.0   0.0   0.0
2013.012.017.0   0.0  24.3   8.6   0.0   0.0   0.0
2013.012.018.0   0.0  19.0   8.5   0.0   0.0   0.0
2013.012.019.0   0.0  20.0   9.7   0.0   0.0   0.0
2013.012.020.0   0.0  22.0  10.0   0.0   0.0   0.0
2013.012.021.0   0.0  22.2   9.2   0.0   0.0   0.0
2013.012.022.0   0.0  22.0   6.5   0.0   0.0   0.0
2013.012.023.0   0.0  21.2   7.0   0.0   0.0   0.0
2013.012.024.0   0.0  20.2   8.5   0.0   0.0   0.0
2013.012.025.0   0.0  18.0   9.2   0.0   0.0   0.0
2013.012.026.0   0.0  21.0  10.0   0.0   0.0   0.0
2013.012.027.0   0.0  21.0  10.5   0.0   0.0   0.0
2013.012.028.0   0.0  21.2  10.2   0.0   0.0   0.0
2013.012.029.0   0.0  22.2   8.5   0.0   0.0   0.0
2013.012.030.0   0.0  22.0   9.4   0.0   0.0   0.0
2013.012.031.0   0.0  21.0   6.5   0.0   0.0   0.0
