      1   13.0
      2    0.0
      3    0.0
      4    0.0
      5    0.0
      6    0.0
      7    0.0
      8    0.0
      9    0.0
     10    0.0
     11    0.0
     12    0.0
     13    0.0
     14    0.0
     15    0.0
     16    0.0
     17    0.0
     18    0.0
     19    0.0
     20    0.0
     21    0.0
     22    0.0
     23    0.0
     24    0.0
     25    0.0
     26    0.0
     27    0.0
     28    0.0
     29    0.0
     30    0.0
     31    0.0
     32    0.0
     33    0.0
     34    0.0
     35    0.0
     36    0.0
     37    0.0
     38    0.0
     39    0.0
     40    2.0
     41   27.5
     42    0.0
     43    0.4
     44    0.0
     45    0.0
     46    0.0
     47    0.0
     48    0.0
     49    0.0
     50    0.0
     51    0.0
     52    0.0
     53    0.0
     54    0.0
     55    0.0
     56    0.0
     57    0.0
     58    0.0
     59    0.0
     60    0.0
     61    0.0
     62    0.0
     63    0.0
     64    0.0
     65    0.0
     66    0.0
     67    0.0
     68    0.0
     69    0.0
     70    0.0
     71    0.0
     72    0.0
     73    0.0
     74    0.0
     75    0.0
     76    0.0
     77    0.0
     78    0.0
     79    0.0
     80    0.0
     81    0.0
     82    0.0
     83    0.0
     84    0.0
     85    0.0
     86    0.0
     87    0.0
     88    0.0
     89    0.0
     90    0.0
     91    0.0
     92    0.0
     93    0.0
     94    0.0
     95    0.0
     96    0.0
     97    0.0
     98    0.0
     99    0.0
    100    0.0
    101    0.0
    102    0.0
    103    0.0
    104   23.5
    105    0.2
    106    0.0
    107    0.1
    108    2.2
    109    8.5
    110    0.0
    111    5.0
    112    0.0
    113    0.0
    114    0.0
    115    0.0
    116    0.0
    117    0.0
    118    0.0
    119    0.2
    120   18.5
    121    2.0
    122    9.0
    123    0.0
    124    0.0
    125    0.0
    126    2.0
    127   18.0
    128    0.2
    129    8.5
    130    0.0
    131    0.0
    132    0.0
    133    0.0
    134    0.0
    135    0.0
    136    0.0
    137    0.0
    138    0.1
    139   11.3
    140    0.0
    141    0.0
    142    0.0
    143    0.0
    144    0.0
    145   52.0
    146    0.3
    147    0.0
    148    0.0
    149    9.2
    150    0.0
    151    0.0
    152    0.0
    153    0.0
    154    0.0
    155    0.0
    156    8.0
    157    0.0
    158    0.0
    159    0.0
    160    0.0
    161    0.0
    162    0.0
    163    0.0
    164    3.0
    165    0.0
    166    0.0
    167    0.3
    168    0.0
    169    0.0
    170    0.5
    171    0.2
    172    0.0
    173    0.0
    174    0.0
    175   15.0
    176   18.0
    177    0.2
    178    0.1
    179  102.0
    180    0.0
    181    4.2
    182   16.5
    183    0.0
    184    2.1
    185    2.3
    186    5.4
    187    0.5
    188    0.0
    189    0.3
    190    0.4
    191   29.0
    192   80.0
    193    1.5
    194    0.4
    195    2.3
    196    5.5
    197    4.5
    198    0.5
    199    5.0
    200    6.5
    201    5.5
    202    3.2
    203   43.0
    204    1.5
    205    1.4
    206    3.5
    207    2.4
    208    9.6
    209    0.2
    210    4.5
    211   45.0
    212    3.4
    213    0.5
    214    0.7
    215    2.0
    216    3.0
    217    0.4
    218    5.3
    219    0.2
    220    6.4
    221    7.5
    222    8.5
    223    9.5
    224    0.5
    225    0.1
    226    0.0
    227    0.3
    228    0.2
    229   16.5
    230   16.3
    231   20.4
    232   18.5
    233   12.0
    234   10.2
    235   23.5
    236   62.0
    237    8.0
    238    3.2
    239    1.5
    240    2.0
    241    0.5
    242    3.2
    243    0.5
    244    6.5
    245    5.3
    246   60.5
    247    0.6
    248    3.0
    249    1.5
    250   43.5
    251    0.0
    252    0.0
    253    0.0
    254    0.0
    255   44.5
    256    0.3
    257    0.2
    258    0.1
    259   54.5
    260   18.0
    261    8.5
    262   41.0
    263    0.0
    264    0.0
    265    0.0
    266    0.0
    267   11.8
    268    0.0
    269    0.0
    270    0.0
    271    0.0
    272    0.0
    273    0.0
    274    0.0
    275    0.0
    276    0.0
    277    0.0
    278    0.0
    279    0.0
    280    0.0
    281    0.0
    282    8.0
    283    0.0
    284    0.0
    285    0.0
    286    0.0
    287    0.0
    288    0.0
    289    0.0
    290    0.0
    291    0.0
    292    0.0
    293    0.0
    294    0.0
    295    0.0
    296    0.0
    297    0.0
    298    0.0
    299    0.0
    300    0.0
    301    0.0
    302    0.0
    303    0.0
    304   30.0
    305    0.0
    306    0.0
    307    0.0
    308    0.0
    309    0.0
    310    0.0
    311    0.0
    312    0.0
    313    0.0
    314    0.0
    315    0.0
    316    0.0
    317    0.0
    318    0.0
    319    0.0
    320    0.0
    321    0.0
    322    0.0
    323    0.0
    324    0.0
    325    0.0
    326    0.0
    327    0.0
    328    0.0
    329    0.0
    330    0.0
    331    0.0
    332    0.0
    333    0.0
    334    0.0
    335    0.0
    336    0.0
    337    0.0
    338    0.0
    339    0.0
    340    0.0
    341    0.0
    342    0.0
    343    0.0
    344    0.0
    345    0.0
    346    0.0
    347    0.0
    348    0.0
    349    0.0
    350    0.0
    351    0.0
    352    0.0
    353    0.0
    354    0.0
    355    0.0
    356    0.0
    357    0.0
    358    0.0
    359    0.0
    360    0.0
    361    0.0
    362    0.0
    363    0.0
    364    0.0
    365    0.0
