      1    0.0
      2    0.0
      3    0.0
      4    0.0
      5    0.0
      6    0.0
      7    0.0
      8    0.0
      9    0.0
     10    0.0
     11    0.0
     12    0.2
     13    0.0
     14    0.0
     15    0.0
     16    0.0
     17    0.0
     18    0.0
     19    0.0
     20    0.0
     21    0.0
     22    0.0
     23    0.0
     24    0.0
     25    0.0
     26    0.0
     27    0.0
     28    0.0
     29    0.0
     30    0.0
     31    T  
     32    T  
     33    0.0
     34    0.0
     35    0.0
     36    0.0
     37   18.4
     38    4.1
     39    0.0
     40    0.0
     41    0.0
     42    0.0
     43    0.0
     44    0.0
     45    0.0
     46    0.0
     47    8.0
     48    4.4
     49    8.4
     50    0.0
     51    0.0
     52    0.0
     53    0.0
     54    0.0
     55    0.0
     56    0.0
     57    0.0
     58    8.0
     59    0.0
     60    0.0
     61    0.0
     62    0.0
     63    T  
     64    0.0
     65    0.0
     66    0.0
     67    4.0
     68    T  
     69    0.0
     70    0.0
     71    2.3
     72    T  
     73    0.0
     74    0.0
     75    0.0
     76    1.4
     77   15.0
     78    0.0
     79    0.0
     80    0.0
     81    0.0
     82    0.0
     83    0.0
     84    0.0
     85    0.0
     86    0.0
     87    0.0
     88    0.0
     89    0.0
     90    0.0
     91    T  
     92    0.0
     93    0.0
     94    0.0
     95    0.0
     96    0.0
     97    0.0
     98    0.0
     99    0.0
    100    0.0
    101    0.0
    102    0.0
    103    0.0
    104    0.0
    105    0.0
    106    T  
    107    0.0
    108    T  
    109   13.4
    110    0.0
    111    T  
    112    0.0
    113    0.0
    114    1.0
    115    0.0
    116    T  
    117    1.2
    118    7.0
    119    5.0
    120    8.0
    121   12.4
    122   15.4
    123    7.0
    124    3.0
    125    1.0
    126    2.0
    127    4.3
    128    0.0
    129    0.0
    130    T  
    131    0.0
    132    T  
    133    0.0
    134    0.0
    135    0.0
    136    0.0
    137    0.0
    138    0.0
    139    0.0
    140    0.0
    141    0.4
    142    9.2
    143    0.0
    144    0.0
    145    0.0
    146    0.0
    147    0.0
    148    5.2
    149    2.0
    150    0.0
    151    0.0
    152    0.0
    153    T  
    154    0.0
    155    4.2
    156    T  
    157    0.0
    158    T  
    159    T  
    160    0.1
    161    5.0
    162    7.0
    163    0.0
    164    T  
    165    0.0
    166    2.0
    167    0.0
    168    4.2
    169    T  
    170    0.2
    171    T  
    172    8.2
    173    0.2
    174   18.0
    175   10.4
    176    0.1
    177    3.0
    178    2.1
    179    1.0
    180    8.2
    181   17.2
    182    3.0
    183   12.0
    184   30.1
    185   31.0
    186   14.0
    187    9.0
    188   56.0
    189  100.2
    190   45.4
    191    9.4
    192   17.0
    193    0.1
    194    1.0
    195    2.0
    196    0.1
    197    2.0
    198    T  
    199   26.0
    200    2.0
    201   10.0
    202    8.0
    203    9.0
    204   90.0
    205   40.0
    206   81.0
    207   13.4
    208    1.0
    209    7.4
    210    7.1
    211    2.0
    212    5.0
    213   10.0
    214   10.1
    215    9.0
    216    8.0
    217    3.0
    218    9.0
    219    T  
    220    T  
    221    T  
    222   55.4
    223   45.0
    224   10.0
    225   36.7
    226    0.0
    227    T  
    228    0.1
    229    1.4
    230    T  
    231    2.0
    232    3.0
    233    8.0
    234    7.0
    235    T  
    236    4.0
    237    0.0
    238   12.0
    239    5.0
    240   10.0
    241    7.4
    242    2.4
    243    5.4
    244    1.0
    245   19.2
    246    T  
    247   26.0
    248    4.0
    249    5.4
    250    T  
    251   11.1
    252    7.0
    253    1.4
    254    7.2
    255   14.2
    256    2.4
    257    T  
    258    0.0
    259    0.0
    260    0.0
    261    0.0
    262    0.0
    263    0.0
    264    2.0
    265    1.0
    266    5.4
    267    T  
    268    0.0
    269    0.0
    270    0.0
    271    0.0
    272    0.0
    273    0.0
    274    0.0
    275    0.0
    276    0.0
    277    0.0
    278    4.2
    279    0.0
    280    0.0
    281    0.0
    282    0.0
    283    0.0
    284    0.0
    285    0.0
    286    0.0
    287    0.0
    288    0.0
    289    0.0
    290    0.0
    291    0.0
    292  100.0
    293  110.0
    294    0.0
    295    0.0
    296    0.0
    297    0.0
    298    0.0
    299    0.0
    300    0.0
    301    0.0
    302    0.0
    303    T  
    304    3.4
    305    0.0
    306    0.0
    307    0.0
    308    0.0
    309    0.0
    310    0.0
    311    0.0
    312    0.0
    313    0.0
    314    0.0
    315    0.0
    316    0.0
    317    0.0
    318    0.0
    319    0.0
    320    0.0
    321    0.0
    322    0.0
    323    0.0
    324    0.0
    325    0.0
    326    0.0
    327    0.0
    328    0.0
    329    0.0
    330    0.0
    331    0.0
    332    0.0
    333    0.0
    334    0.0
    335    0.0
    336    0.0
    337    0.0
    338    0.0
    339    0.0
    340    0.0
    341    0.0
    342    0.0
    343    0.0
    344    0.0
    345    0.0
    346    2.0
    347   15.4
    348    0.0
    349    0.0
    350    0.0
    351    0.0
    352    0.0
    353    0.0
    354    0.0
    355    0.0
    356    0.0
    357    0.0
    358    0.0
    359    0.0
    360    0.0
    361    0.0
    362    0.0
    363    0.0
    364    0.0
    365    0.0
