      1    0.0
      2    0.0
      3    0.0
      4    0.0
      5    0.0
      6    0.0
      7    0.0
      8    0.0
      9    0.0
     10    0.0
     11    0.0
     12    0.0
     13    0.0
     14    0.0
     15    0.0
     16    0.0
     17    0.0
     18    0.0
     19    0.0
     20    0.0
     21    0.0
     22    0.0
     23    0.0
     24    0.0
     25    0.0
     26    0.0
     27    0.0
     28    0.0
     29    0.0
     30    0.0
     31    0.0
     32    0.0
     33    0.0
     34    0.0
     35    0.0
     36    0.0
     37    0.0
     38    0.0
     39    0.0
     40    0.0
     41    5.7
     42    0.0
     43    T  
     44    T  
     45   20.5
     46   10.0
     47    8.6
     48    0.0
     49    0.0
     50    2.0
     51    T  
     52    0.2
     53    T  
     54    T  
     55   13.4
     56    T  
     57    1.0
     58    2.0
     59    0.0
     60    0.0
     61    0.0
     62    0.0
     63    0.0
     64    0.0
     65    0.0
     66    0.0
     67    T  
     68    0.0
     69    0.0
     70   33.3
     71   17.5
     72    4.0
     73    0.0
     74    0.0
     75    0.0
     76    0.0
     77    T  
     78    4.0
     79    0.0
     80    T  
     81    0.0
     82    0.0
     83   10.4
     84    0.0
     85    0.0
     86    T  
     87    4.5
     88   17.6
     89    0.0
     90    2.0
     91    T  
     92    4.5
     93    0.0
     94    T  
     95    0.0
     96    T  
     97    T  
     98    3.5
     99   11.5
    100    T  
    101    0.0
    102    0.0
    103    0.0
    104    0.0
    105    T  
    106    T  
    107    0.0
    108    T  
    109    T  
    110    9.4
    111    3.4
    112    0.0
    113    0.0
    114    0.0
    115    0.0
    116   20.4
    117    5.2
    118   16.3
    119   12.5
    120    5.5
    121    T  
    122    0.0
    123    T  
    124    4.5
    125    3.4
    126   10.2
    127    6.5
    128    2.0
    129    T  
    130    T  
    131    2.1
    132    1.4
    133    4.0
    134    3.0
    135    0.1
    136    T  
    137    T  
    138   24.4
    139    4.0
    140    7.4
    141   12.1
    142    3.5
    143    9.4
    144    6.5
    145    0.3
    146   10.4
    147    T  
    148    T  
    149    2.5
    150    6.5
    151    T  
    152    9.6
    153    0.0
    154    T  
    155    T  
    156    4.0
    157    T  
    158    0.0
    159    0.1
    160   11.0
    161   14.5
    162    0.0
    163    T  
    164    T  
    165    T  
    166    0.1
    167    4.0
    168    T  
    169    T  
    170   39.0
    171    2.4
    172   10.6
    173   13.2
    174   15.0
    175    0.4
    176    2.3
    177    3.2
    178    4.4
    179    5.5
    180    T  
    181   14.5
    182    2.0
    183    2.3
    184    9.4
    185   12.4
    186   30.6
    187    4.5
    188    4.4
    189   65.2
    190   66.3
    191    4.5
    192   28.5
    193   66.5
    194    4.0
    195    6.0
    196    2.0
    197    2.0
    198   16.4
    199   22.7
    200    4.0
    201    8.0
    202   10.5
    203    2.4
    204    T  
    205    T  
    206    2.0
    207    7.5
    208    2.0
    209    T  
    210   16.2
    211    9.5
    212    T  
    213    1.3
    214    2.1
    215    5.4
    216    0.0
    217    T  
    218    T  
    219   10.2
    220    T  
    221    T  
    222   32.4
    223    5.4
    224   49.4
    225   47.2
    226    T  
    227    0.1
    228    T  
    229    T  
    230    T  
    231    9.3
    232    0.0
    233    0.0
    234    T  
    235    0.0
    236    0.0
    237    1.0
    238   74.4
    239   85.5
    240    0.0
    241    T  
    242    T  
    243    1.0
    244    0.0
    245    T  
    246    0.0
    247    T  
    248    0.1
    249    T  
    250    T  
    251    0.3
    252    0.1
    253   12.4
    254   78.3
    255    1.4
    256    T  
    257    T  
    258    0.9
    259    T  
    260    0.0
    261    0.2
    262    1.2
    263    T  
    264    0.1
    265    T  
    266    0.3
    267    T  
    268   40.0
    269   35.0
    270    0.0
    271    0.0
    272    T  
    273    0.0
    274    T  
    275    T  
    276    0.0
    277    0.0
    278    0.0
    279    0.0
    280    T  
    281    0.0
    282    0.1
    283    T  
    284    0.3
    285    0.0
    286    T  
    287   12.4
    288    5.4
    289    0.0
    290    0.0
    291    0.0
    292    0.0
    293    0.0
    294    0.0
    295    0.0
    296    0.0
    297    0.0
    298    0.0
    299    0.0
    300    0.0
    301    0.0
    302    0.0
    303    0.0
    304    0.0
    305    0.0
    306    0.0
    307    0.0
    308    0.0
    309    0.0
    310    0.0
    311    0.0
    312    0.0
    313    0.0
    314    0.0
    315    0.0
    316    0.0
    317    0.0
    318    0.0
    319    0.0
    320    0.0
    321    0.0
    322    0.0
    323    0.0
    324    0.0
    325    0.0
    326    0.0
    327    0.0
    328    0.0
    329    0.0
    330    0.0
    331    0.0
    332    0.0
    333    0.0
    334    0.0
    335    0.0
    336    0.0
    337    0.0
    338    0.0
    339    0.0
    340    0.0
    341    0.0
    342    0.0
    343    0.0
    344    0.0
    345    0.0
    346    0.0
    347    0.0
    348    0.0
    349    0.0
    350    0.0
    351    0.0
    352    0.0
    353    0.0
    354    0.0
    355    0.0
    356    0.0
    357    0.0
    358    0.0
    359    0.0
    360    0.0
    361    0.0
    362    0.0
    363    0.0
    364    T  
    365    2.6
