      1    0.0
      2    0.0
      3    0.0
      4    0.0
      5    0.0
      6    0.0
      7    0.0
      8    0.0
      9    T  
     10    0.0
     11    0.0
     12    0.0
     13    0.0
     14    0.0
     15    0.0
     16    0.0
     17    0.0
     18    0.0
     19    0.0
     20    0.0
     21    0.0
     22    0.0
     23    0.0
     24    0.0
     25    7.0
     26    2.5
     27    6.5
     28    T  
     29    0.0
     30    0.0
     31    0.0
     32    0.0
     33    2.5
     34    3.5
     35    1.5
     36    T  
     37    4.0
     38    3.2
     39    1.5
     40    0.5
     41    T  
     42    0.0
     43    0.0
     44    0.0
     45    0.0
     46    0.0
     47    T  
     48    0.0
     49    3.5
     50    T  
     51    0.0
     52    0.0
     53   10.5
     54    3.2
     55    3.2
     56    0.5
     57    1.5
     58    T  
     59    T  
     60    0.0
     61    T  
     62    0.0
     63    0.0
     64   16.5
     65    0.0
     66    0.0
     67    2.0
     68    1.5
     69    0.0
     70    0.0
     71    3.0
     72    0.0
     73    0.0
     74    0.0
     75    0.0
     76    1.2
     77    0.0
     78    0.0
     79    0.0
     80    0.0
     81    0.0
     82    0.0
     83    0.0
     84    0.0
     85    0.0
     86    0.0
     87    0.0
     88    0.0
     89    0.0
     90    1.5
     91    0.0
     92    0.0
     93    0.0
     94    0.0
     95    0.0
     96    3.8
     97    0.0
     98    0.0
     99   12.9
    100    0.0
    101    0.0
    102    0.0
    103    1.8
    104    0.0
    105    T  
    106    0.0
    107    0.0
    108    0.0
    109   18.5
    110    T  
    111    0.5
    112    2.5
    113    1.5
    114    1.2
    115    2.5
    116    1.0
    117   13.0
    118    0.0
    119    0.0
    120    0.0
    121    0.0
    122    0.0
    123    0.0
    124   26.0
    125    0.0
    126    0.0
    127    0.0
    128    0.0
    129    0.0
    130    0.0
    131    0.0
    132    0.0
    133    T  
    134   15.5
    135    0.0
    136    0.0
    137    0.0
    138    2.5
    139    0.0
    140    0.0
    141    3.0
    142    2.5
    143    0.0
    144    0.0
    145    0.0
    146    3.5
    147    T  
    148    0.0
    149    1.5
    150    0.0
    151   20.5
    152    0.0
    153    0.0
    154    0.0
    155    3.0
    156    2.5
    157    0.0
    158    5.0
    159    2.4
    160    3.5
    161   10.0
    162   75.5
    163    1.0
    164    0.5
    165    T  
    166    T  
    167    0.0
    168    3.0
    169    2.0
    170    3.5
    171    0.0
    172    0.0
    173    T  
    174    0.0
    175    0.0
    176    0.0
    177    T  
    178    0.0
    179    0.5
    180   18.5
    181    2.5
    182    0.0
    183    1.5
    184    2.5
    185    1.5
    186   20.5
    187    T  
    188   10.0
    189   15.2
    190    1.5
    191    8.2
    192    2.5
    193    3.0
    194    0.0
    195    1.5
    196    0.7
    197    2.0
    198    0.0
    199    0.0
    200    1.0
    201    0.5
    202    2.4
    203   10.5
    204    2.0
    205    1.5
    206    5.0
    207    3.4
    208    T  
    209    0.0
    210    2.0
    211    0.5
    212    0.2
    213    9.2
    214   16.5
    215    2.0
    216   20.5
    217    2.0
    218   16.5
    219   21.5
    220    T  
    221    2.3
    222    2.5
    223    0.0
    224    1.0
    225    5.4
    226    1.2
    227   58.5
    228   34.0
    229    3.1
    230    4.2
    231    4.5
    232    6.5
    233    1.0
    234    2.5
    235    1.5
    236   31.6
    237    2.5
    238   28.3
    239   50.5
    240    0.2
    241    3.5
    242    9.2
    243   38.5
    244    2.5
    245    3.0
    246    2.0
    247    T  
    248    3.0
    249    5.8
    250    8.5
    251    T  
    252   20.0
    253   17.0
    254    5.0
    255   22.4
    256   27.0
    257   53.0
    258   23.8
    259    T  
    260    0.0
    261   17.0
    262   15.4
    263   24.5
    264    6.5
    265    0.0
    266    0.0
    267    0.0
    268    0.0
    269    0.0
    270    0.0
    271    0.0
    272    0.0
    273    0.0
    274    0.0
    275    0.0
    276    0.0
    277    0.0
    278    0.0
    279    0.0
    280    0.0
    281    0.0
    282    0.0
    283    T  
    284    3.3
    285    0.0
    286    0.0
    287    0.0
    288    0.0
    289    0.0
    290    0.0
    291    T  
    292    0.0
    293    0.0
    294    0.0
    295    0.0
    296    2.0
    297    0.0
    298    0.0
    299    0.0
    300    0.0
    301    T  
    302    0.0
    303    0.0
    304    0.0
    305    0.0
    306    0.0
    307    T  
    308    0.0
    309    0.0
    310    0.0
    311    0.0
    312    0.0
    313    4.0
    314    0.0
    315    0.0
    316   15.0
    317    0.0
    318    0.0
    319    0.0
    320    0.0
    321    0.0
    322    0.0
    323    0.0
    324    T  
    325    0.0
    326    0.0
    327    0.0
    328    0.0
    329    0.0
    330    0.0
    331    0.0
    332    0.0
    333    0.0
    334    0.0
    335    2.0
    336    0.0
    337    0.0
    338    0.0
    339    T  
    340    0.0
    341    0.0
    342    0.0
    343    0.0
    344    0.0
    345    0.0
    346    0.0
    347    0.0
    348    0.0
    349    0.0
    350    0.0
    351    0.0
    352    0.0
    353    0.0
    354    0.0
    355    0.0
    356    0.0
    357    0.0
    358    0.0
    359    0.0
    360    0.0
    361    0.0
    362    4.0
    363    0.0
    364    0.0
    365    0.0
