  1972   1   1     0  23.8   9.0   0.0     0     0
  1972   1   2     0  24.0   9.3   0.0     0     0
  1972   1   3     0  27.5   9.4   0.0     0     0
  1972   1   4     0  27.5   9.0   0.0     0     0
  1972   1   5     0  23.5   9.0   0.0     0     0
  1972   1   6     0  23.4   9.2   0.0     0     0
  1972   1   7     0  22.6   8.5   0.0     0     0
  1972   1   8     0  22.5   8.5   0.0     0     0
  1972   1   9     0  24.0   7.5   0.0     0     0
  1972   1  10     0  22.0   7.4   0.0     0     0
  1972   1  11     0  22.3   7.5   0.0     0     0
  1972   1  12     0  22.3   7.4   0.0     0     0
  1972   1  13     0  22.8   8.3   0.0     0     0
  1972   1  14     0  23.2  10.0   0.0     0     0
  1972   1  15     0  23.8   9.5   0.0     0     0
  1972   1  16     0  24.5   7.0   0.0     0     0
  1972   1  17     0  24.5   7.8   0.0     0     0
  1972   1  18     0  23.0   7.5   0.0     0     0
  1972   1  19     0  23.6   7.5   0.0     0     0
  1972   1  20     0  23.8   8.5   0.0     0     0
  1972   1  21     0  23.8   8.4   0.0     0     0
  1972   1  22     0  23.8   8.5   0.0     0     0
  1972   1  23     0  23.4   8.4   0.0     0     0
  1972   1  24     0  23.2  10.0   0.0     0     0
  1972   1  25     0  23.8  11.5   0.0     0     0
  1972   1  26     0  24.0  10.5   0.0     0     0
  1972   1  27     0  24.2  10.5   0.0     0     0
  1972   1  28     0  26.0  13.2   0.6     0     0
  1972   1  29     0  24.3  11.2   0.0     0     0
  1972   1  30     0  23.4  11.0   0.0     0     0
  1972   1  31     0  23.0  11.4   0.0     0     0
  1972   2   1     0  24.5  11.5   0.0     0     0
  1972   2   2     0  25.5  11.6   0.0     0     0
  1972   2   3     0  25.5  14.8   0.0     0     0
  1972   2   4     0  24.0  12.5   3.2     0     0
  1972   2   5     0  26.0  10.8   0.0     0     0
  1972   2   6     0  23.5  10.5   7.5     0     0
  1972   2   7     0  23.4  11.0   0.0     0     0
  1972   2   8     0  23.4  11.0   2.5     0     0
  1972   2   9     0  20.0   5.5   0.0     0     0
  1972   2  10     0  23.0  10.4   0.0     0     0
  1972   2  11     0  24.0   9.4   0.0     0     0
  1972   2  12     0  23.4   9.5   0.0     0     0
  1972   2  13     0  23.0   6.5   7.3     0     0
  1972   2  14     0  23.0  14.0  11.6     0     0
  1972   2  15     0  22.0   7.5   0.0     0     0
  1972   2  16     0  24.0   6.5   0.0     0     0
  1972   2  17     0  24.0   6.5   0.0     0     0
  1972   2  18     0  24.3   7.5   0.0     0     0
  1972   2  19     0  24.0   9.0   0.0     0     0
  1972   2  20     0  24.0   9.5   0.0     0     0
  1972   2  21     0  23.4  10.0   0.0     0     0
  1972   2  22     0  25.8  16.5   0.0     0     0
  1972   2  23     0  25.0  15.0   0.0     0     0
  1972   2  24     0  28.3  11.5   0.0     0     0
  1972   2  25     0  26.4  10.8   0.0     0     0
  1972   2  26     0  26.7   8.9   0.0     0     0
  1972   2  27     0  26.5   7.5   0.0     0     0
  1972   2  28     0  26.6   9.0   0.0     0     0
  1972   2  29     0  26.0  10.0   0.0     0     0
  1972   3   1     0  25.8   7.5   0.0     0     0
  1972   3   2     0  26.4   9.8   0.0     0     0
  1972   3   3     0  28.5   9.6   0.0     0     0
  1972   3   4     0  29.0  12.0   0.0     0     0
  1972   3   5     0  29.2  12.4   0.0     0     0
  1972   3   6     0  29.4  12.0   4.4     0     0
  1972   3   7     0  29.0  13.0   0.0     0     0
  1972   3   8     0  30.0  13.0   0.0     0     0
  1972   3   9     0  30.0  14.0   0.0     0     0
  1972   3  10     0  30.0  14.0   0.0     0     0
  1972   3  11     0  30.5  15.0   0.0     0     0
  1972   3  12     0  31.4  15.0   5.0     0     0
  1972   3  13     0  31.4  14.8   0.0     0     0
  1972   3  14     0  31.4  15.0   0.0     0     0
  1972   3  15     0  31.4  15.0   0.0     0     0
  1972   3  16     0  34.5  11.5   0.0     0     0
  1972   3  17     0  35.5  11.0   5.0     0     0
  1972   3  18     0  39.0  17.0   0.0     0     0
  1972   3  19     0  39.0  20.0   0.0     0     0
  1972   3  20     0  33.5  10.0   0.0     0     0
  1972   3  21     0  34.0  12.0   0.0     0     0
  1972   3  22     0  34.0   8.8   0.0     0     0
  1972   3  23     0  35.0   7.0   0.0     0     0
  1972   3  24     0  35.0   7.0   0.0     0     0
  1972   3  25     0  34.8   9.5   0.0     0     0
  1972   3  26     0  37.0  10.5   0.0     0     0
  1972   3  27     0  35.1  11.0   0.0     0     0
  1972   3  28     0  37.5  11.0   0.0     0     0
  1972   3  29     0  36.0  11.0   0.0     0     0
  1972   3  30     0  34.5  12.0   0.0     0     0
  1972   3  31     0  35.0  13.0   0.0     0     0
  1972   4   1     0  37.5  10.0   0.0     0     0
  1972   4   2     0  37.0  10.0   0.0     0     0
  1972   4   3     0  35.5  14.0   0.0     0     0
  1972   4   4     0  37.0  10.0   0.0     0     0
  1972   4   5     0  37.0   8.0   0.0     0     0
  1972   4   6     0  35.5  10.5   0.0     0     0
  1972   4   7     0  37.0  11.0   0.0     0     0
  1972   4   8     0  35.5  10.5   5.4     0     0
  1972   4   9     0  37.0  11.0   0.0     0     0
  1972   4  10     0  37.0  10.0   0.0     0     0
  1972   4  11     0  34.1  19.0   0.0     0     0
  1972   4  12     0  34.1  14.0   0.0     0     0
  1972   4  13     0  34.0  13.0   0.0     0     0
  1972   4  14     0  33.5  22.0   0.0     0     0
  1972   4  15     0  34.0  23.0   0.0     0     0
  1972   4  16     0  35.0  12.0   0.0     0     0
  1972   4  17     0  35.5  12.5   0.0     0     0
  1972   4  18     0  37.0  21.0   0.0     0     0
  1972   4  19     0  36.5  19.0   0.0     0     0
  1972   4  20     0  36.5  19.0   0.0     0     0
  1972   4  21     0  37.0   7.0   0.0     0     0
  1972   4  22     0  37.0  14.0   0.0     0     0
  1972   4  23     0  37.0  15.5   0.0     0     0
  1972   4  24     0  38.0  19.0   0.0     0     0
  1972   4  25     0  39.0  19.5   0.0     0     0
  1972   4  26     0  38.0  20.0   0.0     0     0
  1972   4  27     0  38.0  18.0   0.0     0     0
  1972   4  28     0  38.2  21.0   0.0     0     0
  1972   4  29     0  38.5  23.0   0.0     0     0
  1972   4  30     0  39.0  19.0   0.0     0     0
  1972   5   1     0  36.8  16.0   0.0     0     0
  1972   5   2     0  37.0  18.2   0.0     0     0
  1972   5   3     0  36.0  23.0   0.0     0     0
  1972   5   4     0  37.0  20.0   0.0     0     0
  1972   5   5     0  37.0  19.5   0.0     0     0
  1972   5   6     0  37.0  22.4   0.0     0     0
  1972   5   7     0  38.5  23.0   0.0     0     0
  1972   5   8     0  39.5  24.0   0.0     0     0
  1972   5   9     0  39.5  20.0   0.0     0     0
  1972   5  10     0  40.0  24.0   0.0     0     0
  1972   5  11     0  40.0  25.0   0.0     0     0
  1972   5  12     0  40.0  25.0   0.0     0     0
  1972   5  13     0  41.0  25.0   0.0     0     0
  1972   5  14     0  41.0  25.3   0.0     0     0
  1972   5  15     0  40.8  25.5   0.0     0     0
  1972   5  16     0  41.0  26.0   0.0     0     0
  1972   5  17     0  41.3  25.0   0.0     0     0
  1972   5  18     0  41.5  26.0   0.0     0     0
  1972   5  19     0  37.5  25.0   0.0     0     0
  1972   5  20     0  37.5  24.8   0.6     0     0
  1972   5  21     0  37.5  20.8   0.0     0     0
  1972   5  22     0  37.5  22.0   0.0     0     0
  1972   5  23     0  36.5  21.8   0.0     0     0
  1972   5  24     0  37.0  21.3   0.0     0     0
  1972   5  25     0  36.4  22.0   0.0     0     0
  1972   5  26     0  36.0  22.0   0.0     0     0
  1972   5  27     0  35.0  21.2   0.0     0     0
  1972   5  28     0  35.4  22.0   0.0     0     0
  1972   5  29     0  35.8  21.3   0.0     0     0
  1972   5  30     0  41.3  22.4   0.0     0     0
  1972   5  31     0  40.5  23.0   0.0     0     0
  1972   6   1     0  39.2  24.6   0.0     0     0
  1972   6   2     0   DNA  23.0   0.0     0     0
  1972   6   3     0  40.0   DNA   0.0     0     0
  1972   6   4     0  36.0  22.0   7.6     0     0
  1972   6   5     0  38.5  24.0   0.0     0     0
  1972   6   6     0  40.2  26.3   0.0     0     0
  1972   6   7     0  39.1  26.8   0.0     0     0
  1972   6   8     0   DNA   DNA   0.0     0     0
  1972   6   9     0  41.2   DNA   0.0     0     0
  1972   6  10     0  39.1  26.5   0.0     0     0
  1972   6  11     0  43.0   DNA   0.0     0     0
  1972   6  12     0  41.0  23.5   0.0     0     0
  1972   6  13     0  39.5  27.0   1.0     0     0
  1972   6  14     0  38.0  24.8   2.3     0     0
  1972   6  15     0  38.4  22.5   4.4     0     0
  1972   6  16     0  35.8  24.5   0.0     0     0
  1972   6  17     0  33.2  24.2  16.8     0     0
  1972   6  18     0  30.5  23.4   0.0     0     0
  1972   6  19     0  34.5  23.4   0.0     0     0
  1972   6  20     0  35.5  24.3   0.0     0     0
  1972   6  21     0  35.0  22.5  14.3     0     0
  1972   6  22     0  32.0  20.5  52.4     0     0
  1972   6  23     0  32.0  18.8  44.5     0     0
  1972   6  24     0  30.0  19.5  48.0     0     0
  1972   6  25     0  32.5  22.0   1.6     0     0
  1972   6  26     0  32.5  24.0   0.0     0     0
  1972   6  27     0  32.8  23.8   0.0     0     0
  1972   6  28     0  33.8  27.0   0.0     0     0
  1972   6  29     0  34.8  25.0   0.0     0     0
  1972   6  30     0  37.4  25.0   0.0     0     0
  1972   7   1     0  35.4  25.4   7.4     0     0
  1972   7   2     0  35.0  25.0   0.0     0     0
  1972   7   3     0  34.8  22.2  30.4     0     0
  1972   7   4     0  32.8  23.2   4.0     0     0
  1972   7   5     0  34.0  24.5   1.4     0     0
  1972   7   6     0  33.0  23.5   7.0     0     0
  1972   7   7     0  33.0  24.0   0.0     0     0
  1972   7   8     0  33.5  24.0   0.0     0     0
  1972   7   9     0  32.4  24.4   0.0     0     0
  1972   7  10     0  34.0  24.0  11.0     0     0
  1972   7  11     0  33.0  25.0   0.0     0     0
  1972   7  12     0  36.0  23.5   0.0     0     0
  1972   7  13     0  35.5  24.8   0.0     0     0
  1972   7  14     0  37.0  25.2   0.0     0     0
  1972   7  15     0  35.0  24.4   6.3     0     0
  1972   7  16     0  33.0  25.0   0.0     0     0
  1972   7  17     0  30.5  23.0  22.0     0     0
  1972   7  18     0  28.4  23.4   4.0     0     0
  1972   7  19     0  27.8  22.3  14.5     0     0
  1972   7  20     0  32.5  22.8  10.4     0     0
  1972   7  21     0   DNA  24.0   0.0     0     0
  1972   7  22     0  32.5  24.0   0.0     0     0
  1972   7  23     0  33.8  24.0  50.1     0     0
  1972   7  24     0  34.0  24.0   0.0     0     0
  1972   7  25     0  34.1  22.0   0.0     0     0
  1972   7  26     0  32.8  24.8   0.0     0     0
  1972   7  27     0  31.8  23.0  24.0     0     0
  1972   7  28     0  33.0  22.0   6.0     0     0
  1972   7  29     0  33.5  22.3   4.0     0     0
  1972   7  30     0  31.8  22.0  30.0     0     0
  1972   7  31     0  34.0  22.0   5.0     0     0
  1972   8   1     0  32.4  20.0   0.0     0     0
  1972   8   2     0  33.0  21.5   0.0     0     0
  1972   8   3     0  34.0  20.0   0.0     0     0
  1972   8   4     0  34.0  20.0   0.0     0     0
  1972   8   5     0  33.5  21.0   0.0     0     0
  1972   8   6     0  33.0  21.0   0.0     0     0
  1972   8   7     0  33.5  21.5   0.0     0     0
  1972   8   8     0  32.0  21.0   0.0     0     0
  1972   8   9     0  33.3  21.0   0.0     0     0
  1972   8  10     0  30.2  22.0  41.0     0     0
  1972   8  11     0  33.0  22.0   0.8     0     0
  1972   8  12     0  33.4  21.5   0.0     0     0
  1972   8  13     0  33.5  22.0   0.0     0     0
  1972   8  14     0  33.4  21.5   0.0     0     0
  1972   8  15     0  32.8  21.2   0.0     0     0
  1972   8  16     0  34.5  23.0   0.0     0     0
  1972   8  17     0  34.0  22.0   0.0     0     0
  1972   8  18     0  34.5  21.8  12.0     0     0
  1972   8  19     0  35.0  21.4   0.0     0     0
  1972   8  20     0  35.0  20.0   0.0     0     0
  1972   8  21     0  35.0  22.0   0.0     0     0
  1972   8  22     0  35.0  22.0  30.0     0     0
  1972   8  23     0  34.0  21.6   0.0     0     0
  1972   8  24     0  34.3  23.0   0.0     0     0
  1972   8  25     0  34.0  23.4   0.0     0     0
  1972   8  26     0  33.8  22.0  30.5     0     0
  1972   8  27     0  34.0  26.4   0.0     0     0
  1972   8  28     0  32.4  22.5  13.4     0     0
  1972   8  29     0  32.2  22.2   0.0     0     0
  1972   8  30     0  32.4  22.2   0.0     0     0
  1972   8  31     0  34.0  22.0   0.8     0     0
  1972   9   1     0  27.0  23.0   0.0     0     0
  1972   9   2     0  33.0  21.0  41.3     0     0
  1972   9   3     0  25.0  20.0  40.8     0     0
  1972   9   4     0  27.0  20.0  15.0     0     0
  1972   9   5     0  27.0  21.0  13.2     0     0
  1972   9   6     0  31.4  20.0   0.0     0     0
  1972   9   7     0  33.6  21.3   0.0     0     0
  1972   9   8     0  32.4  21.6   0.0     0     0
  1972   9   9     0  32.8  21.8   0.0     0     0
  1972   9  10     0  34.0  19.4   5.4     0     0
  1972   9  11     0  31.0  19.0   2.5     0     0
  1972   9  12     0  30.0  20.4   5.3     0     0
  1972   9  13     0  31.4  20.0   6.4     0     0
  1972   9  14     0  32.0  22.5   0.0     0     0
  1972   9  15     0  32.0  21.4  20.6     0     0
  1972   9  16     0  32.5  22.0   3.2     0     0
  1972   9  17     0  33.0  22.2   0.0     0     0
  1972   9  18     0  33.3  21.5   0.0     0     0
  1972   9  19     0  33.4  22.0   0.0     0     0
  1972   9  20     0  33.8  22.0   0.0     0     0
  1972   9  21     0  34.5  22.0   0.0     0     0
  1972   9  22     0  34.0  22.0   0.0     0     0
  1972   9  23     0  33.8  21.4   0.0     0     0
  1972   9  24     0  31.2  21.5   5.3     0     0
  1972   9  25     0  31.0  20.0  14.3     0     0
  1972   9  26     0  30.0  19.5  30.6     0     0
  1972   9  27     0  31.4  23.0   6.8     0     0
  1972   9  28     0  31.5  22.0   0.0     0     0
  1972   9  29     0  32.0  21.0   0.0     0     0
  1972   9  30     0  32.4  22.0   0.0     0     0
  1972  10   1     0  33.0  21.6   0.0     0     0
  1972  10   2     0  33.0  22.0   0.0     0     0
  1972  10   3     0  32.8  21.2   0.0     0     0
  1972  10   4     0  32.5  22.2   0.0     0     0
  1972  10   5     0  34.0  22.0   0.0     0     0
  1972  10   6     0  31.0  25.0   0.0     0     0
  1972  10   7     0  29.5  20.5  22.0     0     0
  1972  10   8     0  31.5  21.0  20.8     0     0
  1972  10   9     0  32.4  22.2   0.0     0     0
  1972  10  10     0  32.4  21.6   0.0     0     0
  1972  10  11     0  32.6  21.8   0.0     0     0
  1972  10  12     0  33.0  22.0   0.0     0     0
  1972  10  13     0  32.3  22.0   0.0     0     0
  1972  10  14     0  31.8  21.0   0.0     0     0
  1972  10  15     0  31.8  21.0   0.0     0     0
  1972  10  16     0  31.8  20.8   0.0     0     0
  1972  10  17     0  31.1  21.8   0.0     0     0
  1972  10  18     0  31.5  19.8   0.0     0     0
  1972  10  19     0  31.0  19.4   0.0     0     0
  1972  10  20     0  31.0  19.5   0.0     0     0
  1972  10  21     0  31.5  19.3   0.0     0     0
  1972  10  22     0  31.4  19.8   0.0     0     0
  1972  10  23     0  32.5  21.0   0.0     0     0
  1972  10  24     0  32.4  20.4   0.0     0     0
  1972  10  25     0  32.4  20.0   0.0     0     0
  1972  10  26     0  32.5  20.0   0.0     0     0
  1972  10  27     0  32.4  20.0   6.0     0     0
  1972  10  28     0  32.0  20.0   0.0     0     0
  1972  10  29     0  24.0  15.0   1.0     0     0
  1972  10  30     0  23.5  17.0  14.5     0     0
  1972  10  31     0  27.0  17.5   0.0     0     0
  1972  11   1     0  28.0  16.0   0.0     0     0
  1972  11   2     0  30.6  16.0   0.0     0     0
  1972  11   3     0  30.8  16.4   0.0     0     0
  1972  11   4     0  31.8  16.0   0.0     0     0
  1972  11   5     0  31.0  16.0   0.0     0     0
  1972  11   6     0  31.3  14.0   0.0     0     0
  1972  11   7     0  30.0  13.5   0.0     0     0
  1972  11   8     0  31.2  13.3   0.0     0     0
  1972  11   9     0  30.0  14.5   0.0     0     0
  1972  11  10     0  29.9  15.0   0.0     0     0
  1972  11  11     0  31.4  15.0   0.0     0     0
  1972  11  12     0  30.0  14.6   0.0     0     0
  1972  11  13     0  31.0  16.0   0.0     0     0
  1972  11  14     0  32.0  15.0   0.0     0     0
  1972  11  15     0  31.0  15.0   0.0     0     0
  1972  11  16     0  31.0  15.4   0.0     0     0
  1972  11  17     0  27.5  15.0   0.0     0     0
  1972  11  18     0  31.0  14.0   0.0     0     0
  1972  11  19     0  29.0  13.8   0.0     0     0
  1972  11  20     0  29.5  14.0   0.0     0     0
  1972  11  21     0  31.2  13.4   0.0     0     0
  1972  11  22     0  30.0  13.4   0.0     0     0
  1972  11  23     0  29.4  13.0   0.0     0     0
  1972  11  24     0  29.3  12.0   0.0     0     0
  1972  11  25     0  28.0  13.0   0.0     0     0
  1972  11  26     0  29.3  13.0   6.0     0     0
  1972  11  27     0  29.8  16.0   0.4     0     0
  1972  11  28     0  31.0  13.4   0.0     0     0
  1972  11  29     0  27.0  13.0   0.0     0     0
  1972  11  30     0  26.5  12.0   0.0     0     0
  1972  12   1     0  29.0  11.8   0.0     0     0
  1972  12   2     0  29.5  11.2   0.0     0     0
  1972  12   3     0  29.4  10.0   0.0     0     0
  1972  12   4     0   DNA   9.8   0.0     0     0
  1972  12   5     0   DNA   9.4   0.0     0     0
  1972  12   6     0  29.4   9.8   0.0     0     0
  1972  12   7     0  28.0  10.3   0.0     0     0
  1972  12   8     0  27.4  10.0   0.0     0     0
  1972  12   9     0  28.2  10.1   0.0     0     0
  1972  12  10     0  27.5  10.3   0.0     0     0
  1972  12  11     0  28.4  10.2   0.0     0     0
  1972  12  12     0  28.0  10.0   0.0     0     0
  1972  12  13     0  27.8   7.8   0.0     0     0
  1972  12  14     0  27.1   9.1   0.0     0     0
  1972  12  15     0  27.0   8.8   0.0     0     0
  1972  12  16     0  26.4   8.9   0.0     0     0
  1972  12  17     0  26.4   9.0   0.0     0     0
  1972  12  18     0  28.0   9.2   0.0     0     0
  1972  12  19     0  26.4   9.3   0.0     0     0
  1972  12  20     0  24.5  10.0   0.0     0     0
  1972  12  21     0  25.0  10.0   0.0     0     0
  1972  12  22     0  26.0  10.0   0.0     0     0
  1972  12  23     0  26.8   8.0   0.0     0     0
  1972  12  24     0  26.4   7.5   0.0     0     0
  1972  12  25     0   DNA   8.0   0.0     0     0
  1972  12  26     0  23.0   8.2     T     0     0
  1972  12  27     0  24.5   8.2   0.0     0     0
  1972  12  28     0  24.0   8.0   0.0     0     0
  1972  12  29     0  24.2   8.4   0.0     0     0
  1972  12  30     0  24.5   8.5   0.0     0     0
  1972  12  31     0  26.0   8.9   0.0     0     0
