  2012   1   1     0  16.0  10.2   0.0     0     0
  2012   1   2     0  21.1   7.0  23.9     0     0
  2012   1   3     0  21.6   8.0   0.0     0     0
  2012   1   4     0  21.7   6.5   0.0     0     0
  2012   1   5     0  22.1   6.0   0.0     0     0
  2012   1   6     0  22.0   5.0  50.0     0     0
  2012   1   7     0  17.5   5.5   0.0     0     0
  2012   1   8     0  18.5   6.0   0.0     0     0
  2012   1   9     0  18.0   8.8     T     0     0
  2012   1  10     0  20.0   6.5   2.0     0     0
  2012   1  11     0  19.9   5.6   3.0     0     0
  2012   1  12     0  16.8   5.0   3.3     0     0
  2012   1  13     0  20.5   1.5   0.0     0     0
  2012   1  14     0  20.1   1.6   0.0     0     0
  2012   1  15     0  21.0   3.0   0.0     0     0
  2012   1  16     0  15.0   4.0   0.0     0     0
  2012   1  17     0  20.2   5.5   0.0     0     0
  2012   1  18     0  21.5   6.3   0.3     0     0
  2012   1  19     0  17.7   6.5   0.0     0     0
  2012   1  20     0  21.3   5.8   0.0     0     0
  2012   1  21     0  20.3   3.0   2.5     0     0
  2012   1  22     0  21.7   2.5   0.0     0     0
  2012   1  23     0  22.5   3.8   0.0     0     0
  2012   1  24     0  23.7   2.8   0.0     0     0
  2012   1  25     0  24.4   3.4   0.0     0     0
  2012   1  26     0  24.2   4.5   0.0     0     0
  2012   1  27     0  23.7   4.8   0.0     0     0
  2012   1  28     0  23.2   4.5   0.0     0     0
  2012   1  29     0  22.8   3.0   0.0     0     0
  2012   1  30     0  22.7   2.5   0.0     0     0
  2012   1  31     0  23.0   3.5   0.0     0     0
  2012   2   1     0  22.0   4.4   0.0     0     0
  2012   2   2     0  21.7   3.4   0.0     0     0
  2012   2   3     0  23.6   5.0   0.0     0     0
  2012   2   4     0  23.0   5.8   0.0     0     0
  2012   2   5     0  25.5   7.6   0.0     0     0
  2012   2   6     0  27.6   7.5   0.0     0     0
  2012   2   7     0  26.4   7.2   0.0     0     0
  2012   2   8     0  17.8  11.6  16.2     0     0
  2012   2   9     0  20.2   4.5   7.2     0     0
  2012   2  10     0  22.6   3.7   0.0     0     0
  2012   2  11     0  23.2   4.5   0.0     0     0
  2012   2  12     0  25.2   5.6   0.0     0     0
  2012   2  13     0  21.7   7.5   0.0     0     0
  2012   2  14     0  19.1   7.5   0.0     0     0
  2012   2  15     0  17.6   9.5   0.0     0     0
  2012   2  16     0  23.4  10.5     T     0     0
  2012   2  17     0  25.1   7.6   0.0     0     0
  2012   2  18     0  22.6   7.6   0.0     0     0
  2012   2  19     0  27.6   6.8   0.0     0     0
  2012   2  20     0  28.7   7.8   0.0     0     0
  2012   2  21     0  28.2   9.5   0.0     0     0
  2012   2  22     0  29.0   8.5   0.0     0     0
  2012   2  23     0  30.4   8.0   0.0     0     0
  2012   2  24     0  28.3   8.0   0.0     0     0
  2012   2  25     0  30.5   7.0   0.0     0     0
  2012   2  26     0  28.2   7.2   0.0     0     0
  2012   2  27     0  29.0   7.4   0.0     0     0
  2012   2  28     0  27.7  10.4   0.0     0     0
  2012   2  29     0  26.2   8.7   0.0     0     0
  2012   3   1     0  26.8   7.2   0.0     0     0
  2012   3   2     0  26.9   7.4   0.0     0     0
  2012   3   3     0  27.2   6.5   0.0     0     0
  2012   3   4     0  29.2   7.2   0.0     0     0
  2012   3   5     0  30.5  11.8   0.3     0     0
  2012   3   6     0  30.5  12.8   0.0     0     0
  2012   3   7     0  28.6  11.4   0.0     0     0
  2012   3   8     0  27.5   9.0   0.0     0     0
  2012   3   9     0  27.0   9.3   0.0     0     0
  2012   3  10     0  26.7   6.7   0.0     0     0
  2012   3  11     0  29.8   7.0   0.0     0     0
  2012   3  12     0  29.5   7.1   0.0     0     0
  2012   3  13     0  17.5  10.4     T     0     0
  2012   3  14     0  24.3   5.7  14.5     0     0
  2012   3  15     0  26.6   8.5   0.0     0     0
  2012   3  16     0  28.0   7.9   0.0     0     0
  2012   3  17     0  28.2  10.5   0.0     0     0
  2012   3  18     0  29.0  12.5   0.0     0     0
  2012   3  19     0  29.9  13.0   0.0     0     0
  2012   3  20     0  32.1  13.1   0.0     0     0
  2012   3  21     0  33.8  12.9   0.0     0     0
  2012   3  22     0  32.8  13.6   0.0     0     0
  2012   3  23     0  34.5  12.2   0.0     0     0
  2012   3  24     0  32.0  13.0   0.0     0     0
  2012   3  25     0  33.6  14.2   0.0     0     0
  2012   3  26     0  32.6  15.0   0.0     0     0
  2012   3  27     0  35.4  14.2   0.0     0     0
  2012   3  28     0  36.5  14.5   0.0     0     0
  2012   3  29     0  33.9  14.2   0.0     0     0
  2012   3  30     0  34.0  14.5   0.0     0     0
  2012   3  31     0  33.5  16.5   0.0     0     0
  2012   4   1     0  34.0  17.3   0.0     0     0
  2012   4   2     0  34.5  17.0   0.0     0     0
  2012   4   3     0  36.0  16.5   0.0     0     0
  2012   4   4     0  36.2  18.0   0.0     0     0
  2012   4   5     0  35.0  15.0   0.0     0     0
  2012   4   6     0  37.2  13.0  11.6     0     0
  2012   4   7     0  32.3  14.2   0.0     0     0
  2012   4   8     0  33.7  15.2   0.0     0     0
  2012   4   9     0  32.8  18.3   0.0     0     0
  2012   4  10     0  33.2  16.8   0.0     0     0
  2012   4  11     0  33.4  15.8   0.0     0     0
  2012   4  12     0  33.6  15.3   0.0     0     0
  2012   4  13     0  34.0  16.0   0.0     0     0
  2012   4  14     0  27.8  14.4   0.0     0     0
  2012   4  15     0  28.2  15.2   5.3     0     0
  2012   4  16     0  31.0  12.8   0.0     0     0
  2012   4  17     0  34.5  15.8   0.0     0     0
  2012   4  18     0  36.0  16.0   0.0     0     0
  2012   4  19     0  35.3  16.9   0.0     0     0
  2012   4  20     0  37.8  17.0   0.0     0     0
  2012   4  21     0  35.5  21.2   0.0     0     0
  2012   4  22     0  34.3  18.2   0.0     0     0
  2012   4  23     0  36.3  18.0   0.0     0     0
  2012   4  24     0  35.5  17.6   0.0     0     0
  2012   4  25     0  35.9  18.8   0.0     0     0
  2012   4  26     0  35.4  15.7   0.0     0     0
  2012   4  27     0  36.4  19.5   0.0     0     0
  2012   4  28     0  36.2  16.5   0.0     0     0
  2012   4  29     0  36.4  18.0   0.0     0     0
  2012   4  30     0  34.7  16.8   0.0     0     0
  2012   5   1     0  36.5  17.0   0.0     0     0
  2012   5   2     0  36.6  15.2   0.0     0     0
  2012   5   3     0  34.8  15.5   0.0     0     0
  2012   5   4     0  35.0  15.8   0.0     0     0
  2012   5   5     0  30.5  17.5   2.1     0     0
  2012   5   6     0  35.0  15.5   0.5     0     0
  2012   5   7     0  37.3  18.4   0.0     0     0
  2012   5   8     0  36.3  20.5   0.0     0     0
  2012   5   9     0  39.0  21.0   0.0     0     0
  2012   5  10     0  37.2  23.0   0.0     0     0
  2012   5  11     0  34.5  18.0  35.4     0     0
  2012   5  12     0  36.5  21.5   0.0     0     0
  2012   5  13     0  36.5  18.5   0.0     0     0
  2012   5  14     0  37.5  21.8   0.0     0     0
  2012   5  15     0  36.6  20.8   0.0     0     0
  2012   5  16     0  37.5  19.2   0.0     0     0
  2012   5  17     0  39.0  21.4   0.0     0     0
  2012   5  18     0  39.0  25.6   0.0     0     0
  2012   5  19     0  37.2  21.0   0.0     0     0
  2012   5  20     0  37.5  19.8     T     0     0
  2012   5  21     0  38.5  21.3   9.6     0     0
  2012   5  22     0  40.5  21.2   0.0     0     0
  2012   5  23     0  39.5  21.8   0.0     0     0
  2012   5  24     0  39.0  20.6   0.0     0     0
  2012   5  25     0  39.0  22.0   0.0     0     0
  2012   5  26     0  38.8  24.5   0.0     0     0
  2012   5  27     0  40.0  24.7   0.0     0     0
  2012   5  28     0  40.5  22.3   0.0     0     0
  2012   5  29     0  40.0  23.0   0.0     0     0
  2012   5  30     0  41.0  23.2   0.0     0     0
  2012   5  31     0  40.0  25.8   0.0     0     0
  2012   6   1     0  41.7  19.5   0.0     0     0
  2012   6   2     0  40.5  17.2   6.5     0     0
  2012   6   3     0  39.7  25.4   0.0     0     0
  2012   6   4     0  39.0  24.4   0.0     0     0
  2012   6   5     0  39.2  26.1   0.0     0     0
  2012   6   6     0  40.5  25.0   0.0     0     0
  2012   6   7     0  40.2  25.0   0.0     0     0
  2012   6   8     0  40.0  25.4   0.0     0     0
  2012   6   9     0  40.4  24.5   0.0     0     0
  2012   6  10     0  40.2  24.5   0.0     0     0
  2012   6  11     0  42.0  25.5   0.0     0     0
  2012   6  12     0  42.2  25.3   0.0     0     0
  2012   6  13     0  41.5  23.2   0.0     0     0
  2012   6  14     0  42.8  25.0   0.0     0     0
  2012   6  15     0  42.0  25.3   0.0     0     0
  2012   6  16     0  41.2  25.7   0.0     0     0
  2012   6  17     0  38.2  28.6   0.0     0     0
  2012   6  18     0  34.7  24.5   1.5     0     0
  2012   6  19     0  35.5  24.0  28.8     0     0
  2012   6  20     0  34.6  24.5   6.5     0     0
  2012   6  21     0  39.3  25.5   2.1     0     0
  2012   6  22     0  35.0  26.1   1.4     0     0
  2012   6  23     0  32.5  24.6  10.3     0     0
  2012   6  24     0  34.2  24.0   5.3     0     0
  2012   6  25     0  36.6  25.7   0.0     0     0
  2012   6  26     0  38.5  25.3   0.0     0     0
  2012   6  27     0  36.5  23.2     T     0     0
  2012   6  28     0  36.8  24.8   0.0     0     0
  2012   6  29     0  37.0  25.5   0.0     0     0
  2012   6  30     0  35.3  26.0   0.0     0     0
  2012   7   1     0  33.5  23.0   0.0     0     0
  2012   7   2     0  33.5  24.5  77.5     0     0
  2012   7   3     0  34.6  25.2   2.3     0     0
  2012   7   4     0  28.2  24.3   4.3     0     0
  2012   7   5     0  29.8  24.6     T     0     0
  2012   7   6     0  28.6  24.0   5.2     0     0
  2012   7   7     0  29.5  23.6   7.9     0     0
  2012   7   8     0  29.3  23.8   5.8     0     0
  2012   7   9     0  33.7  23.4  11.2     0     0
  2012   7  10     0  34.2  23.5  26.4     0     0
  2012   7  11     0  33.3  24.5   6.7     0     0
  2012   7  12     0  34.6  24.8   0.0     0     0
  2012   7  13     0  31.0  22.9  11.5     0     0
  2012   7  14     0  33.2  22.7  11.2     0     0
  2012   7  15     0  33.5  23.3  28.7     0     0
  2012   7  16     0  31.8  23.0  12.1     0     0
  2012   7  17     0  33.3  24.5   1.5     0     0
  2012   7  18     0  33.5  23.5   0.5     0     0
  2012   7  19     0  29.2  22.0  32.8     0     0
  2012   7  20     0  28.2  23.5   2.0     0     0
  2012   7  21     0  34.5  23.3  19.6     0     0
  2012   7  22     0  29.8  23.8   3.0     0     0
  2012   7  23     0  29.6  23.7  12.0     0     0
  2012   7  24     0  29.0  24.5   4.4     0     0
  2012   7  25     0  30.7  23.6  34.5     0     0
  2012   7  26     0  35.5  23.3   1.0     0     0
  2012   7  27     0  34.0  23.5  15.6     0     0
  2012   7  28     0  31.7  23.7   7.7     0     0
  2012   7  29     0  33.8  23.6  12.4     0     0
  2012   7  30     0  32.7  24.0  17.3     0     0
  2012   7  31     0  33.3  22.0  41.4     0     0
  2012   8   1     0  32.0  23.0   6.3     0     0
  2012   8   2     0  34.0  24.5   0.0     0     0
  2012   8   3     0  29.5  24.2  21.4     0     0
  2012   8   4     0  30.8  22.7   1.0     0     0
  2012   8   5     0  34.1  23.8   0.9     0     0
  2012   8   6     0  33.5  23.2   0.6     0     0
  2012   8   7     0  34.6  24.0   0.0     0     0
  2012   8   8     0  30.5  24.0  10.1     0     0
  2012   8   9     0  33.2  22.5  41.3     0     0
  2012   8  10     0  33.6  22.5   8.8     0     0
  2012   8  11     0  33.0  23.5   1.8     0     0
  2012   8  12     0  32.8  24.1   0.0     0     0
  2012   8  13     0  32.5  23.8  37.0     0     0
  2012   8  14     0  34.0  23.5     T     0     0
  2012   8  15     0  35.6  23.0   0.0     0     0
  2012   8  16     0  34.3  23.0   6.0     0     0
  2012   8  17     0  34.7  23.5   0.0     0     0
  2012   8  18     0  34.3  23.3  10.8     0     0
  2012   8  19     0  32.8  24.5   6.9     0     0
  2012   8  20     0  29.3  24.8   3.9     0     0
  2012   8  21     0  34.0  24.0   0.2     0     0
  2012   8  22     0  32.7  24.3  21.6     0     0
  2012   8  23     0  30.5  23.5  41.0     0     0
  2012   8  24     0  33.0  23.7   1.8     0     0
  2012   8  25     0  32.0  23.8   1.9     0     0
  2012   8  26     0  32.7  25.0  14.4     0     0
  2012   8  27     0  34.2  23.0   0.0     0     0
  2012   8  28     0  33.8  19.0  19.9     0     0
  2012   8  29     0  34.2  20.0   0.1     0     0
  2012   8  30     0  31.7  18.0  42.2     0     0
  2012   8  31     0  34.0  18.8   6.5     0     0
  2012   9   1     0  33.4  18.8   1.0     0     0
  2012   9   2     0  30.6  17.0  38.5     0     0
  2012   9   3     0  31.8  18.2   0.0     0     0
  2012   9   4     0  33.7  17.5  40.6     0     0
  2012   9   5     0  34.0  18.0   0.3     0     0
  2012   9   6     0  34.0  18.5  10.6     0     0
  2012   9   7     0  31.8  18.5   0.4     0     0
  2012   9   8     0  35.0  19.5   5.0     0     0
  2012   9   9     0  34.8  18.3   0.0     0     0
  2012   9  10     0  33.2  17.8   2.5     0     0
  2012   9  11     0  33.5  21.0   4.9     0     0
  2012   9  12     0  33.7  19.0   5.6     0     0
  2012   9  13     0  31.8  19.5   2.0     0     0
  2012   9  14     0  31.1  19.0  20.1     0     0
  2012   9  15     0  29.6  18.8  33.3     0     0
  2012   9  16     0  31.5  18.5   5.5     0     0
  2012   9  17     0  31.2  19.0  12.7     0     0
  2012   9  18     0  28.5  17.5  16.5     0     0
  2012   9  19     0  32.3  16.0   0.2     0     0
  2012   9  20     0  33.5  18.5   0.0     0     0
  2012   9  21     0  33.7  19.0   0.0     0     0
  2012   9  22     0  33.2  17.5   0.0     0     0
  2012   9  23     0  31.8  19.0   0.0     0     0
  2012   9  24     0  31.8  17.0   0.0     0     0
  2012   9  25     0  31.7  16.0   0.0     0     0
  2012   9  26     0  32.0  16.2   0.0     0     0
  2012   9  27     0  32.7  16.5   0.0     0     0
  2012   9  28     0  33.0  17.5   0.0     0     0
  2012   9  29     0  34.7  17.4   0.0     0     0
  2012   9  30     0  33.8  18.5   0.0     0     0
  2012  10   1     0  34.5  17.4   0.0     0     0
  2012  10   2     0  32.3  17.2   0.0     0     0
  2012  10   3     0  31.5  17.8   0.0     0     0
  2012  10   4     0  31.7  17.6   0.0     0     0
  2012  10   5     0  31.8  14.5   0.0     0     0
  2012  10   6     0  32.8  13.1   0.0     0     0
  2012  10   7     0  31.7  14.2   0.0     0     0
  2012  10   8     0  31.7  12.0   0.0     0     0
  2012  10   9     0  31.3  19.5   0.0     0     0
  2012  10  10     0  30.5  14.0   0.0     0     0
  2012  10  11     0  30.5  12.1   0.0     0     0
  2012  10  12     0  30.5  11.5   0.0     0     0
  2012  10  13     0  30.6  11.4   0.0     0     0
  2012  10  14     0  30.9  11.5   0.0     0     0
  2012  10  15     0  30.0  12.4   0.0     0     0
  2012  10  16     0  30.3  12.4   0.0     0     0
  2012  10  17     0  29.8   9.6     T     0     0
  2012  10  18     0  30.0  10.4   0.0     0     0
  2012  10  19     0  29.5   9.8   0.0     0     0
  2012  10  20     0  29.9   9.9   0.0     0     0
  2012  10  21     0  29.7   8.8   0.0     0     0
  2012  10  22     0  29.8   8.7   0.0     0     0
  2012  10  23     0  29.5   9.0   0.0     0     0
  2012  10  24     0  27.3  11.0   0.0     0     0
  2012  10  25     0  27.0   6.5   0.0     0     0
  2012  10  26     0  26.6   6.2   0.0     0     0
  2012  10  27     0  27.0   6.8   0.0     0     0
  2012  10  28     0  28.7   7.2   0.0     0     0
  2012  10  29     0  29.0   7.0   0.0     0     0
  2012  10  30     0  29.7   7.0   0.0     0     0
  2012  10  31     0  31.5   6.8   0.0     0     0
  2012  11   1     0  30.6   6.5   0.0     0     0
  2012  11   2     0  30.5   6.7   0.0     0     0
  2012  11   3     0  28.0   7.5   0.0     0     0
  2012  11   4     0  28.9   8.0   0.0     0     0
  2012  11   5     0  27.8   7.4   0.0     0     0
  2012  11   6     0  28.4   6.9   0.0     0     0
  2012  11   7     0  28.1   6.8   0.0     0     0
  2012  11   8     0  28.2   6.0   0.0     0     0
  2012  11   9     0  26.6   5.6   0.0     0     0
  2012  11  10     0  27.4   5.8   0.0     0     0
  2012  11  11     0  26.9   5.4   0.0     0     0
  2012  11  12     0  26.2   5.3   0.0     0     0
  2012  11  13     0  27.2   4.5   0.0     0     0
  2012  11  14     0  26.0   4.4   0.0     0     0
  2012  11  15     0  26.8   3.8   0.0     0     0
  2012  11  16     0  26.8   4.7   0.0     0     0
  2012  11  17     0  27.8   4.6   0.0     0     0
  2012  11  18     0  28.0   5.0   0.0     0     0
  2012  11  19     0  27.1   4.2   0.0     0     0
  2012  11  20     0  27.6   4.0   0.0     0     0
  2012  11  21     0  27.4   4.2   0.0     0     0
  2012  11  22     0  25.6   3.5   0.0     0     0
  2012  11  23     0  25.2   4.0   0.0     0     0
  2012  11  24     0  25.3   4.3   0.0     0     0
  2012  11  25     0  27.2   2.5   0.0     0     0
  2012  11  26     0  26.1   2.5   0.0     0     0
  2012  11  27     0  25.3   5.5   0.0     0     0
  2012  11  28     0  24.0   6.2   0.0     0     0
  2012  11  29     0  24.0   5.2   0.0     0     0
  2012  11  30     0  25.2  10.5   0.0     0     0
  2012  12   1     0  24.7   6.0   0.0     0     0
  2012  12   2     0  25.1   6.0   0.0     0     0
  2012  12   3     0  25.1   5.6   0.0     0     0
  2012  12   4     0  25.6   4.8   0.0     0     0
  2012  12   5     0  26.1   5.0   0.0     0     0
  2012  12   6     0  25.2   4.7   0.0     0     0
  2012  12   7     0  26.2   5.5   0.0     0     0
  2012  12   8     0  23.8   7.5   0.0     0     0
  2012  12   9     0  25.4   7.4   0.0     0     0
  2012  12  10     0  25.5   6.0   0.0     0     0
  2012  12  11     0  20.2   6.1   0.0     0     0
  2012  12  12     0  25.0   7.4   0.5     0     0
  2012  12  13     0  25.0   9.5   0.0     0     0
  2012  12  14     0  23.0   9.3     T     0     0
  2012  12  15     0  22.7   5.6   0.0     0     0
  2012  12  16     0  24.7   7.4   0.0     0     0
  2012  12  17     0  26.2   5.5   0.0     0     0
  2012  12  18     0  25.8   5.9   0.0     0     0
  2012  12  19     0  25.2   5.3   0.0     0     0
  2012  12  20     0  23.6   3.5   0.0     0     0
  2012  12  21     0  21.9   3.3   0.0     0     0
  2012  12  22     0  19.8   6.4   0.0     0     0
  2012  12  23     0  21.4   4.0   0.0     0     0
  2012  12  24     0  23.9   3.8   0.0     0     0
  2012  12  25     0  23.2   3.2   0.0     0     0
  2012  12  26     0  22.6   2.4   0.0     0     0
  2012  12  27     0  22.9   2.0   0.0     0     0
  2012  12  28     0  22.7   3.4   0.0     0     0
  2012  12  29     0  23.2   3.9   0.0     0     0
  2012  12  30     0  20.6   3.0   0.0     0     0
  2012  12  31     0  24.9   3.2   0.0     0     0
