  2013   1   1     0  23.9   1.8   0.0     0     0
  2013   1   2     0  23.8   3.5   0.0     0     0
  2013   1   3     0  23.5   2.9   0.0     0     0
  2013   1   4     0  21.0   3.9   0.0     0     0
  2013   1   5     0  21.2   1.8   0.0     0     0
  2013   1   6     0  21.0   1.4   0.0     0     0
  2013   1   7     0  21.4   1.3   0.0     0     0
  2013   1   8     0  20.3  -0.6   0.0     0     0
  2013   1   9     0  20.4  -0.7   0.0     0     0
  2013   1  10     0  21.0   0.3   0.0     0     0
  2013   1  11     0  21.6   1.1   0.0     0     0
  2013   1  12     0  21.6   2.4   0.0     0     0
  2013   1  13     0  23.5   3.4   0.0     0     0
  2013   1  14     0  23.4   4.4   0.0     0     0
  2013   1  15     0  24.5   3.5   0.0     0     0
  2013   1  16     0  24.6   4.5   0.0     0     0
  2013   1  17     0  26.7   9.2   0.0     0     0
  2013   1  18     0  18.0  12.0  15.4     0     0
  2013   1  19     0  22.2   9.6   0.0     0     0
  2013   1  20     0  21.8   6.3   0.0     0     0
  2013   1  21     0  23.8   4.4   0.0     0     0
  2013   1  22     0  22.5   4.2   0.0     0     0
  2013   1  23     0  23.0   3.9   0.0     0     0
  2013   1  24     0  22.0   3.2   0.0     0     0
  2013   1  25     0  23.4   2.8   0.0     0     0
  2013   1  26     0  22.3   3.2   0.0     0     0
  2013   1  27     0  24.3   3.9   0.0     0     0
  2013   1  28     0  23.5   5.9   0.0     0     0
  2013   1  29     0  26.0   5.5   0.0     0     0
  2013   1  30     0  24.7   5.9   0.0     0     0
  2013   1  31     0  26.4   7.0   0.0     0     0
  2013   2   1     0  24.6   7.0   0.0     0     0
  2013   2   2     0  22.6   8.7   0.0     0     0
  2013   2   3     0  25.5   6.5   0.0     0     0
  2013   2   4     0  23.2   9.0   0.0     0     0
  2013   2   5     0  21.1  12.5  16.9     0     0
  2013   2   6     0  21.2  11.0  36.6     0     0
  2013   2   7     0  21.8   9.1   3.5     0     0
  2013   2   8     0  23.3   9.0   0.0     0     0
  2013   2   9     0  24.9   6.9   0.0     0     0
  2013   2  10     0  24.9   8.5   0.0     0     0
  2013   2  11     0  26.0   8.0   0.0     0     0
  2013   2  12     0  25.0   8.5   0.0     0     0
  2013   2  13     0  26.4   8.0   0.0     0     0
  2013   2  14     0  26.7   6.5   0.0     0     0
  2013   2  15     0  20.1   8.5   0.0     0     0
  2013   2  16     0  16.9   9.0   0.0     0     0
  2013   2  17     0  15.2  10.0  91.6     0     0
  2013   2  18     0  21.9   5.0   6.9     0     0
  2013   2  19     0  22.3   7.0   0.0     0     0
  2013   2  20     0  24.3   9.6   0.0     0     0
  2013   2  21     0  26.2   9.0   0.0     0     0
  2013   2  22     0  27.7   9.3   0.0     0     0
  2013   2  23     0  23.3  10.0   0.0     0     0
  2013   2  24     0  24.0  11.0   0.0     0     0
  2013   2  25     0  27.4   9.4   0.0     0     0
  2013   2  26     0  28.3   9.9   0.0     0     0
  2013   2  27     0  25.7   9.7   0.0     0     0
  2013   2  28     0  28.1   9.3   0.0     0     0
  2013   3   1     0  30.5   9.4   0.0     0     0
  2013   3   2     0  29.4   9.5   0.0     0     0
  2013   3   3     0  30.6  11.5   0.0     0     0
  2013   3   4     0  32.2  12.3   0.0     0     0
  2013   3   5     0  28.7  13.0   0.0     0     0
  2013   3   6     0  29.1  12.9   0.0     0     0
  2013   3   7     0  29.3  12.3   0.0     0     0
  2013   3   8     0  29.3  12.3   0.0     0     0
  2013   3   9     0  29.0  13.4   0.0     0     0
  2013   3  10     0  29.3  12.8   0.0     0     0
  2013   3  11     0  31.2  13.4   0.0     0     0
  2013   3  12     0  31.5  11.4   0.0     0     0
  2013   3  13     0  30.4  12.9   0.0     0     0
  2013   3  14     0  29.3  12.2   0.0     0     0
  2013   3  15     0  31.2  13.7     T     0     0
  2013   3  16     0  30.6  12.3   0.0     0     0
  2013   3  17     0  30.3  12.8   0.0     0     0
  2013   3  18     0  28.9   9.5   0.0     0     0
  2013   3  19     0  31.0  11.3   0.0     0     0
  2013   3  20     0  29.9  14.2   0.0     0     0
  2013   3  21     0  30.0  15.0   0.0     0     0
  2013   3  22     0  31.2  12.3   1.7     0     0
  2013   3  23     0  34.2  15.8   0.0     0     0
  2013   3  24     0  30.6  14.4   0.0     0     0
  2013   3  25     0  33.8  12.4   0.0     0     0
  2013   3  26     0  34.2  11.2   0.0     0     0
  2013   3  27     0  34.3  13.5   0.0     0     0
  2013   3  28     0  32.7  17.2   0.0     0     0
  2013   3  29     0  31.7  13.7   0.0     0     0
  2013   3  30     0  31.2  13.5   0.0     0     0
  2013   3  31     0  31.7  13.7   0.0     0     0
  2013   4   1     0  33.7  14.3   0.0     0     0
  2013   4   2     0  33.5  15.0   0.0     0     0
  2013   4   3     0  33.5  17.4   0.0     0     0
  2013   4   4     0  33.0  12.7     T     0     0
  2013   4   5     0  34.2  12.8   0.0     0     0
  2013   4   6     0  35.1  12.5   0.0     0     0
  2013   4   7     0  36.7  13.8   0.0     0     0
  2013   4   8     0  39.0  15.8   0.0     0     0
  2013   4   9     0  36.4  17.9   0.0     0     0
  2013   4  10     0  37.1  19.3   0.0     0     0
  2013   4  11     0  37.2  16.0   0.0     0     0
  2013   4  12     0  38.3  16.5   0.0     0     0
  2013   4  13     0  35.7  16.7   0.0     0     0
  2013   4  14     0  32.7  17.1   0.0     0     0
  2013   4  15     0  34.2  14.4     T     0     0
  2013   4  16     0  35.4  17.2   0.0     0     0
  2013   4  17     0  35.5  17.0   1.0     0     0
  2013   4  18     0  34.5  17.7   0.0     0     0
  2013   4  19     0  33.9  17.9   0.0     0     0
  2013   4  20     0  33.9  16.4   0.0     0     0
  2013   4  21     0  26.2  16.4   7.0     0     0
  2013   4  22     0  34.5  15.5   0.0     0     0
  2013   4  23     0  32.0  17.3   0.0     0     0
  2013   4  24     0  34.5  17.2     T     0     0
  2013   4  25     0  34.7  18.5     T     0     0
  2013   4  26     0  36.8  19.9   0.0     0     0
  2013   4  27     0  36.4  17.6   0.0     0     0
  2013   4  28     0  37.5  18.7   0.0     0     0
  2013   4  29     0  36.7  19.3   0.0     0     0
  2013   4  30     0  39.0  19.7   0.0     0     0
  2013   5   1     0  39.2  21.0   0.0     0     0
  2013   5   2     0  37.9  19.1   0.0     0     0
  2013   5   3     0  37.7  16.3   0.0     0     0
  2013   5   4     0  38.3  17.0   0.0     0     0
  2013   5   5     0  38.7  18.3   0.0     0     0
  2013   5   6     0  36.7  19.0   0.0     0     0
  2013   5   7     0  35.0  20.5   0.0     0     0
  2013   5   8     0  36.7  20.9   0.0     0     0
  2013   5   9     0  37.7  21.8   0.0     0     0
  2013   5  10     0  38.7  19.7   0.0     0     0
  2013   5  11     0  40.5  21.5   0.0     0     0
  2013   5  12     0  38.2  22.8   0.0     0     0
  2013   5  13     0  37.7  17.4   1.3     0     0
  2013   5  14     0  36.2  19.5   0.0     0     0
  2013   5  15     0  39.0  20.7   0.0     0     0
  2013   5  16     0  36.2  21.2   0.0     0     0
  2013   5  17     0  36.2  20.4   0.0     0     0
  2013   5  18     0  38.2  21.4   0.0     0     0
  2013   5  19     0  36.8  25.0   0.0     0     0
  2013   5  20     0  37.6  25.0   0.0     0     0
  2013   5  21     0  38.1  24.5   0.0     0     0
  2013   5  22     0  36.7  26.3   0.7     0     0
  2013   5  23     0  37.2  22.7   0.5     0     0
  2013   5  24     0  34.4  21.4   9.9     0     0
  2013   5  25     0  35.6  26.0     T     0     0
  2013   5  26     0  36.2  23.9  18.1     0     0
  2013   5  27     0  38.2  24.9     T     0     0
  2013   5  28     0  36.3  19.0  50.2     0     0
  2013   5  29     0  35.8  23.4   0.0     0     0
  2013   5  30     0  35.0  18.4   0.3     0     0
  2013   5  31     0  31.5  21.7   0.0     0     0
  2013   6   1     0  28.3  20.6  10.4     0     0
  2013   6   2     0  34.6  22.0     T     0     0
  2013   6   3     0  31.4  23.0   0.0     0     0
  2013   6   4     0  34.5  22.9     T     0     0
  2013   6   5     0  32.5  22.7  27.0     0     0
  2013   6   6     0  32.1  23.6  12.0     0     0
  2013   6   7     0  33.5  21.8   3.3     0     0
  2013   6   8     0  33.5  20.5  39.7     0     0
  2013   6   9     0  32.5  23.0   9.2     0     0
  2013   6  10     0  34.6  25.8   1.8     0     0
  2013   6  11     0  28.7  21.5  41.6     0     0
  2013   6  12     0  35.7  23.1   0.2     0     0
  2013   6  13     0  34.5  22.0  11.1     0     0
  2013   6  14     0  35.7  23.7   0.0     0     0
  2013   6  15     0  30.5  23.3   2.7     0     0
  2013   6  16     0  28.9  24.0   1.8     0     0
  2013   6  17     0  24.5  21.4  60.1     0     0
  2013   6  18     0  24.5  20.5  98.7     0     0
  2013   6  19     0  32.3  21.0  36.2     0     0
  2013   6  20     0  31.8  22.4   8.6     0     0
  2013   6  21     0  33.3  23.5     T     0     0
  2013   6  22     0  28.0  23.4  13.9     0     0
  2013   6  23     0  33.5  23.4  12.7     0     0
  2013   6  24     0  31.8  24.3   0.0     0     0
  2013   6  25     0  33.9  24.5     T     0     0
  2013   6  26     0  34.5  23.4   2.4     0     0
  2013   6  27     0  31.6  23.2  49.5     0     0
  2013   6  28     0  29.3  22.5  22.2     0     0
  2013   6  29     0  29.6  23.7   1.0     0     0
  2013   6  30     0  30.5  23.5   2.6     0     0
  2013   7   1     0  33.6  23.8   7.8     0     0
  2013   7   2     0  31.7  24.4   0.3     0     0
  2013   7   3     0  34.6  23.7   1.1     0     0
  2013   7   4     0  31.2  23.9  12.4     0     0
  2013   7   5     0  29.2  23.0  33.2     0     0
  2013   7   6     0  31.0  22.3  41.9     0     0
  2013   7   7     0  30.2  24.2   0.9     0     0
  2013   7   8     0  29.5  23.2   4.2     0     0
  2013   7   9     0  30.6  22.8  54.9     0     0
  2013   7  10     0  31.9  23.5   9.1     0     0
  2013   7  11     0  31.3  22.8  46.4     0     0
  2013   7  12     0  33.7  23.3   6.7     0     0
  2013   7  13     0  33.0  22.5   3.8     0     0
  2013   7  14     0  32.6  24.4  61.1     0     0
  2013   7  15     0  33.7  23.9   6.8     0     0
  2013   7  16     0  34.4  23.6  13.9     0     0
  2013   7  17     0  31.2  24.3  29.9     0     0
  2013   7  18     0  31.7  23.8   1.8     0     0
  2013   7  19     0  27.3  23.4  52.1     0     0
  2013   7  20     0  30.7  23.3  62.4     0     0
  2013   7  21     0  33.9  22.5  65.2     0     0
  2013   7  22     0  31.1  23.5  13.2     0     0
  2013   7  23     0  34.8  23.8   0.0     0     0
  2013   7  24     0  35.0  24.0   8.8     0     0
  2013   7  25     0  31.9  23.9  27.0     0     0
  2013   7  26     0  32.2  23.2  36.1     0     0
  2013   7  27     0  33.2  23.3   9.0     0     0
  2013   7  28     0  34.0  24.0   5.3     0     0
  2013   7  29     0  32.2  24.7  38.0     0     0
  2013   7  30     0  34.7  24.0   1.0     0     0
  2013   7  31     0  33.0  24.5  36.2     0     0
  2013   8   1     0  31.6  24.6     T     0     0
  2013   8   2     0  33.8  24.5   0.8     0     0
  2013   8   3     0  33.8  24.4  12.9     0     0
  2013   8   4     0  33.4  23.8  20.0     0     0
  2013   8   5     0  35.4  23.7   1.6     0     0
  2013   8   6     0  32.6  22.3  26.9     0     0
  2013   8   7     0  32.4  23.0  44.5     0     0
  2013   8   8     0  32.0  23.4   9.8     0     0
  2013   8   9     0  32.0  22.7  19.7     0     0
  2013   8  10     0  31.9  24.0   2.4     0     0
  2013   8  11     0  30.7  23.0  26.9     0     0
  2013   8  12     0  30.6  23.5   6.8     0     0
  2013   8  13     0  34.4  23.5   7.9     0     0
  2013   8  14     0  33.4  22.5  26.1     0     0
  2013   8  15     0  33.0  22.7   6.9     0     0
  2013   8  16     0  33.2  22.7   2.8     0     0
  2013   8  17     0  31.9  22.2   4.5     0     0
  2013   8  18     0  32.5  23.3  12.5     0     0
  2013   8  19     0  33.6  23.0   8.4     0     0
  2013   8  20     0  33.5  22.8   6.3     0     0
  2013   8  21     0  34.4  23.8   1.1     0     0
  2013   8  22     0  33.3  22.9   0.6     0     0
  2013   8  23     0  34.1  21.8  21.4     0     0
  2013   8  24     0  34.5  24.6   0.0     0     0
  2013   8  25     0  32.2  23.9  10.2     0     0
  2013   8  26     0  31.3  24.3   4.9     0     0
  2013   8  27     0  30.0  21.3  72.3     0     0
  2013   8  28     0  29.4  21.6  10.9     0     0
  2013   8  29     0  32.6  22.1   6.2     0     0
  2013   8  30     0  30.4  22.3  27.6     0     0
  2013   8  31     0  32.2  22.8     T     0     0
  2013   9   1     0  32.6  23.2     T     0     0
  2013   9   2     0  33.3  23.0   0.0     0     0
  2013   9   3     0  32.0  23.0  30.0     0     0
  2013   9   4     0  31.7  22.3   1.7     0     0
  2013   9   5     0  33.0  21.8   0.0     0     0
  2013   9   6     0  33.0  22.0   1.5     0     0
  2013   9   7     0  32.2  21.6   0.0     0     0
  2013   9   8     0  33.5  21.8   0.0     0     0
  2013   9   9     0  33.5  20.0   8.0     0     0
  2013   9  10     0  33.5  21.5   2.3     0     0
  2013   9  11     0  32.7  22.2   0.2     0     0
  2013   9  12     0  32.9  22.5   4.3     0     0
  2013   9  13     0  33.6  21.6     T     0     0
  2013   9  14     0  34.8  22.3   0.0     0     0
  2013   9  15     0  31.2  22.1   0.0     0     0
  2013   9  16     0  34.2  20.2     T     0     0
  2013   9  17     0  34.8  19.8     T     0     0
  2013   9  18     0  34.5  20.8   0.0     0     0
  2013   9  19     0  35.6  21.7   0.0     0     0
  2013   9  20     0  29.0  22.7   4.2     0     0
  2013   9  21     0  33.3  22.2   3.0     0     0
  2013   9  22     0  35.4  22.6   6.6     0     0
  2013   9  23     0  33.5  22.5   0.0     0     0
  2013   9  24     0  34.7  22.4   0.0     0     0
  2013   9  25     0  35.6  21.5     T     0     0
  2013   9  26     0  32.9  20.9  36.2     0     0
  2013   9  27     0  32.7  22.2   0.0     0     0
  2013   9  28     0  33.0  22.3   1.8     0     0
  2013   9  29     0  34.3  19.4  38.2     0     0
  2013   9  30     0  28.3  21.0  50.8     0     0
  2013  10   1     0  32.3  20.7   0.0     0     0
  2013  10   2     0  31.6  21.5   3.9     0     0
  2013  10   3     0  24.8  20.2  11.2     0     0
  2013  10   4     0  28.7  19.6  28.0     0     0
  2013  10   5     0  30.3  20.4   0.2     0     0
  2013  10   6     0  28.9  20.5  43.0     0     0
  2013  10   7     0  31.5  20.2   0.1     0     0
  2013  10   8     0  32.5  21.5   0.0     0     0
  2013  10   9     0  31.7  20.5   0.0     0     0
  2013  10  10     0  33.2  21.5   0.0     0     0
  2013  10  11     0  27.3  21.8   5.0     0     0
  2013  10  12     0  31.0  18.4   0.1     0     0
  2013  10  13     0  31.7  18.0   0.0     0     0
  2013  10  14     0  29.5  21.0   0.0     0     0
  2013  10  15     0  26.2  21.3   1.6     0     0
  2013  10  16     0  27.7  20.2   1.0     0     0
  2013  10  17     0  31.7  19.4     T     0     0
  2013  10  18     0  30.5  18.0   0.0     0     0
  2013  10  19     0  30.5  18.5   0.0     0     0
  2013  10  20     0  29.5  15.5     T     0     0
  2013  10  21     0  29.0  13.5   0.0     0     0
  2013  10  22     0  29.3  14.7   0.0     0     0
  2013  10  23     0  29.3  14.7   0.0     0     0
  2013  10  24     0  28.8  15.5   0.0     0     0
  2013  10  25     0  29.3  15.3   0.0     0     0
  2013  10  26     0  29.3  16.8   0.0     0     0
  2013  10  27     0  27.9  14.2   0.0     0     0
  2013  10  28     0  27.7  14.0   0.0     0     0
  2013  10  29     0  27.7  12.6   0.0     0     0
  2013  10  30     0  27.6  12.8   0.0     0     0
  2013  10  31     0  27.9  12.8   0.0     0     0
  2013  11   1     0  27.1  12.8   0.0     0     0
  2013  11   2     0  29.0  12.0   0.0     0     0
  2013  11   3     0  26.5   9.0   0.0     0     0
  2013  11   4     0  25.9  10.4   0.0     0     0
  2013  11   5     0  27.3  10.5   0.0     0     0
  2013  11   6     0  27.0  11.0   0.0     0     0
  2013  11   7     0  27.3  11.6   0.0     0     0
  2013  11   8     0  25.3  14.0     T     0     0
  2013  11   9     0  25.2  10.7   3.9     0     0
  2013  11  10     0  25.3   9.8   0.0     0     0
  2013  11  11     0  26.1   9.5   0.0     0     0
  2013  11  12     0  26.0   9.5   0.0     0     0
  2013  11  13     0  24.9   9.0   0.0     0     0
  2013  11  14     0  26.1   8.5   0.0     0     0
  2013  11  15     0  25.8   9.0   0.0     0     0
  2013  11  16     0  26.5   8.5   0.0     0     0
  2013  11  17     0  25.7   7.7   0.0     0     0
  2013  11  18     0  26.3   7.6   0.0     0     0
  2013  11  19     0  25.4   7.9   0.0     0     0
  2013  11  20     0  25.4   8.6   0.0     0     0
  2013  11  21     0  24.5   9.4   0.0     0     0
  2013  11  22     0  25.3   9.2   0.0     0     0
  2013  11  23     0  24.8   8.5   0.0     0     0
  2013  11  24     0  25.3   9.5   0.0     0     0
  2013  11  25     0  24.7   8.6   0.0     0     0
  2013  11  26     0  23.2  10.0   0.0     0     0
  2013  11  27     0  24.7   9.9   0.0     0     0
  2013  11  28     0  25.2   8.8   0.0     0     0
  2013  11  29     0  25.1   8.5   0.0     0     0
  2013  11  30     0  25.2   7.8   0.0     0     0
  2013  12   1     0  24.2   8.4   0.0     0     0
  2013  12   2     0  24.6   7.8   0.0     0     0
  2013  12   3     0  24.5   7.8   0.0     0     0
  2013  12   4     0  24.7   7.2   0.0     0     0
  2013  12   5     0  24.7   6.6   0.0     0     0
  2013  12   6     0  24.2   6.8   0.0     0     0
  2013  12   7     0  24.4   6.6   0.0     0     0
  2013  12   8     0  25.0   7.5   0.0     0     0
  2013  12   9     0  25.0   7.5   0.0     0     0
  2013  12  10     0  23.6   7.0   0.0     0     0
  2013  12  11     0  24.0   6.7   0.0     0     0
  2013  12  12     0  23.2   5.7   0.0     0     0
  2013  12  13     0  21.6   5.7   0.0     0     0
  2013  12  14     0  18.5   9.5   0.0     0     0
  2013  12  15     0  20.0   6.0   0.0     0     0
  2013  12  16     0  21.5   5.4   0.0     0     0
  2013  12  17     0  21.8   4.8   0.0     0     0
  2013  12  18     0  21.0   4.7   0.0     0     0
  2013  12  19     0  20.5   4.5   0.0     0     0
  2013  12  20     0  20.3   3.8   0.0     0     0
  2013  12  21     0  21.3   3.6   0.0     0     0
  2013  12  22     0  21.4   4.4   0.0     0     0
  2013  12  23     0  22.6   4.3   0.0     0     0
  2013  12  24     0  21.7   4.0   0.0     0     0
  2013  12  25     0  22.6   2.8   0.0     0     0
  2013  12  26     0  23.2   3.4   0.0     0     0
  2013  12  27     0  22.3   1.2   0.0     0     0
  2013  12  28     0  23.2   4.5   0.0     0     0
  2013  12  29     0  22.4   3.5   0.0     0     0
  2013  12  30     0  22.7   2.6   0.0     0     0
  2013  12  31     0  13.6   8.3   3.0     0     0
