  1985   1   1     0  16.2   9.8   5.0     0     0
  1985   1   2     0  19.2   9.0   8.5     0     0
  1985   1   3     0  17.5   5.5   0.0     0     0
  1985   1   4     0  17.3   5.0   0.0     0     0
  1985   1   5     0  16.0   9.8   0.3     0     0
  1985   1   6     0  17.4   8.0   0.0     0     0
  1985   1   7     0  13.0   4.5   0.0     0     0
  1985   1   8     0  18.2   4.0   0.0     0     0
  1985   1   9     0  19.2   5.0   0.0     0     0
  1985   1  10     0  20.4   3.0   0.0     0     0
  1985   1  11     0  20.6   3.8   0.0     0     0
  1985   1  12     0  20.0   3.0   0.0     0     0
  1985   1  13     0  19.6   2.5   0.0     0     0
  1985   1  14     0  19.4   2.8   0.0     0     0
  1985   1  15     0  18.0   3.0   0.0     0     0
  1985   1  16     0  21.0   3.0   0.0     0     0
  1985   1  17     0  20.0   4.2   0.0     0     0
  1985   1  18     0  17.2   6.7   0.0     0     0
  1985   1  19     0  15.2   8.0   0.0     0     0
  1985   1  20     0  21.0   9.0   1.0     0     0
  1985   1  21     0  19.4   6.5   0.0     0     0
  1985   1  22     0  20.2  10.2   1.5     0     0
  1985   1  23     0  20.4   7.5   0.0     0     0
  1985   1  24     0  20.6   6.0   0.0     0     0
  1985   1  25     0  21.6   6.8   0.0     0     0
  1985   1  26     0  21.0   7.5   0.0     0     0
  1985   1  27     0  21.5   7.8   0.0     0     0
  1985   1  28     0  20.2   6.8   0.0     0     0
  1985   1  29     0  21.4   9.2   0.0     0     0
  1985   1  30     0  22.0   7.0   0.0     0     0
  1985   1  31     0  22.0   6.8   0.0     0     0
  1985   2   1     0  21.0   9.5   0.0     0     0
  1985   2   2     0  21.8   6.0   0.0     0     0
  1985   2   3     0  20.6   5.5   0.0     0     0
  1985   2   4     0  20.6   6.0   0.0     0     0
  1985   2   5     0  20.6   8.2   1.0     0     0
  1985   2   6     0  19.4   6.5   2.5     0     0
  1985   2   7     0  21.2   5.2   0.0     0     0
  1985   2   8     0  22.0   6.0   0.0     0     0
  1985   2   9     0  22.1   5.5   0.0     0     0
  1985   2  10     0  22.0   5.0   0.0     0     0
  1985   2  11     0  21.8   5.0   0.0     0     0
  1985   2  12     0  22.0   5.8   0.0     0     0
  1985   2  13     0  21.7   6.0   0.0     0     0
  1985   2  14     0  22.2   6.5   0.0     0     0
  1985   2  15     0  22.0   6.9   0.0     0     0
  1985   2  16     0  22.3   5.5   0.0     0     0
  1985   2  17     0  22.6   7.0   0.0     0     0
  1985   2  18     0  23.2   7.0   0.0     0     0
  1985   2  19     0  26.6   7.0   0.0     0     0
  1985   2  20     0  25.1   7.8   0.0     0     0
  1985   2  21     0  23.6   7.0   0.0     0     0
  1985   2  22     0  25.1   7.0   0.0     0     0
  1985   2  23     0  24.6   8.0   0.0     0     0
  1985   2  24     0  26.0   8.9   0.0     0     0
  1985   2  25     0  27.2   8.2   0.0     0     0
  1985   2  26     0  25.2   7.8   0.0     0     0
  1985   2  27     0  24.8   8.0   0.0     0     0
  1985   2  28     0  26.5  10.0   0.0     0     0
  1985   3   1     0  27.5  10.0   0.0     0     0
  1985   3   2     0  28.4  10.0   0.0     0     0
  1985   3   3     0  29.2  11.0   0.0     0     0
  1985   3   4     0  29.3  11.5   0.0     0     0
  1985   3   5     0  28.0  15.0   0.0     0     0
  1985   3   6     0  31.2  13.5   0.0     0     0
  1985   3   7     0  31.2  12.0   0.0     0     0
  1985   3   8     0  30.5  10.8   0.0     0     0
  1985   3   9     0  32.0  10.5   0.0     0     0
  1985   3  10     0  31.0  12.0   0.0     0     0
  1985   3  11     0  30.0  10.0   0.0     0     0
  1985   3  12     0  31.0  10.6   0.0     0     0
  1985   3  13     0  31.4  12.0   0.0     0     0
  1985   3  14     0  30.2  11.4   0.0     0     0
  1985   3  15     0  30.0  10.0   0.0     0     0
  1985   3  16     0  31.6  11.0   0.0     0     0
  1985   3  17     0  31.5  13.0   0.0     0     0
  1985   3  18     0  29.2  13.2   0.0     0     0
  1985   3  19     0  27.2  11.4   0.0     0     0
  1985   3  20     0  28.6  12.0   0.0     0     0
  1985   3  21     0  29.0  12.2   0.0     0     0
  1985   3  22     0  29.4  13.0   0.0     0     0
  1985   3  23     0  30.5  13.5   0.0     0     0
  1985   3  24     0  22.0  19.0     T     0     0
  1985   3  25     0  29.4  11.8   1.0     0     0
  1985   3  26     0  30.6  14.0   0.0     0     0
  1985   3  27     0  32.0  16.0   0.0     0     0
  1985   3  28     0  34.4  17.5   0.0     0     0
  1985   3  29     0  33.4  17.0   0.0     0     0
  1985   3  30     0  32.4  18.4   0.0     0     0
  1985   3  31     0  33.6  14.0   0.0     0     0
  1985   4   1     0  30.0  17.5   0.0     0     0
  1985   4   2     0  32.0  15.0   0.0     0     0
  1985   4   3     0  31.0  18.0   0.0     0     0
  1985   4   4     0  31.2  14.2   0.0     0     0
  1985   4   5     0  32.4  15.0   0.0     0     0
  1985   4   6     0  32.5  15.2   0.0     0     0
  1985   4   7     0  31.5  15.9   0.0     0     0
  1985   4   8     0  33.6  15.4   0.0     0     0
  1985   4   9     0  34.0  17.0   0.0     0     0
  1985   4  10     0  28.4  17.0  26.7     0     0
  1985   4  11     0  31.0  16.0   0.0     0     0
  1985   4  12     0  34.0  16.0   0.0     0     0
  1985   4  13     0  35.5  17.2   0.0     0     0
  1985   4  14     0  33.4  19.0   1.4     0     0
  1985   4  15     0  31.4  18.0   6.0     0     0
  1985   4  16     0  33.0  17.5   0.0     0     0
  1985   4  17     0  34.2  18.0   0.0     0     0
  1985   4  18     0  34.6  19.0   0.0     0     0
  1985   4  19     0  34.4  18.2   0.0     0     0
  1985   4  20     0  35.4  19.2   6.0     0     0
  1985   4  21     0  36.2  21.0   0.0     0     0
  1985   4  22     0  37.2  21.5   0.0     0     0
  1985   4  23     0  37.0  20.0   0.0     0     0
  1985   4  24     0  36.8  19.0   0.0     0     0
  1985   4  25     0  35.4  18.6   0.0     0     0
  1985   4  26     0  36.0  18.2   0.0     0     0
  1985   4  27     0  36.2  18.0     T     0     0
  1985   4  28     0  35.0  19.0   0.0     0     0
  1985   4  29     0  34.0  19.0     T     0     0
  1985   4  30     0  33.2  21.0   0.0     0     0
  1985   5   1     0  35.2  19.5     T     0     0
  1985   5   2     0  32.4  20.8     T     0     0
  1985   5   3     0  32.6  21.5   0.5     0     0
  1985   5   4     0  35.2  17.0   0.0     0     0
  1985   5   5     0  35.8  17.0   0.0     0     0
  1985   5   6     0  35.0  18.6   0.0     0     0
  1985   5   7     0  34.4  21.0   0.0     0     0
  1985   5   8     0  34.2  21.0   0.0     0     0
  1985   5   9     0  34.8  22.8   0.0     0     0
  1985   5  10     0  36.2  22.0   0.0     0     0
  1985   5  11     0  30.5  18.0  43.0     0     0
  1985   5  12     0  32.2  18.7   0.0     0     0
  1985   5  13     0  34.2  21.0   0.0     0     0
  1985   5  14     0  35.5  20.0   1.0     0     0
  1985   5  15     0  34.5  17.0   0.6     0     0
  1985   5  16     0  36.2  18.8   0.0     0     0
  1985   5  17     0  36.2  19.8   0.0     0     0
  1985   5  18     0  36.5  21.5   0.0     0     0
  1985   5  19     0  36.4  22.5   0.0     0     0
  1985   5  20     0  36.5  21.7   0.0     0     0
  1985   5  21     0  28.0  21.0  12.5     0     0
  1985   5  22     0  32.8  20.0   2.0     0     0
  1985   5  23     0  34.0  20.2   0.0     0     0
  1985   5  24     0  31.0  24.0   0.0     0     0
  1985   5  25     0  33.6  22.0     T     0     0
  1985   5  26     0  37.5  23.2   0.0     0     0
  1985   5  27     0  37.2  24.0   0.0     0     0
  1985   5  28     0  38.3  22.7   0.0     0     0
  1985   5  29     0  39.4  22.8   0.0     0     0
  1985   5  30     0  39.8  23.0   0.0     0     0
  1985   5  31     0  38.0  25.8   0.0     0     0
  1985   6   1     0  35.0  21.8   3.0     0     0
  1985   6   2     0  37.2  24.0   0.0     0     0
  1985   6   3     0  37.0  24.8   0.0     0     0
  1985   6   4     0  36.5  23.0   0.0     0     0
  1985   6   5     0  36.4  22.0   0.0     0     0
  1985   6   6     0  28.0  19.0  24.3     0     0
  1985   6   7     0  31.2  22.0   0.0     0     0
  1985   6   8     0  29.9  21.0   0.0     0     0
  1985   6   9     0  31.8  19.0     T     0     0
  1985   6  10     0  32.0  20.0  13.3     0     0
  1985   6  11     0  32.8  21.0   0.0     0     0
  1985   6  12     0  32.0  19.0  17.5     0     0
  1985   6  13     0  34.8  22.0   0.0     0     0
  1985   6  14     0  34.4  25.0   0.0     0     0
  1985   6  15     0  35.5  24.0   0.4     0     0
  1985   6  16     0  35.2  21.8   2.5     0     0
  1985   6  17     0  34.8  21.0   0.4     0     0
  1985   6  18     0  36.2  23.7   1.5     0     0
  1985   6  19     0  36.2  24.5   0.0     0     0
  1985   6  20     0  33.0  20.0  17.4     0     0
  1985   6  21     0  33.0  22.0   7.0     0     0
  1985   6  22     0  32.8  22.0   0.0     0     0
  1985   6  23     0  32.2  21.9  16.4     0     0
  1985   6  24     0  34.0  24.9   0.0     0     0
  1985   6  25     0  33.8  25.0   0.0     0     0
  1985   6  26     0  33.0  23.0  45.5     0     0
  1985   6  27     0  24.6  21.8  44.5     0     0
  1985   6  28     0  31.0  22.0  15.4     0     0
  1985   6  29     0  29.4  22.0   1.0     0     0
  1985   6  30     0  31.2  21.0   7.0     0     0
  1985   7   1     0  31.8  23.0   6.0     0     0
  1985   7   2     0  32.0  22.0   1.5     0     0
  1985   7   3     0  32.4  23.8   2.8     0     0
  1985   7   4     0  25.6  22.2  31.5     0     0
  1985   7   5     0  25.7  22.0  95.0     0     0
  1985   7   6     0  27.2  23.0  10.5     0     0
  1985   7   7     0  28.2  22.6  59.8     0     0
  1985   7   8     0  28.8  22.8  17.0     0     0
  1985   7   9     0  29.0  23.0  16.5     0     0
  1985   7  10     0  28.8  23.0  33.3     0     0
  1985   7  11     0  31.0  22.5  20.0     0     0
  1985   7  12     0  30.0  23.0   1.5     0     0
  1985   7  13     0  30.4  23.5     T     0     0
  1985   7  14     0  28.8  22.8  29.7     0     0
  1985   7  15     0  29.8  21.9  67.0     0     0
  1985   7  16     0  30.0  22.0  52.0     0     0
  1985   7  17     0  30.0  22.8  16.5     0     0
  1985   7  18     0  28.0  23.0   0.8     0     0
  1985   7  19     0  28.6  22.0  52.4     0     0
  1985   7  20     0  29.0  22.0  24.5     0     0
  1985   7  21     0  28.8  22.0   1.5     0     0
  1985   7  22     0  30.8  23.0   8.0     0     0
  1985   7  23     0  29.5  23.0   4.5     0     0
  1985   7  24     0  28.5  22.0  37.0     0     0
  1985   7  25     0  29.4  22.0  12.5     0     0
  1985   7  26     0  27.4  22.2   8.4     0     0
  1985   7  27     0  28.7  23.0   0.3     0     0
  1985   7  28     0  30.2  23.5   0.0     0     0
  1985   7  29     0  30.4  23.0  57.1     0     0
  1985   7  30     0  30.4  23.5  12.5     0     0
  1985   7  31     0  32.0  23.5   0.0     0     0
  1985   8   1     0  33.0  22.5  22.0     0     0
  1985   8   2     0  32.0  21.6  15.5     0     0
  1985   8   3     0  31.5  23.2   0.0     0     0
  1985   8   4     0  30.5  23.0   5.0     0     0
  1985   8   5     0  32.0  23.2   0.0     0     0
  1985   8   6     0  30.0  22.5  19.5     0     0
  1985   8   7     0  30.6  22.0  22.0     0     0
  1985   8   8     0  31.0  22.0  27.4     0     0
  1985   8   9     0  30.5  23.0  36.6     0     0
  1985   8  10     0  30.2  23.0  66.3     0     0
  1985   8  11     0  30.4  24.0   5.0     0     0
  1985   8  12     0  32.0  23.0     T     0     0
  1985   8  13     0  32.5  23.4   0.0     0     0
  1985   8  14     0  33.5  24.8   0.0     0     0
  1985   8  15     0  31.2  24.0   6.5     0     0
  1985   8  16     0  31.0  24.0   0.0     0     0
  1985   8  17     0  30.1  24.0   3.0     0     0
  1985   8  18     0  31.3  23.2   8.9     0     0
  1985   8  19     0  28.0  23.0   1.1     0     0
  1985   8  20     0  29.4  23.0  32.1     0     0
  1985   8  21     0  31.0  23.3   6.0     0     0
  1985   8  22     0  26.8  23.0  41.8     0     0
  1985   8  23     0  29.5  22.5 137.7     0     0
  1985   8  24     0  28.0  22.3  27.8     0     0
  1985   8  25     0  30.1  23.0   5.8     0     0
  1985   8  26     0  31.8  22.8  27.8     0     0
  1985   8  27     0  31.0  23.0   0.2     0     0
  1985   8  28     0  31.0  23.0   0.9     0     0
  1985   8  29     0  30.6  23.0   4.0     0     0
  1985   8  30     0  31.6  24.0   0.3     0     0
  1985   8  31     0  31.6  22.2   2.0     0     0
  1985   9   1     0  30.2  22.5  30.7     0     0
  1985   9   2     0  31.0  22.4   0.1     0     0
  1985   9   3     0  30.4  23.5   1.6     0     0
  1985   9   4     0  30.4  23.2  28.8     0     0
  1985   9   5     0  30.5  22.5   0.2     0     0
  1985   9   6     0  30.5  22.2     T     0     0
  1985   9   7     0  32.0  22.0   0.0     0     0
  1985   9   8     0  32.2  21.7   0.0     0     0
  1985   9   9     0  32.0  21.3     T     0     0
  1985   9  10     0  32.0  22.8   0.2     0     0
  1985   9  11     0  28.6  22.0   1.8     0     0
  1985   9  12     0  28.0  21.5  20.5     0     0
  1985   9  13     0  29.9  22.2   0.2     0     0
  1985   9  14     0  27.4  21.0  21.4     0     0
  1985   9  15     0  21.3  20.9  33.8     0     0
  1985   9  16     0  28.8  20.1  14.5     0     0
  1985   9  17     0  26.5  20.2  22.5     0     0
  1985   9  18     0  29.6  20.0   3.5     0     0
  1985   9  19     0  27.8  21.5   5.1     0     0
  1985   9  20     0  29.8  19.9  13.5     0     0
  1985   9  21     0  30.0  20.0  23.6     0     0
  1985   9  22     0  29.2  22.0   0.0     0     0
  1985   9  23     0  29.3  22.2   1.4     0     0
  1985   9  24     0  25.4  19.0  21.0     0     0
  1985   9  25     0  21.4  20.2  10.5     0     0
  1985   9  26     0  27.8  19.0  26.0     0     0
  1985   9  27     0  29.4  20.0     T     0     0
  1985   9  28     0  30.0  19.8   0.0     0     0
  1985   9  29     0  29.5  20.0   0.0     0     0
  1985   9  30     0  29.2  21.0   0.0     0     0
  1985  10   1     0  29.6  18.8   0.0     0     0
  1985  10   2     0  29.3  18.5  24.7     0     0
  1985  10   3     0  30.0  19.2   0.0     0     0
  1985  10   4     0  30.4  21.0   0.0     0     0
  1985  10   5     0  28.0  19.7   0.0     0     0
  1985  10   6     0  20.0  18.8  17.5     0     0
  1985  10   7     0  22.8  18.0   5.0     0     0
  1985  10   8     0  20.6  18.0   3.0     0     0
  1985  10   9     0  19.8  17.0  16.0     0     0
  1985  10  10     0  27.6  17.0  34.0     0     0
  1985  10  11     0  22.4  18.0   0.4     0     0
  1985  10  12     0  19.0  17.5   8.8     0     0
  1985  10  13     0  21.6  17.0  51.1     0     0
  1985  10  14     0  24.9  17.8   0.1     0     0
  1985  10  15     0  29.5  19.8     T     0     0
  1985  10  16     0  29.4  18.8   0.0     0     0
  1985  10  17     0  28.0  18.0  13.2     0     0
  1985  10  18     0  27.2  16.5   0.0     0     0
  1985  10  19     0  26.9  16.9   0.0     0     0
  1985  10  20     0  26.7  14.7   0.0     0     0
  1985  10  21     0  26.7  14.4   0.0     0     0
  1985  10  22     0  27.2  14.1   0.0     0     0
  1985  10  23     0  28.5  13.7   0.0     0     0
  1985  10  24     0  28.4  12.6   0.0     0     0
  1985  10  25     0  27.8  12.0   0.0     0     0
  1985  10  26     0  26.6  11.8   0.0     0     0
  1985  10  27     0  26.0  12.6   0.0     0     0
  1985  10  28     0  26.0  12.2   0.0     0     0
  1985  10  29     0  25.2  13.0   0.0     0     0
  1985  10  30     0  26.2  13.0   0.0     0     0
  1985  10  31     0  26.6  13.0   0.0     0     0
  1985  11   1     0  27.3  12.8   0.0     0     0
  1985  11   2     0  26.0  13.9   0.0     0     0
  1985  11   3     0  25.1  12.0   0.0     0     0
  1985  11   4     0  25.3  11.2   0.0     0     0
  1985  11   5     0  24.4  11.0   0.0     0     0
  1985  11   6     0  24.6   9.0   0.0     0     0
  1985  11   7     0  24.4   9.0   0.0     0     0
  1985  11   8     0  25.5  10.0   0.0     0     0
  1985  11   9     0  24.6   9.7   0.0     0     0
  1985  11  10     0  24.6   9.2   0.0     0     0
  1985  11  11     0  24.6  10.0   0.0     0     0
  1985  11  12     0  24.6   9.2   0.0     0     0
  1985  11  13     0  24.2   9.0   0.0     0     0
  1985  11  14     0  25.2  10.0   0.0     0     0
  1985  11  15     0  25.0  10.0   0.0     0     0
  1985  11  16     0  25.3  10.0   0.0     0     0
  1985  11  17     0  25.3   9.1   0.0     0     0
  1985  11  18     0  20.5  10.0   0.0     0     0
  1985  11  19     0  23.8   9.0   0.0     0     0
  1985  11  20     0  24.2   8.5   0.0     0     0
  1985  11  21     0  23.6   8.5   0.0     0     0
  1985  11  22     0  23.6   8.0   0.0     0     0
  1985  11  23     0  23.5   8.0   0.0     0     0
  1985  11  24     0  23.0   7.0   0.0     0     0
  1985  11  25     0  22.8   6.5   0.0     0     0
  1985  11  26     0  22.5   6.8   0.0     0     0
  1985  11  27     0  23.0   7.0   0.0     0     0
  1985  11  28     0  22.8   6.0   0.0     0     0
  1985  11  29     0  22.3   6.1   0.0     0     0
  1985  11  30     0  22.4   7.0   0.0     0     0
  1985  12   1     0  22.8   7.0   0.0     0     0
  1985  12   2     0  22.5   9.0   0.0     0     0
  1985  12   3     0  22.0   8.0   0.0     0     0
  1985  12   4     0  21.6   7.2   0.0     0     0
  1985  12   5     0  23.0   7.0   0.0     0     0
  1985  12   6     0  22.8   7.1   0.0     0     0
  1985  12   7     0  21.1   7.0   0.0     0     0
  1985  12   8     0  22.0   6.8   0.0     0     0
  1985  12   9     0  21.2   6.0   0.0     0     0
  1985  12  10     0  21.2   4.3   0.0     0     0
  1985  12  11     0  20.2   3.8   0.0     0     0
  1985  12  12     0  22.4   9.6   0.0     0     0
  1985  12  13     0  22.5   9.1     T     0     0
  1985  12  14     0  25.0   7.8   0.0     0     0
  1985  12  15     0  24.9   9.2   0.0     0     0
  1985  12  16     0  25.2   8.9   0.0     0     0
  1985  12  17     0  24.8   9.0   0.0     0     0
  1985  12  18     0  23.3   8.0   0.0     0     0
  1985  12  19     0  21.8   6.0   0.0     0     0
  1985  12  20     0  21.0   6.0   0.0     0     0
  1985  12  21     0  21.2  11.0   0.0     0     0
  1985  12  22     0  21.2   8.8   0.0     0     0
  1985  12  23     0  20.0   7.8   0.0     0     0
  1985  12  24     0  21.2   7.0   0.0     0     0
  1985  12  25     0  18.2   8.2   4.2     0     0
  1985  12  26     0  13.2  11.0  15.4     0     0
  1985  12  27     0  14.0  10.1  28.5     0     0
  1985  12  28     0  17.0   7.0   0.0     0     0
  1985  12  29     0  18.2   3.2   0.0     0     0
  1985  12  30     0  19.6   5.6   0.0     0     0
  1985  12  31     0  19.6   4.2   0.0     0     0
