      1    T  
      2    0.2
      3    0.0
      4    2.1
      5    0.0
      6    0.0
      7    0.0
      8    0.0
      9    0.0
     10    0.0
     11    1.9
     12    0.0
     13    0.0
     14    0.0
     15    0.0
     16    T  
     17   11.6
     18   46.8
     19    0.0
     20    0.0
     21    T  
     22    4.4
     23   37.3
     24    9.2
     25    0.0
     26    0.0
     27    0.0
     28    T  
     29    0.1
     30    0.0
     31    0.0
     32   21.5
     33    0.0
     34    0.0
     35    0.0
     36    0.0
     37    0.0
     38    8.8
     39   41.2
     40    5.7
     41    0.0
     42    7.5
     43    0.7
     44    0.0
     45    0.0
     46    T  
     47   14.8
     48    0.0
     49    0.0
     50    0.0
     51    1.5
     52    4.4
     53    0.0
     54    0.0
     55    0.0
     56    0.0
     57    0.0
     58    0.0
     59    0.0
     60    0.0
     61    0.0
     62    0.0
     63    0.0
     64    0.0
     65    0.0
     66    0.0
     67    0.0
     68   10.4
     69    0.0
     70    0.1
     71    0.3
     72    0.0
     73    0.0
     74    0.0
     75    0.0
     76    6.0
     77    1.7
     78    0.0
     79    0.0
     80    0.0
     81    6.4
     82    0.0
     83    T  
     84    1.5
     85    0.0
     86    0.0
     87    0.1
     88    0.0
     89    0.0
     90    0.0
     91    0.0
     92    0.0
     93    T  
     94    4.0
     95    0.0
     96    0.0
     97    0.0
     98    0.0
     99    0.6
    100    0.0
    101    0.0
    102    0.0
    103    0.0
    104    0.0
    105    0.0
    106    0.0
    107    0.0
    108    0.0
    109    0.0
    110    0.0
    111    0.0
    112    0.0
    113    3.3
    114    0.0
    115    1.8
    116    1.6
    117    0.0
    118    0.0
    119    5.7
    120    0.0
    121   36.0
    122    1.1
    123   12.0
    124    1.0
    125    1.5
    126   10.9
    127    0.0
    128   11.1
    129   28.4
    130    1.4
    131    1.1
    132    0.0
    133    0.0
    134    0.0
    135    0.0
    136    0.0
    137    0.0
    138    0.0
    139    0.0
    140    0.0
    141    0.0
    142    0.0
    143    0.0
    144    0.0
    145    0.0
    146    0.0
    147    0.0
    148    0.0
    149    0.0
    150    0.0
    151    0.0
    152    0.0
    153    0.0
    154    0.0
    155    0.0
    156    0.0
    157    4.3
    158    T  
    159    0.0
    160    0.0
    161    1.7
    162    0.0
    163    0.0
    164    0.0
    165    0.0
    166    0.0
    167    0.0
    168    0.0
    169    T  
    170    T  
    171    0.0
    172   42.4
    173   28.9
    174   17.8
    175    0.7
    176    0.0
    177   36.0
    178   54.4
    179    8.6
    180   14.8
    181   10.2
    182   36.9
    183   10.2
    184   16.6
    185   16.4
    186    7.0
    187    5.0
    188    1.7
    189    0.0
    190   21.4
    191   77.0
    192   14.9
    193    2.5
    194    1.0
    195    6.0
    196    3.3
    197    6.2
    198   38.5
    199   12.0
    200   15.5
    201   11.0
    202    8.7
    203    6.5
    204   45.0
    205   11.0
    206   49.5
    207   61.8
    208   30.0
    209   22.7
    210   53.8
    211   15.3
    212   15.0
    213   15.0
    214   40.0
    215   34.0
    216   12.8
    217   13.8
    218   27.6
    219    8.4
    220    5.2
    221    0.0
    222    0.0
    223    1.2
    224   40.6
    225    T  
    226   18.8
    227    4.0
    228    7.2
    229   16.4
    230    9.0
    231   29.4
    232    4.2
    233    4.3
    234    0.0
    235    1.0
    236   41.4
    237    0.1
    238    0.0
    239    2.4
    240    1.4
    241    0.0
    242    0.0
    243    0.0
    244    2.8
    245    T  
    246   10.4
    247   40.2
    248   19.3
    249    0.2
    250    0.0
    251   11.3
    252   38.4
    253    2.8
    254   46.0
    255    1.8
    256    0.9
    257   12.2
    258   10.5
    259   14.2
    260    8.6
    261    0.0
    262    0.0
    263    0.0
    264    0.0
    265   61.0
    266   25.4
    267    0.4
    268   96.8
    269   29.3
    270    0.3
    271    T  
    272    0.0
    273    0.0
    274    0.6
    275    0.0
    276    0.0
    277    0.0
    278    0.0
    279    0.0
    280    0.0
    281    8.0
    282    6.3
    283    2.8
    284    0.0
    285    0.0
    286    0.1
    287    0.0
    288    0.0
    289    0.0
    290    0.0
    291    0.0
    292    0.0
    293    0.6
    294    0.0
    295    0.0
    296    0.0
    297    0.0
    298    0.0
    299    0.0
    300    0.0
    301    0.0
    302    0.0
    303    0.0
    304    T  
    305    0.2
    306    0.0
    307    0.0
    308    0.0
    309    0.0
    310    0.0
    311    0.0
    312    0.0
    313    0.0
    314    0.0
    315    0.0
    316    0.0
    317    0.0
    318    0.0
    319    0.0
    320    0.0
    321    0.0
    322    0.0
    323    0.0
    324    0.0
    325    0.0
    326    0.0
    327    0.0
    328    0.0
    329    0.0
    330    0.0
    331    0.0
    332    0.0
    333    0.0
    334    0.0
    335    0.0
    336    0.0
    337    0.0
    338    0.0
    339    0.0
    340    0.0
    341    0.0
    342    0.0
    343    0.0
    344    0.0
    345    0.0
    346    0.0
    347    0.0
    348    0.0
    349    0.0
    350    0.0
    351    0.0
    352    0.0
    353    0.0
    354    0.0
    355    0.0
    356    0.0
    357    T  
    358   15.5
    359    0.0
    360    0.0
    361    0.0
    362    0.0
    363    0.0
    364    0.0
    365    0.0
