      1    0.0
      2    0.0
      3    0.0
      4    0.0
      5    0.0
      6    0.0
      7    0.0
      8    0.0
      9    0.0
     10    0.0
     11    0.0
     12    1.5
     13    0.9
     14    0.0
     15    0.0
     16    0.0
     17   12.4
     18    0.0
     19    0.0
     20    0.0
     21    0.0
     22    0.0
     23    0.0
     24    0.0
     25    0.0
     26    0.0
     27    0.0
     28    0.0
     29    0.0
     30    0.0
     31    4.9
     32    0.0
     33    1.2
     34    0.0
     35    0.0
     36    0.0
     37    0.0
     38    0.0
     39    0.0
     40    0.0
     41    0.0
     42    0.0
     43    0.0
     44    0.0
     45    0.0
     46    4.1
     47   20.6
     48   25.1
     49    3.9
     50    0.0
     51    0.0
     52    0.0
     53    0.0
     54    0.0
     55    0.0
     56    0.0
     57    0.0
     58    0.0
     59    2.2
     60    2.3
     61    0.0
     62    0.0
     63    4.5
     64    0.0
     65    0.0
     66   11.5
     67    0.5
     68    3.3
     69    1.5
     70    3.4
     71    4.4
     72    1.5
     73    0.0
     74    0.0
     75    0.0
     76    0.0
     77    0.8
     78    0.0
     79    9.1
     80    0.0
     81    0.0
     82    0.0
     83    0.0
     84    0.0
     85    T  
     86    0.0
     87    0.0
     88    0.0
     89    0.0
     90    0.0
     91    0.0
     92    0.0
     93    6.9
     94    0.0
     95    0.0
     96    0.0
     97    0.0
     98    0.0
     99   39.1
    100    0.0
    101    0.0
    102    0.0
    103    0.0
    104    0.0
    105    0.0
    106    0.0
    107    0.0
    108    0.0
    109    0.0
    110    0.0
    111    0.0
    112    0.0
    113    3.5
    114   12.5
    115   14.1
    116    T  
    117    0.0
    118    T  
    119    2.9
    120   10.3
    121   14.1
    122   53.7
    123   13.9
    124    7.2
    125    0.0
    126   20.0
    127   21.1
    128    T  
    129    0.2
    130    8.4
    131    1.8
    132    6.3
    133    0.0
    134    0.0
    135    0.0
    136    0.0
    137    0.4
    138    0.0
    139    0.0
    140    0.0
    141    0.0
    142    0.0
    143    1.2
    144   18.3
    145    0.0
    146    0.0
    147    0.0
    148    0.0
    149    0.0
    150    0.0
    151    0.0
    152    0.0
    153    9.2
    154   10.5
    155    3.7
    156    3.6
    157    0.0
    158    T  
    159   67.7
    160   22.9
    161   19.7
    162    0.0
    163    0.0
    164    0.0
    165    0.0
    166    0.0
    167    0.0
    168    0.0
    169    0.0
    170    0.0
    171    0.0
    172   10.2
    173    0.0
    174    0.0
    175    0.0
    176    0.0
    177    0.0
    178    0.0
    179    0.0
    180    0.7
    181    3.5
    182    0.0
    183    2.1
    184   42.6
    185   41.1
    186    0.2
    187    6.7
    188    2.4
    189    0.0
    190    0.0
    191    1.7
    192    0.0
    193    7.8
    194    2.9
    195    3.8
    196   24.1
    197   29.1
    198    0.0
    199   26.4
    200    0.0
    201    0.7
    202   19.6
    203   45.3
    204   29.7
    205   23.5
    206    5.2
    207  100.4
    208   14.2
    209    4.2
    210   65.5
    211    3.4
    212   54.4
    213   16.5
    214   42.8
    215    0.0
    216    0.0
    217    3.4
    218    0.0
    219   12.4
    220   26.9
    221   15.5
    222   40.1
    223   88.8
    224  151.6
    225   31.5
    226   17.7
    227    3.2
    228   17.2
    229    4.9
    230    6.7
    231   10.8
    232    7.6
    233   50.5
    234   12.6
    235   30.5
    236    0.0
    237    0.0
    238   12.0
    239   18.5
    240   60.1
    241    9.7
    242   31.8
    243    7.9
    244    1.5
    245    2.1
    246    0.8
    247   46.7
    248    0.5
    249   19.6
    250    2.1
    251   44.4
    252   72.6
    253   42.5
    254    0.5
    255    0.0
    256   10.6
    257    T  
    258    0.0
    259    0.0
    260    T  
    261    0.0
    262    0.0
    263   26.5
    264    3.7
    265   36.1
    266    0.0
    267    0.0
    268    0.0
    269   19.7
    270    0.9
    271    0.0
    272    0.0
    273    0.0
    274    0.0
    275    0.0
    276    0.5
    277    T  
    278    0.0
    279    0.0
    280    0.0
    281    0.0
    282    0.0
    283    0.0
    284    0.0
    285    0.0
    286    0.0
    287    0.0
    288    0.0
    289    0.0
    290    0.0
    291    0.0
    292    5.9
    293    3.9
    294    0.0
    295    0.0
    296    0.0
    297    0.0
    298    0.0
    299   29.1
    300    0.0
    301    0.0
    302    0.0
    303    0.0
    304    0.0
    305    0.0
    306    0.0
    307    0.0
    308    0.0
    309    0.0
    310    0.0
    311    0.0
    312    0.0
    313    0.0
    314    0.0
    315    0.0
    316    0.0
    317    0.0
    318    0.0
    319    0.0
    320    0.0
    321    0.0
    322    0.0
    323    0.0
    324    0.0
    325    0.0
    326    0.0
    327    0.0
    328    0.0
    329    0.0
    330    0.0
    331    0.0
    332    0.0
    333    0.0
    334    0.0
    335    0.0
    336    0.0
    337    0.0
    338    0.0
    339    0.0
    340    0.0
    341    0.0
    342    0.0
    343    0.0
    344    0.0
    345    0.0
    346   16.2
    347    3.2
    348    0.0
    349    0.0
    350    0.0
    351    0.0
    352    0.0
    353    0.0
    354    0.0
    355    0.0
    356    0.0
    357    0.0
    358    0.0
    359    0.0
    360    0.0
    361    0.0
    362    0.0
    363    0.0
    364    0.0
    365    0.0
