      1    0.0
      2    0.0
      3    0.0
      4    0.0
      5    0.0
      6    0.0
      7    0.0
      8    2.3
      9    0.0
     10    1.7
     11    0.0
     12    0.0
     13    0.0
     14    0.0
     15    0.0
     16    0.0
     17    0.0
     18    0.0
     19    0.0
     20    0.0
     21    T  
     22    0.0
     23    0.0
     24    0.0
     25    0.0
     26    0.0
     27    0.0
     28    0.0
     29   16.8
     30    9.4
     31    0.0
     32    0.0
     33    0.0
     34    T  
     35    0.0
     36    0.0
     37    0.0
     38    0.0
     39    0.0
     40    0.0
     41    0.0
     42    0.0
     43    0.0
     44    0.0
     45    0.0
     46    0.0
     47    0.0
     48    0.0
     49    0.0
     50    0.0
     51    0.0
     52    0.0
     53    0.0
     54    0.0
     55    2.7
     56    6.2
     57    0.0
     58    0.7
     59    0.0
     60    0.0
     61    0.0
     62    0.0
     63    0.0
     64    0.0
     65    0.0
     66    0.0
     67    0.0
     68    0.1
     69    0.0
     70    0.0
     71    0.0
     72    0.0
     73    0.0
     74    0.0
     75    0.0
     76    0.0
     77    0.0
     78    0.0
     79    0.0
     80    0.0
     81    0.0
     82    0.0
     83    0.3
     84    T  
     85    0.8
     86    0.0
     87    0.0
     88    0.0
     89    0.0
     90    0.0
     91    0.0
     92    0.0
     93    0.0
     94    T  
     95    0.0
     96    0.0
     97    0.0
     98    0.0
     99   16.7
    100    0.0
    101    0.0
    102    0.0
    103    0.0
    104    0.0
    105    0.0
    106    0.0
    107    0.0
    108    0.0
    109    0.0
    110    0.0
    111    0.0
    112    0.0
    113    0.0
    114    0.0
    115    0.0
    116    0.0
    117    0.0
    118    0.0
    119    0.0
    120    0.0
    121    0.0
    122    T  
    123    0.0
    124    0.0
    125    0.0
    126    0.0
    127    0.0
    128    0.0
    129    0.0
    130    1.0
    131   11.0
    132    0.4
    133    1.3
    134    9.2
    135    0.3
    136    0.0
    137    0.0
    138    2.3
    139    5.9
    140    2.5
    141   25.2
    142    4.7
    143   11.5
    144    0.7
    145    0.0
    146    0.0
    147    T  
    148    0.3
    149    0.0
    150    2.7
    151    0.4
    152    2.5
    153    0.0
    154    1.5
    155   12.2
    156    0.0
    157    0.0
    158    0.0
    159    0.0
    160    0.0
    161    T  
    162    1.8
    163   31.1
    164   21.2
    165    5.7
    166    0.0
    167    8.7
    168   41.4
    169    1.0
    170   29.1
    171   18.8
    172    2.3
    173   17.4
    174    0.0
    175   10.2
    176    7.2
    177    0.0
    178    1.6
    179   10.8
    180    0.0
    181   52.0
    182   20.0
    183    6.0
    184   36.2
    185  103.0
    186    3.8
    187   16.0
    188   19.5
    189   10.7
    190   38.6
    191    9.6
    192    4.5
    193    4.2
    194   19.7
    195    0.0
    196    0.0
    197    5.6
    198   39.0
    199   23.0
    200   10.5
    201   36.0
    202    5.5
    203    3.0
    204    4.8
    205    4.5
    206   24.0
    207   63.4
    208   10.0
    209   10.7
    210   10.0
    211    6.5
    212   27.9
    213    4.5
    214    0.0
    215    6.6
    216    0.5
    217   36.2
    218   90.4
    219    6.7
    220    4.9
    221   48.8
    222    5.1
    223   46.0
    224   55.5
    225    5.5
    226   28.0
    227    6.7
    228    0.0
    229   34.4
    230   18.4
    231   10.5
    232    2.0
    233    3.6
    234   12.2
    235   39.0
    236   38.4
    237   12.5
    238   34.4
    239   42.2
    240    3.6
    241    0.0
    242    3.0
    243    T  
    244   12.6
    245    0.3
    246    0.3
    247   14.4
    248    0.3
    249   23.0
    250    5.8
    251    2.5
    252    4.9
    253    5.7
    254    0.4
    255    3.1
    256   16.8
    257    0.1
    258    3.1
    259    0.0
    260    8.1
    261    T  
    262   67.5
    263   13.4
    264   33.6
    265   32.3
    266    0.1
    267    0.9
    268    0.0
    269    1.8
    270   17.7
    271    0.0
    272   19.2
    273   59.6
    274    0.6
    275    1.6
    276   10.6
    277    0.0
    278   12.9
    279    7.5
    280   25.8
    281    0.5
    282    0.0
    283    0.0
    284    0.0
    285    0.0
    286    0.0
    287    0.0
    288    0.0
    289    0.0
    290    0.0
    291    0.0
    292    0.0
    293    0.0
    294    0.1
    295    2.5
    296    0.0
    297    0.0
    298    0.0
    299    0.0
    300    0.0
    301    0.0
    302    0.0
    303    0.0
    304    0.0
    305    0.0
    306    0.0
    307    0.0
    308    0.0
    309    0.0
    310    0.0
    311    0.0
    312    0.0
    313    0.0
    314    0.0
    315    0.0
    316    0.0
    317    0.0
    318    0.0
    319    0.0
    320    0.0
    321    0.0
    322    0.0
    323    0.0
    324    0.0
    325    0.0
    326    0.0
    327    0.0
    328    0.0
    329    0.0
    330    0.0
    331    0.0
    332    0.0
    333    0.0
    334    0.0
    335    0.0
    336    0.0
    337    0.0
    338    0.0
    339    0.0
    340    0.0
    341    0.0
    342    9.5
    343    0.7
    344    0.0
    345    0.0
    346    0.0
    347    0.0
    348    0.0
    349    0.0
    350    0.0
    351    0.0
    352    0.0
    353    0.0
    354    0.0
    355    0.0
    356    0.0
    357    0.0
    358    0.0
    359    0.0
    360    0.0
    361    0.0
    362    0.0
    363    0.0
    364    0.0
    365    0.0
