1994          Temperature for TAPLEJUNG               
        Tmax  Tmin
     1  15.4   3.0 
     2  16.4   4.8 
     3  15.4   3.8 
     4  15.6   4.4 
     5  14.8   5.3 
     6  14.8   3.2 
     7  14.7   3.7 
     8  15.6   4.8 
     9  15.3   4.0 
    10  14.7   6.8 
    11  15.6   4.8 
    12  16.7   7.0 
    13  17.5   7.3 
    14  17.5   6.4 
    15  11.4   6.4 
    16   7.6   2.0 
    17  11.0  -0.7 
    18  12.3   0.3 
    19  14.7   1.6 
    20  16.0   2.5 
    21  15.0   3.2 
    22  15.3   3.2 
    23  15.7   3.3 
    24  15.5   3.3 
    25  17.3   5.3 
    26  17.4   5.5 
    27  17.3   6.3 
    28  17.0   6.2 
    29  16.5   7.8 
    30  15.4   7.0 
    31  14.5   3.9 
    32  14.6   3.4 
    33  12.6   5.5 
    34  12.8   4.1 
    35  14.4   4.5 
    36  14.8   5.4 
    37  16.3   4.5 
    38  17.0   4.5 
    39  14.3   7.0 
    40   7.4   4.5 
    41  14.0   2.4 
    42  12.7   5.8 
    43  10.6   3.8 
    44  13.8   3.8 
    45  14.0   5.5 
    46  14.0   4.0 
    47  14.8   4.3 
    48  14.6   4.5 
    49  15.4   5.2 
    50  16.7   4.7 
    51  16.4   7.3 
    52  16.3   6.2 
    53  15.3   6.2 
    54  15.1   3.6 
    55  14.4   5.5 
    56  13.7   6.2 
    57  13.1   6.4 
    58  15.1   7.7 
    59  16.2   7.5 
    60  17.0   6.2 
    61  17.1   7.0 
    62  17.2   8.0 
    63  17.4   9.2 
    64  17.4   9.2 
    65  18.6   9.6 
    66  19.2   9.4 
    67  19.3   8.8 
    68  22.2   7.4 
    69  19.2   7.8 
    70  18.6   7.8 
    71  17.4   9.8 
    72  15.8   8.5 
    73  20.3   8.4 
    74  19.3  11.2 
    75  21.5  11.0 
    76  22.0  12.6 
    77  22.4  12.6 
    78  19.5  13.7 
    79  20.0  13.8 
    80  24.0  11.0 
    81  23.2  11.8 
    82  22.6  10.0 
    83  19.9   9.5 
    84  16.0  11.8 
    85  20.5   8.6 
    86  18.5   9.1 
    87  16.6   8.9 
    88  17.7  10.0 
    89  20.2  11.3 
    90  21.0  12.8 
    91  23.4  11.7 
    92  21.4  11.0 
    93  19.5   7.8 
    94  19.5  10.4 
    95  18.8  11.5 
    96  21.4  12.5 
    97  23.0  13.4 
    98  24.8  12.7 
    99  23.7  11.7 
   100  24.4  13.2 
   101  23.3  10.7 
   102  21.9  11.2 
   103  23.5  10.2 
   104  24.5  11.8 
   105  23.3  12.3 
   106  24.4  13.5 
   107  21.5  10.5 
   108  21.4  10.4 
   109  22.7  10.7 
   110  21.6  10.3 
   111  21.3  10.7 
   112  20.3  10.2 
   113  21.6  10.4 
   114  22.3  11.4 
   115  23.2  11.4 
   116  24.3  11.3 
   117  22.8  11.3 
   118  23.1  10.7 
   119  24.4  12.0 
   120  23.2  11.7 
   121  24.7  12.7 
   122  25.6  15.0 
   123  26.5  15.2 
   124  27.0  16.3 
   125  26.3  15.8 
   126  26.8  14.6 
   127  26.6  13.5 
   128  25.2  14.8 
   129  19.8  13.0 
   130  21.7  13.2 
   131  23.0  12.7 
   132  25.5  13.2 
   133  25.7  13.7 
   134  25.3  14.8 
   135  24.8  12.8 
   136  22.6  11.6 
   137  21.3  12.8 
   138  17.6  12.7 
   139  21.7  13.2 
   140  24.5  13.0 
   141  25.1  15.2 
   142  24.8  14.6 
   143  23.3  13.6 
   144  24.6  14.8 
   145  24.6  16.0 
   146  25.3  15.4 
   147  25.3  17.0 
   148  25.3  15.6 
   149  24.8  17.2 
   150  22.8  16.7 
   151  24.3  16.8 
   152  23.2  17.0 
   153  23.2  17.0 
   154  25.5  15.8 
   155  26.0  17.4 
   156  23.5  15.2 
   157  25.5  16.8 
   158  25.7  17.0 
   159  26.5  18.0 
   160  26.4  19.0 
   161  24.9  15.9 
   162  24.5  16.8 
   163  25.2  17.5 
   164  24.1  18.0 
   165  24.8  18.0 
   166  26.0  18.4 
   167  26.7  18.5 
   168  23.6  18.8 
   169  25.0  18.4 
   170  25.4  18.3 
   171  26.2  18.5 
   172  26.0  18.5 
   173  25.1  18.2 
   174  24.2  17.8 
   175  26.5  17.5 
   176  26.0  17.7 
   177  26.5  18.0 
   178  26.0  16.8 
   179  22.7  17.4 
   180  22.3  17.3 
   181  25.3  17.5 
   182  25.8  17.8 
   183  24.8  17.2 
   184  24.3  15.8 
   185  26.2  17.4 
   186  25.2  17.5 
   187  24.7  17.3 
   188  24.7  17.8 
   189  26.4  18.3 
   190  24.6  16.8 
   191  26.4  17.8 
   192  26.4  19.0 
   193  27.0  18.3 
   194  26.9  17.8 
   195  27.6  17.0 
   196  27.5  18.5 
   197  26.8  17.8 
   198  26.8  17.6 
   199  25.4  17.7 
   200  25.2  17.6 
   201  26.4  16.8 
   202  25.7  16.8 
   203  24.4  17.8 
   204  25.5  17.3 
   205  26.3  18.2 
   206  25.3  18.0 
   207  26.0  17.3 
   208  26.6  17.5 
   209  27.1  18.4 
   210  23.7  17.8 
   211  24.8  17.5 
   212  26.6  18.0 
   213  27.1  18.0 
   214  27.7  18.5 
   215  25.4  16.0 
   216  25.6  18.6 
   217  26.2  18.3 
   218  26.3  16.8 
   219  26.4  18.4 
   220  26.2  18.5 
   221  26.3  17.7 
   222  26.3  18.0 
   223  25.3  18.0 
   224  25.4  17.5 
   225  21.5  17.7 
   226  23.7  17.5 
   227  24.3  17.5 
   228  26.5  16.6 
   229  27.0  17.8 
   230  25.7  17.5 
   231  25.5  17.4 
   232  26.0  17.8 
   233  25.5  17.0 
   234  22.2  17.0 
   235  24.4  16.6 
   236  23.7  14.0 
   237  23.7  16.8 
   238  25.6  17.2 
   239  25.0  16.5 
   240  25.5  16.4 
   241  26.2  16.0 
   242  25.3  17.2 
   243  25.3  17.7 
   244  24.3  17.2 
   245  25.0  16.8 
   246  24.3  17.0 
   247  26.0  16.7 
   248  24.5  17.0 
   249  24.7  17.6 
   250  25.2  17.7 
   251  25.8  18.2 
   252  24.1  16.8 
   253  25.8  17.5 
   254  25.4  17.6 
   255  22.8  17.7 
   256  23.5  16.8 
   257  24.5  16.3 
   258  25.5  15.8 
   259  25.7  15.7 
   260  24.8  15.8 
   261  24.8  17.0 
   262  24.0  16.8 
   263  24.2  16.2 
   264  24.6  16.8 
   265  24.6  16.4 
   266  24.5  15.8 
   267  24.7  16.8 
   268  25.0  15.7 
   269  21.5  16.2 
   270  23.8  15.4 
   271  23.9  16.2 
   272  24.0  15.2 
   273  23.0  15.5 
   274  23.6  14.4 
   275  23.3  15.6 
   276  23.0  13.5 
   277  22.8  14.3 
   278  22.4  13.0 
   279  22.5  11.8 
   280  21.4  14.0 
   281  20.8  14.6 
   282  23.0  13.4 
   283  23.1  15.0 
   284  23.2  14.2 
   285  22.7  13.8 
   286  22.7  13.5 
   287  22.3  14.0 
   288  21.6  13.0 
   289  21.8  10.5 
   290  22.3   9.2 
   291  22.2   9.5 
   292  22.2   9.5 
   293  22.0   9.2 
   294  21.7   9.0 
   295  21.4   9.6 
   296  21.6   9.6 
   297  20.8  11.4 
   298  21.0   9.0 
   299  20.5   9.0 
   300  19.5  10.0 
   301  20.1  12.2 
   302  20.3  10.5 
   303  20.3  10.4 
   304  19.6  11.0 
   305  18.3  12.7 
   306  16.8  11.2 
   307  20.2   7.5 
   308  21.5   8.4 
   309  20.8   8.5 
   310  20.0   8.6 
   311  20.0   8.0 
   312  21.4   8.4 
   313  22.4   8.6 
   314  22.6   9.8 
   315  21.4   8.3 
   316  19.3   8.3 
   317  18.0   6.8 
   318  17.2   5.7 
   319  18.2   6.6 
   320  18.5   6.2 
   321  18.4   5.3 
   322  17.5   4.8 
   323  17.8   4.7 
   324  18.4   5.0 
   325  19.0   5.8 
   326  18.5   6.2 
   327  18.0   6.2 
   328  17.8   5.4 
   329  17.3   4.8 
   330  17.7   5.6 
   331  16.5   4.8 
   332  13.0   6.8 
   333  12.8   5.5 
   334  11.4   7.3 
   335  14.7   5.4 
   336  17.2   6.0 
   337  17.2   5.5 
   338  16.1   5.4 
   339  18.3   5.5 
   340  17.8   4.5 
   341  17.3   4.8 
   342  15.3   4.0 
   343  15.3   8.1 
   344  14.7   6.8 
   345  14.3   6.8 
   346  14.3   3.8 
   347  15.4   5.8 
   348  15.0   5.3 
   349  16.8   7.2 
   350  14.7   5.2 
   351  15.0   4.3 
   352  15.5   4.6 
   353  14.8   4.3 
   354  14.7   4.3 
   355  15.7   2.8 
   356  15.4   3.2 
   357  15.3   3.4 
   358  14.8   4.0 
   359  15.1   3.2 
   360  14.7   4.0 
   361  15.2   3.4 
   362  14.3   4.0 
   363  14.7   4.8 
   364  13.0   6.0 
   365  11.7   3.6 
