2000          Temperature for TAPLEJUNG               
        Tmax  Tmin
     1  16.1   3.8 
     2  17.6   3.5 
     3  17.1   3.4 
     4  16.7   3.4 
     5  15.6   3.2 
     6  15.4   2.8 
     7  15.2   2.3 
     8  13.6   2.7 
     9  12.8   3.8 
    10  14.0   4.3 
    11  14.7   3.8 
    12  16.2   3.4 
    13  16.6   5.6 
    14  14.5   4.2 
    15  15.6   3.2 
    16  15.0   2.4 
    17  14.6   1.2 
    18  15.4   3.0 
    19  15.3   5.0 
    20  11.8   6.0 
    21  13.5   5.0 
    22  11.2   5.0 
    23  12.5   4.6 
    24   8.4   4.0 
    25  11.2   5.0 
    26  14.0   2.5 
    27  13.8   3.8 
    28  14.3   3.0 
    29  13.6   2.0 
    30  12.2   2.0 
    31  12.5   4.0 
    32  11.4   3.0 
    33   9.0   3.0 
    34  14.0   2.0 
    35  12.6   3.0 
    36  14.2   3.0 
    37  12.9   4.3 
    38  13.4   4.2 
    39  13.6   3.5 
    40  15.0   3.0 
    41  12.8   3.6 
    42  14.0   3.6 
    43  15.7   3.8 
    44  15.2   4.4 
    45  15.2   5.3 
    46  16.4   3.8 
    47  16.0   4.3 
    48  15.8   4.6 
    49  13.8   2.7 
    50  13.2   1.6 
    51  12.6   1.0 
    52  14.2   0.5 
    53  13.8   1.3 
    54  14.8   3.6 
    55  15.8   3.6 
    56  15.1   3.5 
    57  12.6   4.8 
    58  12.8   1.3 
    59   7.7   4.0 
    60  13.5   2.4 
    61   8.4   6.0 
    62   9.8   4.7 
    63  15.2   5.5 
    64  17.2   5.6 
    65  18.4   5.0 
    66  19.1   6.2 
    67  19.6   7.2 
    68  20.2   7.6 
    69  17.6   5.6 
    70  14.7   5.4 
    71  10.4   7.0 
    72  17.2   5.7 
    73  19.0   6.8 
    74  17.8   7.4 
    75  16.7   5.0 
    76  16.0   6.5 
    77  16.8   6.0 
    78  19.4   6.5 
    79  19.4   7.0 
    80  20.4   6.5 
    81  20.4   6.7 
    82  21.1   7.2 
    83  19.2   9.8 
    84  20.6   7.0 
    85  21.0   7.5 
    86  21.7   8.4 
    87  22.6   9.8 
    88  22.5  10.3 
    89  24.0   9.5 
    90  23.2  10.5 
    91  24.0  13.5 
    92  24.1  13.7 
    93  24.1  13.8 
    94  24.0  12.4 
    95  24.2  11.4 
    96  24.3  11.3 
    97  24.3  11.2 
    98  24.4  11.6 
    99  24.3  11.5 
   100  25.1  12.5 
   101  23.4  11.0 
   102  21.1  10.3 
   103  22.6   9.2 
   104  23.5  13.5 
   105  22.4  12.2 
   106  19.4  12.4 
   107  24.1  12.3 
   108  22.3  10.4 
   109  23.4   9.8 
   110  24.0  11.3 
   111  23.0  12.7 
   112  23.4  13.2 
   113  23.0  12.4 
   114  24.2  12.6 
   115  16.5  10.5 
   116  17.5  11.4 
   117  22.0  10.5 
   118  19.4  11.8 
   119  22.4  12.5 
   120  23.6  12.4 
   121  22.0  12.0 
   122  22.4  12.4 
   123  23.4  11.8 
   124  22.7  13.2 
   125  22.8  14.2 
   126  23.5  14.3 
   127  25.0  15.4 
   128  21.8  11.5 
   129  23.4  11.8 
   130  25.0  14.4 
   131  25.0  14.8 
   132  26.5  14.3 
   133  27.0  16.0 
   134  27.1  15.6 
   135  27.2  16.5 
   136  26.5  17.0 
   137  23.5  16.0 
   138  25.4  16.4 
   139  25.0  16.4 
   140  24.5  15.6 
   141  21.4  15.4 
   142  21.8  14.8 
   143  19.4  15.5 
   144  22.8  14.8 
   145  23.8  15.8 
   146  24.0  16.3 
   147  20.7  16.8 
   148  23.0  15.0 
   149  21.4  16.0 
   150  24.0  15.6 
   151  23.7  15.0 
   152  23.7  15.7 
   153  23.7  16.2 
   154  25.0  16.5 
   155  26.8  16.6 
   156  27.5  17.4 
   157  26.4  16.2 
   158  22.3  17.0 
   159  22.2  16.5 
   160  26.0  17.4 
   161  24.4  17.5 
   162  25.3  17.6 
   163  26.0  17.8 
   164  25.7  17.2 
   165  23.7  17.8 
   166  24.5  17.6 
   167  24.8  17.4 
   168  25.6  17.4 
   169  26.4  18.2 
   170  26.3  18.0 
   171  26.3  17.5 
   172  26.5  17.7 
   173  25.5  17.4 
   174  20.2  16.7 
   175  22.1  16.0 
   176  23.8  16.8 
   177  23.9  17.2 
   178  24.3  17.0 
   179  25.6  16.8 
   180  24.8  17.7 
   181  26.4  16.7 
   182  23.4  17.7 
   183  20.4  16.0 
   184  21.6  16.5 
   185  22.7  16.6 
   186  23.4  17.0 
   187  23.2  17.4 
   188  22.8  17.0 
   189  25.3  17.0 
   190  25.8  17.7 
   191  25.6  18.0 
   192  25.2  17.4 
   193  25.1  17.4 
   194  26.3  18.3 
   195  25.8  18.5 
   196  26.1  18.2 
   197  23.7  18.4 
   198  26.8  18.0 
   199  26.6  17.5 
   200  24.8  17.7 
   201  24.7  17.6 
   202  24.0  17.6 
   203  22.6  17.4 
   204  26.3  16.0 
   205  24.4  18.0 
   206  23.5  17.7 
   207  25.7  16.5 
   208  25.2  16.7 
   209  25.4  17.3 
   210  25.0  17.5 
   211  24.6  17.4 
   212  23.5  17.0 
   213  24.0  17.0 
   214  21.2  17.0 
   215  20.8  16.6 
   216  22.6  17.3 
   217  20.0  16.8 
   218  25.0  17.0 
   219  26.0  17.5 
   220  26.0  17.4 
   221  25.0  17.8 
   222  23.8  17.2 
   223  24.4  16.0 
   224  25.4  16.5 
   225  23.0  16.7 
   226  23.2  16.8 
   227  25.8  17.0 
   228  25.2  17.2 
   229  25.3  17.2 
   230  26.1  17.8 
   231  26.2  18.5 
   232  26.2  17.8 
   233  24.4  17.4 
   234  24.0  15.8 
   235  26.4  17.3 
   236  26.0  17.5 
   237  24.9  17.4 
   238  25.4  17.5 
   239  26.4  18.0 
   240  25.3  17.4 
   241  23.4  16.3 
   242  21.6  17.0 
   243  22.5  16.0 
   244  24.2  16.8 
   245  22.4  17.2 
   246  22.8  17.4 
   247  25.4  16.8 
   248  24.3  17.2 
   249  24.0  15.8 
   250  24.6  17.0 
   251  25.1  17.3 
   252  23.0  17.4 
   253  22.6  17.0 
   254  21.6  16.8 
   255  24.3  16.3 
   256  25.5  17.3 
   257  26.9  18.2 
   258  25.8  17.2 
   259  24.0  15.4 
   260  22.4  16.6 
   261  23.7  16.8 
   262  23.0  15.6 
   263  21.8  15.8 
   264  22.5  14.4 
   265  20.1  14.8 
   266  21.0  14.4 
   267  23.7  15.5 
   268  23.6  14.8 
   269  23.4  13.8 
   270  22.8  13.5 
   271  23.2  12.4 
   272  22.6  13.5 
   273  23.0  12.5 
   274  23.4  11.2 
   275  23.7  11.8 
   276  23.5  14.3 
   277  23.6  13.3 
   278  24.0  15.0 
   279  24.4  16.3 
   280  24.7  16.7 
   281  24.8  16.2 
   282  24.1  16.3 
   283  23.7  12.8 
   284  23.5  11.5 
   285  23.3  12.7 
   286  23.0  15.3 
   287  23.4  13.3 
   288  22.4  12.5 
   289  23.3  11.8 
   290  23.7  10.8 
   291  24.5  11.0 
   292  23.7  11.2 
   293  23.0  10.7 
   294  20.0  12.5 
   295  21.0  11.6 
   296  21.0  12.3 
   297  19.7  12.3 
   298  20.8  12.2 
   299  21.1  10.8 
   300  21.8   9.8 
   301  21.5   9.8 
   302  20.5   9.8 
   303  20.0   8.6 
   304  21.8   9.9 
   305  21.7   8.5 
   306  20.8  10.3 
   307  20.7  11.0 
   308  21.0   9.4 
   309  20.6   8.6 
   310  19.9  10.5 
   311  20.0  10.6 
   312  19.8  10.4 
   313  19.7  10.0 
   314  19.9   8.8 
   315  18.5  10.8 
   316  16.2  11.8 
   317  18.0  11.8 
   318  18.2  10.5 
   319  18.0   9.0 
   320  18.5  10.8 
   321  19.4   7.4 
   322  17.2   8.8 
   323  18.3   9.0 
   324  17.4   8.5 
   325  14.8   9.0 
   326  17.7   8.4 
   327  17.0   7.8 
   328  17.6   7.5 
   329  17.2   8.4 
   330  18.2   9.2 
   331  18.8   8.0 
   332  19.2   7.6 
   333  18.2   7.3 
   334  16.3   5.5 
   335  15.5   7.8 
   336  15.7   4.2 
   337  14.2   2.2 
   338  18.2   2.2 
   339  17.3   3.6 
   340  15.6   2.2 
   341  14.8   3.5 
   342  15.4   3.4 
   343  15.6   4.5 
   344  13.7   4.2 
   345  14.4   4.8 
   346  13.4   4.4 
   347  14.3   5.6 
   348  16.2   4.0 
   349  16.2   4.4 
   350  15.6   4.6 
   351  16.4   5.7 
   352  17.2   4.3 
   353  16.7   4.2 
   354  15.5   3.8 
   355  15.4   6.2 
   356  15.5   5.8 
   357  19.1   5.0 
   358  17.6   4.5 
   359  16.7   4.5 
   360  15.5   4.8 
   361  16.8   5.4 
   362  15.4   3.2 
   363  15.0   3.7 
   364  12.5   5.0 
   365  15.2   5.0 
   366  16.0   5.8 
