2010.0 1.0 1.0   0.0  12.5   3.0   0.0   0.0   0.0
2010.0 1.0 2.0   0.0  15.5   2.8   0.0   0.0   0.0
2010.0 1.0 3.0   0.0  15.5   4.8   0.0   0.0   0.0
2010.0 1.0 4.0   0.0  13.0   4.8   0.0   0.0   0.0
2010.0 1.0 5.0   0.0  13.8   4.2   0.0   0.0   0.0
2010.0 1.0 6.0   0.0  16.0   4.5   0.0   0.0   0.0
2010.0 1.0 7.0   0.0  16.5   5.0   0.0   0.0   0.0
2010.0 1.0 8.0   0.0  17.5   6.3   0.0   0.0   0.0
2010.0 1.0 9.0   0.0  17.5   5.3   0.0   0.0   0.0
2010.0 1.010.0   0.0  17.0   4.8   0.0   0.0   0.0
2010.0 1.011.0   0.0  17.5   5.2   0.0   0.0   0.0
2010.0 1.012.0   0.0  17.5   6.0   0.0   0.0   0.0
2010.0 1.013.0   0.0  17.5   5.0   0.0   0.0   0.0
2010.0 1.014.0   0.0  17.4   6.0   0.0   0.0   0.0
2010.0 1.015.0   0.0  17.5   6.2   0.0   0.0   0.0
2010.0 1.016.0   0.0  17.5   6.5   0.0   0.0   0.0
2010.0 1.017.0   0.0  18.0   6.3   0.0   0.0   0.0
2010.0 1.018.0   0.0  17.5   7.2   0.0   0.0   0.0
2010.0 1.019.0   0.0  17.5   6.8   0.0   0.0   0.0
2010.0 1.020.0   0.0  17.2   7.2   0.0   0.0   0.0
2010.0 1.021.0   0.0  17.4   7.4   0.0   0.0   0.0
2010.0 1.022.0   0.0  17.4   7.0   0.0   0.0   0.0
2010.0 1.023.0   0.0  17.5   6.6   0.0   0.0   0.0
2010.0 1.024.0   0.0  18.0   6.3   0.0   0.0   0.0
2010.0 1.025.0   0.0  15.5   6.4   0.0   0.0   0.0
2010.0 1.026.0   0.0  16.5   6.2   0.0   0.0   0.0
2010.0 1.027.0   0.0  16.5   6.3   0.0   0.0   0.0
2010.0 1.028.0   0.0  16.5  10.5   0.0   0.0   0.0
2010.0 1.029.0   0.0  16.5  10.8   0.0   0.0   0.0
2010.0 1.030.0   0.0  16.5   8.7   0.0   0.0   0.0
2010.0 1.031.0   0.0  17.0   6.3   0.0   0.0   0.0
2010.0 2.0 1.0   0.0  14.0   6.0   0.0   0.0   0.0
2010.0 2.0 2.0   0.0  15.0   5.5   0.0   0.0   0.0
2010.0 2.0 3.0   0.0  14.8   5.0   0.0   0.0   0.0
2010.0 2.0 4.0   0.0  15.2   5.0   0.0   0.0   0.0
2010.0 2.0 5.0   0.0  15.0   4.5   0.0   0.0   0.0
2010.0 2.0 6.0   0.0  15.0   6.0   0.0   0.0   0.0
2010.0 2.0 7.0   0.0  16.2   6.2   0.0   0.0   0.0
2010.0 2.0 8.0   0.0  16.0   6.0   0.0   0.0   0.0
2010.0 2.0 9.0   0.0  16.5   6.0  36.2   0.0   0.0
2010.0 2.010.0   0.0  16.4   3.5  12.6   0.0   0.0
2010.0 2.011.0   0.0  17.5   5.8   0.0   0.0   0.0
2010.0 2.012.0   0.0  17.0   5.5   0.0   0.0   0.0
2010.0 2.013.0   0.0  17.4   5.8   6.8   0.0   0.0
2010.0 2.014.0   0.0  17.5   6.0   0.0   0.0   0.0
2010.0 2.015.0   0.0  16.8   5.8   0.0   0.0   0.0
2010.0 2.016.0   0.0  17.0   5.4   0.0   0.0   0.0
2010.0 2.017.0   0.0  16.3   7.0   0.0   0.0   0.0
2010.0 2.018.0   0.0  16.8   5.2   0.0   0.0   0.0
2010.0 2.019.0   0.0  17.4   5.3   0.0   0.0   0.0
2010.0 2.020.0   0.0  15.0   5.2   0.0   0.0   0.0
2010.0 2.021.0   0.0  15.2   8.5   0.0   0.0   0.0
2010.0 2.022.0   0.0  16.0   9.0   0.2   0.0   0.0
2010.0 2.023.0   0.0  17.2  10.0   0.0   0.0   0.0
2010.0 2.024.0   0.0  17.0   6.4   5.2   0.0   0.0
2010.0 2.025.0   0.0  19.0   7.5   0.0   0.0   0.0
2010.0 2.026.0   0.0  18.8   8.3   0.0   0.0   0.0
2010.0 2.027.0   0.0  19.0   8.2   0.2   0.0   0.0
2010.0 2.028.0   0.0  19.0   7.8   0.0   0.0   0.0
2010.0 3.0 1.0   0.0  19.0   7.5   0.0   0.0   0.0
2010.0 3.0 2.0   0.0  19.5   7.5   0.0   0.0   0.0
2010.0 3.0 3.0   0.0  19.5   9.8   0.0   0.0   0.0
2010.0 3.0 4.0   0.0  19.8  10.2   0.0   0.0   0.0
2010.0 3.0 5.0   0.0  20.3  11.5   0.0   0.0   0.0
2010.0 3.0 6.0   0.0  20.5   9.8   0.0   0.0   0.0
2010.0 3.0 7.0   0.0  21.2  10.0   0.0   0.0   0.0
2010.0 3.0 8.0   0.0  21.2  10.5   0.0   0.0   0.0
2010.0 3.0 9.0   0.0  21.4  10.5   0.0   0.0   0.0
2010.0 3.010.0   0.0  21.0  10.5   0.0   0.0   0.0
2010.0 3.011.0   0.0  21.3  10.2   1.6   0.0   0.0
2010.0 3.012.0   0.0  21.2  10.0   0.0   0.0   0.0
2010.0 3.013.0   0.0  21.0  10.3   0.0   0.0   0.0
2010.0 3.014.0   0.0  21.4  10.5   0.0   0.0   0.0
2010.0 3.015.0   0.0  20.8  10.7   0.0   0.0   0.0
2010.0 3.016.0   0.0  20.4  11.7   0.0   0.0   0.0
2010.0 3.017.0   0.0  22.2  11.8   0.0   0.0   0.0
2010.0 3.018.0   0.0  22.0  12.3   0.0   0.0   0.0
2010.0 3.019.0   0.0  23.8  13.0   0.0   0.0   0.0
2010.0 3.020.0   0.0  24.5  13.8   0.0   0.0   0.0
2010.0 3.021.0   0.0  23.0  14.8   0.0   0.0   0.0
2010.0 3.022.0   0.0  23.2  14.5   0.0   0.0   0.0
2010.0 3.023.0   0.0  25.2  15.5   0.0   0.0   0.0
2010.0 3.024.0   0.0  25.5  14.5   0.0   0.0   0.0
2010.0 3.025.0   0.0  25.2  14.3   0.0   0.0   0.0
2010.0 3.026.0   0.0  25.2  14.4   0.0   0.0   0.0
2010.0 3.027.0   0.0  25.5  14.4   0.0   0.0   0.0
2010.0 3.028.0   0.0  24.5  13.5   0.0   0.0   0.0
2010.0 3.029.0   0.0  25.2  14.0   0.0   0.0   0.0
2010.0 3.030.0   0.0  22.5  14.5   0.0   0.0   0.0
2010.0 3.031.0   0.0  23.0  10.5  35.7   0.0   0.0
2010.0 4.0 1.0   0.0  23.0  11.5   0.0   0.0   0.0
2010.0 4.0 2.0   0.0  23.8  13.0   0.0   0.0   0.0
2010.0 4.0 3.0   0.0  24.5  13.5   0.0   0.0   0.0
2010.0 4.0 4.0   0.0  25.5  15.0   0.0   0.0   0.0
2010.0 4.0 5.0   0.0  25.8  14.2   0.0   0.0   0.0
2010.0 4.0 6.0   0.0  26.0  14.5   0.0   0.0   0.0
2010.0 4.0 7.0   0.0  25.5  13.2   0.0   0.0   0.0
2010.0 4.0 8.0   0.0  25.5  14.3   0.0   0.0   0.0
2010.0 4.0 9.0   0.0  25.0  15.0   0.0   0.0   0.0
2010.0 4.010.0   0.0  25.5  14.8   0.0   0.0   0.0
2010.0 4.011.0   0.0  26.0  15.4   0.0   0.0   0.0
2010.0 4.012.0   0.0  26.2  14.5   0.0   0.0   0.0
2010.0 4.013.0   0.0  26.5  15.2   0.0   0.0   0.0
2010.0 4.014.0   0.0  26.2  15.0   0.0   0.0   0.0
2010.0 4.015.0   0.0  26.0  13.5   0.0   0.0   0.0
2010.0 4.016.0   0.0  22.5  16.0   0.0   0.0   0.0
2010.0 4.017.0   0.0  25.0  16.5   7.6   0.0   0.0
2010.0 4.018.0   0.0  22.0  15.0  25.3   0.0   0.0
2010.0 4.019.0   0.0  23.0  16.0  19.2   0.0   0.0
2010.0 4.020.0   0.0  24.0  15.3   0.0   0.0   0.0
2010.0 4.021.0   0.0  26.2  16.2   0.0   0.0   0.0
2010.0 4.022.0   0.0  26.0  16.0   0.0   0.0   0.0
2010.0 4.023.0   0.0  26.2  17.0   0.0   0.0   0.0
2010.0 4.024.0   0.0  26.0  16.8   0.0   0.0   0.0
2010.0 4.025.0   0.0  26.5  16.0   0.0   0.0   0.0
2010.0 4.026.0   0.0  26.5  15.5   0.0   0.0   0.0
2010.0 4.027.0   0.0  24.5  14.0   6.8   0.0   0.0
2010.0 4.028.0   0.0  20.5  14.5  14.8   0.0   0.0
2010.0 4.029.0   0.0  22.8  14.3   0.2   0.0   0.0
2010.0 4.030.0   0.0  20.0  14.5  24.4   0.0   0.0
2010.0 5.0 1.0   0.0  22.8  14.0  22.2   0.0   0.0
2010.0 5.0 2.0   0.0  23.0  14.5   0.8   0.0   0.0
2010.0 5.0 3.0   0.0  23.5  16.0   2.2   0.0   0.0
2010.0 5.0 4.0   0.0  24.0  15.0   5.4   0.0   0.0
2010.0 5.0 5.0   0.0  25.4  13.0   2.5   0.0   0.0
2010.0 5.0 6.0   0.0  25.0  14.0  19.8   0.0   0.0
2010.0 5.0 7.0   0.0  21.2  13.8   1.3   0.0   0.0
2010.0 5.0 8.0   0.0  21.8  15.0   2.0   0.0   0.0
2010.0 5.0 9.0   0.0  22.4  14.0   6.0   0.0   0.0
2010.0 5.010.0   0.0  22.5  16.0   0.0   0.0   0.0
2010.0 5.011.0   0.0  24.5  16.2   0.0   0.0   0.0
2010.0 5.012.0   0.0  25.0  16.0   0.0   0.0   0.0
2010.0 5.013.0   0.0  26.8  16.2   0.0   0.0   0.0
2010.0 5.014.0   0.0  26.5  16.0   0.0   0.0   0.0
2010.0 5.015.0   0.0  25.2  14.2   6.0   0.0   0.0
2010.0 5.016.0   0.0  25.5  15.0   0.0   0.0   0.0
2010.0 5.017.0   0.0  22.4  15.2   0.0   0.0   0.0
2010.0 5.018.0   0.0  24.5  15.2  10.2   0.0   0.0
2010.0 5.019.0   0.0  24.0  16.5   0.0   0.0   0.0
2010.0 5.020.0   0.0  25.2  15.4   1.6   0.0   0.0
2010.0 5.021.0   0.0  24.8  11.5  20.3   0.0   0.0
2010.0 5.022.0   0.0  24.8  16.2   0.0   0.0   0.0
2010.0 5.023.0   0.0  24.2  16.0  42.4   0.0   0.0
2010.0 5.024.0   0.0  22.2  13.8  28.0   0.0   0.0
2010.0 5.025.0   0.0  22.8  14.0   0.0   0.0   0.0
2010.0 5.026.0   0.0  24.5  14.2   1.3   0.0   0.0
2010.0 5.027.0   0.0  22.4  15.0  30.0   0.0   0.0
2010.0 5.028.0   0.0  24.0  14.0  69.2   0.0   0.0
2010.0 5.029.0   0.0  23.5  15.3   0.0   0.0   0.0
2010.0 5.030.0   0.0  23.8  15.8   0.4   0.0   0.0
2010.0 5.031.0   0.0  24.0  16.2   4.4   0.0   0.0
2010.0 6.0 1.0   0.0  24.2  14.5  19.5   0.0   0.0
2010.0 6.0 2.0   0.0  25.5  16.0  19.6   0.0   0.0
2010.0 6.0 3.0   0.0  25.0  16.5   7.4   0.0   0.0
2010.0 6.0 4.0   0.0  24.0  16.0  11.6   0.0   0.0
2010.0 6.0 5.0   0.0  23.3  16.5   0.7   0.0   0.0
2010.0 6.0 6.0   0.0  26.0  17.0   0.0   0.0   0.0
2010.0 6.0 7.0   0.0  25.5  16.2  15.7   0.0   0.0
2010.0 6.0 8.0   0.0  26.8  18.0   0.0   0.0   0.0
2010.0 6.0 9.0   0.0  26.5  18.0   0.0   0.0   0.0
2010.0 6.010.0   0.0  26.8  17.5   0.0   0.0   0.0
2010.0 6.011.0   0.0  25.5  17.8   0.0   0.0   0.0
2010.0 6.012.0   0.0  25.5  16.2   2.3   0.0   0.0
2010.0 6.013.0   0.0  25.5  14.5   7.6   0.0   0.0
2010.0 6.014.0   0.0  25.0  16.0   0.0   0.0   0.0
2010.0 6.015.0   0.0  26.0  17.2   0.5   0.0   0.0
2010.0 6.016.0   0.0  24.8  16.2  56.5   0.0   0.0
2010.0 6.017.0   0.0  24.2  16.5  49.2   0.0   0.0
2010.0 6.018.0   0.0  24.0  17.0   6.7   0.0   0.0
2010.0 6.019.0   0.0  25.0  17.2  52.8   0.0   0.0
2010.0 6.020.0   0.0  25.4  17.0 143.5   0.0   0.0
2010.0 6.021.0   0.0  25.5  18.0  18.7   0.0   0.0
2010.0 6.022.0   0.0  25.2  17.4   0.0   0.0   0.0
2010.0 6.023.0   0.0  25.0  16.5  57.6   0.0   0.0
2010.0 6.024.0   0.0  24.4  17.0  21.6   0.0   0.0
2010.0 6.025.0   0.0  24.5  17.5  12.4   0.0   0.0
2010.0 6.026.0   0.0  25.0  17.2  24.2   0.0   0.0
2010.0 6.027.0   0.0  25.5  17.4  12.4   0.0   0.0
2010.0 6.028.0   0.0  25.0  17.0  82.7   0.0   0.0
2010.0 6.029.0   0.0  25.0  17.2  13.5   0.0   0.0
2010.0 6.030.0   0.0  25.2  16.8  51.8   0.0   0.0
2010.0 7.0 1.0   0.0  25.0  17.2  97.5   0.0   0.0
2010.0 7.0 2.0   0.0  25.4  18.0   3.5   0.0   0.0
2010.0 7.0 3.0   0.0  25.2  17.4 134.2   0.0   0.0
2010.0 7.0 4.0   0.0  25.4  18.0  38.8   0.0   0.0
2010.0 7.0 5.0   0.0  25.5  17.5  21.8   0.0   0.0
2010.0 7.0 6.0   0.0  25.2  17.0  73.6   0.0   0.0
2010.0 7.0 7.0   0.0  24.5  18.5  18.5   0.0   0.0
2010.0 7.0 8.0   0.0  28.5  18.0  18.8   0.0   0.0
2010.0 7.0 9.0   0.0  24.0  16.5  15.6   0.0   0.0
2010.0 7.010.0   0.0  24.5  17.5   1.2   0.0   0.0
2010.0 7.011.0   0.0  23.5  18.5 187.6   0.0   0.0
2010.0 7.012.0   0.0  22.5  18.0  25.2   0.0   0.0
2010.0 7.013.0   0.0  23.0  17.5  17.3   0.0   0.0
2010.0 7.014.0   0.0  24.8  18.8  51.7   0.0   0.0
2010.0 7.015.0   0.0  23.0  19.0  19.2   0.0   0.0
2010.0 7.016.0   0.0  25.0  18.2   8.7   0.0   0.0
2010.0 7.017.0   0.0  24.5  16.5  11.2   0.0   0.0
2010.0 7.018.0   0.0  24.8  17.8  44.5   0.0   0.0
2010.0 7.019.0   0.0  24.8  17.8 100.2   0.0   0.0
2010.0 7.020.0   0.0  24.5  17.0  88.2   0.0   0.0
2010.0 7.021.0   0.0  24.0  17.2  15.5   0.0   0.0
2010.0 7.022.0   0.0  24.2  17.8 218.4   0.0   0.0
2010.0 7.023.0   0.0  23.5  17.8   0.2   0.0   0.0
2010.0 7.024.0   0.0  24.2  18.0 128.6   0.0   0.0
2010.0 7.025.0   0.0  25.4  18.2  52.2   0.0   0.0
2010.0 7.026.0   0.0  25.0  18.5  29.5   0.0   0.0
2010.0 7.027.0   0.0  29.5  17.0  92.4   0.0   0.0
2010.0 7.028.0   0.0  28.0  17.8   5.0   0.0   0.0
2010.0 7.029.0   0.0  28.8  17.0 141.3   0.0   0.0
2010.0 7.030.0   0.0  25.2  17.0 108.2   0.0   0.0
2010.0 7.031.0   0.0  25.5  19.5  49.5   0.0   0.0
2010.0 8.0 1.0   0.0  24.5  18.2  49.5   0.0   0.0
2010.0 8.0 2.0   0.0  24.5  17.5  52.2   0.0   0.0
2010.0 8.0 3.0   0.0  24.2  17.3  18.0   0.0   0.0
2010.0 8.0 4.0   0.0  23.0  17.2  30.2   0.0   0.0
2010.0 8.0 5.0   0.0  23.5  17.2 103.2   0.0   0.0
2010.0 8.0 6.0   0.0  22.5  18.2   2.2   0.0   0.0
2010.0 8.0 7.0   0.0  27.0  18.0 134.4   0.0   0.0
2010.0 8.0 8.0   0.0  24.0  18.2  76.0   0.0   0.0
2010.0 8.0 9.0   0.0  24.5  17.5  33.8   0.0   0.0
2010.0 8.010.0   0.0  24.5  18.0  63.2   0.0   0.0
2010.0 8.011.0   0.0  25.0  18.3  32.4   0.0   0.0
2010.0 8.012.0   0.0  24.5  19.4  15.0   0.0   0.0
2010.0 8.013.0   0.0  25.0  19.0  24.6   0.0   0.0
2010.0 8.014.0   0.0  25.0  18.5 103.2   0.0   0.0
2010.0 8.015.0   0.0  25.0  17.8   3.5   0.0   0.0
2010.0 8.016.0   0.0  24.2  18.5  63.5   0.0   0.0
2010.0 8.017.0   0.0  24.5  17.4  57.0   0.0   0.0
2010.0 8.018.0   0.0  25.2  18.5  76.5   0.0   0.0
2010.0 8.019.0   0.0  23.5  19.0  62.8   0.0   0.0
2010.0 8.020.0   0.0  21.8  18.2  27.5   0.0   0.0
2010.0 8.021.0   0.0  21.8  18.0  12.0   0.0   0.0
2010.0 8.022.0   0.0  21.0  17.2  89.5   0.0   0.0
2010.0 8.023.0   0.0  20.4  18.0 133.2   0.0   0.0
2010.0 8.024.0   0.0  20.6  17.5  16.4   0.0   0.0
2010.0 8.025.0   0.0  23.4  17.0   5.8   0.0   0.0
2010.0 8.026.0   0.0  22.5  17.5   0.2   0.0   0.0
2010.0 8.027.0   0.0  21.5  17.0  15.2   0.0   0.0
2010.0 8.028.0   0.0  21.0  17.8 147.0   0.0   0.0
2010.0 8.029.0   0.0  24.0  17.5   9.5   0.0   0.0
2010.0 8.030.0   0.0  24.0  17.5  64.2   0.0   0.0
2010.0 8.031.0   0.0  23.5  17.2  97.2   0.0   0.0
2010.0 9.0 1.0   0.0  24.0  16.8  34.0   0.0   0.0
2010.0 9.0 2.0   0.0  23.5  17.0  27.0   0.0   0.0
2010.0 9.0 3.0   0.0  23.0  18.0  38.0   0.0   0.0
2010.0 9.0 4.0   0.0  22.5  17.4  19.5   0.0   0.0
2010.0 9.0 5.0   0.0  23.0  16.8   0.8   0.0   0.0
2010.0 9.0 6.0   0.0  23.5  17.0  44.2   0.0   0.0
2010.0 9.0 7.0   0.0  23.5  16.8  39.0   0.0   0.0
2010.0 9.0 8.0   0.0  24.5  17.0  20.4   0.0   0.0
2010.0 9.0 9.0   0.0  24.5  17.5  25.5   0.0   0.0
2010.0 9.010.0   0.0  24.2  16.8  64.5   0.0   0.0
2010.0 9.011.0   0.0  24.5  17.0  54.0   0.0   0.0
2010.0 9.012.0   0.0  23.5  17.4  68.5   0.0   0.0
2010.0 9.013.0   0.0  23.0  16.5  48.5   0.0   0.0
2010.0 9.014.0   0.0  24.5  17.4  17.8   0.0   0.0
2010.0 9.015.0   0.0  24.0  17.5  67.4   0.0   0.0
2010.0 9.016.0   0.0  24.0  16.5  53.3   0.0   0.0
2010.0 9.017.0   0.0  24.2  16.0  25.2   0.0   0.0
2010.0 9.018.0   0.0  24.5  16.0  15.4   0.0   0.0
2010.0 9.019.0   0.0  23.5  17.0  39.5   0.0   0.0
2010.0 9.020.0   0.0  22.5  16.2   4.2   0.0   0.0
2010.0 9.021.0   0.0  22.5  16.2   4.0   0.0   0.0
2010.0 9.022.0   0.0  22.5  16.2   8.4   0.0   0.0
2010.0 9.023.0   0.0  23.0  15.8  38.5   0.0   0.0
2010.0 9.024.0   0.0  23.5  15.0  19.4   0.0   0.0
2010.0 9.025.0   0.0  24.5  16.2  15.0   0.0   0.0
2010.0 9.026.0   0.0  24.0  16.5  75.2   0.0   0.0
2010.0 9.027.0   0.0  23.2  14.0   8.4   0.0   0.0
2010.0 9.028.0   0.0  23.0  16.5   0.2   0.0   0.0
2010.0 9.029.0   0.0  23.0  16.5   1.2   0.0   0.0
2010.0 9.030.0   0.0  23.0  16.5  10.2   0.0   0.0
2010.010.0 1.0   0.0  23.0  16.5   4.0   0.0   0.0
2010.010.0 2.0   0.0  22.8  15.2   0.0   0.0   0.0
2010.010.0 3.0   0.0  23.0  14.8  11.5   0.0   0.0
2010.010.0 4.0   0.0  22.5  15.0   0.0   0.0   0.0
2010.010.0 5.0   0.0  23.8  14.8   0.0   0.0   0.0
2010.010.0 6.0   0.0  24.0  14.3   0.0   0.0   0.0
2010.010.0 7.0   0.0  23.5  14.2  35.2   0.0   0.0
2010.010.0 8.0   0.0  23.2  14.0   0.0   0.0   0.0
2010.010.0 9.0   0.0  22.5  13.5   3.5   0.0   0.0
2010.010.010.0   0.0  22.0  12.8   1.2   0.0   0.0
2010.010.011.0   0.0  21.5  12.4   1.4   0.0   0.0
2010.010.012.0   0.0  21.5  14.2   1.0   0.0   0.0
2010.010.013.0   0.0  22.5  13.2   0.0   0.0   0.0
2010.010.014.0   0.0  24.0  13.4   0.0   0.0   0.0
2010.010.015.0   0.0  23.0  12.8   0.0   0.0   0.0
2010.010.016.0   0.0  23.0  12.4  13.0   0.0   0.0
2010.010.017.0   0.0  23.5  13.2  39.2   0.0   0.0
2010.010.018.0   0.0  23.5  13.6   9.0   0.0   0.0
2010.010.019.0   0.0  24.0  13.2  17.0   0.0   0.0
2010.010.020.0   0.0  23.0  12.8  54.2   0.0   0.0
2010.010.021.0   0.0  23.5  13.0   5.8   0.0   0.0
2010.010.022.0   0.0  23.2  12.5   0.0   0.0   0.0
2010.010.023.0   0.0  23.0  12.0   3.8   0.0   0.0
2010.010.024.0   0.0  21.4  11.2   0.0   0.0   0.0
2010.010.025.0   0.0  21.0  12.5   0.0   0.0   0.0
2010.010.026.0   0.0  21.0  11.5   0.0   0.0   0.0
2010.010.027.0   0.0  20.5  10.5   0.0   0.0   0.0
2010.010.028.0   0.0  20.0  10.0   0.0   0.0   0.0
2010.010.029.0   0.0  21.0  10.8   0.0   0.0   0.0
2010.010.030.0   0.0  21.0  11.2   0.0   0.0   0.0
2010.010.031.0   0.0  21.2  12.8   0.0   0.0   0.0
2010.011.0 1.0   0.0  21.0  10.8   0.0   0.0   0.0
2010.011.0 2.0   0.0  21.5  11.0   0.0   0.0   0.0
2010.011.0 3.0   0.0  21.5  10.0  11.5   0.0   0.0
2010.011.0 4.0   0.0  21.8  10.0   0.0   0.0   0.0
2010.011.0 5.0   0.0  22.0  10.3   0.0   0.0   0.0
2010.011.0 6.0   0.0  21.5  10.5   0.0   0.0   0.0
2010.011.0 7.0   0.0  21.8  10.0   0.0   0.0   0.0
2010.011.0 8.0   0.0  22.5  10.2   0.0   0.0   0.0
2010.011.0 9.0   0.0  19.2  10.2   0.0   0.0   0.0
2010.011.010.0   0.0  19.0  10.0   0.0   0.0   0.0
2010.011.011.0   0.0  19.5  11.5   0.0   0.0   0.0
2010.011.012.0   0.0  20.0  10.2   0.0   0.0   0.0
2010.011.013.0   0.0  19.8  10.8   0.0   0.0   0.0
2010.011.014.0   0.0  19.5  11.0   0.0   0.0   0.0
2010.011.015.0   0.0  19.8  10.5   0.0   0.0   0.0
2010.011.016.0   0.0  19.5  10.0   0.0   0.0   0.0
2010.011.017.0   0.0  19.5   9.3   0.0   0.0   0.0
2010.011.018.0   0.0  19.8   9.5   0.0   0.0   0.0
2010.011.019.0   0.0  19.5   9.7   0.0   0.0   0.0
2010.011.020.0   0.0  19.5   9.5   1.5   0.0   0.0
2010.011.021.0   0.0  19.7   9.4   0.0   0.0   0.0
2010.011.022.0   0.0  15.4   9.3   0.8   0.0   0.0
2010.011.023.0   0.0  17.5   8.8   0.0   0.0   0.0
2010.011.024.0   0.0  18.2   9.5   1.3   0.0   0.0
2010.011.025.0   0.0  13.5  10.5   0.0   0.0   0.0
2010.011.026.0   0.0  13.5  10.5   0.0   0.0   0.0
2010.011.027.0   0.0  13.5   9.5   0.0   0.0   0.0
2010.011.028.0   0.0  18.0   6.8   0.0   0.0   0.0
2010.011.029.0   0.0  18.2   7.0   0.0   0.0   0.0
2010.011.030.0   0.0  18.0   6.6   0.0   0.0   0.0
2010.012.0 1.0   0.0  15.5   7.8   0.0   0.0   0.0
2010.012.0 2.0   0.0  15.4   6.5   0.0   0.0   0.0
2010.012.0 3.0   0.0  15.5   7.0   0.0   0.0   0.0
2010.012.0 4.0   0.0  15.0   6.8   0.0   0.0   0.0
2010.012.0 5.0   0.0  17.2   6.4   0.0   0.0   0.0
2010.012.0 6.0   0.0  18.0   6.0   0.0   0.0   0.0
2010.012.0 7.0   0.0  19.0   6.4   0.0   0.0   0.0
2010.012.0 8.0   0.0  19.0   8.0   0.0   0.0   0.0
2010.012.0 9.0   0.0  18.2   6.5   0.0   0.0   0.0
2010.012.010.0   0.0  18.5   7.0   0.0   0.0   0.0
2010.012.011.0   0.0  18.4   7.5   0.0   0.0   0.0
2010.012.012.0   0.0  18.0   7.5   0.0   0.0   0.0
2010.012.013.0   0.0  16.8   6.2   0.0   0.0   0.0
2010.012.014.0   0.0  15.0   5.5   0.0   0.0   0.0
2010.012.015.0   0.0  15.8   5.2   0.0   0.0   0.0
2010.012.016.0   0.0  16.0   5.2   0.0   0.0   0.0
2010.012.017.0   0.0  16.8   5.5   0.0   0.0   0.0
2010.012.018.0   0.0  17.0   5.2   0.0   0.0   0.0
2010.012.019.0   0.0  14.8   4.8   0.0   0.0   0.0
2010.012.020.0   0.0  13.5   4.5   0.0   0.0   0.0
2010.012.021.0   0.0  13.4   4.4   0.0   0.0   0.0
2010.012.022.0   0.0  13.0   4.5   0.0   0.0   0.0
2010.012.023.0   0.0  13.2   4.5   0.0   0.0   0.0
2010.012.024.0   0.0  12.5   4.2   0.0   0.0   0.0
2010.012.025.0   0.0  12.2   4.0   0.0   0.0   0.0
2010.012.026.0   0.0  13.2   4.0   0.0   0.0   0.0
2010.012.027.0   0.0  13.5   4.0   0.0   0.0   0.0
2010.012.028.0   0.0  15.0   3.5   0.0   0.0   0.0
2010.012.029.0   0.0  17.4   4.5   0.0   0.0   0.0
2010.012.030.0   0.0  17.5   4.2   0.0   0.0   0.0
2010.012.031.0   0.0  15.0   5.5   0.0   0.0   0.0
