1999.0 1.0 1.0   0.0  13.3   4.5   0.0   0.0   0.0
1999.0 1.0 2.0   0.0  15.0   4.5   0.0   0.0   0.0
1999.0 1.0 3.0   0.0  16.0   6.5   0.0   0.0   0.0
1999.0 1.0 4.0   0.0  16.5   6.8   0.0   0.0   0.0
1999.0 1.0 5.0   0.0  14.5   6.7   0.0   0.0   0.0
1999.0 1.0 6.0   0.0  13.5   6.3   0.0   0.0   0.0
1999.0 1.0 7.0   0.0  10.2   6.3   0.0   0.0   0.0
1999.0 1.0 8.0   0.0  13.0   3.8   0.0   0.0   0.0
1999.0 1.0 9.0   0.0   8.7   4.5   0.0   0.0   0.0
1999.0 1.010.0   0.0  11.5   3.2   0.8   0.0   0.0
1999.0 1.011.0   0.0  13.0   3.0   0.0   0.0   0.0
1999.0 1.012.0   0.0  12.5   3.0   0.0   0.0   0.0
1999.0 1.013.0   0.0  12.5   3.8   0.0   0.0   0.0
1999.0 1.014.0   0.0  13.6   3.9   0.0   0.0   0.0
1999.0 1.015.0   0.0  14.0   4.5   0.0   0.0   0.0
1999.0 1.016.0   0.0  12.0   4.2   0.0   0.0   0.0
1999.0 1.017.0   0.0  14.8   4.9   0.0   0.0   0.0
1999.0 1.018.0   0.0  15.2   5.5   0.0   0.0   0.0
1999.0 1.019.0   0.0  14.8   5.8   0.0   0.0   0.0
1999.0 1.020.0   0.0  14.8   6.1   0.0   0.0   0.0
1999.0 1.021.0   0.0  15.5   6.9   0.0   0.0   0.0
1999.0 1.022.0   0.0  17.7   6.8   0.0   0.0   0.0
1999.0 1.023.0   0.0  16.0   7.0   0.0   0.0   0.0
1999.0 1.024.0   0.0  17.5   7.8   0.0   0.0   0.0
1999.0 1.025.0   0.0  17.0   7.5   0.0   0.0   0.0
1999.0 1.026.0   0.0  16.2   6.5   0.0   0.0   0.0
1999.0 1.027.0   0.0  15.5   6.5   0.0   0.0   0.0
1999.0 1.028.0   0.0  15.0   6.5   0.0   0.0   0.0
1999.0 1.029.0   0.0  12.5   3.3  24.5   0.0   0.0
1999.0 1.030.0   0.0  14.0   4.0   7.0   0.0   0.0
1999.0 1.031.0   0.0  14.5   4.0   0.0   0.0   0.0
1999.0 2.0 1.0   0.0  14.5   5.5   0.0   0.0   0.0
1999.0 2.0 2.0   0.0  16.5   7.5   0.0   0.0   0.0
1999.0 2.0 3.0   0.0  15.5   8.0   0.0   0.0   0.0
1999.0 2.0 4.0   0.0  18.0   8.0   0.0   0.0   0.0
1999.0 2.0 5.0   0.0  16.7   8.3   0.0   0.0   0.0
1999.0 2.0 6.0   0.0  17.5   7.5   0.0   0.0   0.0
1999.0 2.0 7.0   0.0  16.6   8.0   0.0   0.0   0.0
1999.0 2.0 8.0   0.0  18.5   9.0   0.0   0.0   0.0
1999.0 2.0 9.0   0.0  18.5  11.5   0.0   0.0   0.0
1999.0 2.010.0   0.0  19.5  10.0   0.0   0.0   0.0
1999.0 2.011.0   0.0  19.8  10.0   0.0   0.0   0.0
1999.0 2.012.0   0.0  20.3  10.8   0.0   0.0   0.0
1999.0 2.013.0   0.0  21.8  10.8   0.0   0.0   0.0
1999.0 2.014.0   0.0  21.0  11.3   0.0   0.0   0.0
1999.0 2.015.0   0.0  18.5  11.4   0.0   0.0   0.0
1999.0 2.016.0   0.0  20.5  10.8   0.0   0.0   0.0
1999.0 2.017.0   0.0  21.8  11.5   0.0   0.0   0.0
1999.0 2.018.0   0.0  20.3  11.7   0.0   0.0   0.0
1999.0 2.019.0   0.0  20.0  11.0   0.0   0.0   0.0
1999.0 2.020.0   0.0  19.0   8.5   0.0   0.0   0.0
1999.0 2.021.0   0.0  19.0   8.5   0.0   0.0   0.0
1999.0 2.022.0   0.0  18.5   7.8  18.9   0.0   0.0
1999.0 2.023.0   0.0  18.0   9.9   0.0   0.0   0.0
1999.0 2.024.0   0.0  18.0  11.0   0.0   0.0   0.0
1999.0 2.025.0   0.0  17.5  11.2   0.0   0.0   0.0
1999.0 2.026.0   0.0  18.0  10.0   1.0   0.0   0.0
1999.0 2.027.0   0.0  20.0   9.0   0.8   0.0   0.0
1999.0 2.028.0   0.0  18.6   9.5   3.8   0.0   0.0
1999.0 3.0 1.0   0.0  18.3   7.5   0.0   0.0   0.0
1999.0 3.0 2.0   0.0  18.6   8.0   0.0   0.0   0.0
1999.0 3.0 3.0   0.0  19.0   9.6   0.0   0.0   0.0
1999.0 3.0 4.0   0.0  20.1  11.0   0.0   0.0   0.0
1999.0 3.0 5.0   0.0  20.5  11.4   0.0   0.0   0.0
1999.0 3.0 6.0   0.0  22.0  12.5   0.0   0.0   0.0
1999.0 3.0 7.0   0.0  22.0  13.0   0.0   0.0   0.0
1999.0 3.0 8.0   0.0  23.5  13.0   0.0   0.0   0.0
1999.0 3.0 9.0   0.0  23.3  13.3   0.0   0.0   0.0
1999.0 3.010.0   0.0  23.3  13.2   0.0   0.0   0.0
1999.0 3.011.0   0.0  23.2  11.0   0.0   0.0   0.0
1999.0 3.012.0   0.0  21.5  13.2   0.0   0.0   0.0
1999.0 3.013.0   0.0  20.9  10.0   0.0   0.0   0.0
1999.0 3.014.0   0.0  21.5   9.5   0.0   0.0   0.0
1999.0 3.015.0   0.0  18.5  11.0   0.0   0.0   0.0
1999.0 3.016.0   0.0  19.0  10.0   0.0   0.0   0.0
1999.0 3.017.0   0.0  21.5  10.8   0.0   0.0   0.0
1999.0 3.018.0   0.0  22.9  12.2   0.0   0.0   0.0
1999.0 3.019.0   0.0  23.2  11.7   0.0   0.0   0.0
1999.0 3.020.0   0.0  23.1  10.4   0.0   0.0   0.0
1999.0 3.021.0   0.0  21.5   8.4   0.0   0.0   0.0
1999.0 3.022.0   0.0  21.0  11.2   0.0   0.0   0.0
1999.0 3.023.0   0.0  20.0  11.3   0.0   0.0   0.0
1999.0 3.024.0   0.0  20.6  10.2   0.0   0.0   0.0
1999.0 3.025.0   0.0  22.0  10.9   0.0   0.0   0.0
1999.0 3.026.0   0.0  21.0  12.4   0.0   0.0   0.0
1999.0 3.027.0   0.0  21.0  11.3   0.0   0.0   0.0
1999.0 3.028.0   0.0  21.0  11.0   0.0   0.0   0.0
1999.0 3.029.0   0.0  21.0  12.5   0.0   0.0   0.0
1999.0 3.030.0   0.0  21.8  13.5   0.0   0.0   0.0
1999.0 3.031.0   0.0  22.4  13.5   0.0   0.0   0.0
1999.0 4.0 1.0   0.0  25.0  14.3   0.0   0.0   0.0
1999.0 4.0 2.0   0.0  25.5  15.5   0.0   0.0   0.0
1999.0 4.0 3.0   0.0  26.0  15.5   0.0   0.0   0.0
1999.0 4.0 4.0   0.0  26.4  15.5   0.0   0.0   0.0
1999.0 4.0 5.0   0.0  26.4  16.8   0.0   0.0   0.0
1999.0 4.0 6.0   0.0  23.2  14.7   0.0   0.0   0.0
1999.0 4.0 7.0   0.0  23.8  13.5   0.0   0.0   0.0
1999.0 4.0 8.0   0.0  22.0  10.6   0.0   0.0   0.0
1999.0 4.0 9.0   0.0  20.0  10.5  17.0   0.0   0.0
1999.0 4.010.0   0.0  22.0  13.8   0.0   0.0   0.0
1999.0 4.011.0   0.0  23.0  15.2   0.0   0.0   0.0
1999.0 4.012.0   0.0  23.2  17.0   0.0   0.0   0.0
1999.0 4.013.0   0.0  25.5  17.8   0.0   0.0   0.0
1999.0 4.014.0   0.0  26.5  17.5   0.0   0.0   0.0
1999.0 4.015.0   0.0  26.5  16.8   0.0   0.0   0.0
1999.0 4.016.0   0.0  26.6  15.2   0.0   0.0   0.0
1999.0 4.017.0   0.0  26.5  14.9   0.0   0.0   0.0
1999.0 4.018.0   0.0  23.0  14.5   0.0   0.0   0.0
1999.0 4.019.0   0.0  23.0  14.7   0.0   0.0   0.0
1999.0 4.020.0   0.0  23.0  14.8   0.0   0.0   0.0
1999.0 4.021.0   0.0  24.8  17.5   0.0   0.0   0.0
1999.0 4.022.0   0.0  24.8  18.3   0.0   0.0   0.0
1999.0 4.023.0   0.0  26.0  17.0   0.0   0.0   0.0
1999.0 4.024.0   0.0  26.2  17.5   0.0   0.0   0.0
1999.0 4.025.0   0.0  26.6  17.5   0.0   0.0   0.0
1999.0 4.026.0   0.0  27.6  18.4   0.0   0.0   0.0
1999.0 4.027.0   0.0  26.9  18.0   0.0   0.0   0.0
1999.0 4.028.0   0.0  29.0  18.0   0.0   0.0   0.0
1999.0 4.029.0   0.0  28.2  18.4   0.0   0.0   0.0
1999.0 4.030.0   0.0  24.5  17.7   0.0   0.0   0.0
1999.0 5.0 1.0   0.0  25.0  12.0   0.0   0.0   0.0
1999.0 5.0 2.0   0.0  25.5  13.8  32.5   0.0   0.0
1999.0 5.0 3.0   0.0  25.5  16.5   4.6   0.0   0.0
1999.0 5.0 4.0   0.0  24.4  16.0  10.0   0.0   0.0
1999.0 5.0 5.0   0.0  24.3  15.6  15.5   0.0   0.0
1999.0 5.0 6.0   0.0  23.4  17.2   3.9   0.0   0.0
1999.0 5.0 7.0   0.0  22.6  17.0   2.8   0.0   0.0
1999.0 5.0 8.0   0.0  24.1  15.4   5.5   0.0   0.0
1999.0 5.0 9.0   0.0  23.5  11.0  11.0   0.0   0.0
1999.0 5.010.0   0.0  21.5  11.7  26.3   0.0   0.0
1999.0 5.011.0   0.0  21.1  13.7   0.0   0.0   0.0
1999.0 5.012.0   0.0  19.5  12.3  10.8   0.0   0.0
1999.0 5.013.0   0.0  19.8  14.5   0.0   0.0   0.0
1999.0 5.014.0   0.0  17.8  12.8   4.0   0.0   0.0
1999.0 5.015.0   0.0  20.5  12.5  13.0   0.0   0.0
1999.0 5.016.0   0.0  19.7  13.8  15.2   0.0   0.0
1999.0 5.017.0   0.0  23.0  14.8   4.0   0.0   0.0
1999.0 5.018.0   0.0  23.4  14.0   7.6   0.0   0.0
1999.0 5.019.0   0.0  24.0  14.4   0.0   0.0   0.0
1999.0 5.020.0   0.0  20.7  16.4   0.0   0.0   0.0
1999.0 5.021.0   0.0  21.5  15.5   1.6   0.0   0.0
1999.0 5.022.0   0.0  21.5  16.5  14.1   0.0   0.0
1999.0 5.023.0   0.0  21.5  16.5  84.0   0.0   0.0
1999.0 5.024.0   0.0  19.0  17.3  14.8   0.0   0.0
1999.0 5.025.0   0.0  23.5  18.0  18.0   0.0   0.0
1999.0 5.026.0   0.0  23.0  17.2  64.0   0.0   0.0
1999.0 5.027.0   0.0  22.6  17.0  52.8   0.0   0.0
1999.0 5.028.0   0.0  22.4  17.1  74.0   0.0   0.0
1999.0 5.029.0   0.0  22.4  16.7  26.5   0.0   0.0
1999.0 5.030.0   0.0  23.5  16.0  30.2   0.0   0.0
1999.0 5.031.0   0.0  23.0  14.2   0.0   0.0   0.0
1999.0 6.0 1.0   0.0  24.5  15.4  12.9   0.0   0.0
1999.0 6.0 2.0   0.0  24.0  15.0   6.8   0.0   0.0
1999.0 6.0 3.0   0.0  22.8  14.6   0.3   0.0   0.0
1999.0 6.0 4.0   0.0  23.2  15.0   0.0   0.0   0.0
1999.0 6.0 5.0   0.0  25.0  15.0   0.0   0.0   0.0
1999.0 6.0 6.0   0.0  24.9  16.5   0.0   0.0   0.0
1999.0 6.0 7.0   0.0  25.5  17.0   0.0   0.0   0.0
1999.0 6.0 8.0   0.0  25.5  17.8   1.1   0.0   0.0
1999.0 6.0 9.0   0.0  26.0  20.0   0.0   0.0   0.0
1999.0 6.010.0   0.0  25.2  17.4  26.5   0.0   0.0
1999.0 6.011.0   0.0  23.6  17.2  21.6   0.0   0.0
1999.0 6.012.0   0.0  18.5  16.2  21.0   0.0   0.0
1999.0 6.013.0   0.0  22.5  15.3 263.7   0.0   0.0
1999.0 6.014.0   0.0  23.2  16.8  14.3   0.0   0.0
1999.0 6.015.0   0.0  24.4  17.6   5.5   0.0   0.0
1999.0 6.016.0   0.0  23.3  17.7  43.2   0.0   0.0
1999.0 6.017.0   0.0  23.5  17.2 108.9   0.0   0.0
1999.0 6.018.0   0.0  21.5  18.4  28.7   0.0   0.0
1999.0 6.019.0   0.0  23.5  18.0 115.0   0.0   0.0
1999.0 6.020.0   0.0  24.0  17.8  17.0   0.0   0.0
1999.0 6.021.0   0.0  23.5  17.5  23.0   0.0   0.0
1999.0 6.022.0   0.0  22.0  16.0  17.4   0.0   0.0
1999.0 6.023.0   0.0  23.5  18.0  21.5   0.0   0.0
1999.0 6.024.0   0.0  22.5  17.5  93.0   0.0   0.0
1999.0 6.025.0   0.0  23.0  18.0 137.0   0.0   0.0
1999.0 6.026.0   0.0  23.5  18.5  12.0   0.0   0.0
1999.0 6.027.0   0.0  23.0  17.5 108.0   0.0   0.0
1999.0 6.028.0   0.0  22.8  16.5  20.0   0.0   0.0
1999.0 6.029.0   0.0  23.6  17.0   0.0   0.0   0.0
1999.0 6.030.0   0.0  22.8  17.4  48.2   0.0   0.0
1999.0 7.0 1.0   0.0  22.8  18.6  20.4   0.0   0.0
1999.0 7.0 2.0   0.0  20.0  18.2  14.5   0.0   0.0
1999.0 7.0 3.0   0.0  20.0  17.9  19.5   0.0   0.0
1999.0 7.0 4.0   0.0  21.5  17.4  29.3   0.0   0.0
1999.0 7.0 5.0   0.0  23.9  17.3   7.4   0.0   0.0
1999.0 7.0 6.0   0.0  23.9  17.7  35.2   0.0   0.0
1999.0 7.0 7.0   0.0  24.0  17.8  29.5   0.0   0.0
1999.0 7.0 8.0   0.0  22.8  18.5  46.5   0.0   0.0
1999.0 7.0 9.0   0.0  23.3  18.0  29.5   0.0   0.0
1999.0 7.010.0   0.0  22.0  19.0  56.0   0.0   0.0
1999.0 7.011.0   0.0  22.0  16.5 136.0   0.0   0.0
1999.0 7.012.0   0.0  20.5  18.0   4.2   0.0   0.0
1999.0 7.013.0   0.0  22.8  17.5  18.0   0.0   0.0
1999.0 7.014.0   0.0  23.0  18.0  25.4   0.0   0.0
1999.0 7.015.0   0.0  23.2  18.5   8.4   0.0   0.0
1999.0 7.016.0   0.0  23.3  18.0  42.5   0.0   0.0
1999.0 7.017.0   0.0  22.0  17.5   2.0   0.0   0.0
1999.0 7.018.0   0.0  23.5  17.5  56.0   0.0   0.0
1999.0 7.019.0   0.0  21.0  17.4  57.2   0.0   0.0
1999.0 7.020.0   0.0  20.8  17.8 117.0   0.0   0.0
1999.0 7.021.0   0.0  23.0  17.0   9.0   0.0   0.0
1999.0 7.022.0   0.0  23.7  17.3  56.6   0.0   0.0
1999.0 7.023.0   0.0  22.5  17.4  18.1   0.0   0.0
1999.0 7.024.0   0.0  20.5  18.0  93.0   0.0   0.0
1999.0 7.025.0   0.0  21.5  18.2  38.5   0.0   0.0
1999.0 7.026.0   0.0  19.7  17.4  33.1   0.0   0.0
1999.0 7.027.0   0.0  20.4  17.0  39.0   0.0   0.0
1999.0 7.028.0   0.0  22.8  17.4  24.7   0.0   0.0
1999.0 7.029.0   0.0  22.8  18.5   2.0   0.0   0.0
1999.0 7.030.0   0.0  24.5  17.8  30.6   0.0   0.0
1999.0 7.031.0   0.0  25.0  17.0  36.8   0.0   0.0
1999.0 8.0 1.0   0.0  26.0  18.8   0.0   0.0   0.0
1999.0 8.0 2.0   0.0  24.2  18.5  63.5   0.0   0.0
1999.0 8.0 3.0   0.0  24.3  18.2   5.0   0.0   0.0
1999.0 8.0 4.0   0.0  24.4  18.0  71.0   0.0   0.0
1999.0 8.0 5.0   0.0  22.6  18.3  61.3   0.0   0.0
1999.0 8.0 6.0   0.0  25.0  17.0  21.7   0.0   0.0
1999.0 8.0 7.0   0.0  23.5  12.0   0.0   0.0   0.0
1999.0 8.0 8.0   0.0  23.5  17.5  62.3   0.0   0.0
1999.0 8.0 9.0   0.0  24.5  17.5  25.2   0.0   0.0
1999.0 8.010.0   0.0  24.0  18.0  25.4   0.0   0.0
1999.0 8.011.0   0.0  21.0  18.3   4.0   0.0   0.0
1999.0 8.012.0   0.0  22.5  18.0  28.8   0.0   0.0
1999.0 8.013.0   0.0  19.8  17.5  88.0   0.0   0.0
1999.0 8.014.0   0.0  20.5  17.0  47.3   0.0   0.0
1999.0 8.015.0   0.0  20.0  17.0  26.9   0.0   0.0
1999.0 8.016.0   0.0  23.0  18.0   8.8   0.0   0.0
1999.0 8.017.0   0.0  21.8  17.5  24.7   0.0   0.0
1999.0 8.018.0   0.0  21.2  17.0 109.0   0.0   0.0
1999.0 8.019.0   0.0  22.0  17.5  38.0   0.0   0.0
1999.0 8.020.0   0.0  21.0  17.5   8.7   0.0   0.0
1999.0 8.021.0   0.0  21.8  17.6   3.8   0.0   0.0
1999.0 8.022.0   0.0  21.5  18.0  60.5   0.0   0.0
1999.0 8.023.0   0.0  20.0  18.0  67.3   0.0   0.0
1999.0 8.024.0   0.0  24.5  18.0  21.7   0.0   0.0
1999.0 8.025.0   0.0  19.4  17.3  77.2   0.0   0.0
1999.0 8.026.0   0.0  18.0  16.5 100.5   0.0   0.0
1999.0 8.027.0   0.0  20.0  16.0  16.0   0.0   0.0
1999.0 8.028.0   0.0  22.0  16.5  75.5   0.0   0.0
1999.0 8.029.0   0.0  22.0  17.0  27.8   0.0   0.0
1999.0 8.030.0   0.0  23.8  17.0 144.8   0.0   0.0
1999.0 8.031.0   0.0  24.2  17.0  97.0   0.0   0.0
1999.0 9.0 1.0   0.0  23.0  16.5 116.0   0.0   0.0
1999.0 9.0 2.0   0.0  22.0  17.0  60.5   0.0   0.0
1999.0 9.0 3.0   0.0  22.5  16.5  81.0   0.0   0.0
1999.0 9.0 4.0   0.0  21.0  17.4  83.0   0.0   0.0
1999.0 9.0 5.0   0.0  24.0  17.5  14.2   0.0   0.0
1999.0 9.0 6.0   0.0  22.5  18.0   4.4   0.0   0.0
1999.0 9.0 7.0   0.0  22.8  17.5  42.0   0.0   0.0
1999.0 9.0 8.0   0.0  21.6  17.3  33.5   0.0   0.0
1999.0 9.0 9.0   0.0  21.0  17.0  47.3   0.0   0.0
1999.0 9.010.0   0.0  22.0  16.5 129.0   0.0   0.0
1999.0 9.011.0   0.0  21.8  16.5  10.1   0.0   0.0
1999.0 9.012.0   0.0  23.0  16.5  80.4   0.0   0.0
1999.0 9.013.0   0.0  21.0  16.6  45.3   0.0   0.0
1999.0 9.014.0   0.0  22.0  17.0   5.7   0.0   0.0
1999.0 9.015.0   0.0  22.2  17.4  14.1   0.0   0.0
1999.0 9.016.0   0.0  22.0  17.0  34.8   0.0   0.0
1999.0 9.017.0   0.0  21.0  17.0  37.5   0.0   0.0
1999.0 9.018.0   0.0  22.0  17.0  33.5   0.0   0.0
1999.0 9.019.0   0.0  22.8  17.0  72.0   0.0   0.0
1999.0 9.020.0   0.0  23.5  17.0  96.5   0.0   0.0
1999.0 9.021.0   0.0  23.2  14.8  13.3   0.0   0.0
1999.0 9.022.0   0.0  22.5  16.3  82.5   0.0   0.0
1999.0 9.023.0   0.0  21.5  16.6  36.5   0.0   0.0
1999.0 9.024.0   0.0  22.0  16.5  14.2   0.0   0.0
1999.0 9.025.0   0.0  20.3  16.5  40.5   0.0   0.0
1999.0 9.026.0   0.0  21.5  17.0  23.5   0.0   0.0
1999.0 9.027.0   0.0  20.5  15.0  12.0   0.0   0.0
1999.0 9.028.0   0.0  23.0  16.2  47.0   0.0   0.0
1999.0 9.029.0   0.0  21.8  16.0  23.9   0.0   0.0
1999.0 9.030.0   0.0  22.7  16.0  30.9   0.0   0.0
1999.010.0 1.0   0.0  21.8  16.2  18.0   0.0   0.0
1999.010.0 2.0   0.0  21.6  15.0  27.4   0.0   0.0
1999.010.0 3.0   0.0  18.5  14.0  53.3   0.0   0.0
1999.010.0 4.0   0.0  20.5  15.2   0.0   0.0   0.0
1999.010.0 5.0   0.0  21.0  16.0  22.2   0.0   0.0
1999.010.0 6.0   0.0  18.0  15.5  32.8   0.0   0.0
1999.010.0 7.0   0.0  20.6  14.5   3.5   0.0   0.0
1999.010.0 8.0   0.0  22.2  15.0   4.5   0.0   0.0
1999.010.0 9.0   0.0  21.5  16.5   0.0   0.0   0.0
1999.010.010.0   0.0  21.2  15.0   0.5   0.0   0.0
1999.010.011.0   0.0  20.5  14.0  33.8   0.0   0.0
1999.010.012.0   0.0  21.0  13.5   0.4   0.0   0.0
1999.010.013.0   0.0  20.7  12.4   5.5   0.0   0.0
1999.010.014.0   0.0  20.8  12.2   0.2   0.0   0.0
1999.010.015.0   0.0  22.0  12.8   0.0   0.0   0.0
1999.010.016.0   0.0  21.0  13.3   0.0   0.0   0.0
1999.010.017.0   0.0  21.5  13.0   0.2   0.0   0.0
1999.010.018.0   0.0  20.7  13.0   8.7   0.0   0.0
1999.010.019.0   0.0  16.5  12.5   0.0   0.0   0.0
1999.010.020.0   0.0  18.5  12.0   5.2   0.0   0.0
1999.010.021.0   0.0  20.0  11.5  33.0   0.0   0.0
1999.010.022.0   0.0  20.0  12.7   0.3   0.0   0.0
1999.010.023.0   0.0  22.0  13.4   0.0   0.0   0.0
1999.010.024.0   0.0  21.4  12.2   0.0   0.0   0.0
1999.010.025.0   0.0  19.8  11.8   0.0   0.0   0.0
1999.010.026.0   0.0  21.5  12.7   0.0   0.0   0.0
1999.010.027.0   0.0  21.7  13.0   0.0   0.0   0.0
1999.010.028.0   0.0  23.5  13.0   0.0   0.0   0.0
1999.010.029.0   0.0  21.0  14.3   0.0   0.0   0.0
1999.010.030.0   0.0  21.5  13.0   0.0   0.0   0.0
1999.010.031.0   0.0  21.5  13.0   0.0   0.0   0.0
1999.011.0 1.0   0.0  22.5  12.0   0.0   0.0   0.0
1999.011.0 2.0   0.0  22.0  12.2   0.0   0.0   0.0
1999.011.0 3.0   0.0  20.0  12.3   0.0   0.0   0.0
1999.011.0 4.0   0.0  19.5  12.0   0.3   0.0   0.0
1999.011.0 5.0   0.0  19.5  11.3   0.0   0.0   0.0
1999.011.0 6.0   0.0  19.0  11.8   0.0   0.0   0.0
1999.011.0 7.0   0.0  19.5  10.5   0.0   0.0   0.0
1999.011.0 8.0   0.0  16.5  10.7   0.0   0.0   0.0
1999.011.0 9.0   0.0  19.5  10.5   0.0   0.0   0.0
1999.011.010.0   0.0  19.0   9.7   0.0   0.0   0.0
1999.011.011.0   0.0  17.3   9.6   0.0   0.0   0.0
1999.011.012.0   0.0  17.3  11.0   0.0   0.0   0.0
1999.011.013.0   0.0  17.5   9.5   0.0   0.0   0.0
1999.011.014.0   0.0  17.0  10.0   0.2   0.0   0.0
1999.011.015.0   0.0  18.0  11.5   0.0   0.0   0.0
1999.011.016.0   0.0  17.7  10.3   0.0   0.0   0.0
1999.011.017.0   0.0  16.5  10.2   0.0   0.0   0.0
1999.011.018.0   0.0  16.5   9.2   0.0   0.0   0.0
1999.011.019.0   0.0  15.6   8.5   0.0   0.0   0.0
1999.011.020.0   0.0  13.8   8.5   0.2   0.0   0.0
1999.011.021.0   0.0  15.5   5.7   0.0   0.0   0.0
1999.011.022.0   0.0  15.5   8.0   0.0   0.0   0.0
1999.011.023.0   0.0  16.0   7.7   0.0   0.0   0.0
1999.011.024.0   0.0  14.5   7.4   0.0   0.0   0.0
1999.011.025.0   0.0  16.0   9.8   0.0   0.0   0.0
1999.011.026.0   0.0  18.0   9.5   0.5   0.0   0.0
1999.011.027.0   0.0  16.4   8.5   0.0   0.0   0.0
1999.011.028.0   0.0  12.3   9.5   0.9   0.0   0.0
1999.011.029.0   0.0  17.2   8.4   0.0   0.0   0.0
1999.011.030.0   0.0  16.8   8.7   0.0   0.0   0.0
1999.012.0 1.0   0.0  16.8   8.8   0.0   0.0   0.0
1999.012.0 2.0   0.0  16.5   8.5   0.0   0.0   0.0
1999.012.0 3.0   0.0  15.6   9.0   0.0   0.0   0.0
1999.012.0 4.0   0.0  16.0   7.5   0.0   0.0   0.0
1999.012.0 5.0   0.0  16.0   7.8   0.0   0.0   0.0
1999.012.0 6.0   0.0  15.6   7.5   0.2   0.0   0.0
1999.012.0 7.0   0.0  15.5   7.3   0.0   0.0   0.0
1999.012.0 8.0   0.0  12.0   8.2   0.0   0.0   0.0
1999.012.0 9.0   0.0  15.5   5.4   1.2   0.0   0.0
1999.012.010.0   0.0  15.6   6.4   0.0   0.0   0.0
1999.012.011.0   0.0  17.0   6.8   0.0   0.0   0.0
1999.012.012.0   0.0  16.4   7.0   0.0   0.0   0.0
1999.012.013.0   0.0  16.5   7.0   0.0   0.0   0.0
1999.012.014.0   0.0  15.5   7.0   0.0   0.0   0.0
1999.012.015.0   0.0  15.0   8.0   0.0   0.0   0.0
1999.012.016.0   0.0  15.2   7.0   0.0   0.0   0.0
1999.012.017.0   0.0  16.0   6.8   0.0   0.0   0.0
1999.012.018.0   0.0  17.4   5.3   0.0   0.0   0.0
1999.012.019.0   0.0  17.3   8.0   0.0   0.0   0.0
1999.012.020.0   0.0  14.7   6.0   0.0   0.0   0.0
1999.012.021.0   0.0  13.7   6.5   0.0   0.0   0.0
1999.012.022.0   0.0   9.5   7.4   0.1   0.0   0.0
1999.012.023.0   0.0  13.0   6.0   0.0   0.0   0.0
1999.012.024.0   0.0  12.7   7.0   0.0   0.0   0.0
1999.012.025.0   0.0  14.2   5.8   0.2   0.0   0.0
1999.012.026.0   0.0  13.5   6.0   0.0   0.0   0.0
1999.012.027.0   0.0  12.5   5.0   0.0   0.0   0.0
1999.012.028.0   0.0  13.5   5.4   0.0   0.0   0.0
1999.012.029.0   0.0  14.0   6.0   0.0   0.0   0.0
1999.012.030.0   0.0  11.5   6.0   0.0   0.0   0.0
1999.012.031.0   0.0  13.0   5.8   0.0   0.0   0.0
