  2000   1   1     0  14.0   5.5   0.0     0     0
  2000   1   2     0  14.5   5.7   0.0     0     0
  2000   1   3     0  15.6   6.0   0.0     0     0
  2000   1   4     0  15.0   5.6   0.0     0     0
  2000   1   5     0  14.5   5.7   0.0     0     0
  2000   1   6     0  13.8   6.0   0.0     0     0
  2000   1   7     0  13.0   5.3   0.0     0     0
  2000   1   8     0  13.4   5.5   0.0     0     0
  2000   1   9     0  12.0   5.5   0.0     0     0
  2000   1  10     0  13.0   5.5   0.0     0     0
  2000   1  11     0  14.3   6.5   0.0     0     0
  2000   1  12     0  16.7   6.8   0.0     0     0
  2000   1  13     0  11.5   5.8   2.8     0     0
  2000   1  14     0  13.5   5.0   2.9     0     0
  2000   1  15     0  14.0   5.0   0.0     0     0
  2000   1  16     0  15.0   4.4   0.0     0     0
  2000   1  17     0  15.5   4.6   0.0     0     0
  2000   1  18     0  12.4   5.6   0.0     0     0
  2000   1  19     0  14.0   5.0   0.0     0     0
  2000   1  20     0  13.0   5.3   0.0     0     0
  2000   1  21     0  10.3   5.5   0.0     0     0
  2000   1  22     0  10.0   4.4   0.0     0     0
  2000   1  23     0   9.3   4.5   1.6     0     0
  2000   1  24     0   9.5   6.2   0.8     0     0
  2000   1  25     0  12.2   4.8   0.4     0     0
  2000   1  26     0  14.0   5.3   0.0     0     0
  2000   1  27     0  14.5   4.5   0.9     0     0
  2000   1  28     0  13.2   4.5   4.1     0     0
  2000   1  29     0  13.6   4.0   0.0     0     0
  2000   1  30     0  13.2   4.6   0.0     0     0
  2000   1  31     0   9.9   6.2   0.0     0     0
  2000   2   1     0   9.0   5.5   0.0     0     0
  2000   2   2     0  13.0   3.5   2.0     0     0
  2000   2   3     0  13.5   5.0   0.0     0     0
  2000   2   4     0  13.8   5.7   0.0     0     0
  2000   2   5     0   9.0   6.0   0.0     0     0
  2000   2   6     0  11.7   4.0  10.5     0     0
  2000   2   7     0   8.5   5.0   1.0     0     0
  2000   2   8     0  14.0   4.2   0.6     0     0
  2000   2   9     0  13.3   4.0   7.2     0     0
  2000   2  10     0  13.8   4.5   0.0     0     0
  2000   2  11     0  13.0   5.0   0.0     0     0
  2000   2  12     0  13.5   4.6  12.0     0     0
  2000   2  13     0  14.5   5.0   0.0     0     0
  2000   2  14     0  14.5   4.8   0.0     0     0
  2000   2  15     0  18.0   4.4   0.0     0     0
  2000   2  16     0  14.0   7.4   0.0     0     0
  2000   2  17     0  14.5   6.0   0.0     0     0
  2000   2  18     0  12.5   3.5   0.0     0     0
  2000   2  19     0  14.5   3.7   0.0     0     0
  2000   2  20     0  13.3   3.5   0.0     0     0
  2000   2  21     0  14.5   4.0   0.0     0     0
  2000   2  22     0  14.5   5.0   0.0     0     0
  2000   2  23     0  15.6   4.8   0.0     0     0
  2000   2  24     0  16.0   5.0   0.0     0     0
  2000   2  25     0  15.0   5.5   0.0     0     0
  2000   2  26     0  12.5   4.6   0.0     0     0
  2000   2  27     0  12.0   3.5   6.8     0     0
  2000   2  28     0   9.5   6.7   0.0     0     0
  2000   2  29     0  10.0   6.5   0.4     0     0
  2000   3   1     0  10.5   8.0   0.0     0     0
  2000   3   2     0  16.0   7.0   0.0     0     0
  2000   3   3     0  14.3   6.7   7.5     0     0
  2000   3   4     0  17.5   7.0   0.0     0     0
  2000   3   5     0  19.0   8.0   0.0     0     0
  2000   3   6     0  19.0   8.5   0.0     0     0
  2000   3   7     0  20.5   8.5   0.0     0     0
  2000   3   8     0  18.8   9.8   0.0     0     0
  2000   3   9     0  17.0   8.0   0.0     0     0
  2000   3  10     0  16.0   7.0   0.0     0     0
  2000   3  11     0  16.8   8.0   0.0     0     0
  2000   3  12     0  17.0   8.0   0.0     0     0
  2000   3  13     0  16.0   7.5   1.0     0     0
  2000   3  14     0  17.0   6.2   6.2     0     0
  2000   3  15     0  18.0   7.5   0.0     0     0
  2000   3  16     0  17.4   8.6   0.0     0     0
  2000   3  17     0  17.5   8.4   0.0     0     0
  2000   3  18     0  18.0   8.0   0.0     0     0
  2000   3  19     0  19.5   9.2   0.0     0     0
  2000   3  20     0  20.0   9.5   2.5     0     0
  2000   3  21     0  19.5   8.5   0.0     0     0
  2000   3  22     0  21.5   8.0   6.0     0     0
  2000   3  23     0  13.8   6.5   4.7     0     0
  2000   3  24     0  18.5   5.6  19.5     0     0
  2000   3  25     0  19.5   8.2   0.0     0     0
  2000   3  26     0  20.5  10.5   0.0     0     0
  2000   3  27     0  21.0  11.5   0.0     0     0
  2000   3  28     0  22.8  10.8   0.0     0     0
  2000   3  29     0  24.0  13.0   0.0     0     0
  2000   3  30     0  23.7  13.4   0.0     0     0
  2000   3  31     0  24.3  14.5   0.0     0     0
  2000   4   1     0  25.0  15.0   0.0     0     0
  2000   4   2     0  25.6  15.0   0.0     0     0
  2000   4   3     0  25.0  15.3   0.0     0     0
  2000   4   4     0  24.5  14.0   0.0     0     0
  2000   4   5     0  24.8  14.5   0.0     0     0
  2000   4   6     0  24.5  14.7   0.0     0     0
  2000   4   7     0  25.0  15.0   0.0     0     0
  2000   4   8     0  24.8  15.0   0.0     0     0
  2000   4   9     0  24.5  15.3   0.0     0     0
  2000   4  10     0  23.5  13.8   0.0     0     0
  2000   4  11     0  23.4  13.0   0.0     0     0
  2000   4  12     0  23.0  14.0   0.0     0     0
  2000   4  13     0  20.0  14.8   0.0     0     0
  2000   4  14     0  21.0  11.8   0.5     0     0
  2000   4  15     0  19.8  11.8   8.0     0     0
  2000   4  16     0  21.6  13.0   0.3     0     0
  2000   4  17     0  21.0  11.5   3.0     0     0
  2000   4  18     0  22.5  13.0   0.0     0     0
  2000   4  19     0  19.5  15.3   1.0     0     0
  2000   4  20     0  22.5  14.3   1.8     0     0
  2000   4  21     0  23.0  14.7   3.4     0     0
  2000   4  22     0  23.0  14.0   0.8     0     0
  2000   4  23     0  23.5  12.0   7.1     0     0
  2000   4  24     0  19.3  10.5  22.0     0     0
  2000   4  25     0  19.0  11.0   3.7     0     0
  2000   4  26     0  19.5  13.0   2.5     0     0
  2000   4  27     0  19.5  14.0   0.0     0     0
  2000   4  28     0  21.6  13.0   0.8     0     0
  2000   4  29     0  22.3  14.0  23.5     0     0
  2000   4  30     0  23.0  13.2   0.3     0     0
  2000   5   1     0  23.5  11.6   0.0     0     0
  2000   5   2     0  22.8  13.5  19.6     0     0
  2000   5   3     0  21.0  14.5   0.0     0     0
  2000   5   4     0  22.0  15.0   0.0     0     0
  2000   5   5     0  21.0  16.4   0.0     0     0
  2000   5   6     0  23.0  14.5   0.0     0     0
  2000   5   7     0  23.0  12.5  37.0     0     0
  2000   5   8     0  22.5  14.0   0.5     0     0
  2000   5   9     0  22.8  15.5   0.0     0     0
  2000   5  10     0  23.5  15.8   0.0     0     0
  2000   5  11     0  25.3  16.0   0.0     0     0
  2000   5  12     0  25.0  14.5  73.0     0     0
  2000   5  13     0  27.0  17.8   1.0     0     0
  2000   5  14     0  25.8  18.0   0.0     0     0
  2000   5  15     0  25.0  17.3   0.0     0     0
  2000   5  16     0  22.0  14.8  48.5     0     0
  2000   5  17     0  23.4  16.7   7.5     0     0
  2000   5  18     0  23.5  14.4   1.0     0     0
  2000   5  19     0  23.5  16.2  47.0     0     0
  2000   5  20     0  16.7  15.5  10.6     0     0
  2000   5  21     0  17.2  15.5  12.0     0     0
  2000   5  22     0  21.5  15.5  25.0     0     0
  2000   5  23     0  20.5  15.4  21.0     0     0
  2000   5  24     0  18.5  16.0  53.0     0     0
  2000   5  25     0  21.5  16.5   5.0     0     0
  2000   5  26     0  22.6  17.2   1.8     0     0
  2000   5  27     0  23.0  17.8  76.5     0     0
  2000   5  28     0  23.0  17.0  17.4     0     0
  2000   5  29     0  23.8  17.0  24.0     0     0
  2000   5  30     0  22.0  16.5   9.5     0     0
  2000   5  31     0  20.4  16.0   4.0     0     0
  2000   6   1     0  21.0  15.6  29.4     0     0
  2000   6   2     0  23.0  16.2   2.4     0     0
  2000   6   3     0  24.0  17.2  22.5     0     0
  2000   6   4     0  25.0  17.0   2.6     0     0
  2000   6   5     0  25.0  16.0  26.4     0     0
  2000   6   6     0   DNA  16.0  74.0     0     0
  2000   6   7     0   DNA  15.1  61.0     0     0
  2000   6   8     0   DNA  16.1 158.5     0     0
  2000   6   9     0   DNA  16.6  64.0     0     0
  2000   6  10     0   DNA  17.6   5.8     0     0
  2000   6  11     0   DNA  18.2   0.1     0     0
  2000   6  12     0   DNA  17.8  10.7     0     0
  2000   6  13     0  24.0  17.5   1.6     0     0
  2000   6  14     0  24.0  17.5   6.0     0     0
  2000   6  15     0   DNA  16.5  37.5     0     0
  2000   6  16     0  23.4  17.4  53.0     0     0
  2000   6  17     0  22.5  17.7  52.5     0     0
  2000   6  18     0  23.7  17.2  52.0     0     0
  2000   6  19     0  24.5  17.6  66.2     0     0
  2000   6  20     0  24.3  18.5  14.0     0     0
  2000   6  21     0  24.0  17.2 102.0     0     0
  2000   6  22     0  21.0  17.0  85.0     0     0
  2000   6  23     0  21.2  16.6  51.0     0     0
  2000   6  24     0  21.3  16.5 104.0     0     0
  2000   6  25     0  24.0  16.5  12.7     0     0
  2000   6  26     0  24.4  17.2  14.2     0     0
  2000   6  27     0  23.0  18.0  25.5     0     0
  2000   6  28     0  24.0  18.5   4.5     0     0
  2000   6  29     0  24.0  17.6 164.0     0     0
  2000   6  30     0  23.5  18.0 117.0     0     0
  2000   7   1     0  19.0  17.0  23.4     0     0
  2000   7   2     0  22.5  16.8  15.4     0     0
  2000   7   3     0  23.0  17.5  13.5     0     0
  2000   7   4     0  23.0  18.3  16.4     0     0
  2000   7   5     0  23.3  17.8  65.0     0     0
  2000   7   6     0  19.4  18.3  92.0     0     0
  2000   7   7     0  20.9  16.8 101.0     0     0
  2000   7   8     0  23.5  17.5  24.5     0     0
  2000   7   9     0  23.5  17.8  28.0     0     0
  2000   7  10     0  21.4  17.8 116.0     0     0
  2000   7  11     0  24.5  18.0  49.5     0     0
  2000   7  12     0  26.0  19.0   2.7     0     0
  2000   7  13     0  26.2  18.7  32.0     0     0
  2000   7  14     0  24.0  18.5  78.0     0     0
  2000   7  15     0  23.8  18.0 192.0     0     0
  2000   7  16     0  24.0  18.3  59.0     0     0
  2000   7  17     0  23.5  17.3   3.0     0     0
  2000   7  18     0  25.2  18.5  22.0     0     0
  2000   7  19     0  24.0  18.4   3.0     0     0
  2000   7  20     0  22.4  17.0 104.5     0     0
  2000   7  21     0  23.0  18.4  21.7     0     0
  2000   7  22     0  23.5  17.0  29.7     0     0
  2000   7  23     0  23.0  18.5  21.5     0     0
  2000   7  24     0  22.0  18.0 139.5     0     0
  2000   7  25     0  23.0  17.5 117.6     0     0
  2000   7  26     0  23.0  18.2  55.3     0     0
  2000   7  27     0  23.5  16.8  86.7     0     0
  2000   7  28     0  22.5  17.5  59.5     0     0
  2000   7  29     0  22.4  17.0  90.0     0     0
  2000   7  30     0  20.5  17.8  32.5     0     0
  2000   7  31     0  19.0  18.0  71.0     0     0
  2000   8   1     0  19.0  17.5  55.0     0     0
  2000   8   2     0  19.7  18.0  17.7     0     0
  2000   8   3     0  23.0  18.0   6.7     0     0
  2000   8   4     0  24.0  17.5  16.5     0     0
  2000   8   5     0  25.0  18.0  31.5     0     0
  2000   8   6     0  24.5  19.0  22.5     0     0
  2000   8   7     0  24.2  19.0  61.0     0     0
  2000   8   8     0  24.5  18.0  33.5     0     0
  2000   8   9     0  24.0  18.0  14.0     0     0
  2000   8  10     0  24.4  17.2 147.0     0     0
  2000   8  11     0  24.5  17.0  48.0     0     0
  2000   8  12     0  20.0  17.7  20.5     0     0
  2000   8  13     0  21.5  17.6  22.5     0     0
  2000   8  14     0  22.7  17.4  46.2     0     0
  2000   8  15     0  22.5  17.8  36.0     0     0
  2000   8  16     0  22.5  17.5  11.0     0     0
  2000   8  17     0  24.3  18.0  48.0     0     0
  2000   8  18     0  21.0  18.7  32.0     0     0
  2000   8  19     0  24.5  17.0  23.0     0     0
  2000   8  20     0  21.5  17.5  40.0     0     0
  2000   8  21     0  21.7  17.0 103.0     0     0
  2000   8  22     0  23.5  17.5  35.2     0     0
  2000   8  23     0  24.0  18.4   6.3     0     0
  2000   8  24     0  22.0  18.0  61.0     0     0
  2000   8  25     0  22.7  14.8  60.2     0     0
  2000   8  26     0  25.0  17.7   0.1     0     0
  2000   8  27     0  19.7  18.0  44.5     0     0
  2000   8  28     0  18.8  18.0  72.3     0     0
  2000   8  29     0  22.3  17.5  48.0     0     0
  2000   8  30     0  22.3  17.0 122.0     0     0
  2000   8  31     0  22.5  17.2  34.0     0     0
  2000   9   1     0  23.5  17.5  22.0     0     0
  2000   9   2     0  23.8  17.8  46.0     0     0
  2000   9   3     0  24.5  17.5   2.0     0     0
  2000   9   4     0  22.0  17.5  68.0     0     0
  2000   9   5     0  23.0  17.0   3.0     0     0
  2000   9   6     0  22.6  17.0 126.0     0     0
  2000   9   7     0  22.2  16.0  52.0     0     0
  2000   9   8     0  19.2  16.5 115.0     0     0
  2000   9   9     0  19.5  16.5  15.0     0     0
  2000   9  10     0  20.0  17.0   3.0     0     0
  2000   9  11     0  21.5  16.0  37.0     0     0
  2000   9  12     0  22.5  16.0   0.0     0     0
  2000   9  13     0  22.5  17.0  31.0     0     0
  2000   9  14     0  23.0  16.0   0.0     0     0
  2000   9  15     0  22.5  16.0  61.0     0     0
  2000   9  16     0  22.5  16.3  81.0     0     0
  2000   9  17     0  22.5  16.0   2.0     0     0
  2000   9  18     0  20.2  15.7  67.0     0     0
  2000   9  19     0  22.7  15.5 132.0     0     0
  2000   9  20     0  22.8  14.8  15.0     0     0
  2000   9  21     0  22.5  14.5   0.0     0     0
  2000   9  22     0  23.0  14.5  32.5     0     0
  2000   9  23     0  22.7  14.8  54.0     0     0
  2000   9  24     0  22.5  14.2   0.0     0     0
  2000   9  25     0  22.0  14.5   0.0     0     0
  2000   9  26     0  22.5  13.5  10.5     0     0
  2000   9  27     0  21.5  13.0   0.0     0     0
  2000   9  28     0  21.5  13.0   0.0     0     0
  2000   9  29     0  21.8  13.0   0.0     0     0
  2000   9  30     0  22.8  13.0   0.0     0     0
  2000  10   1     0  23.0  13.5   0.0     0     0
  2000  10   2     0  22.5  13.5   2.0     0     0
  2000  10   3     0  22.0  15.0   1.0     0     0
  2000  10   4     0  23.0  14.5   2.0     0     0
  2000  10   5     0  21.5  15.8   0.0     0     0
  2000  10   6     0  23.5  16.0  11.2     0     0
  2000  10   7     0  24.2  16.0   0.0     0     0
  2000  10   8     0  23.5  15.0  11.0     0     0
  2000  10   9     0  23.2  14.0  12.0     0     0
  2000  10  10     0  23.0  13.5  13.5     0     0
  2000  10  11     0  21.5  14.5   0.0     0     0
  2000  10  12     0  22.8  13.5   0.0     0     0
  2000  10  13     0  22.5  13.0   0.0     0     0
  2000  10  14     0  23.8  13.0   3.0     0     0
  2000  10  15     0  23.0  12.0   8.0     0     0
  2000  10  16     0  23.2  12.0   2.0     0     0
  2000  10  17     0  24.0  12.0   0.0     0     0
  2000  10  18     0  21.0  13.5   0.0     0     0
  2000  10  19     0  21.0  14.0   0.0     0     0
  2000  10  20     0  21.0  13.0   0.0     0     0
  2000  10  21     0  21.0  12.2   3.0     0     0
  2000  10  22     0  18.5  13.4   1.2     0     0
  2000  10  23     0  18.8  13.6   0.0     0     0
  2000  10  24     0  18.7  12.5   0.0     0     0
  2000  10  25     0  19.5  12.5   0.0     0     0
  2000  10  26     0  21.0  12.0   0.0     0     0
  2000  10  27     0  21.5  12.5   0.0     0     0
  2000  10  28     0  19.0  12.0   0.0     0     0
  2000  10  29     0  21.0  11.0   3.0     0     0
  2000  10  30     0  19.0  11.5   0.0     0     0
  2000  10  31     0  19.3  11.5   0.0     0     0
  2000  11   1     0  18.8  12.0   0.0     0     0
  2000  11   2     0  19.5  10.5   0.0     0     0
  2000  11   3     0  19.5  10.5   0.0     0     0
  2000  11   4     0  19.0  10.8   0.0     0     0
  2000  11   5     0  19.0  11.8   0.0     0     0
  2000  11   6     0  19.5  10.5   0.0     0     0
  2000  11   7     0  19.0  10.5   3.0     0     0
  2000  11   8     0  19.3  11.3   3.5     0     0
  2000  11   9     0  19.0  11.0   0.0     0     0
  2000  11  10     0  19.0  12.0   0.0     0     0
  2000  11  11     0  19.0  12.3   1.5     0     0
  2000  11  12     0  19.0  12.5   0.0     0     0
  2000  11  13     0  18.2  11.5   0.0     0     0
  2000  11  14     0  18.5  10.5   1.3     0     0
  2000  11  15     0  17.8   9.5   0.5     0     0
  2000  11  16     0  15.5   9.5   0.0     0     0
  2000  11  17     0  15.5  10.3   0.0     0     0
  2000  11  18     0  17.0  11.0   0.0     0     0
  2000  11  19     0  17.0  11.0   0.0     0     0
  2000  11  20     0  17.5   9.0   0.0     0     0
  2000  11  21     0  18.0   9.5   0.0     0     0
  2000  11  22     0  17.5   9.5   0.0     0     0
  2000  11  23     0  17.5   9.0   0.0     0     0
  2000  11  24     0  16.7   9.4   0.0     0     0
  2000  11  25     0  15.0   9.5   0.0     0     0
  2000  11  26     0  17.0   9.0   0.0     0     0
  2000  11  27     0  17.0   9.7   0.0     0     0
  2000  11  28     0  17.0   9.2   0.3     0     0
  2000  11  29     0  16.0   6.5   0.0     0     0
  2000  11  30     0  16.0   6.5   0.0     0     0
  2000  12   1     0  15.0   5.0   0.0     0     0
  2000  12   2     0  15.0   4.5   0.0     0     0
  2000  12   3     0  13.0   4.5   0.0     0     0
  2000  12   4     0  15.5   6.0   0.0     0     0
  2000  12   5     0  19.0   5.5   0.0     0     0
  2000  12   6     0  15.5   5.5   0.0     0     0
  2000  12   7     0  15.0   5.4   0.0     0     0
  2000  12   8     0  15.0   3.0   0.0     0     0
  2000  12   9     0  15.3   3.0   0.0     0     0
  2000  12  10     0  13.0   6.5   0.0     0     0
  2000  12  11     0  13.0   5.5   0.0     0     0
  2000  12  12     0  13.5   5.0   0.0     0     0
  2000  12  13     0  13.0   6.0   0.0     0     0
  2000  12  14     0  14.5   5.8   0.0     0     0
  2000  12  15     0  14.5   6.0   0.0     0     0
  2000  12  16     0  14.0   6.5   0.0     0     0
  2000  12  17     0  15.5   7.0   0.0     0     0
  2000  12  18     0  15.3   6.6   0.0     0     0
  2000  12  19     0  15.0   7.0   0.0     0     0
  2000  12  20     0  16.5   6.0   0.0     0     0
  2000  12  21     0  15.3   6.0   0.0     0     0
  2000  12  22     0  16.0   6.0   0.0     0     0
  2000  12  23     0  16.3   7.5   0.0     0     0
  2000  12  24     0  16.0   7.0   0.0     0     0
  2000  12  25     0  14.5   6.5   0.0     0     0
  2000  12  26     0  15.0   6.5   0.0     0     0
  2000  12  27     0  14.8   6.0   0.0     0     0
  2000  12  28     0  15.0   6.0   0.0     0     0
  2000  12  29     0  15.0   6.0   0.0     0     0
  2000  12  30     0  14.5   5.5   0.0     0     0
  2000  12  31     0  14.0   7.0   0.0     0     0
