  1995   1   1     0  10.3   2.2   0.0     0     0
  1995   1   2     0   9.1   1.5   1.5     0     0
  1995   1   3     0  10.7   1.8   0.0     0     0
  1995   1   4     0  13.8   2.9   0.0     0     0
  1995   1   5     0  12.5   4.9   0.0     0     0
  1995   1   6     0  14.3   4.2   0.0     0     0
  1995   1   7     0  15.5   3.2   0.0     0     0
  1995   1   8     0  10.5   4.0   0.0     0     0
  1995   1   9     0   9.2   0.5  17.3     0     0
  1995   1  10     0  13.1   2.8   3.7     0     0
  1995   1  11     0  13.0   4.2   0.0     0     0
  1995   1  12     0  11.2   4.0   0.0     0     0
  1995   1  13     0  11.0   1.2   0.7     0     0
  1995   1  14     0  13.2   2.3   0.0     0     0
  1995   1  15     0  10.2   5.5   0.0     0     0
  1995   1  16     0  13.4   5.8     T     0     0
  1995   1  17     0  10.7   5.2     T     0     0
  1995   1  18     0  12.6   3.0   2.0     0     0
  1995   1  19     0  12.7   4.0   0.0     0     0
  1995   1  20     0  13.6   4.3   0.1     0     0
  1995   1  21     0  12.6   3.2   0.5     0     0
  1995   1  22     0  11.5   2.4     T     0     0
  1995   1  23     0  11.2   3.6   0.9     0     0
  1995   1  24     0  10.0   3.1     T     0     0
  1995   1  25     0  11.0   3.2   1.0     0     0
  1995   1  26     0  12.4   3.5   0.0     0     0
  1995   1  27     0  12.5   5.1   0.0     0     0
  1995   1  28     0  13.1   5.2   0.0     0     0
  1995   1  29     0  13.5   5.5   0.0     0     0
  1995   1  30     0  14.2   5.2     T     0     0
  1995   1  31     0  10.0   6.2   0.0     0     0
  1995   2   1     0  12.7   6.4   1.0     0     0
  1995   2   2     0  14.5   7.0   0.0     0     0
  1995   2   3     0  14.5   7.2   0.0     0     0
  1995   2   4     0  14.9   6.0   0.0     0     0
  1995   2   5     0  13.2   1.5   0.1     0     0
  1995   2   6     0  13.5   4.6  24.8     0     0
  1995   2   7     0  14.1   5.0   0.0     0     0
  1995   2   8     0  12.8   7.5   0.0     0     0
  1995   2   9     0  10.4   6.0   6.0     0     0
  1995   2  10     0  12.4   5.8   0.5     0     0
  1995   2  11     0  15.4   7.4   0.0     0     0
  1995   2  12     0  15.6   7.3   0.0     0     0
  1995   2  13     0  19.5   7.8   0.0     0     0
  1995   2  14     0  15.4   8.8   0.0     0     0
  1995   2  15     0  13.9   4.4   3.9     0     0
  1995   2  16     0  13.8   2.8   6.4     0     0
  1995   2  17     0  14.0   2.2   0.0     0     0
  1995   2  18     0  13.5   3.0  16.0     0     0
  1995   2  19     0  13.1   3.0   1.0     0     0
  1995   2  20     0  14.4   4.7   0.0     0     0
  1995   2  21     0  15.5   5.0   0.0     0     0
  1995   2  22     0  12.9   6.4   0.1     0     0
  1995   2  23     0   9.5   3.0  21.5     0     0
  1995   2  24     0  12.7   2.6   0.2     0     0
  1995   2  25     0  13.1   3.8   0.0     0     0
  1995   2  26     0  14.0   5.4   0.0     0     0
  1995   2  27     0  15.5   0.2  12.5     0     0
  1995   2  28     0  15.1   5.0  14.9     0     0
  1995   3   1     0  16.0   5.2   1.0     0     0
  1995   3   2     0  17.7   8.3   0.0     0     0
  1995   3   3     0  17.4   8.6   0.0     0     0
  1995   3   4     0  15.6   8.2   0.0     0     0
  1995   3   5     0  15.6   9.0   0.0     0     0
  1995   3   6     0  17.5   8.5   0.0     0     0
  1995   3   7     0  13.2   8.9   0.0     0     0
  1995   3   8     0  16.2   6.0   1.0     0     0
  1995   3   9     0  16.2   7.8   0.0     0     0
  1995   3  10     0  18.0   7.0   0.0     0     0
  1995   3  11     0  18.3   7.0   0.0     0     0
  1995   3  12     0  17.4   6.8   0.0     0     0
  1995   3  13     0  17.7   7.5   0.0     0     0
  1995   3  14     0  18.8   8.3   0.0     0     0
  1995   3  15     0  19.3   8.8   0.0     0     0
  1995   3  16     0  19.8  10.5   0.0     0     0
  1995   3  17     0  20.4   8.0   0.0     0     0
  1995   3  18     0  19.6   8.8   4.0     0     0
  1995   3  19     0  21.5  11.8   0.0     0     0
  1995   3  20     0  21.8  11.8   0.0     0     0
  1995   3  21     0  22.6  11.5   0.0     0     0
  1995   3  22     0  22.7  13.0   0.0     0     0
  1995   3  23     0  23.0  14.0   0.0     0     0
  1995   3  24     0  22.3  14.5   2.0     0     0
  1995   3  25     0  22.4  12.0   3.0     0     0
  1995   3  26     0  15.2   9.9  35.5     0     0
  1995   3  27     0  19.5   9.0  30.3     0     0
  1995   3  28     0  19.2   9.2   4.8     0     0
  1995   3  29     0  19.8  10.2   6.8     0     0
  1995   3  30     0  19.7   9.6   7.3     0     0
  1995   3  31     0  20.5  10.6   0.0     0     0
  1995   4   1     0  20.0  10.6   0.0     0     0
  1995   4   2     0  20.0  10.2   0.0     0     0
  1995   4   3     0  20.1  10.8   0.0     0     0
  1995   4   4     0  20.5  10.9   0.0     0     0
  1995   4   5     0  19.5  10.0   0.0     0     0
  1995   4   6     0  20.5   9.8     T     0     0
  1995   4   7     0  22.0  11.7   0.0     0     0
  1995   4   8     0  22.1  13.4   0.0     0     0
  1995   4   9     0  21.9  14.1   0.0     0     0
  1995   4  10     0  22.5  14.4   0.0     0     0
  1995   4  11     0  21.4  11.8   6.5     0     0
  1995   4  12     0  22.0  10.4   4.0     0     0
  1995   4  13     0  20.0  10.0   0.0     0     0
  1995   4  14     0  22.3  11.2   0.0     0     0
  1995   4  15     0  22.5  14.5   0.0     0     0
  1995   4  16     0  23.4  10.2   0.0     0     0
  1995   4  17     0  23.1  12.0   2.8     0     0
  1995   4  18     0  22.7  11.4   7.8     0     0
  1995   4  19     0  24.1  13.8   0.6     0     0
  1995   4  20     0  22.2  14.5   0.0     0     0
  1995   4  21     0  22.2  12.5   0.0     0     0
  1995   4  22     0  23.0  13.5   0.0     0     0
  1995   4  23     0  24.0  14.9   0.0     0     0
  1995   4  24     0  25.1  13.8   2.0     0     0
  1995   4  25     0  26.4  16.1   0.0     0     0
  1995   4  26     0  25.4  14.2   3.2     0     0
  1995   4  27     0  26.0  16.3   0.0     0     0
  1995   4  28     0  25.2  15.8     T     0     0
  1995   4  29     0  25.1  16.8   0.0     0     0
  1995   4  30     0  24.5  11.9   8.2     0     0
  1995   5   1     0  25.6  16.3   0.0     0     0
  1995   5   2     0  27.4  16.3   0.0     0     0
  1995   5   3     0  27.5  16.8   0.0     0     0
  1995   5   4     0  27.0  16.0   0.0     0     0
  1995   5   5     0  27.0   9.9   5.7     0     0
  1995   5   6     0  27.0  14.0   0.0     0     0
  1995   5   7     0  24.5  13.3  14.8     0     0
  1995   5   8     0  22.7  11.0  15.6     0     0
  1995   5   9     0  24.6  11.8   0.0     0     0
  1995   5  10     0  24.5  14.0  40.5     0     0
  1995   5  11     0  23.6  14.5  15.0     0     0
  1995   5  12     0  24.5  14.0   0.0     0     0
  1995   5  13     0  24.5  16.2   0.0     0     0
  1995   5  14     0  22.0  16.5  30.5     0     0
  1995   5  15     0  23.0  17.0  37.0     0     0
  1995   5  16     0  21.1  16.2 138.0     0     0
  1995   5  17     0  19.5  17.0  40.4     0     0
  1995   5  18     0  21.9  17.2  14.0     0     0
  1995   5  19     0  23.0  15.0   2.5     0     0
  1995   5  20     0  22.5  15.0  51.5     0     0
  1995   5  21     0  20.9  16.0   4.0     0     0
  1995   5  22     0  25.1  16.5   0.0     0     0
  1995   5  23     0  25.5  16.0   0.0     0     0
  1995   5  24     0  25.9  17.1   0.0     0     0
  1995   5  25     0  26.0  17.1   0.0     0     0
  1995   5  26     0  27.2  17.0   0.0     0     0
  1995   5  27     0  26.1  17.3   0.0     0     0
  1995   5  28     0  25.1  18.1   0.0     0     0
  1995   5  29     0  25.3  17.9   0.0     0     0
  1995   5  30     0  25.0  19.0   0.0     0     0
  1995   5  31     0  24.9  19.0   4.0     0     0
  1995   6   1     0  25.1  17.6  19.2     0     0
  1995   6   2     0  25.4  18.1   2.0     0     0
  1995   6   3     0  24.4  16.4  28.4     0     0
  1995   6   4     0  24.5  19.1   0.2     0     0
  1995   6   5     0  20.6  18.3 165.0     0     0
  1995   6   6     0  20.0  18.2 105.0     0     0
  1995   6   7     0  21.2  18.0  89.0     0     0
  1995   6   8     0  21.3  18.2   4.5     0     0
  1995   6   9     0  20.5  18.4  53.5     0     0
  1995   6  10     0  20.0  18.2  23.0     0     0
  1995   6  11     0  22.0  18.0 166.6     0     0
  1995   6  12     0  21.0  18.5   2.5     0     0
  1995   6  13     0  21.5  17.5  72.2     0     0
  1995   6  14     0  23.7  16.5 135.0     0     0
  1995   6  15     0  25.0  19.3   1.2     0     0
  1995   6  16     0  25.4  17.4   2.5     0     0
  1995   6  17     0  20.0  17.5  63.5     0     0
  1995   6  18     0  19.8  17.2  29.0     0     0
  1995   6  19     0  22.5  16.5 120.0     0     0
  1995   6  20     0  22.4  16.2  20.2     0     0
  1995   6  21     0  22.5  16.3  78.7     0     0
  1995   6  22     0  22.5  16.5  22.5     0     0
  1995   6  23     0  18.7  16.0  36.0     0     0
  1995   6  24     0  18.5  15.0 135.0     0     0
  1995   6  25     0  23.1  16.8  42.0     0     0
  1995   6  26     0  23.7  17.1  76.5     0     0
  1995   6  27     0  23.7  17.7  80.5     0     0
  1995   6  28     0  23.0  18.0   3.0     0     0
  1995   6  29     0  23.5  17.2  75.0     0     0
  1995   6  30     0  23.0  17.2  33.6     0     0
  1995   7   1     0  24.7  18.0  57.3     0     0
  1995   7   2     0  23.7  18.5  73.0     0     0
  1995   7   3     0  22.0  17.2  74.0     0     0
  1995   7   4     0  22.3  17.4  58.0     0     0
  1995   7   5     0  23.2  18.0 104.0     0     0
  1995   7   6     0  23.5  18.0  25.5     0     0
  1995   7   7     0  19.6  17.9  49.5     0     0
  1995   7   8     0  22.2  16.8  49.0     0     0
  1995   7   9     0  21.8  18.1  47.5     0     0
  1995   7  10     0  21.2  16.0 147.0     0     0
  1995   7  11     0  19.6  16.9 130.0     0     0
  1995   7  12     0  24.0  17.0  69.0     0     0
  1995   7  13     0  22.6  17.3  65.0     0     0
  1995   7  14     0  22.8  17.2  28.2     0     0
  1995   7  15     0  23.0  17.4  23.2     0     0
  1995   7  16     0  22.0  17.6  21.0     0     0
  1995   7  17     0  23.5  17.5  55.0     0     0
  1995   7  18     0  23.7  16.1  43.0     0     0
  1995   7  19     0  24.5  18.2   6.5     0     0
  1995   7  20     0  23.0  16.8 114.0     0     0
  1995   7  21     0  22.6  16.3   6.0     0     0
  1995   7  22     0  21.7  15.9  27.0     0     0
  1995   7  23     0  24.5  17.8   0.1     0     0
  1995   7  24     0  24.0  18.4   4.5     0     0
  1995   7  25     0  22.5  18.3   1.2     0     0
  1995   7  26     0  23.1  19.0   1.0     0     0
  1995   7  27     0  24.2  17.2  24.5     0     0
  1995   7  28     0  23.5  17.3  49.0     0     0
  1995   7  29     0  22.5  16.4 130.0     0     0
  1995   7  30     0  23.5  18.1   1.0     0     0
  1995   7  31     0  19.5  17.9 109.0     0     0
  1995   8   1     0  23.2  17.2  79.9     0     0
  1995   8   2     0  22.5  16.5  28.4     0     0
  1995   8   3     0  23.5  16.5   6.3     0     0
  1995   8   4     0  22.5  16.5   5.8     0     0
  1995   8   5     0  23.5  18.0  60.0     0     0
  1995   8   6     0  24.0  17.2  22.0     0     0
  1995   8   7     0  24.0  17.5  35.4     0     0
  1995   8   8     0  25.0  18.0  92.2     0     0
  1995   8   9     0  23.7  17.0  38.2     0     0
  1995   8  10     0  23.1  17.0  49.0     0     0
  1995   8  11     0  21.5  17.2  29.0     0     0
  1995   8  12     0  23.0  18.2  20.0     0     0
  1995   8  13     0  20.2  16.2  61.0     0     0
  1995   8  14     0  22.5  16.5   8.9     0     0
  1995   8  15     0  22.2  16.9  66.0     0     0
  1995   8  16     0  22.5  16.9 166.0     0     0
  1995   8  17     0  23.5  17.4   2.0     0     0
  1995   8  18     0  23.5  15.3  54.0     0     0
  1995   8  19     0  23.0  18.2 174.5     0     0
  1995   8  20     0  22.2  16.5  43.0     0     0
  1995   8  21     0  22.5  17.5  70.1     0     0
  1995   8  22     0  23.0  17.0   7.4     0     0
  1995   8  23     0  22.2  17.2  29.0     0     0
  1995   8  24     0  23.7  17.0 141.5     0     0
  1995   8  25     0  23.2  17.2   1.5     0     0
  1995   8  26     0  23.2  17.2 134.5     0     0
  1995   8  27     0  23.0  17.0  61.0     0     0
  1995   8  28     0  23.1  17.3 133.0     0     0
  1995   8  29     0  24.0  17.0  33.0     0     0
  1995   8  30     0  23.9  16.3  48.5     0     0
  1995   8  31     0  24.5  17.3   0.3     0     0
  1995   9   1     0  25.9  18.0     T     0     0
  1995   9   2     0  26.5  18.0   3.0     0     0
  1995   9   3     0  22.8  16.4  34.0     0     0
  1995   9   4     0  22.5  17.0  28.9     0     0
  1995   9   5     0  24.2  16.3  48.0     0     0
  1995   9   6     0  24.9  16.3   7.0     0     0
  1995   9   7     0  22.4  16.8  12.0     0     0
  1995   9   8     0  20.5  17.4   1.2     0     0
  1995   9   9     0  23.3  16.5  22.5     0     0
  1995   9  10     0  23.0  16.2  14.0     0     0
  1995   9  11     0  22.4  16.2  38.2     0     0
  1995   9  12     0  22.8  16.8  19.5     0     0
  1995   9  13     0  22.3  16.7  15.2     0     0
  1995   9  14     0  23.5  16.5   2.7     0     0
  1995   9  15     0  25.5  15.9   0.0     0     0
  1995   9  16     0  23.6  15.9  36.1     0     0
  1995   9  17     0  24.1  15.5  73.5     0     0
  1995   9  18     0  21.0  16.6  65.0     0     0
  1995   9  19     0  20.7  17.1   1.0     0     0
  1995   9  20     0  22.0  16.8   1.0     0     0
  1995   9  21     0  22.3  17.9   0.9     0     0
  1995   9  22     0  23.0  17.2  45.7     0     0
  1995   9  23     0  22.6  16.4   8.8     0     0
  1995   9  24     0  22.5  17.0  13.8     0     0
  1995   9  25     0  21.0  16.0  35.2     0     0
  1995   9  26     0  20.4  15.0  18.6     0     0
  1995   9  27     0  24.5  15.8  26.5     0     0
  1995   9  28     0  21.5  16.4   0.2     0     0
  1995   9  29     0  20.9  14.4  12.7     0     0
  1995   9  30     0  20.6  14.2  19.5     0     0
  1995  10   1     0  22.4  14.2   1.0     0     0
  1995  10   2     0  21.1  15.6   1.0     0     0
  1995  10   3     0  21.1  15.0   0.7     0     0
  1995  10   4     0  21.2  12.8   7.5     0     0
  1995  10   5     0  21.2  13.9  17.6     0     0
  1995  10   6     0  21.2  13.5   0.0     0     0
  1995  10   7     0  21.4  13.0   1.0     0     0
  1995  10   8     0  21.5  13.9     T     0     0
  1995  10   9     0  22.0  14.5   0.0     0     0
  1995  10  10     0  21.0  15.0   0.2     0     0
  1995  10  11     0  21.3  14.0  21.5     0     0
  1995  10  12     0  19.7  14.8   1.0     0     0
  1995  10  13     0  21.0  14.9     T     0     0
  1995  10  14     0  20.6  15.2   0.6     0     0
  1995  10  15     0  21.5  16.0   0.0     0     0
  1995  10  16     0  21.5  14.4   0.3     0     0
  1995  10  17     0  19.5  13.1  39.0     0     0
  1995  10  18     0  21.0  12.9  14.0     0     0
  1995  10  19     0  20.5  13.2     T     0     0
  1995  10  20     0  20.4  12.3   0.0     0     0
  1995  10  21     0  21.9  11.8   0.0     0     0
  1995  10  22     0  20.3  11.8   0.0     0     0
  1995  10  23     0  19.6  11.7   0.0     0     0
  1995  10  24     0  19.4  11.6   0.0     0     0
  1995  10  25     0  19.8  11.1   0.0     0     0
  1995  10  26     0  19.5  11.0   0.0     0     0
  1995  10  27     0  19.4  12.0   0.0     0     0
  1995  10  28     0  20.6  11.7   0.0     0     0
  1995  10  29     0  20.8  11.8   0.0     0     0
  1995  10  30     0  21.0  11.1   0.0     0     0
  1995  10  31     0  19.5  12.2   0.0     0     0
  1995  11   1     0  19.9  11.1   0.0     0     0
  1995  11   2     0  19.8  10.0   0.0     0     0
  1995  11   3     0  19.9   9.8   0.0     0     0
  1995  11   4     0  18.9   9.8   0.0     0     0
  1995  11   5     0  19.3   9.8   0.0     0     0
  1995  11   6     0  19.5   9.2   0.0     0     0
  1995  11   7     0  21.0   9.8   0.0     0     0
  1995  11   8     0  21.5  10.0   0.0     0     0
  1995  11   9     0  19.5  10.0   0.0     0     0
  1995  11  10     0  14.2   9.5  26.6     0     0
  1995  11  11     0  14.5  12.2 154.5     0     0
  1995  11  12     0  21.2   9.2   1.0     0     0
  1995  11  13     0  19.5  10.5   0.0     0     0
  1995  11  14     0  20.0  10.3   0.0     0     0
  1995  11  15     0  18.3  11.9   0.7     0     0
  1995  11  16     0  18.8  10.5   0.0     0     0
  1995  11  17     0  17.9   9.9   0.0     0     0
  1995  11  18     0  18.1   8.9   0.0     0     0
  1995  11  19     0  18.1   8.8   0.0     0     0
  1995  11  20     0  17.0   7.5   0.0     0     0
  1995  11  21     0  17.2   7.9   0.0     0     0
  1995  11  22     0  17.0   8.3   0.0     0     0
  1995  11  23     0  17.0   7.8   0.0     0     0
  1995  11  24     0  17.1   7.3   0.0     0     0
  1995  11  25     0  16.8   7.0   0.0     0     0
  1995  11  26     0  16.3   6.5   0.0     0     0
  1995  11  27     0  14.5   7.2   1.7     0     0
  1995  11  28     0  15.2   7.2   0.5     0     0
  1995  11  29     0  15.5   6.2   0.0     0     0
  1995  11  30     0  16.0   5.2   0.0     0     0
  1995  12   1     0  14.9   5.9   0.0     0     0
  1995  12   2     0  14.8   5.1   0.0     0     0
  1995  12   3     0  13.0   5.0   0.0     0     0
  1995  12   4     0  12.8   5.2   0.7     0     0
  1995  12   5     0  14.5   5.5   0.0     0     0
  1995  12   6     0  13.0   8.2   0.0     0     0
  1995  12   7     0  15.0   5.5   0.0     0     0
  1995  12   8     0  15.5   6.8   0.0     0     0
  1995  12   9     0  15.5   7.2   0.0     0     0
  1995  12  10     0  16.0   6.2   0.0     0     0
  1995  12  11     0  15.7   6.8   0.0     0     0
  1995  12  12     0  15.4   5.8   0.0     0     0
  1995  12  13     0  14.5   5.5   0.0     0     0
  1995  12  14     0  13.4   5.5   0.0     0     0
  1995  12  15     0  14.3   5.9   0.0     0     0
  1995  12  16     0  15.0   6.0   0.0     0     0
  1995  12  17     0  14.0   5.8   0.0     0     0
  1995  12  18     0  13.2   5.3   0.0     0     0
  1995  12  19     0  13.5   6.2   1.0     0     0
  1995  12  20     0  12.4   6.1   0.0     0     0
  1995  12  21     0  14.3   6.0   0.0     0     0
  1995  12  22     0  13.0   6.1   0.2     0     0
  1995  12  23     0  14.1   4.3   0.5     0     0
  1995  12  24     0  12.5   4.2   0.0     0     0
  1995  12  25     0   6.4   4.4   0.0     0     0
  1995  12  26     0  11.4   2.2   3.0     0     0
  1995  12  27     0  12.0   3.5   0.0     0     0
  1995  12  28     0  14.5   4.3   0.0     0     0
  1995  12  29     0  14.1   4.3   0.0     0     0
  1995  12  30     0  15.0   4.2   0.0     0     0
  1995  12  31     0  14.6   7.3   0.3     0     0
