      1    0.0
      2    0.0
      3    T  
      4    2.3
      5    0.0
      6    0.0
      7    0.0
      8    0.0
      9    0.0
     10    0.0
     11    0.0
     12    0.0
     13    0.0
     14    0.0
     15    3.3
     16   29.2
     17    2.1
     18    0.0
     19    0.0
     20    0.0
     21    0.0
     22    0.0
     23    0.0
     24    0.0
     25    0.0
     26    0.0
     27    0.0
     28    0.0
     29    0.0
     30    0.0
     31    0.0
     32    0.0
     33    0.0
     34    0.0
     35    0.0
     36    0.0
     37    0.0
     38    0.0
     39    0.0
     40    0.0
     41   18.4
     42   11.2
     43    0.0
     44    0.0
     45    0.0
     46    0.0
     47    0.0
     48    0.0
     49    0.0
     50    0.0
     51    0.0
     52    0.0
     53    0.0
     54    0.0
     55    0.0
     56    T  
     57   26.4
     58   14.2
     59    0.0
     60    0.0
     61    0.0
     62    0.0
     63    T  
     64    2.3
     65    0.0
     66    0.0
     67    0.0
     68    0.0
     69    0.0
     70    0.0
     71    0.0
     72    0.0
     73    0.0
     74    3.3
     75   29.2
     76    2.1
     77    0.0
     78    0.0
     79    0.0
     80    0.0
     81    0.0
     82    0.0
     83    0.0
     84    0.0
     85    0.0
     86    0.0
     87    0.0
     88    0.0
     89    0.0
     90    0.0
     91    0.0
     92    0.0
     93    0.0
     94    0.0
     95    0.0
     96    0.0
     97    0.0
     98    0.0
     99    0.0
    100    0.0
    101    0.0
    102    0.0
    103    0.0
    104    0.0
    105    0.0
    106    0.0
    107    0.0
    108    0.0
    109   22.4
    110    0.0
    111    0.0
    112    0.0
    113    0.0
    114    0.0
    115    T  
    116    1.3
    117    7.4
    118    0.0
    119    0.0
    120    0.0
    121    0.0
    122    T  
    123    0.0
    124    0.0
    125    0.0
    126    0.0
    127    0.0
    128    0.0
    129    0.0
    130    0.0
    131    T  
    132    0.0
    133    T  
    134    0.0
    135    0.0
    136    0.0
    137    0.0
    138    0.0
    139    0.0
    140    0.0
    141    0.0
    142    0.0
    143    0.0
    144    0.0
    145    0.0
    146    0.0
    147    0.0
    148    0.0
    149    T  
    150    T  
    151    0.0
    152    0.0
    153    T  
    154    0.0
    155    0.0
    156   47.5
    157    0.0
    158    0.0
    159    0.0
    160    0.0
    161    0.0
    162    0.0
    163    0.0
    164   13.5
    165    0.0
    166    2.4
    167    0.0
    168    0.0
    169    0.0
    170    0.0
    171    0.0
    172   15.8
    173    8.5
    174  148.5
    175   59.3
    176    2.1
    177    0.0
    178    T  
    179   21.4
    180   84.6
    181   17.2
    182   26.2
    183    T  
    184    0.0
    185    0.0
    186    0.0
    187    6.0
    188    T  
    189    0.0
    190    T  
    191   54.5
    192    7.2
    193  346.7
    194   70.6
    195   36.4
    196    3.1
    197   12.3
    198    7.4
    199  118.2
    200    2.5
    201  240.7
    202  135.1
    203    1.6
    204    5.4
    205    T  
    206    3.7
    207   50.2
    208    0.0
    209    T  
    210   13.8
    211    T  
    212    2.4
    213    T  
    214    7.1
    215   23.5
    216   42.2
    217    9.3
    218    2.4
    219    5.7
    220   27.2
    221   25.5
    222   13.2
    223    8.6
    224   84.5
    225   52.3
    226   63.8
    227   18.1
    228   13.7
    229   39.5
    230   49.7
    231   43.1
    232   35.4
    233   11.8
    234    0.0
    235    7.2
    236    T  
    237    0.0
    238    0.0
    239    0.0
    240    2.3
    241   81.2
    242    0.0
    243   41.5
    244    7.1
    245    T  
    246    0.0
    247    T  
    248   17.2
    249   13.8
    250    T  
    251   11.4
    252   42.1
    253   14.5
    254    3.2
    255    0.0
    256    T  
    257   18.4
    258    2.5
    259   37.3
    260    5.8
    261    0.0
    262    0.0
    263    0.0
    264    0.0
    265    0.0
    266    0.0
    267    8.3
    268    T  
    269   13.3
    270   18.0
    271    T  
    272    4.7
    273   35.2
    274    T  
    275    T  
    276    T  
    277    T  
    278   19.1
    279   15.4
    280   37.2
    281    0.0
    282    0.0
    283    0.0
    284    0.0
    285    0.0
    286    0.0
    287    0.0
    288    0.0
    289    T  
    290    T  
    291    0.0
    292    0.0
    293    0.0
    294    0.0
    295    0.0
    296    0.0
    297    0.0
    298    0.0
    299    0.0
    300    0.0
    301    0.0
    302    0.0
    303    0.0
    304    0.0
    305    0.0
    306    0.0
    307    0.0
    308    0.0
    309    0.0
    310    0.0
    311    0.0
    312    0.0
    313    0.0
    314    0.0
    315    0.0
    316    0.0
    317    0.0
    318    0.0
    319    0.0
    320    0.0
    321    0.0
    322    0.0
    323    0.0
    324    0.0
    325    0.0
    326    0.0
    327    0.0
    328    0.0
    329    0.0
    330    0.0
    331    0.0
    332    0.0
    333    0.0
    334    0.0
    335    0.0
    336    0.0
    337    0.0
    338    0.0
    339    0.0
    340    0.0
    341    0.0
    342    0.0
    343    0.0
    344    0.0
    345    0.0
    346    0.0
    347    0.0
    348    0.0
    349    0.0
    350    0.0
    351    0.0
    352    0.0
    353    0.0
    354    0.0
    355    0.0
    356    0.0
    357    0.0
    358    0.0
    359    0.0
    360    0.0
    361    0.0
    362    0.0
    363    0.0
    364    0.0
    365    0.0
    366    0.0
