      1    0.0
      2   12.4
      3    0.4
      4   12.5
      5    0.0
      6    0.0
      7    0.0
      8    0.0
      9    0.0
     10    0.0
     11    0.0
     12    0.0
     13    2.0
     14    0.0
     15    0.0
     16    0.0
     17    3.0
     18    0.0
     19    0.0
     20    0.0
     21    0.0
     22    2.0
     23    4.8
     24    0.0
     25    2.8
     26    0.0
     27    0.0
     28    0.0
     29    0.0
     30    0.0
     31   11.2
     32   22.8
     33    9.0
     34    0.0
     35    0.0
     36    2.6
     37    0.0
     38    0.0
     39    0.0
     40    0.0
     41    0.0
     42    0.0
     43    2.8
     44    0.0
     45    7.2
     46    8.0
     47    0.0
     48    0.0
     49    0.0
     50    0.0
     51    0.0
     52    0.0
     53    0.5
     54    0.0
     55    0.0
     56    0.0
     57    0.0
     58    6.0
     59    0.0
     60    0.0
     61    0.0
     62    0.0
     63    0.0
     64    0.0
     65    0.0
     66   19.4
     67    0.0
     68    0.0
     69    0.0
     70    0.0
     71    4.0
     72    0.0
     73    0.0
     74    0.0
     75    0.0
     76    0.0
     77    0.0
     78    0.0
     79    0.0
     80    0.0
     81    0.0
     82    0.0
     83    0.1
     84    1.4
     85   25.2
     86    0.0
     87    0.0
     88    0.0
     89    0.0
     90    0.0
     91    0.0
     92    0.0
     93    0.0
     94    0.0
     95    0.0
     96    0.0
     97    0.0
     98    0.0
     99    0.0
    100    0.0
    101    0.0
    102    0.0
    103    0.0
    104    0.0
    105    0.0
    106    0.0
    107    0.0
    108    0.0
    109    0.0
    110    3.2
    111    2.0
    112    1.2
    113    4.2
    114    2.2
    115    0.0
    116   16.0
    117    0.2
    118    0.0
    119    0.0
    120    0.0
    121    0.0
    122    0.0
    123    0.0
    124    8.2
    125    0.0
    126    0.0
    127    0.0
    128    8.0
    129   21.0
    130   36.0
    131   21.0
    132   36.0
    133    0.0
    134   38.8
    135    0.0
    136   32.0
    137    1.2
    138    0.1
    139    0.0
    140    9.4
    141   43.4
    142    2.4
    143    0.0
    144    8.0
    145    0.0
    146    7.4
    147    0.4
    148    2.4
    149    0.0
    150    9.4
    151    0.0
    152   10.2
    153    0.2
    154    3.4
    155    0.0
    156    0.0
    157    0.0
    158    4.8
    159    0.4
    160   34.0
    161    1.4
    162    5.4
    163    3.8
    164   12.4
    165   66.0
    166   34.4
    167   55.8
    168   16.4
    169    8.8
    170   13.4
    171    0.0
    172  107.0
    173   12.8
    174   29.0
    175    1.8
    176  111.2
    177   79.2
    178   73.4
    179   83.6
    180   77.3
    181   63.8
    182  188.4
    183   31.8
    184   67.6
    185   67.8
    186   50.8
    187   12.8
    188  107.0
    189   51.0
    190    4.0
    191   37.0
    192   38.5
    193  131.0
    194   49.5
    195   58.4
    196   60.5
    197   60.0
    198   11.6
    199   28.0
    200   11.0
    201   95.2
    202   63.0
    203   61.0
    204   28.0
    205   48.5
    206   51.0
    207   63.2
    208   40.0
    209   29.0
    210   14.0
    211  105.0
    212   54.0
    213    9.5
    214   63.1
    215  128.0
    216   29.4
    217   32.0
    218    8.4
    219   44.8
    220   39.8
    221   14.4
    222   42.4
    223    4.2
    224   40.0
    225    0.0
    226    8.0
    227   62.8
    228  123.2
    229   25.0
    230   27.2
    231   40.0
    232   36.4
    233   16.0
    234   21.0
    235   30.0
    236   32.4
    237   77.4
    238    0.0
    239    0.0
    240   24.0
    241    0.0
    242   48.8
    243   92.0
    244   20.8
    245   45.8
    246   50.6
    247   16.4
    248    2.0
    249   57.0
    250   24.0
    251   61.2
    252   26.0
    253    6.0
    254    4.4
    255   14.4
    256   53.8
    257   44.6
    258   42.8
    259   97.4
    260   16.6
    261   24.4
    262  121.0
    263   50.1
    264   15.4
    265    0.0
    266    9.4
    267    0.4
    268    1.4
    269   11.4
    270    9.2
    271   64.4
    272    4.4
    273    1.4
    274   16.4
    275    0.4
    276    4.4
    277   20.4
    278   20.2
    279   48.0
    280   71.0
    281    0.0
    282    5.4
    283   21.4
    284    4.4
    285    0.0
    286    0.0
    287    T  
    288    T  
    289    0.0
    290    0.0
    291    7.8
    292    6.4
    293    1.4
    294    4.4
    295    T  
    296    T  
    297    0.0
    298    0.0
    299    0.0
    300    0.0
    301    0.0
    302    0.0
    303    0.0
    304    0.0
    305    0.0
    306    0.0
    307    0.0
    308    0.0
    309    0.0
    310    0.0
    311    0.0
    312    0.0
    313    0.0
    314    0.0
    315    0.0
    316    0.0
    317    0.0
    318    0.0
    319    4.0
    320    0.0
    321    0.0
    322    0.0
    323    0.0
    324    0.0
    325    0.0
    326    0.0
    327    0.0
    328    0.0
    329    0.0
    330    0.0
    331    0.0
    332    0.0
    333    0.0
    334    0.0
    335    0.0
    336    0.0
    337    0.0
    338    0.0
    339    0.0
    340    0.0
    341    0.0
    342    0.0
    343    0.0
    344    0.0
    345    0.0
    346    0.0
    347    0.0
    348    0.0
    349    0.0
    350    0.0
    351    0.0
    352    0.0
    353    0.0
    354    0.0
    355    0.0
    356    0.0
    357    0.0
    358    0.0
    359    0.0
    360    0.0
    361    0.0
    362    0.0
    363    0.0
    364    0.0
    365    0.0
