      1    0.0
      2    0.0
      3    0.0
      4    0.0
      5    0.0
      6    0.0
      7    0.0
      8    0.0
      9    0.0
     10    0.0
     11    0.0
     12    0.8
     13    0.0
     14    0.0
     15    0.0
     16    0.0
     17    0.6
     18    0.0
     19    0.0
     20    0.0
     21   30.0
     22    0.1
     23    0.0
     24    0.2
     25    0.2
     26   12.2
     27    2.1
     28    0.0
     29    0.0
     30    0.0
     31    1.5
     32    0.0
     33    0.0
     34    0.0
     35    0.0
     36    0.0
     37    0.0
     38    0.0
     39    0.0
     40    0.0
     41    0.0
     42    0.0
     43    0.0
     44    0.0
     45    0.0
     46    0.0
     47    0.0
     48    0.0
     49    0.0
     50    4.6
     51   10.8
     52    0.0
     53   21.3
     54    0.8
     55    3.6
     56    0.3
     57    0.0
     58    0.0
     59    0.0
     60    8.8
     61    0.0
     62    0.0
     63    1.2
     64   12.2
     65    0.0
     66    0.0
     67    0.0
     68    0.0
     69    0.0
     70    2.8
     71    1.6
     72    0.0
     73    0.0
     74    0.0
     75    0.0
     76    0.0
     77    0.0
     78    0.0
     79    0.0
     80    0.0
     81    0.0
     82    0.0
     83    8.0
     84    0.0
     85    0.0
     86    0.0
     87    0.0
     88    0.0
     89    0.0
     90    0.0
     91    0.0
     92    0.0
     93    0.0
     94    0.0
     95    0.0
     96    0.0
     97    0.0
     98    0.0
     99    0.0
    100    1.2
    101    0.0
    102    0.0
    103    0.0
    104    0.0
    105    5.5
    106    6.2
    107   28.8
    108    0.0
    109    0.0
    110    0.0
    111    2.4
    112    0.0
    113    0.0
    114    0.0
    115    1.0
    116    0.0
    117    8.0
    118    2.0
    119    0.0
    120    0.0
    121    0.0
    122    0.0
    123    0.0
    124    0.0
    125    4.7
    126   14.0
    127    0.8
    128    5.4
    129    0.0
    130    0.0
    131    0.0
    132    0.0
    133    0.0
    134    0.0
    135    0.0
    136    5.0
    137   42.6
    138    4.8
    139   10.8
    140   16.2
    141    8.6
    142    2.6
    143   32.4
    144    0.0
    145    7.3
    146    3.0
    147   20.0
    148    3.4
    149    0.0
    150    0.0
    151    1.2
    152   29.3
    153   49.6
    154    3.2
    155   18.0
    156    0.0
    157    0.2
    158    0.0
    159    1.8
    160    2.0
    161    5.4
    162   42.9
    163    0.3
    164   12.6
    165   80.5
    166   33.6
    167  118.4
    168  113.3
    169   94.7
    170    0.1
    171   25.0
    172    1.2
    173   51.0
    174    6.7
    175   21.2
    176   38.8
    177  176.4
    178    7.0
    179   46.4
    180   45.8
    181    7.5
    182    8.0
    183   57.9
    184    1.2
    185   10.4
    186   83.6
    187   26.8
    188    4.0
    189    8.9
    190   44.2
    191  121.8
    192   19.4
    193   33.4
    194  132.4
    195   42.0
    196   15.6
    197  162.0
    198   97.0
    199   52.0
    200   15.2
    201  135.0
    202   47.0
    203   18.8
    204   21.6
    205   92.6
    206   34.0
    207   34.4
    208  118.4
    209   31.2
    210  104.4
    211   55.7
    212   74.0
    213  100.0
    214   12.8
    215   80.5
    216   34.0
    217   26.0
    218   50.8
    219   78.8
    220  143.7
    221    6.9
    222   49.6
    223   62.8
    224   24.6
    225    1.9
    226    0.1
    227   65.6
    228  208.2
    229   53.5
    230    2.2
    231    0.0
    232  187.2
    233    0.1
    234    0.3
    235   36.1
    236   78.1
    237  104.5
    238   32.0
    239   68.8
    240   61.8
    241   34.2
    242   37.9
    243   16.4
    244    7.2
    245   32.0
    246   40.4
    247   10.0
    248   25.2
    249    2.6
    250   38.8
    251   16.4
    252   42.4
    253    2.0
    254   32.0
    255   13.2
    256    3.6
    257   10.0
    258   13.4
    259    3.7
    260    1.6
    261    0.4
    262   25.9
    263   20.8
    264   95.1
    265   28.3
    266   84.6
    267   73.3
    268    0.4
    269    2.5
    270    8.4
    271   40.4
    272    9.7
    273   54.4
    274    0.3
    275   15.2
    276    1.0
    277    8.8
    278    0.7
    279    0.4
    280    6.7
    281    0.3
    282    0.0
    283    0.0
    284    0.0
    285    6.0
    286    6.4
    287   19.2
    288    2.7
    289    0.1
    290    0.0
    291    0.0
    292    0.0
    293    0.0
    294    0.0
    295    0.0
    296    0.0
    297    0.0
    298    0.0
    299    0.0
    300   11.9
    301    0.0
    302    1.6
    303   32.8
    304    0.0
    305    0.0
    306    0.0
    307    0.0
    308    0.2
    309    0.0
    310    0.0
    311    0.0
    312    0.0
    313    0.0
    314    0.0
    315    0.0
    316    0.0
    317    0.0
    318    0.4
    319    0.0
    320    0.0
    321    0.0
    322    0.0
    323    0.0
    324    0.0
    325    0.0
    326    0.0
    327    0.0
    328    0.0
    329    0.0
    330    0.4
    331    0.0
    332    0.0
    333    0.0
    334    0.0
    335    0.0
    336    0.0
    337    0.0
    338    0.0
    339    0.0
    340    0.0
    341    0.0
    342    0.0
    343    0.0
    344    0.0
    345    0.0
    346    0.0
    347    0.0
    348    0.0
    349    0.0
    350    0.0
    351    0.0
    352    0.0
    353    0.0
    354    0.0
    355    0.0
    356    0.0
    357    0.0
    358    0.0
    359    0.0
    360    0.0
    361    0.0
    362    0.0
    363    0.0
    364    0.0
    365    0.0
