      1    0.5
      2    0.0
      3    0.0
      4    0.0
      5    0.0
      6    0.0
      7    0.0
      8    0.0
      9    0.0
     10    0.0
     11    0.0
     12    0.0
     13    0.0
     14    0.0
     15    0.0
     16    0.0
     17    0.0
     18    0.0
     19    0.0
     20    0.0
     21    0.0
     22    0.0
     23    0.0
     24    0.0
     25    0.0
     26    0.0
     27    0.0
     28    0.0
     29    0.0
     30    1.4
     31    0.0
     32    0.0
     33    0.0
     34    0.0
     35    0.0
     36    0.0
     37    0.0
     38    0.0
     39    0.0
     40    0.0
     41    T  
     42   17.5
     43    0.0
     44    0.0
     45    0.5
     46   13.9
     47    2.7
     48    0.0
     49    0.0
     50    0.0
     51    0.0
     52    0.0
     53    0.0
     54    0.0
     55    0.0
     56    0.0
     57    0.0
     58    0.0
     59    0.0
     60    0.2
     61    9.5
     62    0.0
     63    0.0
     64   19.2
     65   10.9
     66    0.6
     67    T  
     68    0.8
     69    0.0
     70    0.0
     71    0.0
     72    0.0
     73    0.0
     74    0.5
     75    1.7
     76    0.0
     77    0.0
     78    0.0
     79    3.0
     80    0.0
     81    0.0
     82    0.1
     83    0.0
     84    0.0
     85    0.0
     86    0.0
     87    0.0
     88    1.1
     89    0.0
     90    0.0
     91    0.0
     92    0.0
     93    1.0
     94    2.3
     95    0.4
     96    0.0
     97    0.1
     98    0.8
     99    0.0
    100    0.0
    101    5.6
    102   22.0
    103   29.9
    104    0.0
    105    0.0
    106    0.0
    107    0.0
    108    0.0
    109    0.0
    110    0.0
    111    0.0
    112    6.1
    113    2.0
    114    0.0
    115    8.8
    116    2.6
    117    0.6
    118    0.0
    119    1.6
    120    9.3
    121    0.9
    122    T  
    123    8.0
    124    7.4
    125   29.6
    126    0.0
    127    2.5
    128    0.0
    129    0.0
    130    0.0
    131   21.1
    132    6.1
    133    3.0
    134    3.9
    135    6.8
    136    4.3
    137    5.0
    138   23.4
    139    1.1
    140    0.0
    141    3.7
    142    0.0
    143    5.2
    144    0.0
    145    0.0
    146    2.8
    147   21.5
    148    0.3
    149   17.9
    150    1.0
    151    0.0
    152    0.0
    153    0.0
    154    0.0
    155    0.0
    156    0.0
    157    0.0
    158   16.6
    159    8.5
    160    2.6
    161   24.0
    162   24.4
    163   91.0
    164   27.8
    165   18.5
    166   11.5
    167   81.0
    168   35.6
    169   23.8
    170   65.0
    171   62.4
    172   17.3
    173   60.8
    174   36.3
    175   79.9
    176   38.1
    177   26.0
    178  118.7
    179   86.0
    180   29.7
    181   44.9
    182   85.8
    183    8.9
    184    0.1
    185   76.1
    186   15.0
    187    2.8
    188   13.8
    189    5.8
    190    4.5
    191    4.7
    192   21.3
    193   45.5
    194   20.4
    195  133.8
    196   94.7
    197   41.9
    198   56.5
    199   11.0
    200    9.9
    201   31.6
    202  142.5
    203   88.0
    204   60.0
    205    9.4
    206   52.0
    207   74.4
    208   80.7
    209    5.0
    210   36.7
    211  124.4
    212   69.9
    213   35.7
    214   17.3
    215   81.7
    216   36.3
    217    2.7
    218   35.3
    219    3.5
    220   33.4
    221   32.2
    222   53.2
    223    0.3
    224   22.5
    225    0.1
    226   36.9
    227   62.8
    228  169.8
    229   39.0
    230   36.4
    231   20.0
    232  105.9
    233    4.0
    234    8.5
    235   81.4
    236    7.6
    237   10.2
    238    7.9
    239   44.8
    240   35.2
    241   18.2
    242   55.3
    243   17.0
    244   22.6
    245   37.5
    246   21.7
    247   94.3
    248   35.0
    249   52.0
    250   36.0
    251    0.6
    252   38.9
    253   74.5
    254  121.0
    255   91.0
    256   82.0
    257   85.0
    258   20.0
    259    9.0
    260    4.5
    261    1.2
    262    0.0
    263   11.5
    264   85.0
    265    1.5
    266   32.0
    267   19.5
    268   26.5
    269  110.0
    270   45.2
    271   44.0
    272   26.4
    273   22.0
    274   13.5
    275  105.0
    276   32.8
    277    0.1
    278    3.0
    279   43.7
    280   19.6
    281   16.0
    282    1.2
    283    2.1
    284    4.2
    285   49.3
    286    0.0
    287    1.5
    288   14.0
    289    6.0
    290    4.4
    291    0.0
    292    0.0
    293    0.3
    294    9.5
    295    0.0
    296    0.0
    297    0.0
    298    0.0
    299    0.0
    300    0.0
    301    0.0
    302    0.0
    303    0.0
    304    0.9
    305    0.0
    306    6.0
    307    1.2
    308    0.6
    309    0.0
    310    0.0
    311    0.0
    312    0.0
    313    0.0
    314    0.0
    315    8.4
    316    5.0
    317    1.5
    318    0.0
    319    0.0
    320    0.0
    321    0.0
    322    2.6
    323    0.5
    324    0.7
    325    0.6
    326    0.0
    327    0.0
    328    0.0
    329    0.0
    330    0.0
    331    0.0
    332    0.0
    333    0.0
    334    0.9
    335    0.0
    336    0.0
    337    0.0
    338    0.0
    339    0.0
    340    0.0
    341    0.0
    342    0.0
    343    0.0
    344    0.0
    345    0.0
    346    0.0
    347    T  
    348   21.4
    349    0.0
    350    0.0
    351    0.0
    352   13.0
    353    0.0
    354    0.0
    355    0.0
    356    0.0
    357    0.0
    358    0.0
    359    0.0
    360    0.0
    361    0.0
    362    0.0
    363    0.0
    364    0.0
    365    T  
