      1    0.0
      2    0.0
      3    0.0
      4    0.0
      5    0.0
      6    0.0
      7    0.0
      8    0.0
      9    0.0
     10    0.8
     11    0.0
     12    0.0
     13    0.0
     14    0.0
     15    0.0
     16    0.0
     17    0.0
     18    0.0
     19    0.0
     20    0.0
     21    0.0
     22    0.0
     23    0.0
     24    0.0
     25    0.0
     26    0.0
     27    0.0
     28    0.0
     29   24.5
     30    7.0
     31    0.0
     32    0.0
     33    0.0
     34    0.0
     35    0.0
     36    0.0
     37    0.0
     38    0.0
     39    0.0
     40    0.0
     41    0.0
     42    0.0
     43    0.0
     44    0.0
     45    0.0
     46    0.0
     47    0.0
     48    0.0
     49    0.0
     50    0.0
     51    0.0
     52    0.0
     53   18.9
     54    0.0
     55    0.0
     56    0.0
     57    1.0
     58    0.8
     59    3.8
     60    0.0
     61    0.0
     62    0.0
     63    0.0
     64    0.0
     65    0.0
     66    0.0
     67    0.0
     68    0.0
     69    0.0
     70    0.0
     71    0.0
     72    0.0
     73    0.0
     74    0.0
     75    0.0
     76    0.0
     77    0.0
     78    0.0
     79    0.0
     80    0.0
     81    0.0
     82    0.0
     83    0.0
     84    0.0
     85    0.0
     86    0.0
     87    0.0
     88    0.0
     89    0.0
     90    0.0
     91    0.0
     92    0.0
     93    0.0
     94    0.0
     95    0.0
     96    0.0
     97    0.0
     98    0.0
     99   17.0
    100    0.0
    101    0.0
    102    0.0
    103    0.0
    104    0.0
    105    0.0
    106    0.0
    107    0.0
    108    0.0
    109    0.0
    110    0.0
    111    0.0
    112    0.0
    113    0.0
    114    0.0
    115    0.0
    116    0.0
    117    0.0
    118    0.0
    119    0.0
    120    0.0
    121    0.0
    122   32.5
    123    4.6
    124   10.0
    125   15.5
    126    3.9
    127    2.8
    128    5.5
    129   11.0
    130   26.3
    131    0.0
    132   10.8
    133    0.0
    134    4.0
    135   13.0
    136   15.2
    137    4.0
    138    7.6
    139    0.0
    140    0.0
    141    1.6
    142   14.1
    143   84.0
    144   14.8
    145   18.0
    146   64.0
    147   52.8
    148   74.0
    149   26.5
    150   30.2
    151    0.0
    152   12.9
    153    6.8
    154    0.3
    155    0.0
    156    0.0
    157    0.0
    158    0.0
    159    1.1
    160    0.0
    161   26.5
    162   21.6
    163   21.0
    164  263.7
    165   14.3
    166    5.5
    167   43.2
    168  108.9
    169   28.7
    170  115.0
    171   17.0
    172   23.0
    173   17.4
    174   21.5
    175   93.0
    176  137.0
    177   12.0
    178  108.0
    179   20.0
    180    0.0
    181   48.2
    182   20.4
    183   14.5
    184   19.5
    185   29.3
    186    7.4
    187   35.2
    188   29.5
    189   46.5
    190   29.5
    191   56.0
    192  136.0
    193    4.2
    194   18.0
    195   25.4
    196    8.4
    197   42.5
    198    2.0
    199   56.0
    200   57.2
    201  117.0
    202    9.0
    203   56.6
    204   18.1
    205   93.0
    206   38.5
    207   33.1
    208   39.0
    209   24.7
    210    2.0
    211   30.6
    212   36.8
    213    0.0
    214   63.5
    215    5.0
    216   71.0
    217   61.3
    218   21.7
    219    0.0
    220   62.3
    221   25.2
    222   25.4
    223    4.0
    224   28.8
    225   88.0
    226   47.3
    227   26.9
    228    8.8
    229   24.7
    230  109.0
    231   38.0
    232    8.7
    233    3.8
    234   60.5
    235   67.3
    236   21.7
    237   77.2
    238  100.5
    239   16.0
    240   75.5
    241   27.8
    242  144.8
    243   97.0
    244  116.0
    245   60.5
    246   81.0
    247   83.0
    248   14.2
    249    4.4
    250   42.0
    251   33.5
    252   47.3
    253  129.0
    254   10.1
    255   80.4
    256   45.3
    257    5.7
    258   14.1
    259   34.8
    260   37.5
    261   33.5
    262   72.0
    263   96.5
    264   13.3
    265   82.5
    266   36.5
    267   14.2
    268   40.5
    269   23.5
    270   12.0
    271   47.0
    272   23.9
    273   30.9
    274   18.0
    275   27.4
    276   53.3
    277    0.0
    278   22.2
    279   32.8
    280    3.5
    281    4.5
    282    0.0
    283    0.5
    284   33.8
    285    0.4
    286    5.5
    287    0.2
    288    0.0
    289    0.0
    290    0.2
    291    8.7
    292    0.0
    293    5.2
    294   33.0
    295    0.3
    296    0.0
    297    0.0
    298    0.0
    299    0.0
    300    0.0
    301    0.0
    302    0.0
    303    0.0
    304    0.0
    305    0.0
    306    0.0
    307    0.0
    308    0.3
    309    0.0
    310    0.0
    311    0.0
    312    0.0
    313    0.0
    314    0.0
    315    0.0
    316    0.0
    317    0.0
    318    0.2
    319    0.0
    320    0.0
    321    0.0
    322    0.0
    323    0.0
    324    0.2
    325    0.0
    326    0.0
    327    0.0
    328    0.0
    329    0.0
    330    0.5
    331    0.0
    332    0.9
    333    0.0
    334    0.0
    335    0.0
    336    0.0
    337    0.0
    338    0.0
    339    0.0
    340    0.2
    341    0.0
    342    0.0
    343    1.2
    344    0.0
    345    0.0
    346    0.0
    347    0.0
    348    0.0
    349    0.0
    350    0.0
    351    0.0
    352    0.0
    353    0.0
    354    0.0
    355    0.0
    356    0.1
    357    0.0
    358    0.0
    359    0.2
    360    0.0
    361    0.0
    362    0.0
    363    0.0
    364    0.0
    365    0.0
