      1    0.0
      2    0.0
      3    0.0
      4    0.0
      5    0.0
      6    0.0
      7    0.0
      8    T  
      9    2.4
     10    1.8
     11    1.4
     12    0.0
     13    0.0
     14    0.0
     15    0.0
     16    0.0
     17    3.0
     18    0.0
     19    0.0
     20    4.0
     21    0.4
     22    0.0
     23    0.0
     24    0.0
     25    4.2
     26    0.0
     27    0.0
     28    5.2
     29    T  
     30    0.0
     31    0.0
     32    0.0
     33    0.0
     34    0.0
     35    0.0
     36    7.8
     37    0.0
     38    0.0
     39    0.0
     40    0.0
     41    0.0
     42    0.0
     43    0.0
     44    0.0
     45    0.0
     46    0.0
     47    0.0
     48    0.0
     49    0.0
     50    0.0
     51    0.0
     52    0.0
     53    0.0
     54    0.0
     55    0.0
     56    T  
     57    0.0
     58    0.0
     59    0.0
     60    0.0
     61    0.0
     62    0.0
     63    0.0
     64    0.0
     65    0.0
     66    0.0
     67    0.0
     68    0.0
     69    0.0
     70    0.0
     71    0.0
     72    2.4
     73    1.4
     74    0.0
     75    0.0
     76    0.0
     77    0.0
     78    0.0
     79    0.0
     80    0.0
     81    0.0
     82    0.0
     83    0.0
     84    0.0
     85    0.0
     86   14.4
     87   20.0
     88    0.0
     89    0.0
     90    0.4
     91   19.8
     92    0.0
     93    6.0
     94    5.4
     95    4.8
     96    7.2
     97    0.0
     98   23.2
     99    0.0
    100    1.4
    101   19.0
    102    8.2
    103    0.6
    104    0.0
    105   16.0
    106    0.0
    107   16.0
    108    6.4
    109   12.0
    110    0.8
    111    0.4
    112    0.4
    113    0.0
    114    6.0
    115   22.2
    116    3.4
    117    5.0
    118    T  
    119    2.4
    120    T  
    121    5.4
    122    5.4
    123    0.8
    124    4.4
    125    0.0
    126   23.4
    127   19.8
    128    1.4
    129    0.0
    130   19.2
    131    1.2
    132   18.4
    133    0.0
    134    2.8
    135    3.4
    136    0.0
    137   21.4
    138    6.0
    139    0.0
    140   19.4
    141   38.4
    142   20.8
    143    6.4
    144   19.8
    145    0.0
    146    0.8
    147    9.4
    148    0.2
    149   25.0
    150    0.1
    151   83.0
    152    0.0
    153    3.6
    154    1.0
    155   23.4
    156    0.4
    157   11.4
    158    7.0
    159    2.2
    160    0.4
    161    0.0
    162    0.0
    163    0.0
    164    0.0
    165   22.0
    166   10.8
    167   11.4
    168   16.4
    169    1.6
    170    0.0
    171   85.8
    172    3.2
    173  127.0
    174    0.0
    175    5.2
    176   81.6
    177   79.6
    178    1.8
    179   29.2
    180    9.4
    181   35.2
    182   44.4
    183   54.8
    184   30.2
    185  102.4
    186   58.2
    187   12.2
    188   13.8
    189   30.2
    190   16.4
    191   95.4
    192   36.0
    193    7.0
    194   87.0
    195   31.2
    196    0.8
    197    9.0
    198    0.0
    199   84.4
    200   69.0
    201   19.0
    202    9.4
    203    1.0
    204   89.0
    205   10.0
    206   30.4
    207    0.0
    208   50.4
    209    2.0
    210   66.0
    211   91.0
    212   38.0
    213   45.2
    214   32.0
    215  187.4
    216   24.2
    217   43.4
    218    0.0
    219   85.0
    220   36.4
    221    2.0
    222    1.2
    223   39.4
    224   35.6
    225   48.0
    226  127.2
    227   21.4
    228   83.2
    229  123.2
    230   65.2
    231   20.4
    232   70.8
    233   29.4
    234   51.4
    235   73.4
    236   41.0
    237   31.2
    238    0.0
    239    5.6
    240   88.0
    241  123.0
    242    0.0
    243   13.2
    244    5.6
    245   49.0
    246   22.0
    247   33.6
    248  115.8
    249   32.4
    250   18.4
    251    0.0
    252    3.0
    253   30.8
    254    5.4
    255   37.2
    256    8.0
    257   32.0
    258    0.0
    259    0.2
    260   42.0
    261   32.0
    262   14.4
    263   27.2
    264    1.6
    265    3.8
    266    5.8
    267   26.0
    268    1.4
    269    0.2
    270   24.0
    271   11.0
    272    2.2
    273    6.0
    274   67.3
    275   56.0
    276    0.0
    277   28.0
    278   20.0
    279    3.0
    280   33.0
    281    0.0
    282    0.0
    283    1.0
    284    0.0
    285    0.0
    286    T  
    287    3.9
    288    0.4
    289    1.4
    290    0.0
    291    0.0
    292    4.8
    293    0.0
    294    0.0
    295    0.0
    296    0.0
    297    0.0
    298    T  
    299    1.0
    300    1.4
    301   13.6
    302    T  
    303    0.9
    304   19.0
    305    T  
    306   27.0
    307    0.4
    308    0.4
    309    1.6
    310    0.0
    311    0.0
    312   13.4
    313    T  
    314    0.5
    315    0.0
    316    0.0
    317    0.0
    318    3.8
    319    0.0
    320    0.0
    321    0.0
    322    0.0
    323    0.0
    324    0.0
    325    0.0
    326    0.0
    327    0.0
    328    0.0
    329    0.0
    330    0.2
    331    T  
    332    0.0
    333    0.0
    334    T  
    335    T  
    336    T  
    337    T  
    338    0.0
    339    0.0
    340    0.0
    341    1.8
    342    0.0
    343    0.0
    344    0.0
    345    0.0
    346    0.0
    347    0.0
    348    0.0
    349    0.0
    350    0.0
    351    0.0
    352    0.0
    353    0.0
    354    0.0
    355    0.0
    356    1.4
    357    0.0
    358    0.0
    359    0.0
    360    1.6
    361   36.0
    362   12.0
    363    T  
    364    0.0
    365    0.0
