      1    0.0
      2    0.0
      3    0.0
      4    0.0
      5    0.0
      6    0.0
      7    0.0
      8    T  
      9    0.2
     10    0.0
     11    0.0
     12    0.0
     13    0.0
     14    0.0
     15    0.0
     16    0.0
     17    T  
     18    0.0
     19    0.0
     20    0.0
     21    0.0
     22    0.0
     23    0.0
     24    0.0
     25    0.0
     26    0.0
     27    0.0
     28    0.0
     29    0.0
     30    0.0
     31    0.0
     32    0.0
     33    0.0
     34    0.0
     35    0.0
     36    T  
     37   10.0
     38    0.0
     39    0.0
     40    0.0
     41    0.0
     42    0.0
     43    0.0
     44    0.0
     45    4.0
     46    6.4
     47    T  
     48    0.0
     49    0.0
     50    0.0
     51    0.0
     52    0.0
     53    0.0
     54    T  
     55    5.4
     56    0.0
     57    0.0
     58    T  
     59    0.0
     60    0.0
     61    0.0
     62    0.0
     63    0.0
     64    0.0
     65    0.0
     66    0.0
     67    0.0
     68    0.0
     69    0.0
     70    0.0
     71    0.0
     72    0.0
     73    0.0
     74    0.0
     75    0.0
     76    0.0
     77    0.0
     78    0.0
     79    0.0
     80    0.0
     81    0.0
     82    0.0
     83    0.0
     84    0.0
     85    0.0
     86    T  
     87    2.1
     88    3.2
     89    4.1
     90    0.0
     91    0.0
     92    0.0
     93    0.0
     94    0.0
     95    0.0
     96    0.0
     97    0.0
     98    0.0
     99    0.0
    100    0.0
    101    T  
    102    0.0
    103    0.0
    104    0.0
    105    0.0
    106    T  
    107    T  
    108    0.0
    109    T  
    110    0.0
    111    0.0
    112    0.0
    113    0.0
    114    0.0
    115    0.0
    116    0.0
    117    T  
    118    0.0
    119    0.0
    120    0.0
    121    0.0
    122    0.0
    123    0.0
    124    0.0
    125    0.0
    126    0.0
    127    T  
    128    0.0
    129    0.0
    130    2.0
    131    0.0
    132    0.0
    133    1.4
    134    2.1
    135   12.0
    136   24.2
    137   28.4
    138    0.0
    139    T  
    140    0.0
    141    0.0
    142    0.0
    143    0.0
    144    0.0
    145    0.0
    146    0.0
    147    0.0
    148    0.0
    149    0.0
    150    0.0
    151    0.0
    152    0.0
    153    0.0
    154    4.1
    155    8.4
    156   10.4
    157    4.2
    158    T  
    159    T  
    160    1.0
    161    0.4
    162   12.3
    163   12.4
    164   39.3
    165    4.2
    166    T  
    167    0.4
    168   74.2
    169   52.3
    170    T  
    171    0.0
    172    0.0
    173    0.0
    174   27.2
    175    2.1
    176   12.2
    177    0.0
    178    T  
    179    0.0
    180    4.3
    181    T  
    182    0.0
    183    T  
    184    T  
    185    5.1
    186    2.4
    187   12.1
    188   10.0
    189    T  
    190    9.0
    191    T  
    192    T  
    193    0.4
    194    2.1
    195   10.3
    196    3.1
    197    5.4
    198    6.0
    199   30.2
    200    T  
    201    1.0
    202    T  
    203    0.0
    204    0.0
    205    0.0
    206    1.0
    207    0.0
    208    0.0
    209    3.2
    210    T  
    211    0.0
    212   31.4
    213    0.0
    214   15.3
    215    0.0
    216    0.0
    217    0.0
    218    0.0
    219   30.0
    220   10.0
    221    0.0
    222    0.0
    223    T  
    224    0.0
    225   49.4
    226   12.2
    227    2.4
    228   21.2
    229    0.0
    230    0.0
    231    9.0
    232    T  
    233    0.0
    234    0.0
    235    T  
    236    0.0
    237    0.0
    238    0.0
    239    0.0
    240    T  
    241    0.0
    242   18.3
    243    0.0
    244    0.0
    245    T  
    246    0.0
    247    0.0
    248    0.0
    249    T  
    250    8.3
    251    0.0
    252    0.0
    253    0.0
    254    5.0
    255    0.0
    256    0.0
    257    0.0
    258    0.0
    259    7.3
    260    T  
    261    1.0
    262   15.4
    263    6.2
    264    0.0
    265    0.0
    266    0.0
    267    T  
    268    2.2
    269   10.4
    270    T  
    271    0.0
    272    5.2
    273    0.0
    274    0.0
    275    0.0
    276    0.0
    277    0.0
    278    0.0
    279    0.0
    280    0.0
    281    0.0
    282    0.0
    283    2.4
    284    0.0
    285    0.0
    286    0.0
    287    0.0
    288    0.0
    289    0.0
    290    0.0
    291    0.0
    292    0.0
    293    0.0
    294    0.0
    295    0.0
    296    0.0
    297    0.0
    298    0.0
    299    0.0
    300    0.0
    301    0.0
    302    0.0
    303    0.0
    304    0.0
    305    0.0
    306    0.0
    307    0.0
    308    0.0
    309    0.0
    310    0.0
    311    0.0
    312    0.0
    313    0.0
    314   82.0
    315   15.4
    316    0.0
    317    0.0
    318    0.0
    319    0.0
    320    0.0
    321    0.0
    322    0.0
    323    0.0
    324    0.0
    325    0.0
    326    0.0
    327    0.0
    328    0.0
    329    0.0
    330    0.0
    331    0.0
    332    0.0
    333    0.0
    334    0.0
    335    0.0
    336    0.0
    337    0.0
    338    0.0
    339    0.0
    340    0.0
    341    0.0
    342    0.0
    343    0.0
    344    0.0
    345    0.0
    346    0.0
    347    0.0
    348    0.0
    349    0.0
    350    0.0
    351    0.0
    352    0.0
    353    0.0
    354    0.0
    355    0.0
    356    0.0
    357    0.0
    358    0.0
    359    4.2
    360   12.0
    361    0.0
    362    0.0
    363    0.0
    364    0.0
    365    0.0
