      1    0.0
      2   30.0
      3    4.0
      4    0.0
      5    0.0
      6    0.0
      7    0.0
      8    0.0
      9    0.0
     10    0.0
     11    0.0
     12    0.0
     13    0.0
     14    0.0
     15    0.0
     16    0.0
     17    0.0
     18    0.0
     19    0.0
     20    0.0
     21    0.0
     22    0.0
     23    0.0
     24    0.0
     25    0.0
     26    0.0
     27    0.0
     28    0.0
     29    2.0
     30    0.0
     31    0.0
     32   28.0
     33   50.0
     34    5.0
     35    0.0
     36    3.0
     37    0.0
     38   78.0
     39    0.0
     40    0.0
     41    0.0
     42    0.0
     43    0.0
     44    0.0
     45    0.0
     46    0.0
     47    0.0
     48    0.0
     49    0.0
     50    0.0
     51    0.0
     52    0.0
     53    0.0
     54    0.0
     55    0.0
     56    0.0
     57    0.0
     58    0.0
     59    0.0
     60    0.0
     61    0.0
     62    0.0
     63    0.0
     64    0.0
     65    0.0
     66    8.0
     67    0.0
     68    0.0
     69    0.0
     70    0.0
     71    0.0
     72    0.0
     73    0.0
     74    0.0
     75   16.0
     76   50.0
     77    3.0
     78   18.0
     79    0.0
     80    0.0
     81    0.0
     82    0.0
     83    0.0
     84    0.0
     85    0.0
     86    0.0
     87    0.0
     88    0.0
     89    0.0
     90    0.0
     91    0.0
     92   28.0
     93    0.0
     94    0.0
     95    0.0
     96    5.0
     97    0.0
     98    0.0
     99    0.0
    100    0.0
    101    0.0
    102    0.0
    103    0.0
    104    0.0
    105    0.0
    106    0.0
    107    0.0
    108    0.0
    109    0.0
    110    0.0
    111    0.0
    112    0.0
    113    0.0
    114    0.0
    115    0.0
    116    0.0
    117    0.0
    118    0.0
    119    0.0
    120    2.8
    121   12.0
    122    0.0
    123    0.0
    124   12.0
    125    0.0
    126    5.0
    127   20.0
    128    0.0
    129    0.0
    130    0.0
    131    0.0
    132    0.0
    133    0.0
    134    0.0
    135    0.0
    136    2.8
    137    0.0
    138    0.0
    139    0.0
    140    0.0
    141    0.0
    142    0.0
    143    3.2
    144    0.0
    145    5.0
    146    4.5
    147    0.0
    148    5.0
    149    0.0
    150    0.0
    151    0.0
    152    0.0
    153   32.0
    154   14.0
    155   50.0
    156   54.0
    157   13.0
    158    0.0
    159    4.0
    160    0.0
    161    0.0
    162   30.0
    163   35.5
    164   20.0
    165   19.0
    166   33.0
    167    0.0
    168    0.0
    169    0.0
    170   50.0
    171   41.0
    172    0.0
    173   24.0
    174   17.0
    175  114.0
    176    1.0
    177    0.0
    178  113.0
    179    0.0
    180    0.0
    181    0.0
    182    9.0
    183    0.0
    184    0.0
    185    0.0
    186    0.0
    187    0.0
    188   44.0
    189   32.0
    190   24.0
    191   20.0
    192    1.0
    193    0.0
    194  204.0
    195   32.0
    196   13.0
    197   20.0
    198   40.0
    199    8.0
    200    0.0
    201    0.0
    202   20.0
    203   50.0
    204    8.0
    205   24.0
    206    0.0
    207   16.0
    208    0.0
    209   86.0
    210   24.0
    211    0.0
    212   30.6
    213   20.0
    214    8.0
    215   87.0
    216    7.0
    217   10.0
    218   20.0
    219   54.0
    220   20.0
    221   80.0
    222   32.0
    223   20.0
    224   54.0
    225    8.0
    226  122.0
    227   17.0
    228    8.5
    229    0.0
    230    0.8
    231   80.0
    232   80.0
    233   32.0
    234    1.0
    235   66.0
    236   16.0
    237    0.0
    238   13.0
    239    0.0
    240   50.0
    241   16.0
    242    0.0
    243  150.0
    244   48.0
    245   70.0
    246   44.0
    247   16.0
    248   50.0
    249   67.0
    250   10.0
    251   70.4
    252    0.0
    253    5.0
    254    0.0
    255    8.0
    256    0.0
    257    0.0
    258   91.0
    259  150.0
    260    4.0
    261    0.0
    262    0.0
    263    5.0
    264   50.0
    265    0.0
    266    4.0
    267   12.0
    268   13.0
    269    5.0
    270    0.0
    271   62.0
    272    0.0
    273    0.0
    274  144.0
    275   40.0
    276    0.0
    277    0.0
    278    0.0
    279   10.0
    280    8.0
    281   11.0
    282    0.0
    283    0.0
    284   40.0
    285   17.0
    286   50.0
    287   55.0
    288    0.0
    289    0.0
    290    0.0
    291    0.0
    292    0.0
    293    0.0
    294    0.0
    295    0.0
    296    0.0
    297    0.0
    298    0.0
    299    0.0
    300    0.0
    301    0.0
    302    0.0
    303    0.0
    304    0.0
    305    0.0
    306    0.0
    307    0.0
    308    0.0
    309    0.0
    310    0.0
    311    2.5
    312    0.0
    313    0.0
    314    0.0
    315    0.0
    316    0.0
    317    0.0
    318    0.0
    319    0.0
    320    0.0
    321    0.0
    322    0.0
    323    0.0
    324    0.0
    325    0.0
    326    0.0
    327    0.0
    328    0.0
    329    0.0
    330    0.0
    331    0.0
    332    0.0
    333    0.0
    334    0.0
    335    0.0
    336    0.0
    337    0.0
    338    0.0
    339    0.0
    340    0.0
    341    0.0
    342    0.0
    343    0.0
    344    0.0
    345    0.0
    346    0.0
    347    0.0
    348    9.0
    349    0.0
    350    0.0
    351    0.0
    352    0.0
    353    0.0
    354    0.0
    355    0.0
    356    0.0
    357    0.0
    358    0.0
    359    0.0
    360    0.0
    361    0.0
    362    0.0
    363    0.0
    364    0.0
    365    0.0
