      1    0.0
      2    0.0
      3    0.0
      4    0.0
      5    0.0
      6    0.0
      7    0.0
      8    0.0
      9    0.0
     10    0.0
     11    0.0
     12    0.0
     13    0.0
     14    0.0
     15    0.0
     16    0.0
     17    0.0
     18    0.0
     19   16.2
     20    0.0
     21    0.0
     22    0.0
     23    0.0
     24    0.0
     25    0.0
     26    0.0
     27    0.0
     28    0.0
     29    0.0
     30    0.0
     31    0.0
     32   DNA   
     33   DNA   
     34   DNA   
     35   DNA   
     36   DNA   
     37   DNA   
     38   DNA   
     39   DNA   
     40   DNA   
     41   DNA   
     42   DNA   
     43   DNA   
     44   DNA   
     45   DNA   
     46   DNA   
     47   DNA   
     48   DNA   
     49   DNA   
     50   DNA   
     51   DNA   
     52   DNA   
     53   DNA   
     54   DNA   
     55   DNA   
     56   DNA   
     57   DNA   
     58   DNA   
     59   DNA   
     60   DNA   
     61   DNA   
     62   DNA   
     63   DNA   
     64   DNA   
     65   DNA   
     66   DNA   
     67   DNA   
     68   DNA   
     69   DNA   
     70   DNA   
     71   DNA   
     72   DNA   
     73   DNA   
     74   DNA   
     75   DNA   
     76   DNA   
     77   DNA   
     78   DNA   
     79   DNA   
     80   DNA   
     81   DNA   
     82   DNA   
     83   DNA   
     84   DNA   
     85   DNA   
     86   DNA   
     87   DNA   
     88   DNA   
     89   DNA   
     90   DNA   
     91   DNA   
     92   DNA   
     93   DNA   
     94   DNA   
     95   DNA   
     96   DNA   
     97   DNA   
     98   DNA   
     99   DNA   
    100   DNA   
    101   DNA   
    102   DNA   
    103   DNA   
    104   DNA   
    105   DNA   
    106   DNA   
    107   DNA   
    108   DNA   
    109   DNA   
    110   DNA   
    111   DNA   
    112   DNA   
    113   DNA   
    114   DNA   
    115   DNA   
    116   DNA   
    117   DNA   
    118   DNA   
    119   DNA   
    120   DNA   
    121   DNA   
    122   DNA   
    123   DNA   
    124   DNA   
    125   DNA   
    126   DNA   
    127   DNA   
    128   DNA   
    129   DNA   
    130   DNA   
    131   DNA   
    132   DNA   
    133   DNA   
    134   DNA   
    135   DNA   
    136   DNA   
    137   DNA   
    138   DNA   
    139   DNA   
    140   DNA   
    141   DNA   
    142   DNA   
    143   DNA   
    144   DNA   
    145   DNA   
    146    6.0
    147   40.0
    148    2.4
    149   DNA   
    150   DNA   
    151   37.2
    152    0.0
    153    0.0
    154    0.0
    155    0.0
    156    0.0
    157   19.4
    158    2.5
    159   40.2
    160    0.2
    161    0.0
    162   16.8
    163    0.0
    164    0.0
    165    5.3
    166    0.0
    167   32.2
    168   19.4
    169   32.4
    170   40.2
    171    0.0
    172    0.0
    173   30.0
    174    1.6
    175   40.2
    176    0.0
    177    0.0
    178    5.8
    179    3.2
    180   40.0
    181    0.0
    182    2.6
    183   40.0
    184    5.2
    185   20.0
    186    0.0
    187   19.0
    188   14.4
    189   10.6
    190   36.4
    191   40.0
    192   18.0
    193    5.4
    194   40.2
    195    0.0
    196    0.4
    197    4.2
    198   30.0
    199    4.5
    200   40.2
    201    0.0
    202    0.0
    203   40.8
    204    0.0
    205   22.4
    206   17.6
    207   24.6
    208   25.6
    209   30.0
    210    0.0
    211    3.2
    212    5.2
    213   DNA   
    214   DNA   
    215   DNA   
    216   DNA   
    217   DNA   
    218   DNA   
    219   DNA   
    220   DNA   
    221   DNA   
    222   DNA   
    223   DNA   
    224   DNA   
    225   DNA   
    226   DNA   
    227   DNA   
    228   DNA   
    229   DNA   
    230   DNA   
    231   DNA   
    232   DNA   
    233   DNA   
    234   DNA   
    235   DNA   
    236   DNA   
    237   DNA   
    238   DNA   
    239   DNA   
    240   DNA   
    241   DNA   
    242   DNA   
    243   DNA   
    244    0.0
    245    7.8
    246    5.4
    247   14.6
    248   18.2
    249    0.0
    250    0.0
    251    0.0
    252    0.0
    253    0.0
    254    0.0
    255    0.0
    256    0.0
    257    0.0
    258    0.0
    259    0.0
    260    0.0
    261    0.0
    262    0.0
    263   33.0
    264    0.2
    265    0.0
    266    0.0
    267    0.0
    268    0.0
    269    0.0
    270    0.0
    271    0.0
    272   37.0
    273    0.0
    274    0.0
    275    9.1
    276   11.1
    277    5.1
    278    3.0
    279    0.0
    280    0.0
    281    0.0
    282    0.0
    283    0.0
    284    0.0
    285    0.0
    286    0.0
    287   30.0
    288   42.0
    289    3.0
    290    1.0
    291    1.0
    292   18.0
    293    0.0
    294    0.5
    295    0.0
    296    0.0
    297    0.0
    298    0.0
    299    0.0
    300    0.0
    301    0.5
    302    0.0
    303    0.0
    304    0.0
    305    0.0
    306    0.0
    307    0.0
    308    0.0
    309    0.0
    310    0.0
    311    0.0
    312    0.0
    313    0.0
    314    0.0
    315    0.0
    316    0.0
    317    0.0
    318    0.0
    319    0.0
    320    0.0
    321    0.0
    322    0.0
    323    0.0
    324    0.0
    325    0.0
    326    0.0
    327    0.0
    328    0.0
    329    0.0
    330    0.0
    331    0.0
    332    0.0
    333    0.0
    334    0.0
    335    0.0
    336    0.0
    337    0.0
    338    0.0
    339    0.0
    340    0.0
    341    0.0
    342    0.0
    343    0.0
    344    0.0
    345    0.0
    346    0.0
    347    0.0
    348    0.0
    349    0.0
    350    0.0
    351    0.0
    352    0.0
    353    0.0
    354    0.0
    355    0.0
    356    0.0
    357    0.0
    358    0.0
    359    0.0
    360    0.0
    361    0.0
    362    0.0
    363    0.0
    364    0.0
    365    0.0
