      1   DNA   
      2   DNA   
      3   DNA   
      4   DNA   
      5   DNA   
      6   DNA   
      7   DNA   
      8   DNA   
      9   DNA   
     10   DNA   
     11   DNA   
     12   DNA   
     13   DNA   
     14   DNA   
     15   DNA   
     16   DNA   
     17   DNA   
     18   DNA   
     19   DNA   
     20   DNA   
     21   DNA   
     22   DNA   
     23   DNA   
     24   DNA   
     25   DNA   
     26   DNA   
     27   DNA   
     28   DNA   
     29   DNA   
     30   DNA   
     31   DNA   
     32   DNA   
     33   DNA   
     34   DNA   
     35   DNA   
     36   DNA   
     37   DNA   
     38   DNA   
     39   DNA   
     40   DNA   
     41   DNA   
     42   DNA   
     43   DNA   
     44   DNA   
     45   DNA   
     46   DNA   
     47   DNA   
     48   DNA   
     49   DNA   
     50   DNA   
     51   DNA   
     52   DNA   
     53   DNA   
     54   DNA   
     55   DNA   
     56   DNA   
     57   DNA   
     58   DNA   
     59   DNA   
     60   DNA   
     61   DNA   
     62   DNA   
     63   DNA   
     64   DNA   
     65   DNA   
     66   DNA   
     67   DNA   
     68   DNA   
     69   DNA   
     70   DNA   
     71   DNA   
     72   DNA   
     73   DNA   
     74   DNA   
     75   DNA   
     76   DNA   
     77   DNA   
     78   DNA   
     79   DNA   
     80   DNA   
     81   DNA   
     82   DNA   
     83   DNA   
     84   DNA   
     85   DNA   
     86   DNA   
     87   DNA   
     88   DNA   
     89   DNA   
     90   DNA   
     91   DNA   
     92   DNA   
     93   DNA   
     94   DNA   
     95   DNA   
     96   DNA   
     97   DNA   
     98   DNA   
     99   DNA   
    100   DNA   
    101   DNA   
    102   DNA   
    103   DNA   
    104   DNA   
    105   DNA   
    106   DNA   
    107   DNA   
    108   DNA   
    109   DNA   
    110   DNA   
    111   DNA   
    112   DNA   
    113   DNA   
    114   DNA   
    115   DNA   
    116   DNA   
    117   DNA   
    118   DNA   
    119   DNA   
    120   DNA   
    121   DNA   
    122   DNA   
    123   DNA   
    124   DNA   
    125   DNA   
    126   DNA   
    127   DNA   
    128   DNA   
    129   DNA   
    130   DNA   
    131   DNA   
    132   DNA   
    133   DNA   
    134   DNA   
    135   DNA   
    136   DNA   
    137   DNA   
    138   DNA   
    139   DNA   
    140   DNA   
    141   DNA   
    142   DNA   
    143   DNA   
    144   DNA   
    145   DNA   
    146   33.5
    147    1.0
    148    0.0
    149    1.0
    150    8.1
    151   34.8
    152    2.3
    153    0.0
    154    0.0
    155   11.9
    156   35.1
    157   14.7
    158    8.4
    159    5.6
    160    1.5
    161    9.1
    162    2.0
    163    0.8
    164   35.3
    165   16.0
    166    1.5
    167   16.5
    168   20.6
    169   24.4
    170   14.7
    171   24.4
    172   17.3
    173    9.7
    174    6.6
    175   27.9
    176   12.2
    177   44.5
    178    2.0
    179    1.3
    180    0.0
    181    0.0
    182   43.2
    183    1.8
    184    1.5
    185   18.5
    186    0.0
    187    3.8
    188   53.3
    189    6.4
    190    0.0
    191   49.5
    192    0.0
    193   16.8
    194   20.8
    195   18.0
    196   10.4
    197    8.6
    198   14.2
    199    1.5
    200   26.7
    201    0.0
    202   13.0
    203    0.5
    204   38.1
    205   45.7
    206    5.6
    207   20.8
    208   12.2
    209   17.0
    210    1.3
    211    2.0
    212    1.8
    213   25.9
    214   36.8
    215   11.2
    216    1.3
    217    0.0
    218    3.0
    219   11.4
    220    3.0
    221    1.5
    222    0.2
    223   13.0
    224    2.5
    225    4.6
    226    9.1
    227    3.0
    228    2.3
    229    4.6
    230    0.5
    231    7.9
    232   84.4
    233   55.9
    234    3.8
    235    3.0
    236    2.5
    237   23.9
    238   12.7
    239    9.7
    240   33.5
    241    1.8
    242    4.1
    243    0.0
    244    1.3
    245    6.1
    246    0.0
    247    0.0
    248    0.0
    249    3.6
    250    0.0
    251    0.0
    252    6.9
    253    6.9
    254    4.3
    255    2.3
    256    8.9
    257   18.5
    258    0.0
    259    4.6
    260    8.6
    261   15.2
    262    0.0
    263    0.0
    264   12.7
    265    3.8
    266   14.7
    267    0.0
    268    0.0
    269    0.0
    270   22.4
    271    1.5
    272    0.0
    273    0.5
    274    0.0
    275    0.0
    276    0.0
    277    0.0
    278    0.0
    279    0.0
    280    0.5
    281    2.0
    282   21.1
    283    0.0
    284   46.0
    285    0.0
    286    0.0
    287    0.0
    288    0.0
    289    0.0
    290    0.0
    291    8.6
    292    0.5
    293    0.0
    294    0.0
    295    0.0
    296    0.0
    297    0.0
    298    0.0
    299    0.0
    300    0.0
    301    0.0
    302    0.0
    303    0.0
    304    0.0
    305    0.0
    306   17.8
    307    0.0
    308    0.0
    309    0.0
    310    0.0
    311    0.0
    312    0.0
    313    0.0
    314    0.0
    315    0.0
    316    0.0
    317    0.0
    318    0.0
    319    0.0
    320    0.0
    321    0.0
    322    0.0
    323    0.0
    324    0.0
    325    0.0
    326    0.0
    327    0.0
    328    0.0
    329    0.0
    330    0.0
    331    0.0
    332    0.0
    333    0.0
    334    0.0
    335    0.0
    336    0.0
    337    0.0
    338    0.0
    339    0.0
    340    0.0
    341    0.0
    342    0.0
    343    0.0
    344    0.8
    345    0.0
    346    0.0
    347    0.5
    348    0.0
    349    0.0
    350    0.0
    351    0.2
    352    0.0
    353    0.0
    354    0.5
    355    0.0
    356    1.5
    357    0.0
    358    0.0
    359    0.0
    360    0.0
    361    0.0
    362    0.0
    363    0.0
    364    0.0
    365    0.0
    366    0.0
