      1    0.0
      2    0.0
      3    0.0
      4    0.0
      5    0.0
      6    0.0
      7    0.0
      8    0.0
      9    0.0
     10    0.0
     11    0.0
     12    0.0
     13    0.0
     14    0.0
     15    0.0
     16    0.0
     17    0.0
     18    0.0
     19    0.0
     20    0.0
     21    0.0
     22    0.0
     23    0.0
     24    0.0
     25    0.0
     26    0.0
     27    0.0
     28    0.0
     29    0.0
     30    0.0
     31    0.0
     32    0.0
     33    0.0
     34    0.0
     35    0.0
     36    0.0
     37    0.0
     38    0.0
     39    6.0
     40    0.0
     41    0.0
     42    0.0
     43    3.5
     44    0.0
     45   45.9
     46    2.5
     47    0.0
     48    0.0
     49    0.0
     50    0.0
     51    0.0
     52    0.0
     53    0.0
     54    0.0
     55    0.0
     56    0.0
     57    1.2
     58    0.0
     59    0.0
     60    0.0
     61    0.0
     62    0.0
     63    0.0
     64    0.0
     65    0.0
     66    0.0
     67    0.0
     68    0.0
     69    0.0
     70    0.0
     71   23.5
     72    5.2
     73    4.2
     74    0.0
     75    0.0
     76    0.0
     77    0.0
     78    0.0
     79    0.0
     80    0.0
     81    0.0
     82    0.0
     83    0.0
     84    0.0
     85    0.0
     86    0.0
     87    0.0
     88    0.0
     89    0.0
     90    0.0
     91    0.0
     92    0.0
     93    0.0
     94    0.0
     95    0.0
     96    0.0
     97    0.0
     98    0.0
     99    0.0
    100    0.0
    101    0.0
    102   12.5
    103    1.5
    104    0.0
    105    0.0
    106    0.0
    107    0.0
    108    0.0
    109    1.5
    110    0.0
    111    0.0
    112    0.0
    113   14.3
    114   24.4
    115    0.0
    116    2.5
    117    0.0
    118    0.0
    119    0.0
    120    0.0
    121    0.0
    122    0.0
    123    0.0
    124    0.0
    125    0.0
    126    0.0
    127    9.4
    128    0.0
    129    0.0
    130    0.0
    131   18.9
    132    9.3
    133   21.0
    134    0.0
    135    0.0
    136    1.0
    137    3.3
    138    5.0
    139    0.0
    140    0.0
    141    2.5
    142    0.0
    143    0.0
    144    0.0
    145    0.0
    146    0.0
    147    0.0
    148    0.0
    149    0.0
    150    2.3
    151    0.0
    152    0.0
    153    0.0
    154    0.0
    155   34.7
    156    0.0
    157    7.4
    158   20.5
    159   55.0
    160   38.0
    161   20.0
    162   20.8
    163    0.0
    164    1.9
    165    0.0
    166   89.0
    167    0.0
    168    0.0
    169    0.0
    170    5.6
    171    0.0
    172    0.0
    173    0.0
    174    0.0
    175    0.0
    176    0.0
    177    0.0
    178    0.0
    179   57.0
    180    0.0
    181    1.0
    182    0.0
    183    0.0
    184    1.7
    185    0.0
    186    0.0
    187    3.0
    188    1.0
    189    0.0
    190    6.5
    191    0.0
    192   71.2
    193   42.1
    194   20.7
    195    7.0
    196    1.2
    197    0.0
    198   21.6
    199   60.2
    200   21.2
    201   56.1
    202    5.6
    203   12.2
    204    7.2
    205   24.2
    206   10.2
    207   44.2
    208   54.3
    209   75.2
    210   20.5
    211   19.2
    212   18.1
    213   60.2
    214    7.2
    215    7.2
    216    0.0
    217   15.3
    218    0.0
    219    0.0
    220    0.0
    221   15.2
    222    0.0
    223    0.0
    224    1.2
    225    6.0
    226   13.0
    227   15.2
    228   13.2
    229   28.5
    230   12.2
    231   27.2
    232    8.5
    233    0.0
    234    0.0
    235    0.0
    236   13.3
    237    0.0
    238    0.0
    239   49.3
    240    1.2
    241    0.0
    242    0.0
    243    0.0
    244   25.5
    245    0.0
    246  114.0
    247    1.0
    248    5.4
    249  127.5
    250   53.2
    251    0.0
    252    0.0
    253    0.0
    254    0.0
    255    0.0
    256    0.0
    257    0.0
    258    0.0
    259    0.0
    260    0.0
    261   37.1
    262    0.0
    263    0.0
    264    0.0
    265    0.0
    266    0.0
    267    0.0
    268    0.0
    269   18.1
    270   19.1
    271   10.0
    272   80.2
    273   81.6
    274    0.0
    275    0.0
    276    0.0
    277    0.0
    278    0.0
    279    0.0
    280    0.0
    281    0.0
    282    0.0
    283    0.0
    284    0.0
    285    0.0
    286    0.0
    287    0.0
    288    0.0
    289   30.3
    290    0.0
    291    3.1
    292    0.0
    293    0.0
    294    0.0
    295    0.0
    296    0.0
    297    0.0
    298    0.0
    299    0.0
    300    0.0
    301    0.0
    302    0.0
    303    0.0
    304    0.0
    305    0.0
    306    0.0
    307    0.0
    308    0.0
    309    0.0
    310    0.0
    311    0.0
    312    0.0
    313    0.0
    314    0.0
    315    0.0
    316    0.0
    317    0.0
    318    0.0
    319    0.0
    320    0.0
    321    0.0
    322    0.0
    323    0.0
    324    0.0
    325    0.0
    326    0.0
    327    0.0
    328    0.0
    329    0.0
    330    0.0
    331    0.0
    332    0.0
    333    0.0
    334    0.0
    335    0.0
    336    0.0
    337    0.0
    338    0.0
    339    0.0
    340    0.0
    341    0.0
    342    0.0
    343    0.0
    344    0.0
    345    0.0
    346    0.0
    347    0.0
    348    0.0
    349    0.0
    350    0.0
    351    0.0
    352    0.0
    353    0.0
    354    0.0
    355    0.0
    356    0.0
    357    0.0
    358    0.0
    359    0.0
    360    0.0
    361    0.0
    362    0.0
    363    0.0
    364    0.0
    365    0.0
