      1    0.0
      2    0.0
      3    0.0
      4    0.0
      5    0.0
      6    0.0
      7    0.0
      8    0.0
      9    0.0
     10    0.0
     11    0.0
     12    0.0
     13    0.0
     14    0.0
     15    0.0
     16    0.0
     17    0.0
     18    0.0
     19    0.0
     20    0.0
     21    9.0
     22    0.0
     23    0.0
     24    0.0
     25    0.0
     26    0.0
     27    0.0
     28    0.0
     29    0.0
     30    0.0
     31    0.0
     32    0.0
     33    0.0
     34    0.0
     35    0.0
     36    0.0
     37    0.0
     38   13.0
     39    0.0
     40    0.0
     41    0.0
     42    0.0
     43    0.0
     44    0.0
     45    0.0
     46    0.0
     47    0.0
     48   13.0
     49    0.0
     50    0.0
     51    0.0
     52    0.0
     53    0.0
     54    0.0
     55    0.0
     56    0.0
     57    0.0
     58    0.0
     59    0.0
     60    0.0
     61    2.4
     62    0.0
     63    0.0
     64    0.0
     65    0.0
     66    0.0
     67    0.0
     68    0.0
     69    0.0
     70    5.8
     71    2.3
     72    0.0
     73    0.0
     74    0.0
     75    0.0
     76    8.2
     77    4.2
     78    0.0
     79    0.0
     80    0.0
     81    0.0
     82    0.0
     83    0.0
     84    0.0
     85    0.0
     86    0.0
     87    0.0
     88    0.0
     89    3.0
     90    0.0
     91    0.0
     92    0.0
     93    0.0
     94    0.0
     95    0.0
     96    0.0
     97    0.0
     98    0.0
     99    0.0
    100    0.0
    101    T  
    102   10.0
    103    5.2
    104    0.0
    105   27.0
    106    0.0
    107    6.5
    108    7.7
    109    0.0
    110    0.0
    111    5.5
    112    0.0
    113    0.0
    114    0.0
    115    0.0
    116    0.0
    117    0.0
    118   20.0
    119    0.0
    120    2.2
    121   17.5
    122   67.2
    123    5.2
    124    7.5
    125    0.0
    126    0.0
    127   18.2
    128   16.6
    129    0.0
    130   10.2
    131    0.0
    132    0.0
    133    0.0
    134   13.2
    135   22.5
    136   23.0
    137    0.0
    138    0.0
    139    0.0
    140    0.0
    141    3.4
    142    0.0
    143    0.0
    144    3.8
    145    0.0
    146    0.0
    147    0.0
    148   13.0
    149    0.0
    150   23.2
    151   31.0
    152    5.5
    153    4.0
    154    5.4
    155    0.0
    156    4.0
    157    5.2
    158   48.5
    159   19.5
    160   20.2
    161   18.0
    162    4.4
    163    0.0
    164   27.2
    165    0.0
    166    0.0
    167    0.0
    168    0.0
    169  110.0
    170    2.4
    171   21.0
    172    7.4
    173   14.0
    174    0.0
    175    0.0
    176    9.0
    177    0.0
    178    4.5
    179    6.5
    180   22.5
    181    0.0
    182    8.0
    183   26.0
    184    0.0
    185   50.0
    186   47.0
    187    4.5
    188   63.0
    189    0.0
    190    0.0
    191    0.0
    192    4.0
    193    4.5
    194    0.0
    195    0.0
    196   96.5
    197   25.0
    198   26.5
    199    6.0
    200    5.5
    201   34.5
    202    8.5
    203    4.0
    204    0.1
    205    0.0
    206    0.0
    207    0.0
    208    0.0
    209   29.0
    210   38.0
    211    5.1
    212   16.5
    213   45.8
    214    0.0
    215    0.0
    216   11.0
    217    7.2
    218    0.0
    219   55.0
    220   16.6
    221    0.0
    222    0.0
    223   78.0
    224    0.0
    225    0.0
    226    0.0
    227    2.0
    228    0.0
    229   31.0
    230    8.2
    231    8.6
    232    0.0
    233   29.4
    234   25.0
    235    0.0
    236    0.0
    237    0.0
    238    0.0
    239    0.0
    240    0.0
    241    0.0
    242    0.0
    243   22.0
    244    0.0
    245    0.0
    246    0.0
    247    7.0
    248    0.0
    249   56.0
    250    0.0
    251    4.4
    252    0.0
    253    4.4
    254    0.0
    255   10.0
    256   42.4
    257    2.4
    258    1.2
    259    2.0
    260    5.0
    261   51.5
    262    0.0
    263    0.0
    264    0.0
    265    3.0
    266    0.0
    267    0.0
    268    0.0
    269    0.0
    270    4.5
    271    0.0
    272    0.0
    273   15.0
    274    0.0
    275    0.0
    276    0.0
    277   41.0
    278    1.0
    279    0.0
    280    0.0
    281    0.0
    282    0.0
    283    0.0
    284    0.0
    285    0.0
    286    0.0
    287    0.0
    288    0.0
    289    0.0
    290    0.0
    291    0.0
    292    0.0
    293    0.0
    294    0.0
    295    0.0
    296    0.0
    297    0.0
    298    0.0
    299    0.0
    300    0.0
    301    0.0
    302    0.0
    303    0.0
    304    0.0
    305    0.0
    306    0.0
    307    0.0
    308    0.0
    309    0.0
    310    0.0
    311    0.0
    312    0.0
    313    0.0
    314    0.0
    315    0.0
    316    0.0
    317    0.0
    318    0.0
    319    0.0
    320    0.0
    321    0.0
    322    0.0
    323    0.0
    324    0.0
    325   10.0
    326    0.0
    327    0.0
    328    0.0
    329    0.0
    330    0.0
    331    0.0
    332    0.0
    333    0.0
    334    0.0
    335   10.2
    336    2.0
    337    0.0
    338    0.0
    339    0.0
    340    0.0
    341    0.0
    342    0.0
    343    0.0
    344    0.0
    345    0.0
    346    0.0
    347    0.0
    348    0.0
    349    0.0
    350    0.0
    351    0.0
    352    0.0
    353    0.0
    354    0.0
    355    0.0
    356    0.0
    357    0.0
    358    0.0
    359    0.0
    360    0.0
    361    0.0
    362    0.0
    363    0.0
    364    0.0
    365    0.0
