      1    0.0
      2    0.0
      3    0.0
      4    0.0
      5    0.0
      6    0.0
      7    0.0
      8    0.0
      9    0.0
     10    0.0
     11    0.0
     12    0.0
     13    0.0
     14    0.0
     15    0.0
     16    0.0
     17    0.0
     18    0.0
     19    0.0
     20    0.0
     21    0.0
     22    0.0
     23    0.0
     24    0.0
     25    0.0
     26    0.0
     27    0.0
     28    0.0
     29    0.0
     30    0.0
     31    0.0
     32    0.0
     33    0.0
     34    0.0
     35    0.0
     36    0.0
     37    0.0
     38   10.2
     39   14.2
     40    0.0
     41    0.0
     42    0.0
     43    0.0
     44    0.0
     45   22.2
     46   50.4
     47    0.0
     48    0.0
     49    0.0
     50    0.0
     51    0.0
     52    0.0
     53    0.0
     54    0.0
     55    0.0
     56    0.0
     57    8.8
     58    0.0
     59    2.2
     60   16.2
     61    0.0
     62    0.0
     63    0.0
     64    0.0
     65    0.0
     66    0.0
     67    0.0
     68    0.0
     69    0.0
     70    0.0
     71    0.0
     72   19.8
     73   10.2
     74    0.0
     75    0.0
     76    0.0
     77    0.0
     78    0.0
     79    0.0
     80    0.0
     81    0.0
     82    0.0
     83    0.0
     84    0.0
     85    0.0
     86    0.0
     87    0.0
     88    0.0
     89    0.0
     90    0.0
     91    0.0
     92    0.0
     93    0.0
     94    0.0
     95    0.0
     96    0.0
     97    0.0
     98    0.0
     99    0.0
    100    0.0
    101    0.0
    102    0.0
    103    0.0
    104    0.0
    105    0.0
    106    0.0
    107   19.8
    108   10.2
    109   40.4
    110    0.0
    111    0.0
    112    0.0
    113   15.2
    114    0.0
    115   29.2
    116    3.2
    117    0.0
    118    0.0
    119    0.0
    120   56.5
    121    0.0
    122    0.0
    123    0.0
    124    0.0
    125    0.0
    126    0.0
    127    8.2
    128    0.0
    129    2.6
    130   10.6
    131   14.5
    132   24.6
    133    0.0
    134    0.0
    135    0.0
    136    0.0
    137    0.0
    138    T  
    139   12.2
    140    2.2
    141   12.2
    142    0.0
    143    0.0
    144    0.0
    145    0.0
    146    0.0
    147    0.0
    148    0.0
    149    0.0
    150    0.0
    151    0.0
    152    0.0
    153    0.0
    154    0.0
    155    8.2
    156    0.0
    157   12.2
    158   52.8
    159    8.2
    160   16.4
    161   60.2
    162   10.4
    163    0.0
    164    0.0
    165   40.2
    166   92.2
    167   22.4
    168   32.2
    169    0.0
    170    0.0
    171   42.2
    172    6.4
    173    0.0
    174    0.0
    175    0.0
    176    T  
    177   15.0
    178    0.0
    179    0.0
    180    7.4
    181    0.0
    182    0.0
    183    0.0
    184   36.0
    185   12.4
    186    8.2
    187    0.0
    188    3.4
    189    0.0
    190    0.0
    191   57.0
    192   21.0
    193    2.0
    194    8.0
    195    6.0
    196   14.2
    197   16.2
    198   22.2
    199   21.2
    200    4.2
    201   52.2
    202   54.2
    203   42.2
    204   14.0
    205   54.0
    206    8.2
    207   45.0
    208   60.0
    209   37.0
    210   36.0
    211   36.4
    212   33.6
    213   17.4
    214   14.5
    215    6.4
    216    0.0
    217   44.2
    218    0.0
    219    8.2
    220    0.0
    221    0.0
    222    0.0
    223    8.0
    224   44.2
    225   55.2
    226   16.4
    227   43.6
    228    9.4
    229  311.2
    230   64.2
    231    0.0
    232    0.0
    233    0.0
    234    0.0
    235   26.4
    236    0.0
    237    0.0
    238    0.0
    239    5.2
    240   10.2
    241    0.0
    242    0.0
    243   19.4
    244   18.2
    245    2.2
    246   16.6
    247   15.2
    248   28.2
    249  104.0
    250    0.0
    251   26.4
    252    0.0
    253  115.2
    254    0.0
    255    0.0
    256    5.2
    257   12.4
    258    0.0
    259    0.0
    260    2.4
    261   22.4
    262    0.0
    263    0.0
    264    0.0
    265    0.0
    266    0.0
    267    0.0
    268   12.2
    269  121.2
    270    0.0
    271   15.2
    272   52.4
    273   35.2
    274    0.0
    275    0.0
    276    0.0
    277    0.0
    278    0.0
    279    T  
    280    0.0
    281    T  
    282    0.0
    283    3.0
    284    0.0
    285    4.2
    286    0.0
    287    0.0
    288   49.2
    289   27.4
    290    0.0
    291    0.0
    292    0.0
    293    0.0
    294    0.0
    295    0.0
    296    0.0
    297    0.0
    298    0.0
    299    0.0
    300    0.0
    301    0.0
    302    0.0
    303    0.0
    304    0.0
    305    0.0
    306    0.0
    307    0.0
    308    0.0
    309    0.0
    310    0.0
    311    0.0
    312    0.0
    313    0.0
    314    0.0
    315    0.0
    316    0.0
    317    0.0
    318    0.0
    319    0.0
    320    0.0
    321    0.0
    322    0.0
    323    0.0
    324    0.0
    325    0.0
    326    0.0
    327    0.0
    328    0.0
    329    0.0
    330    0.0
    331    0.0
    332    0.0
    333    0.0
    334    0.0
    335    0.0
    336    0.0
    337    0.0
    338    0.0
    339    0.0
    340    0.0
    341    0.0
    342    0.0
    343    0.0
    344    0.0
    345    0.0
    346    0.0
    347    0.0
    348    0.0
    349    0.0
    350    0.0
    351    0.0
    352    0.0
    353    0.0
    354    0.0
    355    0.0
    356    0.0
    357    0.0
    358    0.0
    359    0.0
    360    0.0
    361    0.0
    362    0.0
    363    0.0
    364    0.0
    365    0.0
