      1    0.0
      2    0.0
      3    0.0
      4    0.0
      5    0.0
      6    0.0
      7    0.0
      8    0.0
      9    0.0
     10    0.0
     11    0.0
     12    0.0
     13    0.0
     14    0.0
     15    0.0
     16    0.0
     17    0.0
     18    0.0
     19    0.0
     20    0.0
     21    0.0
     22    0.0
     23    0.0
     24    0.0
     25    0.0
     26    0.0
     27    0.0
     28    0.0
     29    0.0
     30    0.0
     31    0.0
     32    0.0
     33    0.0
     34    0.0
     35    0.0
     36    0.0
     37    0.0
     38    0.0
     39    0.0
     40    0.0
     41    0.0
     42    0.0
     43    0.0
     44    0.0
     45    0.0
     46    0.0
     47    0.0
     48    0.0
     49    0.0
     50    0.0
     51    0.0
     52    0.0
     53    0.0
     54    0.0
     55    0.0
     56    0.0
     57    0.0
     58    0.0
     59    0.0
     60    0.0
     61    0.0
     62    0.0
     63    0.0
     64    0.0
     65    0.0
     66    0.0
     67    0.0
     68    0.0
     69    3.5
     70    3.3
     71    0.0
     72    0.0
     73    0.0
     74    0.7
     75    0.0
     76    0.0
     77    0.0
     78    0.0
     79    0.0
     80    0.0
     81    0.0
     82    0.0
     83    0.0
     84    0.0
     85   26.1
     86    9.2
     87    1.1
     88    0.0
     89    0.0
     90    0.0
     91    0.0
     92    0.0
     93    0.0
     94    0.0
     95    0.0
     96    0.0
     97    0.0
     98    0.0
     99    0.0
    100    0.0
    101    2.1
    102    2.2
    103    3.1
    104   10.2
    105    0.0
    106    0.0
    107   10.4
    108    8.5
    109   27.2
    110    0.0
    111    0.0
    112    0.1
    113    8.2
    114   10.1
    115    0.0
    116    0.0
    117    0.0
    118    0.0
    119    7.1
    120    0.0
    121    0.0
    122    0.0
    123    0.0
    124    0.0
    125    0.0
    126    0.0
    127    0.0
    128    0.2
    129   19.2
    130   13.8
    131    4.6
    132   12.3
    133    0.0
    134   50.3
    135   41.2
    136    0.7
    137    9.4
    138   20.1
    139    4.8
    140   33.4
    141    0.0
    142    0.0
    143    0.0
    144    0.0
    145    2.2
    146    2.1
    147    9.5
    148    1.2
    149    2.1
    150    1.8
    151    3.2
    152    5.5
    153   20.1
    154    7.3
    155    9.3
    156   21.5
    157    0.0
    158    2.1
    159    6.2
    160   11.3
    161    2.1
    162    0.2
    163   40.1
    164    0.0
    165    3.2
    166   23.4
    167    9.5
    168    4.3
    169    7.4
    170    0.3
    171    0.0
    172    2.7
    173    0.0
    174   13.4
    175    0.0
    176   27.5
    177    0.1
    178   20.2
    179    3.6
    180    8.7
    181    0.3
    182    8.1
    183   30.2
    184    5.6
    185    7.3
    186   14.8
    187    0.2
    188    0.3
    189    7.8
    190    0.2
    191    7.8
    192   13.3
    193    0.1
    194    0.0
    195   24.6
    196    0.2
    197   11.5
    198   10.1
    199   10.2
    200    0.0
    201    4.3
    202    0.2
    203    9.6
    204   38.9
    205    0.3
    206   40.6
    207   10.5
    208   24.8
    209   29.9
    210   40.2
    211    0.8
    212   28.8
    213   24.6
    214   52.4
    215    0.8
    216   19.6
    217   23.4
    218   24.2
    219   12.3
    220    5.2
    221   34.1
    222   20.2
    223    0.2
    224    2.5
    225    9.7
    226    0.5
    227   11.2
    228    2.1
    229   14.2
    230    0.2
    231   13.4
    232   33.2
    233   13.5
    234    6.2
    235   20.4
    236   29.2
    237   23.7
    238    3.2
    239    0.2
    240   29.2
    241    0.1
    242    0.3
    243   19.2
    244    3.5
    245    8.2
    246   15.1
    247    5.4
    248   13.5
    249   58.2
    250   27.4
    251    3.5
    252    7.4
    253    5.5
    254   22.1
    255    0.0
    256    3.5
    257    0.2
    258    7.8
    259    4.2
    260    9.5
    261    0.3
    262    0.0
    263   22.5
    264    2.1
    265   18.2
    266    3.1
    267   39.5
    268   13.4
    269    0.3
    270    0.0
    271    0.0
    272    0.3
    273    0.0
    274    0.0
    275    0.0
    276    8.5
    277    0.0
    278    0.0
    279    3.2
    280   11.5
    281    0.2
    282    5.3
    283    0.1
    284    0.1
    285    0.1
    286    6.3
    287    2.1
    288    0.2
    289    0.1
    290    0.2
    291    0.1
    292    0.0
    293    0.0
    294    0.1
    295    0.0
    296    0.0
    297    0.0
    298    0.0
    299    0.1
    300    0.0
    301    0.0
    302    0.0
    303    0.0
    304    0.0
    305    0.0
    306    0.0
    307    0.0
    308    0.0
    309    0.0
    310    0.0
    311    0.0
    312    0.0
    313    0.0
    314    0.0
    315    0.0
    316    0.0
    317    0.0
    318    0.0
    319    0.0
    320    0.0
    321    0.0
    322    0.0
    323    0.0
    324    0.0
    325    0.0
    326    0.0
    327    0.0
    328    0.0
    329    0.0
    330    0.0
    331    0.0
    332    0.0
    333    0.0
    334    0.0
    335    0.0
    336    0.0
    337    0.0
    338    0.0
    339    0.0
    340    0.0
    341    0.0
    342    0.0
    343    0.0
    344    0.0
    345    0.0
    346    0.0
    347    0.0
    348    0.0
    349    0.0
    350    0.0
    351    0.0
    352    0.0
    353    0.0
    354    0.0
    355    0.0
    356    0.0
    357    0.0
    358    0.0
    359    0.0
    360    0.0
    361    0.0
    362    0.0
    363    0.0
    364    0.0
    365    0.0
