      1    0.0
      2    0.0
      3    0.0
      4    0.0
      5    0.0
      6    0.0
      7    0.0
      8    0.0
      9    0.0
     10    0.0
     11    0.0
     12    0.0
     13    0.0
     14    0.0
     15    0.0
     16    0.0
     17    8.0
     18   19.5
     19    1.8
     20    0.2
     21    1.5
     22    8.2
     23   15.2
     24    0.0
     25    0.0
     26    0.0
     27    0.0
     28    0.0
     29    0.0
     30    0.0
     31    0.0
     32    1.2
     33    3.5
     34    0.0
     35    0.0
     36    0.0
     37    0.0
     38    0.0
     39    0.0
     40    3.5
     41    0.0
     42    0.0
     43    0.0
     44    0.0
     45    0.0
     46    0.0
     47    0.0
     48    0.0
     49    0.0
     50    0.0
     51    0.0
     52    0.0
     53    0.0
     54    6.5
     55    0.0
     56    0.0
     57    0.0
     58    0.0
     59    0.0
     60    0.0
     61    0.0
     62    0.0
     63    0.0
     64    0.0
     65    1.3
     66    0.0
     67    0.0
     68    0.0
     69   13.5
     70    3.2
     71    5.0
     72    0.0
     73    0.0
     74    0.0
     75    0.0
     76    9.2
     77    3.2
     78    1.6
     79    2.5
     80    5.4
     81    7.2
     82    0.0
     83    1.0
     84    7.2
     85    0.0
     86    0.0
     87    0.0
     88    0.0
     89    0.0
     90    0.0
     91    0.5
     92    0.0
     93    0.0
     94    0.0
     95    0.0
     96    0.0
     97    0.0
     98    2.0
     99    5.4
    100    1.6
    101    0.0
    102    0.0
    103    0.0
    104    0.0
    105    0.0
    106    0.0
    107    0.0
    108    0.0
    109    0.0
    110    0.0
    111    0.0
    112   12.5
    113    1.2
    114   13.5
    115    0.0
    116    0.0
    117    2.1
    118    0.2
    119    0.0
    120    3.1
    121    4.5
    122    1.1
    123    0.2
    124    5.3
    125    0.0
    126   13.5
    127    0.0
    128    0.0
    129   29.2
    130   23.0
    131    0.0
    132    1.0
    133    2.0
    134    1.0
    135    6.5
    136    1.2
    137    9.4
    138    5.0
    139    1.0
    140   13.2
    141   20.3
    142    1.1
    143    7.4
    144    7.6
    145    1.8
    146    5.4
    147    0.0
    148    0.0
    149    0.0
    150    0.0
    151    0.0
    152    0.0
    153   11.5
    154    0.2
    155    3.1
    156    1.3
    157    2.3
    158    5.6
    159    0.0
    160    4.9
    161    0.7
    162   21.1
    163    1.4
    164    0.0
    165    0.0
    166    2.0
    167    2.2
    168    0.0
    169    0.0
    170    5.0
    171    3.0
    172    3.4
    173   16.5
    174    1.9
    175    1.2
    176    1.1
    177    3.3
    178    9.3
    179   41.9
    180   18.1
    181    5.5
    182    4.8
    183   13.4
    184    9.5
    185    7.6
    186    4.5
    187   32.3
    188    3.3
    189    0.0
    190   14.3
    191   23.5
    192   34.8
    193    7.8
    194   19.5
    195   21.5
    196    0.5
    197    7.4
    198    4.5
    199    5.3
    200    0.5
    201   36.0
    202    4.4
    203    5.4
    204    6.2
    205   11.3
    206   13.2
    207   32.3
    208    6.2
    209    5.8
    210    5.0
    211   11.3
    212    0.0
    213    2.5
    214    5.5
    215    2.2
    216   20.8
    217   10.5
    218   11.0
    219   18.9
    220    5.5
    221    3.4
    222    1.8
    223    0.2
    224    6.2
    225    4.5
    226    2.7
    227   10.1
    228    7.5
    229   17.2
    230    6.0
    231   33.0
    232    8.6
    233   17.2
    234   12.5
    235   21.0
    236   11.6
    237    5.4
    238    8.0
    239    1.5
    240    0.2
    241    0.0
    242    0.2
    243    0.1
    244    0.0
    245    8.3
    246    0.1
    247    2.2
    248    1.5
    249   26.5
    250    4.5
    251    1.5
    252   31.8
    253    1.5
    254    0.4
    255    0.0
    256    0.0
    257    0.0
    258    5.2
    259    1.2
    260    0.0
    261    4.3
    262    1.5
    263    0.0
    264    0.0
    265   23.3
    266    1.5
    267    0.0
    268    2.0
    269    1.0
    270    4.2
    271    0.0
    272    0.0
    273    0.0
    274    0.0
    275    0.0
    276    0.0
    277    0.1
    278    1.0
    279    2.0
    280   12.3
    281    3.7
    282    0.2
    283    5.9
    284    0.2
    285    0.0
    286    0.0
    287    0.0
    288    0.0
    289    0.0
    290    0.0
    291    0.0
    292    2.4
    293   27.1
    294   73.2
    295    2.4
    296    0.3
    297    0.0
    298    0.1
    299    1.5
    300    1.0
    301    0.0
    302    0.0
    303    0.0
    304    0.0
    305    0.0
    306    0.0
    307    0.0
    308    0.0
    309    0.0
    310    0.0
    311    0.0
    312    0.0
    313    0.0
    314    0.0
    315    0.0
    316    0.0
    317    0.0
    318    0.0
    319    0.0
    320    0.0
    321    0.0
    322    0.0
    323    0.0
    324    0.0
    325    0.0
    326    0.0
    327    0.0
    328    0.0
    329    0.0
    330    0.0
    331    0.0
    332    0.0
    333    0.0
    334    0.0
    335    0.0
    336    0.0
    337    0.0
    338    0.0
    339    0.0
    340    0.0
    341    0.0
    342    0.0
    343    0.0
    344    0.0
    345    0.0
    346    0.0
    347    0.0
    348    0.0
    349    0.0
    350    0.0
    351    0.0
    352    0.0
    353    0.0
    354    0.0
    355    0.0
    356    0.0
    357    0.0
    358    0.0
    359    0.0
    360    0.0
    361    0.0
    362    0.0
    363    0.0
    364    0.0
    365    0.0
