      1    0.0
      2    0.0
      3    0.0
      4    0.0
      5    0.0
      6    0.0
      7    0.0
      8    T  
      9    0.0
     10    0.0
     11    0.0
     12    0.0
     13    0.0
     14    0.0
     15    0.0
     16    0.0
     17    0.0
     18    0.0
     19    0.0
     20    5.0
     21    0.0
     22    0.0
     23    0.0
     24    6.5
     25   14.2
     26    0.0
     27    0.0
     28    0.0
     29    0.0
     30    0.0
     31    0.0
     32    0.0
     33    0.0
     34    0.0
     35    0.0
     36    0.0
     37    0.0
     38    0.0
     39    0.0
     40    0.0
     41    0.0
     42    0.0
     43    0.0
     44    0.0
     45    0.0
     46    0.0
     47    0.0
     48    0.0
     49    0.0
     50    0.0
     51    0.0
     52    0.0
     53    0.0
     54    0.0
     55    0.0
     56    9.8
     57    0.0
     58    0.0
     59    0.0
     60    0.0
     61    0.0
     62    0.0
     63    0.0
     64    0.0
     65    0.0
     66    0.0
     67    0.0
     68    0.0
     69    0.0
     70    0.0
     71   13.0
     72    4.8
     73   13.8
     74    0.0
     75    2.4
     76    0.0
     77    0.0
     78    0.0
     79    0.0
     80    0.0
     81    0.0
     82    0.0
     83   16.2
     84    0.0
     85    4.7
     86    6.3
     87    0.0
     88    0.0
     89    0.0
     90    0.0
     91   12.4
     92   24.5
     93    0.0
     94    0.0
     95    4.4
     96    0.0
     97    T  
     98   17.4
     99    0.0
    100    T  
    101    4.8
    102   31.5
    103   11.2
    104    0.0
    105    4.0
    106    1.4
    107    8.8
    108    0.0
    109    0.0
    110    0.0
    111    0.0
    112    2.4
    113    0.0
    114    7.6
    115    0.0
    116    0.0
    117    0.0
    118   51.0
    119    3.0
    120    T  
    121   12.7
    122    1.3
    123    T  
    124    2.5
    125    1.4
    126    T  
    127    3.8
    128    0.0
    129    0.0
    130   10.0
    131    4.8
    132    1.4
    133    T  
    134    T  
    135    T  
    136   13.3
    137    0.0
    138    0.0
    139    0.0
    140    6.2
    141    7.4
    142   12.2
    143    0.0
    144    0.0
    145    T  
    146    6.5
    147    T  
    148    7.0
    149    6.2
    150   89.2
    151    2.4
    152   12.9
    153    T  
    154    0.0
    155   65.2
    156   10.6
    157    0.0
    158    7.0
    159    T  
    160    3.0
    161    0.0
    162    T  
    163    2.0
    164    T  
    165    4.2
    166    2.4
    167    0.0
    168    0.0
    169    0.0
    170    9.0
    171    T  
    172    0.0
    173    8.3
    174    0.0
    175   12.9
    176    T  
    177    7.2
    178   12.4
    179   12.0
    180    T  
    181   10.2
    182    8.0
    183   12.4
    184   38.6
    185   32.0
    186    4.2
    187    2.4
    188    3.4
    189   24.4
    190    6.0
    191   44.1
    192   23.6
    193   11.3
    194   47.5
    195   56.2
    196    0.0
    197    7.2
    198    7.5
    199    9.2
    200    8.4
    201   10.6
    202    0.0
    203   26.0
    204   38.0
    205    9.6
    206    0.0
    207    8.2
    208   19.6
    209   26.4
    210   22.7
    211   15.3
    212    3.3
    213   11.6
    214   15.3
    215   55.0
    216    7.1
    217   15.8
    218   11.1
    219   14.5
    220    9.0
    221   17.6
    222   12.9
    223    7.0
    224   18.3
    225   22.9
    226   14.8
    227    7.1
    228   12.4
    229    T  
    230    7.5
    231    5.9
    232    9.3
    233    7.7
    234   12.0
    235   32.1
    236   30.3
    237    5.2
    238   42.0
    239   25.0
    240   40.4
    241   35.2
    242    0.0
    243    0.0
    244    T  
    245   15.2
    246    8.0
    247    7.3
    248   12.8
    249    T  
    250    9.0
    251    0.0
    252   21.9
    253    T  
    254   10.1
    255    7.3
    256   12.2
    257    0.0
    258    0.0
    259    0.0
    260    T  
    261    1.7
    262    4.2
    263   26.3
    264    4.3
    265    0.0
    266    0.0
    267    0.0
    268    0.0
    269    0.0
    270    0.0
    271    1.7
    272    0.0
    273    4.1
    274   16.3
    275    5.1
    276   12.1
    277    T  
    278    4.0
    279    0.0
    280    0.0
    281    0.0
    282    0.0
    283    0.0
    284    0.0
    285    0.0
    286    0.0
    287    0.0
    288    0.0
    289    0.0
    290    0.0
    291    0.0
    292    0.0
    293    0.0
    294    0.0
    295    0.0
    296    0.0
    297    0.0
    298    0.0
    299    0.0
    300    0.0
    301    0.0
    302    0.0
    303    0.0
    304    0.0
    305    0.0
    306    0.0
    307    0.0
    308    0.0
    309    0.0
    310    0.0
    311    0.0
    312    0.0
    313    0.0
    314    0.0
    315    0.0
    316    5.5
    317    0.0
    318    0.0
    319    0.0
    320    0.0
    321    0.0
    322    0.0
    323    0.0
    324    0.0
    325    0.0
    326    0.0
    327    0.0
    328    0.0
    329    0.0
    330    0.0
    331    0.0
    332    0.0
    333    0.0
    334    0.0
    335    0.0
    336    0.0
    337    0.0
    338    0.0
    339    0.0
    340    0.0
    341    0.0
    342    0.0
    343    0.0
    344    0.0
    345    T  
    346    0.0
    347    0.0
    348    0.0
    349    0.0
    350    0.0
    351    0.0
    352    0.0
    353    0.0
    354    0.0
    355    0.0
    356    6.0
    357    3.0
    358    0.0
    359    6.0
    360    9.3
    361   15.0
    362    0.0
    363    0.0
    364    0.0
    365    0.0
