      1    0.0
      2    0.0
      3    0.0
      4    0.0
      5    0.0
      6    0.0
      7    0.0
      8    0.0
      9    0.0
     10    0.0
     11    0.0
     12    0.0
     13    0.0
     14    0.0
     15    0.0
     16    0.0
     17    0.0
     18    0.0
     19    0.0
     20    0.0
     21    0.0
     22    0.0
     23    0.0
     24    0.0
     25    0.0
     26    0.0
     27    0.0
     28    0.0
     29    0.0
     30    0.0
     31    8.5
     32    0.0
     33    0.0
     34    0.0
     35    0.0
     36    7.2
     37    0.0
     38    4.2
     39    1.2
     40    0.3
     41    0.0
     42    2.1
     43    3.5
     44    3.7
     45   56.5
     46   12.0
     47    0.0
     48    0.0
     49    0.0
     50    0.0
     51    0.0
     52    0.0
     53    0.0
     54    1.5
     55    0.0
     56    0.0
     57   10.3
     58    9.5
     59    2.5
     60    2.8
     61   12.2
     62    0.0
     63    0.0
     64    0.0
     65    0.0
     66    0.0
     67    0.0
     68    0.0
     69    1.5
     70    3.3
     71    0.0
     72   31.2
     73    4.2
     74    1.0
     75    0.0
     76    0.0
     77    0.0
     78    0.0
     79    0.0
     80    4.5
     81    0.0
     82    0.0
     83    0.0
     84    0.0
     85    0.0
     86    0.0
     87    0.0
     88    0.0
     89    0.0
     90    0.0
     91   40.5
     92    8.6
     93    0.0
     94    0.0
     95    6.1
     96    0.0
     97    0.0
     98    0.0
     99   11.8
    100    3.7
    101    0.0
    102    1.1
    103    0.0
    104    0.0
    105    0.0
    106    0.0
    107    0.0
    108    0.2
    109    7.5
    110   13.5
    111    3.4
    112   11.5
    113    8.7
    114   11.2
    115    0.0
    116    1.1
    117    0.1
    118    0.0
    119    0.0
    120    4.6
    121    0.0
    122    0.0
    123    0.4
    124    0.0
    125    0.0
    126   12.8
    127    9.8
    128    0.0
    129    0.0
    130    1.2
    131    3.1
    132   18.1
    133    7.8
    134    0.0
    135    0.0
    136    0.0
    137    0.0
    138    0.0
    139    4.2
    140    0.0
    141    0.0
    142    9.8
    143    0.0
    144    0.0
    145    9.2
    146    0.0
    147    0.0
    148    0.0
    149    0.0
    150    0.0
    151    0.0
    152    0.0
    153    0.0
    154    2.5
    155   12.2
    156    0.6
    157   39.2
    158    0.7
    159    7.2
    160   34.4
    161    7.5
    162   27.5
    163   19.0
    164    8.2
    165   25.5
    166   27.5
    167    3.4
    168   81.0
    169    4.5
    170   20.2
    171    7.5
    172    0.0
    173    0.0
    174    8.5
    175    3.8
    176   27.5
    177    4.3
    178    3.9
    179    4.1
    180    3.0
    181    0.0
    182    1.2
    183   34.3
    184   14.2
    185    4.0
    186    8.5
    187   36.5
    188   10.8
    189    5.0
    190    2.5
    191    0.1
    192   41.5
    193   18.0
    194   11.8
    195    6.9
    196    9.8
    197    8.8
    198    9.2
    199    6.7
    200    1.5
    201   69.2
    202    3.5
    203   35.0
    204   31.9
    205    7.8
    206   13.9
    207    4.9
    208    9.2
    209   16.0
    210   14.1
    211   13.1
    212   11.9
    213    3.0
    214    2.7
    215    2.1
    216    2.5
    217    0.1
    218    0.0
    219    0.0
    220    1.5
    221    1.7
    222    5.5
    223    5.7
    224    9.3
    225    7.5
    226   30.4
    227    5.6
    228   27.5
    229   32.7
    230    4.5
    231    9.7
    232   13.2
    233    0.0
    234    0.0
    235   13.4
    236   12.2
    237    0.0
    238    3.5
    239    6.4
    240    2.5
    241    4.2
    242   29.5
    243   17.2
    244    1.5
    245   30.5
    246   15.3
    247   57.2
    248   30.1
    249    3.2
    250    0.5
    251   12.2
    252    0.0
    253    0.0
    254    0.1
    255   11.4
    256   13.6
    257   17.5
    258    3.2
    259    1.2
    260    5.0
    261   13.7
    262    2.0
    263    0.0
    264    0.0
    265    0.0
    266    3.5
    267   12.0
    268   45.2
    269    0.0
    270    8.7
    271   23.5
    272   19.5
    273    0.0
    274    0.0
    275    0.0
    276    0.0
    277    0.0
    278    0.0
    279    0.0
    280    0.0
    281    0.0
    282    1.2
    283   10.5
    284    0.0
    285    0.0
    286    7.5
    287    0.0
    288    7.4
    289    5.2
    290    0.0
    291    0.0
    292    0.0
    293    0.0
    294    0.0
    295    0.0
    296    0.0
    297    0.0
    298    0.0
    299    0.0
    300    0.0
    301    0.0
    302    0.0
    303    0.0
    304    0.0
    305    0.0
    306    0.0
    307    0.0
    308    0.0
    309    0.0
    310    2.5
    311    0.0
    312    0.0
    313    9.2
    314    1.3
    315    0.0
    316    0.0
    317    0.0
    318    3.5
    319    0.0
    320    0.0
    321    0.0
    322    0.0
    323    0.0
    324    0.0
    325    0.0
    326    0.0
    327    0.0
    328    0.0
    329    0.0
    330    0.0
    331    0.0
    332    0.0
    333    0.0
    334    0.0
    335    0.0
    336    0.0
    337    0.0
    338    0.0
    339    0.0
    340    0.0
    341    0.0
    342    0.0
    343    0.0
    344    0.0
    345    0.0
    346    0.0
    347    0.0
    348    0.0
    349    0.0
    350    0.0
    351    0.0
    352    0.0
    353    0.0
    354    0.0
    355    0.0
    356    0.0
    357    0.0
    358    0.0
    359    0.0
    360    0.0
    361    0.0
    362    0.0
    363    0.0
    364    0.0
    365    0.0
