      1    0.0
      2    0.0
      3    0.0
      4    0.0
      5    1.3
      6    0.0
      7    0.0
      8    0.0
      9    0.0
     10    0.0
     11    0.0
     12    0.0
     13    0.0
     14    0.0
     15    0.0
     16    0.0
     17    0.0
     18    0.0
     19    0.0
     20    0.0
     21    0.0
     22    7.0
     23    0.0
     24    5.2
     25   16.7
     26    0.0
     27    0.0
     28    0.0
     29    0.0
     30    0.0
     31    1.0
     32    0.0
     33    0.0
     34    0.0
     35    0.0
     36    0.0
     37    0.0
     38    0.0
     39    0.0
     40    0.0
     41    0.0
     42    0.0
     43    0.0
     44    0.0
     45    1.5
     46    4.8
     47    1.0
     48    0.0
     49    0.1
     50    1.2
     51    0.0
     52    0.0
     53    0.0
     54    0.0
     55    0.0
     56    0.0
     57    0.0
     58    0.0
     59    0.0
     60    0.0
     61    0.0
     62    0.0
     63    0.0
     64    0.0
     65    0.0
     66    0.0
     67    0.0
     68    0.0
     69    0.0
     70    0.0
     71    2.2
     72    1.6
     73    1.0
     74   50.6
     75    0.0
     76    0.0
     77    0.0
     78    2.4
     79    0.0
     80    0.0
     81    0.0
     82    0.0
     83    0.0
     84    0.0
     85    0.0
     86    0.0
     87    0.0
     88    0.0
     89    0.0
     90    0.0
     91    0.0
     92    0.0
     93    0.0
     94    4.1
     95    9.4
     96    4.1
     97    0.1
     98    3.0
     99   28.4
    100   23.7
    101    1.9
    102    0.0
    103    0.0
    104    0.0
    105    0.0
    106    0.0
    107    0.0
    108    0.3
    109    2.7
    110    0.1
    111    0.2
    112    0.3
    113   48.5
    114   82.2
    115    2.0
    116    1.2
    117    1.0
    118    1.0
    119    0.1
    120    0.3
    121    3.5
    122   18.5
    123    0.0
    124    0.0
    125    0.0
    126   24.2
    127   18.5
    128    1.2
    129    0.0
    130    0.0
    131    0.0
    132    0.0
    133    0.0
    134    0.0
    135    0.1
    136    2.4
    137    1.5
    138    3.2
    139    3.0
    140   13.0
    141   17.5
    142   27.7
    143   16.0
    144    4.5
    145    1.5
    146    3.5
    147    5.5
    148    1.0
    149    5.1
    150   10.0
    151    0.0
    152    0.3
    153    0.1
    154    5.4
    155   15.5
    156   13.4
    157    6.2
    158    0.0
    159    0.0
    160   34.7
    161    1.3
    162    0.1
    163    4.9
    164    3.1
    165    0.5
    166    1.2
    167    1.5
    168   21.7
    169    1.7
    170   19.7
    171    3.7
    172    0.0
    173    4.5
    174   48.6
    175    5.4
    176   14.3
    177    0.0
    178    0.0
    179    0.5
    180    0.0
    181    0.0
    182    0.0
    183    0.0
    184   32.3
    185    8.5
    186    0.0
    187    3.2
    188   16.7
    189    1.2
    190   19.7
    191    4.2
    192    0.2
    193    2.0
    194   41.5
    195   30.5
    196    1.4
    197    2.0
    198    1.0
    199   13.4
    200   32.2
    201   17.3
    202    0.0
    203    0.0
    204    7.3
    205    0.0
    206    1.5
    207   22.5
    208    6.2
    209   11.3
    210    8.2
    211   15.3
    212   12.2
    213   19.2
    214   19.1
    215   18.3
    216    0.2
    217    3.2
    218    0.5
    219    1.5
    220   13.2
    221   14.5
    222    1.5
    223   13.7
    224    9.2
    225    8.7
    226    2.3
    227   11.9
    228    6.4
    229    8.9
    230   51.2
    231    6.3
    232   26.5
    233   37.1
    234    7.3
    235    3.2
    236    0.1
    237   12.1
    238    5.1
    239   12.5
    240    0.0
    241    3.5
    242    2.8
    243    3.4
    244   19.9
    245    3.0
    246    5.2
    247    2.1
    248   12.4
    249    0.3
    250    0.0
    251    1.2
    252    3.5
    253    1.6
    254   14.0
    255   24.5
    256   24.5
    257    1.5
    258   20.0
    259   19.5
    260    0.0
    261    8.0
    262   11.5
    263    9.4
    264    2.2
    265    3.7
    266   10.5
    267    0.0
    268    0.0
    269    6.5
    270   10.4
    271    0.1
    272    2.5
    273    7.5
    274    1.5
    275   17.6
    276    7.3
    277   11.0
    278    4.0
    279    1.5
    280    0.0
    281   13.0
    282    1.0
    283    0.0
    284    1.0
    285    0.2
    286    1.0
    287    4.2
    288    0.0
    289    0.3
    290    0.0
    291    0.0
    292    0.0
    293    0.0
    294    0.0
    295    0.0
    296    0.0
    297    0.0
    298    0.0
    299    0.0
    300    0.0
    301   39.9
    302    1.4
    303    0.0
    304    0.5
    305    8.5
    306    0.0
    307    0.0
    308    0.0
    309    0.0
    310    0.0
    311    0.0
    312    0.0
    313    0.0
    314    0.0
    315    0.0
    316    0.0
    317    0.0
    318    0.0
    319    0.0
    320    0.0
    321    0.0
    322    0.0
    323    0.0
    324    0.0
    325    0.0
    326    0.0
    327    0.0
    328    0.0
    329    8.1
    330    0.1
    331    0.0
    332    0.0
    333    0.0
    334    0.0
    335    0.0
    336    0.0
    337    0.0
    338    0.0
    339    0.0
    340    0.0
    341    0.0
    342    0.0
    343    0.0
    344    0.0
    345    0.0
    346    0.0
    347    0.0
    348    0.0
    349    0.0
    350    0.0
    351    0.0
    352    0.0
    353    0.0
    354    0.0
    355    0.0
    356    0.0
    357    0.0
    358    0.0
    359    0.0
    360    0.0
    361    0.0
    362    0.0
    363    0.0
    364    0.0
    365    0.0
    366    0.0
