1994          Temperature for DHANKUTA                
        Tmax  Tmin
     1  19.7   7.8 
     2  19.5   7.7 
     3  19.2   8.4 
     4  19.6   8.0 
     5  19.7   8.4 
     6  18.7   6.5 
     7  19.2   7.4 
     8  20.0   7.5 
     9  19.6   7.7 
    10  18.3   8.0 
    11  20.2   8.5 
    12  20.9   9.5 
    13  21.0  10.5 
    14  19.7   9.6 
    15  14.3  10.3 
    16  11.6   6.9 
    17  14.4   2.8 
    18  15.4   4.2 
    19  17.2   5.0 
    20  17.9   5.8 
    21  18.3   6.2 
    22  18.1   7.8 
    23  18.5   7.1 
    24  19.3   7.8 
    25  19.6   8.6 
    26  20.2   8.8 
    27  20.2   9.2 
    28  20.5   9.5 
    29  21.0  11.3 
    30  19.8  11.2 
    31  18.4   8.6 
    32  18.5   7.2 
    33  16.5   8.3 
    34  14.8   8.2 
    35  17.3   8.9 
    36  17.4   8.2 
    37  18.9   8.4 
    38  19.3   8.2 
    39  19.6   9.0 
    40  13.5  10.4 
    41  16.3   7.9 
    42  15.9   7.2 
    43  15.6   6.4 
    44  16.0   5.9 
    45  17.2   7.8 
    46  17.2   7.3 
    47  18.3   7.8 
    48  18.6   8.9 
    49  19.4   8.0 
    50  19.4   8.5 
    51  18.1   9.7 
    52  20.0  10.0 
    53  18.7  10.5 
    54  18.2   7.6 
    55  17.0   7.3 
    56  17.5   8.1 
    57  18.7   9.2 
    58  18.1  10.6 
    59  19.0  10.0 
    60  19.2  10.0 
    61  19.2   9.8 
    62  20.8  11.0 
    63  20.9  11.7 
    64  21.2  11.5 
    65  21.2  12.8 
    66  21.4  11.7 
    67  21.7  11.6 
    68  22.3  10.8 
    69  22.4  10.6 
    70  22.2  12.0 
    71  21.6  12.6 
    72  20.7  14.5 
    73  23.1  12.4 
    74  22.6  15.2 
    75  23.0  16.0 
    76  23.6  15.8 
    77  26.2  15.6 
    78  23.5  17.9 
    79  24.1  17.4 
    80  27.2  15.0 
    81  27.1  16.3 
    82  25.4  14.7 
    83  24.2  14.0 
    84  24.7  16.0 
    85  25.1  11.4 
    86  22.6  13.0 
    87  17.5  12.5 
    88  20.2  14.1 
    89  24.0  14.5 
    90  22.9  16.5 
    91  25.0  15.8 
    92  24.3  15.0 
    93  21.4  12.4 
    94  22.3  15.1 
    95  22.7  15.7 
    96  24.3  16.6 
    97  25.5  16.8 
    98  27.6  17.9 
    99  27.5  16.2 
   100  28.1  18.0 
   101  27.4  15.2 
   102  26.8  16.0 
   103  28.0  14.6 
   104  28.6  15.4 
   105  28.9  16.5 
   106  28.4  17.4 
   107  26.9  15.0 
   108  25.3  14.8 
   109  27.2  15.0 
   110  25.1  14.6 
   111  26.2  15.2 
   112  24.4  15.0 
   113  23.7  15.0 
   114  25.8  15.5 
   115  27.6  15.0 
   116  28.5  15.4 
   117  28.1  15.5 
   118  28.5  15.8 
   119  28.7  17.5 
   120  26.4  15.4 
   121  28.8  16.8 
   122  28.5  18.5 
   123  29.9  19.3 
   124  30.3  19.8 
   125  30.6  19.5 
   126  30.7  20.7 
   127  28.7  16.5 
   128  29.6  19.2 
   129  26.8  18.2 
   130  27.0  17.4 
   131  25.3  15.0 
   132  27.0  16.7 
   133  29.4  18.3 
   134  28.7  19.8 
   135  27.9  16.0 
   136  26.8  15.8 
   137  25.9  15.5 
   138  27.0  17.3 
   139  25.7  17.1 
   140  27.6  16.7 
   141  28.7  19.4 
   142  26.4  18.1 
   143  26.2  18.3 
   144  27.5  19.2 
   145  28.8  19.8 
   146  26.4  18.0 
   147  27.7  19.5 
   148  27.0  19.8 
   149  27.0  20.1 
   150  27.2  20.4 
   151  27.3  19.5 
   152  26.7  20.1 
   153  26.4  21.4 
   154  28.0  19.8 
   155  29.4  21.0 
   156  25.5  20.5 
   157  28.3  18.4 
   158  28.8  20.2 
   159  27.8  20.8 
   160  28.7  21.8 
   161  27.0  19.0 
   162  27.1  20.5 
   163  28.0  20.6 
   164  28.0  20.2 
   165  27.5  21.2 
   166  27.0  20.7 
   167  28.4  21.8 
   168  27.2  21.7 
   169  27.5  21.1 
   170  27.8  20.7 
   171  27.5  21.2 
   172  27.8  20.8 
   173  27.4  21.8 
   174  26.5  21.2 
   175  27.2  20.7 
   176  27.3  20.8 
   177  27.8  21.7 
   178  28.2  21.0 
   179  26.3  20.0 
   180  24.2  20.5 
   181  26.7  20.5 
   182  27.1  20.8 
   183  26.1  20.5 
   184  27.7  19.0 
   185  27.6  20.3 
   186  26.7  18.4 
   187  25.1  20.4 
   188  27.4  20.4 
   189  27.1  21.5 
   190  27.2  20.6 
   191  27.9  21.8 
   192  28.2  22.1 
   193  28.3  21.8 
   194  29.4  22.3 
   195  30.0  23.3 
   196  29.5  21.3 
   197  29.5  22.2 
   198  29.4  21.9 
   199  28.2  21.9 
   200  27.5  20.8 
   201  28.5  20.3 
   202  28.3  20.8 
   203  27.6  20.5 
   204  28.0  20.2 
   205  27.2  20.6 
   206  26.8  20.8 
   207  26.8  19.5 
   208  27.9  20.8 
   209  27.7  20.8 
   210  27.6  20.6 
   211  28.6  20.6 
   212  29.2  21.7 
   213  28.7  20.7 
   214  30.5  21.7 
   215  28.7  20.0 
   216  27.9  21.6 
   217  28.0  20.5 
   218  26.6  20.5 
   219  27.5  20.8 
   220  28.0  20.6 
   221  28.3  20.6 
   222  27.0  20.2 
   223  27.9  21.0 
   224  27.0  20.1 
   225  25.5  20.6 
   226  23.8  20.0 
   227  28.0  20.0 
   228  28.4  20.2 
   229  29.0  21.5 
   230  28.5  21.4 
   231  28.3  20.0 
   232  27.5  20.5 
   233  28.2  18.6 
   234  27.2  17.4 
   235  25.9  19.8 
   236  27.8  19.5 
   237  27.6  20.0 
   238  28.8  21.8 
   239  28.2  20.3 
   240  28.3  20.6 
   241  28.2  20.7 
   242  28.8  20.5 
   243  29.2  21.0 
   244  29.2  20.0 
   245  28.2  19.9 
   246  27.2  20.6 
   247  28.5  20.6 
   248  27.8  21.0 
   249  27.0  19.5 
   250  27.6  20.5 
   251  27.4  21.0 
   252  25.7  15.9 
   253  26.6  17.5 
   254  27.8  17.5 
   255  27.1  19.1 
   256  26.6  19.8 
   257  27.9  18.5 
   258  28.4  19.7 
   259  29.3  18.5 
   260  28.2  18.3 
   261  27.5  16.2 
   262  27.8  19.2 
   263  25.2  18.8 
   264  26.4  18.8 
   265  28.0  19.5 
   266  28.1  19.0 
   267  27.0  18.7 
   268  27.8  17.8 
   269  26.0  18.4 
   270  25.2  17.4 
   271  26.0  18.0 
   272  26.4  17.5 
   273  26.4  18.2 
   274  26.8  19.6 
   275  25.8  18.3 
   276  26.2  15.4 
   277  26.0  15.7 
   278  25.6  15.0 
   279  25.1  15.2 
   280  25.4  17.8 
   281  23.6  17.5 
   282  25.4  16.5 
   283  24.8  16.8 
   284  25.0  17.2 
   285  25.2  16.6 
   286  25.5  16.3 
   287  24.6  17.0 
   288  24.8  15.7 
   289  25.8  13.6 
   290  25.1  13.6 
   291  25.2  14.0 
   292  24.3  13.8 
   293  25.7  12.5 
   294  25.4  12.3 
   295  25.0  12.5 
   296  25.3  13.4 
   297  25.5  13.8 
   298  25.4  12.8 
   299  24.0  12.4 
   300  23.5  13.2 
   301  24.0  15.2 
   302  24.4  14.4 
   303  23.6  14.0 
   304  23.7  13.8 
   305  22.6  16.1 
   306  21.4  15.4 
   307  24.9  10.5 
   308  24.9  12.1 
   309  24.3  11.5 
   310  23.7  11.8 
   311  25.3  12.8 
   312  25.2  12.0 
   313  25.4  11.7 
   314  26.0  12.5 
   315  24.9  12.3 
   316  24.0  11.7 
   317  22.4  10.8 
   318  21.0   9.3 
   319  22.0   8.0 
   320  23.4   8.4 
   321  23.7   9.0 
   322  23.2   6.5 
   323  23.0   8.4 
   324  23.5  10.0 
   325  22.8  10.2 
   326  23.2  10.0 
   327  23.5   9.5 
   328  23.4   9.2 
   329  20.8   9.0 
   330  22.0   8.8 
   331  21.7   8.2 
   332  20.8   9.9 
   333  19.9   9.7 
   334  15.3  10.7 
   335  19.1   8.2 
   336  20.4   9.3 
   337  20.5   8.8 
   338  21.2   8.5 
   339  21.8   8.8 
   340  22.5   8.2 
   341  21.6   8.0 
   342  19.2   8.7 
   343  19.8  11.0 
   344  19.3  10.1 
   345  18.5   9.3 
   346  17.8   6.9 
   347  18.2   7.2 
   348  19.2   7.0 
   349  19.6   7.3 
   350  19.7   7.6 
   351  19.3   7.6 
   352  19.7   7.0 
   353  20.0   7.2 
   354  20.8   6.8 
   355  20.1   7.0 
   356  21.3   6.6 
   357  20.7   7.1 
   358  20.2   7.4 
   359  19.5   7.0 
   360  19.6   7.3 
   361  19.2   7.7 
   362  18.4   8.4 
   363  19.0   7.0 
   364  18.2   6.8 
   365  17.5   7.4 
