2013          Temperature for DHANKUTA                
        Tmax  Tmin
     1  22.9   6.8 
     2  23.5   7.5 
     3  22.0   7.0 
     4  20.5   6.0 
     5  20.0   4.8 
     6  19.8   3.8 
     7  18.5   3.5 
     8  18.2   3.5 
     9  17.9   2.4 
    10  18.8   3.2 
    11  19.0   4.0 
    12  22.2   4.5 
    13  21.5   5.0 
    14  21.8   5.2 
    15  21.2   5.5 
    16  21.2   6.0 
    17  22.0   6.8 
    18  24.2   7.5 
    19  19.7   9.5 
    20  21.2   6.5 
    21  21.0   6.0 
    22  20.8   6.0 
    23  20.8   6.2 
    24  21.6   6.4 
    25  20.7   5.0 
    26  21.9   5.0 
    27  22.1   6.0 
    28  22.5   5.7 
    29  21.8   7.2 
    30  23.2   7.0 
    31  23.0   8.5 
    32  23.1   9.0 
    33  23.0   8.0 
    34  23.8   9.5 
    35  23.6   8.0 
    36  25.0  10.5 
    37  25.0  10.5 
    38  23.0  13.0 
    39  26.0   8.5 
    40  23.4   7.0 
    41  24.2   8.0 
    42  25.0   8.0 
    43  24.0   9.4 
    44  25.0  10.0 
    45  24.2   9.2 
    46  21.8  10.0 
    47  15.2  11.6 
    48  20.2   9.0 
    49  20.2   7.8 
    50  20.0   8.0 
    51  23.0   8.5 
    52  23.2   7.5 
    53  25.8  10.5 
    54  27.0  11.0 
    55  22.2  13.0 
    56  26.2  10.2 
    57  26.0  13.0 
    58  27.2  12.2 
    59  26.1  12.0 
    60  25.4  12.0 
    61  26.0  12.0 
    62  27.2  12.8 
    63  27.0  13.0 
    64  27.2  13.2 
    65  26.5  14.0 
    66  26.2  12.0 
    67  26.9  10.5 
    68  27.8  13.0 
    69  27.0  13.9 
    70  26.0  10.6 
    71  25.2  12.2 
    72  25.2  15.0 
    73  27.0  15.0 
    74  27.8  14.8 
    75  27.8  15.2 
    76  26.2  14.0 
    77  24.5  10.5 
    78  25.2  13.0 
    79  26.0  13.7 
    80  26.0  16.0 
    81  23.8  10.2 
    82  24.8  13.6 
    83  26.0  14.9 
    84  27.9  14.8 
    85  26.0  14.5 
    86  26.5  14.3 
    87  27.5  16.0 
    88  26.5  15.8 
    89  27.4  15.0 
    90  27.8  14.9 
    91  27.8  15.0 
    92  28.1  15.0 
    93  28.1  15.9 
    94  28.8  15.0 
    95  27.9  15.4 
    96  27.9  14.4 
    97  27.8  14.6 
    98  28.4  17.0 
    99  28.5  10.5 
   100  30.0  18.6 
   101  30.0  15.4 
   102  30.6  17.1 
   103  30.8  18.0 
   104  30.8  18.8 
   105  29.8  18.5 
   106  27.4  12.8 
   107  23.8  13.0 
   108  25.0  15.0 
   109  27.2  12.6 
   110  29.2  15.5 
   111  25.3  13.5 
   112  22.9  14.0 
   113  24.1  13.8 
   114  25.9  15.0 
   115  25.9  16.8 
   116  27.8  17.0 
   117  27.8  20.1 
   118  27.2  19.0 
   119  27.2  19.0 
   120  27.2  19.0 
   121  27.8  19.2 
   122  28.0  17.0 
   123  29.0  17.2 
   124  29.2  17.2 
   125  25.8  17.5 
   126  26.4  15.5 
   127  26.3  16.5 
   128  23.2  19.6 
   129  26.2  19.0 
   130  28.0  18.0 
   131  28.8  18.8 
   132  28.5  19.8 
   133  27.5  21.0 
   134  27.2  23.0 
   135  26.2  22.8 
   136  27.4  22.0 
   137  26.8  22.0 
   138  27.4  17.0 
   139  29.0  17.5 
   140  29.2  20.3 
   141  28.6  19.5 
   142  28.9  20.6 
   143  27.2  19.4 
   144  28.4  19.5 
   145  28.6  21.0 
   146  28.4  21.2 
   147  27.8  18.5 
   148  28.0  20.0 
   149  26.9  20.5 
   150  24.9  19.8 
   151  26.2  18.5 
   152  24.4  18.0 
   153  28.2  18.2 
   154  28.2  21.0 
   155  27.2  20.5 
   156  27.2  20.0 
   157  25.3  20.0 
   158  26.3  20.0 
   159  28.2  20.2 
   160  27.8  21.5 
   161  28.8  21.0 
   162  30.2  21.6 
   163  30.2  22.2 
   164  29.7  20.0 
   165  30.0  20.0 
   166  28.8  20.8 
   167  27.8  19.6 
   168  28.0  20.0 
   169  23.8  21.5 
   170  25.2  19.8 
   171  28.2  20.5 
   172  28.2  20.0 
   173  29.5  21.0 
   174  29.3  21.5 
   175  28.6  22.0 
   176  30.0  21.0 
   177  28.9  22.6 
   178  29.1  21.3 
   179  29.8  21.3 
   180  29.0  21.4 
   181  27.2  21.0 
   182  29.8  21.3 
   183  28.1  22.0 
   184  27.2  21.6 
   185  27.2  21.6 
   186  26.2  21.2 
   187  26.2  21.5 
   188  25.1  21.0 
   189  23.8  20.5 
   190  26.3  20.2 
   191  22.1  20.6 
   192  28.4 521.6 
   193  28.4  21.2 
   194  28.4  20.0 
   195  27.4  21.5 
   196  28.8  21.0 
   197  28.5  24.1 
   198  28.0  21.2 
   199  27.0  21.2 
   200  26.0  21.2 
   201  28.5  20.0 
   202  28.0  21.0 
   203  29.8  20.8 
   204  29.9  21.0 
   205  28.4  20.6 
   206  28.8  20.4 
   207  29.8  20.8 
   208  29.5  21.0 
   209  29.7  20.2 
   210  29.5  20.5 
   211  29.3  21.8 
   212  29.8  21.8 
   213  30.1  21.0 
   214  29.3  21.0 
   215  29.8  21.8 
   216  29.8  22.0 
   217  26.2  20.2 
   218  28.5  20.6 
   219  28.5  20.4 
   220  29.0  20.6 
   221  28.8  21.3 
   222  27.8  20.3 
   223  27.2  20.6 
   224  28.0  19.5 
   225  28.5  20.8 
   226  28.5  20.5 
   227  29.0  20.9 
   228  29.0  21.0 
   229  28.3  20.5 
   230  29.2  20.0 
   231  29.6  21.0 
   232  27.8  20.0 
   233  28.0  21.0 
   234  27.7  20.2 
   235  28.8  20.0 
   236  29.0  20.5 
   237  29.2  20.6 
   238  30.0  21.2 
   239  27.8  20.0 
   240  29.9  21.0 
   241  26.8  21.0 
   242  27.9  19.5 
   243  27.8  19.7 
   244  27.9  21.0 
   245  28.3  20.8 
   246  25.9  20.5 
   247  25.5  20.5 
   248  26.7  20.5 
   249  27.8  20.0 
   250  29.8  19.0 
   251  27.5  19.5 
   252  27.5  18.5 
   253  27.5  19.0 
   254  27.6  19.5 
   255  29.0  19.5 
   256  29.9  20.5 
   257  30.2  19.5 
   258  28.8  18.5 
   259  28.9  18.8 
   260  29.8  19.0 
   261  30.0  19.8 
   262  28.8  21.0 
   263  30.2  20.0 
   264  29.0  20.3 
   265  28.9  19.5 
   266  29.2  19.0 
   267  30.0  19.0 
   268  29.0  19.5 
   269  29.3  19.0 
   270  27.0  20.7 
   271  30.0  20.5 
   272  29.0  20.0 
   273  28.0  20.0 
   274  28.1  20.0 
   275  24.1  19.0 
   276  23.2  18.5 
   277  27.1  18.2 
   278  22.3  18.8 
   279  25.7  18.2 
   280  26.4  17.5 
   281  28.4  18.2 
   282  27.8  17.2 
   283  28.7  17.0 
   284  29.2  16.2 
   285  29.1  16.5 
   286  22.8  18.0 
   287  17.2  15.8 
   288  24.8  15.8 
   289  28.8  17.0 
   290  26.8  16.9 
   291  28.2  17.8 
   292  28.0  17.0 
   293  23.4  16.0 
   294  26.3  15.0 
   295  26.2  15.0 
   296  25.1  13.8 
   297  26.5  15.0 
   298  24.0  15.2 
   299  24.8  14.5 
   300  25.0  15.2 
   301  23.5  15.2 
   302  23.4  13.5 
   303  23.6  13.8 
   304  22.7  14.5 
   305  22.6  14.5 
   306  22.2  14.0 
   307  22.2  12.5 
   308  22.4  12.5 
   309  24.4  12.2 
   310  24.6  12.5 
   311  24.2  12.2 
   312  24.4  12.0 
   313  24.1  12.0 
   314  24.8  11.5 
   315  25.4  10.0 
   316  24.6  10.0 
   317  24.0   9.5 
   318  23.0   9.5 
   319  25.4   9.5 
   320  24.2   9.5 
   321  24.0  10.0 
   322  24.4   9.8 
   323  24.0  10.0 
   324  23.0   9.8 
   325  22.9   9.2 
   326  22.9   9.9 
   327  22.4   9.8 
   328  22.4  10.0 
   329  23.1  10.5 
   330  24.1  10.6 
   331  22.9  10.4 
   332  24.0  11.0 
   333  23.0  11.8 
   334  23.1  11.4 
   335  23.2  10.8 
   336  23.8  10.5 
   337  23.4  10.5 
   338  23.4  10.8 
   339  22.0  10.0 
   340  22.4   9.5 
   341  22.4  10.0 
   342  21.4  10.0 
   343  22.0   9.8 
   344  21.0  10.0 
   345  20.8  10.0 
   346  20.0   9.0 
   347  19.0   8.3 
   348  18.0   8.0 
   349  20.4   8.0 
   350  21.0   7.5 
   351  19.0   6.5 
   352  18.0   7.1 
   353  16.0   9.5 
   354  18.2   7.0 
   355  18.4   6.8 
   356  18.4   6.5 
   357  17.0   6.2 
   358  18.4   8.0 
   359  19.2   7.7 
   360  18.4   7.0 
   361  19.0   8.0 
   362  18.6   7.0 
   363  18.2   7.5 
   364  17.6   7.2 
   365  19.8   6.2 
