1992          Temperature for DHANKUTA                
        Tmax  Tmin
     1  12.6   3.4 
     2  12.7   3.8 
     3  15.2   5.1 
     4  16.0   5.2 
     5  13.6   6.5 
     6  14.8   5.8 
     7  15.1   7.0 
     8  13.8   6.8 
     9  17.3   7.0 
    10  15.6   7.8 
    11  15.1   6.5 
    12  12.4   6.5 
    13  13.8   6.9 
    14  15.0   7.0 
    15  12.7   7.4 
    16  15.0   7.6 
    17  15.2   6.8 
    18  12.1   7.6 
    19  15.3   7.6 
    20  14.9   8.3 
    21  16.7   8.3 
    22  16.6   6.8 
    23  15.9   7.0 
    24  15.8   7.5 
    25  16.5   7.5 
    26  16.9   9.0 
    27  18.0   9.6 
    28  18.1  10.2 
    29  18.5  10.0 
    30  20.0  10.4 
    31  19.2  10.7 
    32  14.0   7.8 
    33  11.5   7.0 
    34  14.0   6.4 
    35  14.2   5.8 
    36  14.2   5.9 
    37  13.7   6.6 
    38  10.0   7.2 
    39  12.4   5.4 
    40  13.9   6.7 
    41  14.2   6.5 
    42  12.6   5.9 
    43  11.8   6.8 
    44  11.2   7.6 
    45  15.5   6.8 
    46  11.5   7.6 
    47  13.0   7.0 
    48  14.7   6.0 
    49  15.2   6.1 
    50  15.4   6.9 
    51  15.6   7.1 
    52  16.5   7.7 
    53  15.4   7.9 
    54  16.6   9.0 
    55  16.5   7.2 
    56  15.6   4.5 
    57  16.2   6.6 
    58  14.8   8.0 
    59  16.2   8.6 
    60  13.8   9.0 
    61  16.8  10.0 
    62  16.3  10.2 
    63  18.7  10.6 
    64  18.4  10.8 
    65  19.6  11.1 
    66  20.7  11.5 
    67  20.0  12.6 
    68  19.4  11.5 
    69  19.4  10.5 
    70  20.5  10.6 
    71  21.2  11.2 
    72  21.2  12.5 
    73  21.8  12.4 
    74  22.3  13.6 
    75  24.5  15.6 
    76  21.3  12.8 
    77  20.7  11.4 
    78  20.9  12.4 
    79  21.6  13.0 
    80  22.6  14.4 
    81  22.4  14.0 
    82  23.2  16.5 
    83  26.8  12.1 
    84  27.6  16.1 
    85  24.7  17.5 
    86  24.0  16.5 
    87  23.4  16.3 
    88  25.1  15.1 
    89  25.0  16.0 
    90  28.4  18.9 
    91  25.2  18.8 
    92  24.8  16.1 
    93  23.7  15.8 
    94  23.8  14.8 
    95  24.5  16.0 
    96  24.6  15.4 
    97  25.3  16.3 
    98  24.9  14.6 
    99  23.9  15.9 
   100  24.5  16.0 
   101  26.8  17.0 
   102  27.7  18.0 
   103  31.2  18.4 
   104  29.0  20.5 
   105  33.0  21.3 
   106  30.6  19.5 
   107  28.7  20.1 
   108  28.2  18.3 
   109  27.2  18.4 
   110  26.1  16.5 
   111  26.4  17.0 
   112  25.1  16.9 
   113  27.3  18.0 
   114  29.2  18.3 
   115  27.0  18.8 
   116  28.1  11.9 
   117  26.6  18.2 
   118  25.5  13.4 
   119  21.2  14.7 
   120  25.6  15.8 
   121  25.8  16.8 
   122  24.4  16.0 
   123  26.0  14.5 
   124  22.5  13.2 
   125  22.2  14.7 
   126  22.8  13.7 
   127  23.5  16.0 
   128  25.5  17.2 
   129  25.7  18.0 
   130  26.8  17.5 
   131  26.1  16.0 
   132  25.6  16.9 
   133  28.2  18.0 
   134  29.3  19.0 
   135  26.8  13.7 
   136  24.1  14.4 
   137  26.6  17.5 
   138  27.2  18.4 
   139  27.2  17.8 
   140  25.8  18.3 
   141  26.4  18.1 
   142  24.7  13.0 
   143  21.7  14.0 
   144  24.7  14.0 
   145  25.5  15.4 
   146  19.4  15.3 
   147  25.1  13.2 
   148  24.2  15.8 
   149  23.9  16.5 
   150  24.7  17.5 
   151  25.5  18.4 
   152  24.9  18.4 
   153  27.4  18.8 
   154  27.9  20.7 
   155  27.3  20.5 
   156  27.6  20.0 
   157  28.9  20.6 
   158  29.4  20.0 
   159  25.0  16.2 
   160  26.8  16.4 
   161  26.3  18.5 
   162  26.6  17.3 
   163  26.2  17.5 
   164  25.8  18.4 
   165  26.5  18.4 
   166  26.0  18.5 
   167  26.0  18.8 
   168  27.6  18.6 
   169  29.4  20.0 
   170  28.2  19.6 
   171  28.4  19.5 
   172  25.8  19.2 
   173  26.6  19.2 
   174  28.0  20.0 
   175  23.2  19.4 
   176  25.0  19.8 
   177  24.4  18.6 
   178  26.0  18.4 
   179  25.6  19.0 
   180  25.6  19.2 
   181  26.0  19.0 
   182  26.8  19.3 
   183  26.4  19.4 
   184  26.5  20.4 
   185  25.2  18.8 
   186  24.3  19.5 
   187  24.1  19.3 
   188  25.2  19.5 
   189  24.0  19.4 
   190  24.6  17.4 
   191  26.0  17.5 
   192  25.8  18.2 
   193  23.7  17.5 
   194  20.2  17.8 
   195  24.8  17.5 
   196  25.5  18.3 
   197  23.7  19.1 
   198  24.2  17.7 
   199  22.5  18.7 
   200  24.2  18.6 
   201  25.4  18.7 
   202  25.8  18.9 
   203  26.1  19.2 
   204  25.7  19.0 
   205  26.0  19.0 
   206  25.8  18.7 
   207  27.8  19.2 
   208  26.0  20.3 
   209  22.5  18.6 
   210  26.3  19.0 
   211  24.4  18.9 
   212  23.6  18.4 
   213  23.6  18.3 
   214  26.1  19.2 
   215  24.9  18.5 
   216  26.2  19.6 
   217  24.3  18.6 
   218  23.1  18.6 
   219  24.7  18.6 
   220  25.6  18.7 
   221  25.0  18.6 
   222  23.7  18.4 
   223  26.3  18.5 
   224  25.7  19.3 
   225  26.5  20.5 
   226  27.7  20.3 
   227  26.6  19.5 
   228  24.3  19.2 
   229  26.3  20.0 
   230  24.8  19.3 
   231  27.8  19.5 
   232  27.0  19.5 
   233  26.0  20.0 
   234  24.3  20.0 
   235  23.5  19.5 
   236  24.2  18.8 
   237  24.3  19.2 
   238  23.5  19.2 
   239  25.5  18.9 
   240  26.2  18.6 
   241  24.8  19.5 
   242  26.4  19.7 
   243  26.6  20.4 
   244  25.7  19.7 
   245  28.0  20.2 
   246  27.6  21.4 
   247  26.7  20.0 
   248  24.8  18.8 
   249  24.9  18.6 
   250  25.4  18.6 
   251  25.7  19.0 
   252  26.1  19.2 
   253  25.6  18.6 
   254  26.2  19.4 
   255  25.5  18.6 
   256  24.0  18.8 
   257  22.4  18.2 
   258  25.4  18.1 
   259  23.3  17.5 
   260  24.7  18.0 
   261  22.7  17.6 
   262  23.9  17.2 
   263  24.4  17.5 
   264  25.3  17.6 
   265  24.9  18.8 
   266  25.4  18.5 
   267  26.2  17.6 
   268  27.2  18.2 
   269  24.2  17.8 
   270  23.0  17.5 
   271  21.2  17.8 
   272  18.9  17.6 
   273  20.2  14.7 
   274  22.8  16.2 
   275  23.2  16.7 
   276  24.1  17.4 
   277  23.6  17.0 
   278  24.6  17.7 
   279  25.0  16.0 
   280  23.6  16.6 
   281  23.9  15.9 
   282  24.4  16.5 
   283  25.5  17.5 
   284  25.0  16.5 
   285  24.8  16.7 
   286  19.5  16.7 
   287  20.5  16.6 
   288  22.4  17.0 
   289  18.5  16.5 
   290  20.5  15.2 
   291  22.2  15.6 
   292  23.0  15.5 
   293  22.9  15.3 
   294  21.9  15.4 
   295  21.7  15.0 
   296  21.3  14.5 
   297  22.3  13.6 
   298  21.2  13.3 
   299  21.6  12.2 
   300  20.0  12.6 
   301  20.8  13.0 
   302  24.9  13.3 
   303  25.6  14.8 
   304  24.6  12.6 
   305  25.2  14.8 
   306  23.3  15.5 
   307  23.5  14.6 
   308  23.6  11.6 
   309  22.3  13.4 
   310  22.0  13.6 
   311  20.7  12.2 
   312  20.7  13.5 
   313  20.6  11.9 
   314  22.7  12.9 
   315  22.1  14.2 
   316  21.2  13.6 
   317  20.8  12.6 
   318  22.0  13.0 
   319  21.5  11.9 
   320  22.7  12.6 
   321  20.3  12.6 
   322  21.3  12.4 
   323  20.5  12.1 
   324  20.6  10.8 
   325  21.5  12.0 
   326  20.5  11.8 
   327  20.4  12.4 
   328  17.6  11.7 
   329  18.7   9.9 
   330  17.8   9.9 
   331  21.6  10.1 
   332  18.4   9.5 
   333  20.1  10.2 
   334  20.0  10.7 
   335  18.4  10.5 
   336  19.6   9.9 
   337  18.0   9.9 
   338  15.2   8.3 
   339  15.7   8.2 
   340  14.6   8.0 
   341  15.8   7.9 
   342  17.3   8.3 
   343  15.4   9.2 
   344  18.0   8.9 
   345  16.5   8.7 
   346  18.2   8.3 
   347  19.8   9.8 
   348  15.3   8.3 
   349  15.8   8.5 
   350  19.1   8.0 
   351  17.4   9.0 
   352  17.3   8.1 
   353  15.3   7.5 
   354  17.0   8.2 
   355  16.5   8.4 
   356  17.6   8.1 
   357  17.7   8.0 
   358  17.9   7.9 
   359  18.7  10.1 
   360  16.7   9.8 
   361  15.7   7.7 
   362  15.4   7.2 
   363  14.6   7.7 
   364  15.3   7.2 
   365  17.8   7.5 
   366  18.0   8.8 
