1987          Temperature for DHANKUTA                
        Tmax  Tmin
     1  12.6   6.7 
     2  11.7   5.1 
     3  13.6   5.0 
     4  15.6   6.6 
     5  14.6   8.0 
     6  16.1   8.0 
     7  16.9   9.2 
     8  19.7   9.6 
     9  16.4   9.0 
    10  17.2   9.3 
    11  16.6   9.3 
    12  16.1  10.0 
    13  13.0   8.3 
    14  13.1   7.4 
    15  14.9   8.0 
    16  15.9   9.5 
    17  16.1   9.3 
    18  16.1   9.5 
    19  17.3   9.2 
    20  16.0   8.7 
    21  15.4   8.6 
    22  16.8   8.7 
    23  17.3   9.3 
    24  16.8   9.4 
    25  17.2   8.8 
    26  17.2   9.0 
    27  18.7   9.4 
    28  17.5   9.5 
    29  18.3  10.2 
    30  17.7   9.2 
    31  17.8   9.6 
    32  13.6   8.3 
    33  17.8  10.4 
    34  18.4   9.5 
    35  10.7   5.0 
    36  14.4   5.5 
    37  15.3   7.4 
    38  15.4   8.5 
    39  15.8   9.0 
    40  16.9   8.6 
    41  16.6   8.5 
    42  16.8   9.2 
    43  14.4  10.5 
    44  17.8  10.6 
    45  18.5  11.5 
    46  19.1  11.8 
    47  18.0  12.2 
    48  16.4  10.6 
    49  17.9  10.4 
    50  18.0  10.5 
    51  18.6  10.6 
    52  18.6  10.6 
    53  17.9  11.0 
    54  19.0  11.5 
    55  19.8  12.5 
    56  20.4  12.5 
    57  19.9  12.7 
    58  18.2   8.0 
    59  16.1   7.0 
    60  15.5   9.5 
    61  17.1   9.2 
    62  17.6   9.5 
    63  17.5  10.7 
    64  18.1  10.3 
    65  17.5  12.0 
    66  18.7  10.2 
    67  18.6  10.0 
    68  17.5  11.0 
    69  18.1  11.2 
    70  17.2  10.3 
    71  11.5   9.0 
    72  13.2   8.4 
    73  12.9  10.0 
    74  16.6  10.0 
    75  15.9  11.6 
    76  17.0  11.8 
    77  17.9  11.6 
    78  19.5  13.3 
    79  19.7  13.4 
    80  18.7   9.6 
    81  20.5  13.5 
    82  20.2  13.8 
    83  21.0  14.0 
    84  22.6  15.4 
    85  22.3  16.5 
    86  21.7  14.0 
    87  23.0  15.6 
    88  23.2  17.4 
    89  21.2  16.3 
    90  22.3  15.5 
    91  22.2  14.3 
    92  22.5  16.4 
    93  23.7  16.7 
    94  26.3  19.3 
    95  25.4  18.7 
    96  23.4  18.0 
    97  23.8  16.8 
    98  23.3  17.0 
    99  23.5  15.1 
   100  21.5  15.0 
   101  22.6  16.8 
   102  24.3  15.3 
   103  23.8  17.0 
   104  23.8  17.2 
   105  24.2  16.7 
   106  24.3  17.0 
   107  23.7  17.0 
   108  24.1  15.3 
   109  23.2  10.6 
   110  23.9  15.3 
   111  23.5  17.3 
   112  23.5  18.2 
   113  21.4  12.8 
   114  21.2  15.3 
   115  20.5  13.2 
   116  20.1  15.4 
   117  17.1  10.5 
   118  20.8  14.0 
   119  19.6  13.4 
   120  18.9  14.0 
   121  21.4  13.9 
   122  19.2  13.1 
   123  17.0  11.8 
   124  18.2  11.5 
   125  18.9  12.5 
   126  18.3  13.1 
   127  19.9  13.7 
   128  19.9  15.0 
   129  20.8  15.1 
   130  22.4  16.7 
   131  22.8  17.0 
   132  23.9  17.6 
   133  25.0  18.8 
   134  24.9  18.8 
   135  25.1  19.2 
   136  26.3  20.5 
   137  25.4  21.3 
   138  26.7  20.4 
   139  26.6  20.7 
   140  26.7  20.1 
   141  25.8  19.5 
   142  24.9  19.6 
   143  24.9  17.2 
   144  25.6  19.0 
   145  24.3  19.6 
   146  26.5  19.0 
   147  26.2  19.1 
   148  26.5  19.2 
   149  25.4  19.7 
   150  25.5  19.8 
   151  24.7  19.7 
   152  24.9  19.8 
   153  24.1  18.3 
   154  24.2  18.5 
   155  24.4  18.0 
   156  22.8  19.6 
   157  23.8  19.0 
   158  26.0  18.3 
   159  25.5  17.0 
   160  26.0  19.4 
   161  23.5  19.2 
   162  23.3  18.9 
   163  25.3  19.3 
   164  24.9  20.5 
   165  26.1  21.5 
   166  26.3  19.5 
   167  25.9  20.0 
   168  25.9  20.8 
   169  25.5  20.5 
   170  26.6  20.4 
   171  22.0  19.5 
   172  23.3  19.0 
   173  22.5  18.6 
   174  23.8  18.2 
   175  22.0  17.8 
   176  24.6  18.6 
   177  24.4  20.0 
   178  22.8  20.0 
   179  22.1  19.5 
   180  21.6  19.2 
   181  24.3  18.2 
   182  23.1  18.6 
   183  20.7  17.2 
   184  21.4  17.5 
   185  24.9  19.0 
   186  24.4  19.3 
   187  25.0  19.8 
   188  24.2  19.3 
   189  25.1  19.0 
   190  23.3  19.3 
   191  24.6  19.3 
   192  25.7  19.3 
   193  25.3  19.3 
   194  25.4  19.5 
   195  24.3  19.6 
   196  23.2  19.0 
   197  23.6  19.5 
   198  24.8  19.5 
   199  27.0  20.1 
   200  25.0  19.7 
   201  25.3  20.0 
   202  25.0  19.8 
   203  26.2  19.8 
   204  25.5  19.5 
   205  21.6  19.5 
   206  22.3  17.4 
   207  23.6  17.8 
   208  24.0  18.3 
   209  25.1  18.5 
   210  24.2  19.0 
   211  23.9  19.0 
   212  21.3  18.7 
   213  20.2  18.0 
   214  19.4  17.3 
   215  22.8  17.6 
   216  23.8  18.5 
   217  23.6  18.8 
   218  22.3  18.2 
   219  23.8  18.3 
   220  23.5  18.4 
   221  20.5  19.3 
   222  19.9  18.4 
   223  18.7  17.5 
   224  18.7  16.8 
   225  19.3  16.4 
   226  24.2  16.2 
   227  23.8  18.4 
   228  23.6  18.6 
   229  24.2  18.6 
   230  26.4  19.0 
   231  26.4  20.3 
   232  25.6  18.2 
   233  21.6  19.0 
   234  23.4  18.8 
   235  25.8  19.2 
   236  27.2  20.8 
   237  25.4  20.0 
   238  23.8  19.0 
   239  24.6  19.1 
   240  24.3  19.5 
   241  23.4  19.2 
   242  24.2  19.0 
   243  24.0  19.2 
   244  22.3  19.0 
   245  22.6  18.8 
   246  24.7  19.2 
   247  24.7  19.5 
   248  24.8  19.5 
   249  24.0  19.3 
   250  25.2  18.8 
   251  21.7  17.1 
   252  25.0  17.6 
   253  25.2  17.8 
   254  21.5  18.2 
   255  20.4  17.0 
   256  25.4  17.0 
   257  25.6  18.3 
   258  23.4  18.5 
   259  23.8  18.7 
   260  24.3  18.8 
   261  23.9  18.9 
   262  23.2  18.8 
   263  23.2  17.9 
   264  23.8  18.5 
   265  22.5  18.7 
   266  22.9  17.7 
   267  22.9  18.4 
   268  22.7  18.0 
   269  21.7  18.3 
   270  23.6  17.7 
   271  23.2  17.7 
   272  23.2  16.2 
   273  23.2  16.7 
   274  21.2  16.1 
   275  22.6  16.2 
   276  22.3  16.5 
   277  22.0  16.7 
   278  22.0  16.0 
   279  21.7  15.8 
   280  22.6  16.0 
   281  22.6  16.2 
   282  21.8  16.1 
   283  21.5  15.9 
   284  21.4  15.6 
   285  20.7  15.8 
   286  21.4  15.7 
   287  22.0  15.8 
   288  23.7  16.0 
   289  22.4  16.1 
   290  22.7  16.8 
   291  23.8  15.6 
   292  17.3  15.2 
   293  18.8  14.7 
   294  19.2  13.8 
   295  18.9  14.0 
   296  20.5  14.0 
   297  21.3  14.4 
   298  21.2  15.0 
   299  20.5  14.0 
   300  20.0  14.1 
   301  20.3  14.0 
   302  19.6  14.5 
   303  18.7  13.4 
   304  19.5  14.0 
   305  18.6  13.4 
   306  18.6  13.0 
   307  19.8  13.3 
   308  20.3  13.5 
   309  21.0  13.4 
   310  21.0  14.6 
   311  20.5  13.2 
   312  21.6  14.0 
   313  21.2  14.5 
   314  19.2  13.0 
   315  21.2  13.0 
   316  22.6  12.9 
   317  21.8  15.0 
   318  20.0  12.5 
   319  21.6  12.2 
   320  22.5  11.2 
   321  18.9  12.3 
   322  19.3  12.0 
   323  18.5  11.8 
   324  19.2  12.3 
   325  19.7  12.0 
   326  19.4  12.6 
   327  18.7  13.0 
   328  20.0  12.3 
   329  18.6  12.1 
   330  18.6  11.5 
   331  18.9  11.7 
   332  18.8  11.4 
   333  18.0  11.3 
   334  18.3  12.0 
   335  18.2  11.6 
   336  18.3  12.0 
   337  17.2  11.5 
   338  15.7  10.8 
   339  16.7  10.6 
   340  17.4  10.6 
   341  16.3  10.6 
   342  16.7  10.8 
   343  17.8  10.7 
   344  17.5  10.9 
   345  17.3  10.6 
   346  16.0   9.9 
   347  14.8   9.6 
   348  15.9   9.0 
   349  17.6   9.4 
   350  16.9  10.7 
   351  17.7   9.7 
   352  16.7   9.4 
   353  16.2   9.5 
   354  16.8   9.6 
   355  17.5  10.7 
   356  18.7  10.6 
   357  15.5  10.0 
   358  16.7   8.5 
   359  17.4   8.6 
   360  16.7  11.3 
   361  16.3   8.8 
   362  14.9   9.4 
   363  16.3   8.4 
   364  16.3  10.5 
   365  14.8   8.2 
