2010          Temperature for DHANKUTA                
        Tmax  Tmin
     1  20.1   5.4 
     2  21.0   5.7 
     3  21.8   6.8 
     4  21.7   7.6 
     5  20.4   5.4 
     6  20.7   6.8 
     7  23.5   7.5 
     8  22.0   7.6 
     9  22.0   6.5 
    10  21.5   5.8 
    11  19.6   5.4 
    12  21.0   6.0 
    13  21.7   5.8 
    14  21.0   8.3 
    15  20.6   8.0 
    16  21.8   7.8 
    17  24.6   8.4 
    18  24.4   8.6 
    19  22.1   8.4 
    20  24.2   7.5 
    21  23.0   7.0 
    22  22.8   8.3 
    23  23.8   8.0 
    24  24.2   7.9 
    25  22.2   8.5 
    26  23.7   8.0 
    27  22.0   8.0 
    28  22.8   7.7 
    29  21.8   8.0 
    30  22.2   7.8 
    31  20.0   7.8 
    32  21.1   7.3 
    33  20.5   7.9 
    34  19.7   7.4 
    35  19.8   7.0 
    36  19.5   6.6 
    37  20.8   7.0 
    38  21.5   8.0 
    39  22.3   8.0 
    40  18.5  10.0 
    41  22.9   7.0 
    42  24.0   9.0 
    43  22.4   9.8 
    44  23.5   8.0 
    45  20.6   7.5 
    46  23.2   7.0 
    47  21.8   8.4 
    48  22.5   8.8 
    49  23.5   8.7 
    50  21.2   9.7 
    51  20.4  10.0 
    52  22.5  10.0 
    53  21.9  10.6 
    54  23.5  10.5 
    55  23.5   9.4 
    56  24.5  10.8 
    57  22.5  11.4 
    58  23.0  13.9 
    59  20.1  12.6 
    60  21.7  12.4 
    61  24.1  13.5 
    62  25.1  13.2 
    63  24.1  12.3 
    64  26.7  12.4 
    65  28.0  13.0 
    66  25.5  12.8 
    67  25.8  12.0 
    68  25.8  12.8 
    69  26.2  12.4 
    70  25.9  13.0 
    71  25.6  13.0 
    72  25.2  12.7 
    73  25.0  13.1 
    74  26.4  13.6 
    75  27.4  14.5 
    76  28.9  12.8 
    77  30.5  14.2 
    78  30.5  14.5 
    79  30.0  16.2 
    80  29.1  16.4 
    81  28.0  19.5 
    82  27.8  18.0 
    83  28.5  17.2 
    84  29.0  16.6 
    85  28.5  17.6 
    86  28.4  16.8 
    87  28.6  16.0 
    88  26.5  16.8 
    89  25.6  14.8 
    90  25.5  12.4 
    91  28.4  13.4 
    92  30.2  17.0 
    93  29.5  15.2 
    94  30.9  17.7 
    95  30.8  16.4 
    96  30.5  16.8 
    97  31.8  17.2 
    98  29.5  18.0 
    99  29.2  18.2 
   100  28.5  18.0 
   101  31.0  16.5 
   102  30.0  18.6 
   103  30.0  19.2 
   104  30.5  16.4 
   105  29.8  18.0 
   106  26.5  17.5 
   107  30.0  18.8 
   108  24.3  18.7 
   109  29.2  18.1 
   110  29.5  19.2 
   111  29.0  20.0 
   112  30.0  17.8 
   113  30.7  19.0 
   114  30.5  18.4 
   115  30.2  15.5 
   116  29.8  17.0 
   117  28.0  16.5 
   118  28.7  17.0 
   119  27.2  18.5 
   120  27.7  17.2 
   121  28.7  18.8 
   122  28.0  19.3 
   123  28.5  18.0 
   124  31.0  18.8 
   125  29.2  16.0 
   126  28.6  18.0 
   127  28.8  17.5 
   128  26.4  17.5 
   129  26.5  18.5 
   130  28.0  18.6 
   131  29.5  19.5 
   132  31.4  19.5 
   133  31.4  19.2 
   134  31.2  18.3 
   135  30.2  20.1 
   136  30.7  18.8 
   137  31.0  18.0 
   138  31.0  20.7 
   139  30.8  21.8 
   140  30.1  22.2 
   141  28.8  18.7 
   142  27.6  19.0 
   143  29.0  19.0 
   144  29.0  16.3 
   145  28.3  17.9 
   146  28.8  19.6 
   147  28.6  18.4 
   148  28.8  16.6 
   149  29.8  19.6 
   150  30.1  19.1 
   151  29.4  20.0 
   152  29.0  19.5 
   153  30.2  20.2 
   154  28.3  19.5 
   155  26.6  20.6 
   156  26.0  20.0 
   157  28.1  20.6 
   158  29.8  21.0 
   159  29.7  21.0 
   160  29.0  21.8 
   161  30.0  21.1 
   162  31.6  20.6 
   163  29.5  20.0 
   164  29.2  21.0 
   165  29.0  20.2 
   166  30.0  20.5 
   167  28.5  21.8 
   168  28.3  20.4 
   169  29.5  21.0 
   170  29.0  21.2 
   171  28.8  19.6 
   172  28.3  20.8 
   173  30.5  20.8 
   174  29.3  21.2 
   175  30.4  20.2 
   176  28.8  21.2 
   177  30.0  20.5 
   178  27.4  21.8 
   179  29.1  21.0 
   180  29.3  21.0 
   181  29.3  21.2 
   182  29.0  21.2 
   183  29.1  21.0 
   184  29.0  20.7 
   185  28.8  21.0 
   186  28.5  20.4 
   187  27.8  20.6 
   188  28.4  20.5 
   189  27.4  21.0 
   190  24.4  21.0 
   191  23.5  19.8 
   192  28.5  20.8 
   193  28.7  20.4 
   194  29.8  21.2 
   195  31.5  21.0 
   196  29.3  21.0 
   197  27.2  21.0 
   198  28.6  21.0 
   199  27.0  21.0 
   200  24.4  20.8 
   201  27.8  20.6 
   202  28.4  20.2 
   203  28.5  20.6 
   204  27.0  20.2 
   205  30.2  21.4 
   206  31.9  21.4 
   207  30.5  21.5 
   208  30.3  21.4 
   209  29.3  20.7 
   210  28.3  20.1 
   211  27.6  19.8 
   212  29.8  19.6 
   213  28.8  20.2 
   214  29.8  20.7 
   215  28.4  20.2 
   216  29.4  20.6 
   217  31.7  21.0 
   218  29.7  21.0 
   219  28.4  21.2 
   220  28.8  21.0 
   221  29.2  21.4 
   222  28.5  21.2 
   223  30.1  21.4 
   224  29.8  21.4 
   225  29.0  21.0 
   226  28.4  21.4 
   227  28.5  20.4 
   228  28.9  21.4 
   229  28.0  21.3 
   230  27.7  21.5 
   231  28.7  21.5 
   232  28.2  21.8 
   233  27.2  20.5 
   234  25.8  21.0 
   235  24.0  20.6 
   236  25.0  21.0 
   237  29.4  20.6 
   238  29.4  20.6 
   239  25.4  20.6 
   240  28.4  20.4 
   241  29.0  20.6 
   242  28.8  20.8 
   243  30.4  20.8 
   244  29.4  20.4 
   245  29.4  21.4 
   246  29.4  20.8 
   247  27.5  20.4 
   248  29.4  19.8 
   249  30.0  20.7 
   250  28.1  20.2 
   251  30.6  20.2 
   252  28.4  20.2 
   253  27.6  20.7 
   254  25.5  21.0 
   255  28.7  20.0 
   256  28.1  19.8 
   257  29.5  20.6 
   258  27.5  20.0 
   259  30.2  19.4 
   260  29.5  19.8 
   261  30.2  19.4 
   262  30.5  18.6 
   263  26.5  19.6 
   264  26.7  19.0 
   265  25.3  19.8 
   266  27.1  19.8 
   267  28.6  20.2 
   268  26.8  19.2 
   269  29.9  19.0 
   270  29.4  18.5 
   271  29.2  18.2 
   272  27.3  19.2 
   273  30.3  18.2 
   274  30.7  17.5 
   275  29.4  17.8 
   276  29.7  17.6 
   277  29.8  17.0 
   278  30.3  16.5 
   279  29.0  17.6 
   280  29.5  17.2 
   281  24.7  17.0 
   282  24.2  17.0 
   283  25.5  15.6 
   284  27.0  17.4 
   285  26.3  15.6 
   286  28.4  15.5 
   287  29.2  17.8 
   288  29.6  19.0 
   289  22.6  19.0 
   290  23.5  17.0 
   291  29.5  18.0 
   292  29.3  17.3 
   293  28.6  17.0 
   294  29.2  16.5 
   295  25.8  17.0 
   296  28.2  15.2 
   297  28.0  15.0 
   298  27.2  14.5 
   299  27.7  13.5 
   300  26.8  13.0 
   301  27.3  12.5 
   302  25.8  13.0 
   303  29.0  15.0 
   304   DNA   DNA 
   305  22.5  15.0 
   306  26.7  12.0 
   307  26.3  12.5 
   308  26.4  13.0 
   309  26.5  13.5 
   310  27.4  13.0 
   311  27.2  11.5 
   312  25.5  12.4 
   313  26.1  13.5 
   314  27.7  14.0 
   315  24.5  12.6 
   316  25.0  12.6 
   317  24.8  14.5 
   318  24.0  12.0 
   319  24.2  13.0 
   320  25.0  12.5 
   321  23.5  13.5 
   322  24.8  15.0 
   323  23.9  15.2 
   324  23.0  10.6 
   325  20.0  11.0 
   326  21.4  10.0 
   327  23.2  10.0 
   328  22.4  10.0 
   329  24.8  11.0 
   330  24.8  10.5 
   331  23.2  10.5 
   332  23.4  10.5 
   333  23.2  10.0 
   334  22.5   8.5 
   335  20.8   8.5 
   336  22.2   8.5 
   337  23.2   8.5 
   338  22.3   8.0 
   339  24.0   8.0 
   340  24.3   8.0 
   341  24.8  11.5 
   342  23.3   9.5 
   343  23.4  10.5 
   344  22.2   9.0 
   345  22.2  10.5 
   346  21.0   8.8 
   347  22.2   8.0 
   348  19.2   7.5 
   349  20.5   7.5 
   350  22.1   8.0 
   351  22.3   7.8 
   352  22.2   6.8 
   353  21.2   6.5 
   354  20.3   6.4 
   355  21.0   6.8 
   356  20.0   6.5 
   357  20.4   5.8 
   358  20.2   5.7 
   359  19.9   7.5 
   360  20.2   5.5 
   361  20.2   6.0 
   362  19.3   6.2 
   363  20.3   6.0 
   364  20.4   6.8 
   365  21.0   7.4 
