# year,mean_tmin,mean_tmax,mean_pre,sum_pre,min_tmin,max_tmax
      1962   12.0508   19.5389    3.2914   1066.40      1.10     27.10
      1963   11.7602   19.7500    6.1933   2130.50      1.70     26.60
      1964   12.0132   20.7551    4.8423   1694.80      0.00     28.10
      1965   11.6077   20.2978    5.5020   1892.70      1.70     27.60
      1966   14.3104   21.7534    4.9444   3343.10      2.70     29.30
      1967   13.2493   21.5617    4.1946   2836.70      0.60     31.00
      1968   11.7142   21.4931    5.4169   3860.10      1.30     31.20
      1969   15.0434   22.2816    4.7900   2985.50      1.40     29.20
      1970   12.4308   22.0162    4.8886   3489.90      2.00     29.50
      1971   10.7345   21.2909    5.0951   3652.40      0.50     28.50
      1972   13.5087   21.7745    3.8653   2676.70      1.00     28.50
      1973   14.5493   22.1628    5.0350   3619.70      2.40     30.50
      1974   14.1618   21.9655    4.8771   3517.80     -0.50     35.00
      1975   14.3078   21.3194    5.0082   3551.40      3.40     31.00
      1976   14.1317   21.0415    5.1221   3536.40      2.60     29.00
      1977   14.0906   20.8893    4.0956   2789.70      1.40     28.50
      1978   14.0869   20.8434    5.3330   3652.70      1.80     35.00
      1979   14.6707   21.6447    4.4787   3107.00      1.90     33.00
      1980   14.4961   21.1864    3.7628   2624.80      2.80     29.00
      1981   13.8695   20.8978    3.9598   5534.20      2.00     28.00
      1982   14.3253   21.4468    3.3564   4652.80      2.80    514.50
      1983   12.8747   20.3420    4.2328   5826.10      0.90     29.60
      1984   14.5478   21.0742    4.6700   6557.10      1.90     31.10
      1985   15.3429   21.6255    4.5706   6497.10      0.50    518.80
      1986   13.0038   21.2680    4.1528   4321.90      0.00    518.80
      1987   14.1808   21.0780    5.2868   7503.60      2.00     29.00
      1988   14.2542   21.4722    4.1952   5985.90      3.00     29.40
      1989   12.8978   20.4259    4.3399   5790.20      0.50     30.60
      1990   13.8300   21.0616    4.4507   6339.10      2.00     28.50
      1991   13.8086   21.5042    4.2755   6128.60      0.50     29.60
      1992   13.4750   21.4575    3.5118   5007.20      0.00     33.00
      1993   13.6697   21.3339    4.4290   6290.00      0.50     29.40
      1994   13.9109   22.4258    3.7821   5456.30      0.90     30.70
      1995   14.1446   22.2580    4.6838   6755.10      2.10     31.40
      1996   14.1108   22.5948    4.0393   5781.10      2.40     31.00
      1997   13.1457   21.9121    4.3425   5977.60      1.00     30.50
      1998   14.3862   22.6628    4.6745   6053.30      2.60     30.70
      1999   14.7976   23.3607    5.1159   7197.30      2.00     30.90
      2000   13.7072   22.7175    3.6021   5096.30      3.00     30.50
      2001   13.9777   23.2687    4.2495   5990.20      2.20     30.80
      2002   14.0530   23.0873    4.5592   5964.50      1.50     30.60
      2003   13.0973   22.6972    4.4013   6319.10      0.60     31.30
      2004   12.5512   21.2596    3.0863   4275.80      0.50     30.70
      2005   14.2161   22.8908    3.6534   5028.30      2.40     31.00
      2006   14.5211   23.4420    3.4453   4940.70      4.00     33.40
      2007   15.0522   23.6338    4.1033   5460.20      1.30     32.40
      2008   14.0115   23.3628    3.7058   4910.30     -0.50     32.40
      2009   14.1217   24.0832    3.7267   5364.90      3.00     33.00
      2010   14.6956   24.4481    3.9932   5413.20      2.60     31.90
      2011   12.4587   21.9693    3.9362   5621.80      0.50     33.20
      2012   11.9983   22.1421    3.1143   4095.40      0.40     33.60
      2013   13.7248   23.8332    4.5401   5622.20     -1.50     30.80
      2014   13.7579   24.1144    3.6945   3212.60      1.20     32.30
