# year,mean_tmin,mean_tmax,mean_pre,sum_pre,min_tmin,max_tmax
      1956   17.3259   25.6795    7.4795   3285.30      6.10     33.30
      1957   16.3651   26.0928    4.8217   3490.80      6.00     38.30
      1958   17.1035   26.4802    4.3487   3001.70      6.20     37.90
      1959   15.3931   24.7170    4.9383   3559.00      4.50     36.30
      1960   13.3861   25.5411    3.0642   1958.30      6.10     38.80
      1961   15.3640   27.0245    5.7214   1973.90      3.30     37.00
      1962   15.1640   26.7291    5.9946   2116.10      4.70     33.90
      1963   16.5462   26.4944    6.3813   3508.90      7.10     34.20
      1964   16.6131   26.3156    4.8450   3333.50      4.50     37.70
      1965   16.3734   25.9700    6.9043   6620.80      5.30     36.20
      1966   10.7743   17.2308    4.4208   4696.00      0.00     36.30
      1967    9.8907   16.7344    4.5909   4929.70      0.00     35.00
      1968   14.9976   25.2840    5.8735   7768.70      2.50     35.50
      1969   13.8038   23.6895    3.9670   7123.70      2.00     36.30
      1970   14.4632   24.5613    9.0391  16272.80      1.80     35.90
      1971   13.6386   23.6242    9.1507  16523.30      1.80     32.00
      1972   14.0619   24.1852    8.4828  15366.70      1.90     36.00
      1973   14.1296   24.5543    9.9440  17400.90      3.20     35.90
      1974   11.5652   19.0674    9.7552  17448.00      0.00     33.60
      1975   13.6112   24.2714    9.7325  17346.00      0.50     37.40
      1976   13.9903   23.9550    8.6049  18286.20      1.10     34.00
      1977   11.0908   18.8934    8.3550  17671.00     -0.60     32.50
      1978   11.0609   18.7978    9.0706  19342.80     -2.00     33.00
      1979   11.5944   19.5244    7.7366  16403.20     -0.90     36.20
      1980   11.2941   19.3336    7.8967  16901.80     -1.00     35.00
      1981   11.0481   18.9461    7.2948  15699.80     -1.00     33.00
      1982   10.9081   18.9627    7.3843  15957.80     -1.00     35.30
      1983   10.7174   19.0511    8.1225  17514.50     -1.20     34.00
      1984   13.8612   24.1523    8.8732  19163.70     -0.80     34.00
      1985   13.5189   24.1450    8.7037  17945.40     -2.50     36.60
      1986   11.7322   23.8846    9.1671  19568.20     -9.50     35.20
      1987   14.4027   24.6006    8.4111  17733.20      0.00     35.30
      1988   14.7730   24.9030    8.1738  17493.20      0.20     34.50
      1989   14.5423   24.4576    8.9903  18021.20     -0.30     38.80
      1990   13.7577   24.2265    8.6176  18316.60     -1.00     34.50
      1991   14.1678   24.5560    8.1729  16471.80     -4.50     34.00
      1992   13.6294   24.1251    7.6176  13495.20     -2.50     37.40
      1993   14.7963   24.6219    8.6448  18104.70     -0.40     34.70
      1994   13.8882   24.9159    8.5266  18122.30     -2.00     37.00
      1995   14.3362   24.6255   10.0648  21204.10     -1.30     37.50
      1996   14.8428   24.8720    9.3690  20007.60      0.00     36.10
      1997   13.6954   23.9042    8.4282  17545.00     -1.60     36.30
      1998   14.7882   24.6529    9.0967  19529.60      0.00     35.50
      1999   14.8620   25.6012    9.5871  20505.50     -1.30     37.40
      2000   13.7880   24.0996    9.6167  20700.50      0.50     38.00
      2001   13.1656   25.0837    9.1111  19549.30      0.10     35.10
      2002   14.4316   25.1095    9.1958  19693.70      0.00     35.50
      2003   14.6612   24.7799    9.6758  20726.20      0.00     35.00
      2004   12.9542   24.4325    9.2703  19792.80      0.00     36.20
      2005   14.3116   24.7632    7.2138  15390.70     -0.40     37.50
      2006   14.8872   25.3398    6.6133  14076.10      0.10     36.00
      2007   14.5777   24.8008    8.8841  19013.30      0.00     36.60
      2008   14.2025   25.2547    8.1623  17278.20      0.00     35.50
      2009   14.7236   25.6823    6.9288  14877.20      2.00     37.50
      2010   14.8738   25.7213    8.3533  17909.30      1.00     36.50
      2011   13.9303   25.1980    8.5905  18182.80     -7.50     35.60
      2012   13.8830   25.4795    7.8081  16313.30     -1.20     36.80
      2013   14.6687   25.4302    7.9213  16805.00      0.00    525.80
      2014   14.5623   25.3610    7.9829  15658.20      0.00     38.00
