  2009   1   1     0  21.5   5.0   0.0     0     0
  2009   1   2     0  20.5   4.6   0.0     0     0
  2009   1   3     0  21.5   6.0   0.0     0     0
  2009   1   4     0  21.0   5.5   0.0     0     0
  2009   1   5     0  30.9   6.5   0.0     0     0
  2009   1   6     0  21.1   6.3   0.0     0     0
  2009   1   7     0  22.0   6.5   0.0     0     0
  2009   1   8     0  21.5   7.0   0.0     0     0
  2009   1   9     0  23.5   6.0   0.0     0     0
  2009   1  10     0  22.3   7.6   0.0     0     0
  2009   1  11     0  23.4   7.0   0.0     0     0
  2009   1  12     0  22.7   6.2   0.0     0     0
  2009   1  13     0  23.3   6.0   0.0     0     0
  2009   1  14     0  23.2   7.0   0.0     0     0
  2009   1  15     0  22.3   7.1   0.0     0     0
  2009   1  16     0  20.7   9.5   0.0     0     0
  2009   1  17     0  22.0   8.7   0.0     0     0
  2009   1  18     0  24.2   8.0   0.0     0     0
  2009   1  19     0  24.3   8.0   0.0     0     0
  2009   1  20     0  22.3   7.6   0.0     0     0
  2009   1  21     0  21.5  12.2   0.0     0     0
  2009   1  22     0  23.8   7.5   0.0     0     0
  2009   1  23     0  27.2   8.5   0.0     0     0
  2009   1  24     0  22.7  10.2   0.0     0     0
  2009   1  25     0  24.8  12.0   0.0     0     0
  2009   1  26     0  27.0   9.0   0.0     0     0
  2009   1  27     0  25.8  10.0   0.0     0     0
  2009   1  28     0  25.0   7.7   0.0     0     0
  2009   1  29     0  22.7   6.5   0.0     0     0
  2009   1  30     0  24.2  10.3   0.0     0     0
  2009   1  31     0  23.0   7.5   0.0     0     0
  2009   2   1     0  22.6   5.0   0.0     0     0
  2009   2   2     0  22.2   7.5   0.0     0     0
  2009   2   3     0  23.0   7.5   0.0     0     0
  2009   2   4     0  24.0   8.5   0.0     0     0
  2009   2   5     0  25.2  10.2   0.0     0     0
  2009   2   6     0  26.0   7.4   0.0     0     0
  2009   2   7     0  25.8   7.4   0.0     0     0
  2009   2   8     0  25.5   8.5   0.0     0     0
  2009   2   9     0  25.8   8.8   0.0     0     0
  2009   2  10     0  26.0   9.7   0.0     0     0
  2009   2  11     0  25.7  12.5   5.4     0     0
  2009   2  12     0  25.8   9.5   8.2     0     0
  2009   2  13     0  25.0   9.0   0.0     0     0
  2009   2  14     0  25.5  10.2   0.0     0     0
  2009   2  15     0  25.0  10.5   0.0     0     0
  2009   2  16     0  25.7   9.0   0.0     0     0
  2009   2  17     0  26.3   8.5   0.0     0     0
  2009   2  18     0  27.2  10.2   0.0     0     0
  2009   2  19     0  27.5   9.0   0.0     0     0
  2009   2  20     0  26.0   9.8   0.0     0     0
  2009   2  21     0  27.0  10.0   0.0     0     0
  2009   2  22     0  28.0  12.0   0.0     0     0
  2009   2  23     0  28.8  10.0   0.0     0     0
  2009   2  24     0  27.3  10.5   0.0     0     0
  2009   2  25     0  27.8  11.5   0.0     0     0
  2009   2  26     0  28.2  10.5   0.0     0     0
  2009   2  27     0  26.3  10.0   0.0     0     0
  2009   2  28     0  25.1   7.8   0.0     0     0
  2009   3   1     0  25.7   7.4   0.0     0     0
  2009   3   2     0  26.3  11.0   0.0     0     0
  2009   3   3     0  28.0  11.5   0.0     0     0
  2009   3   4     0  30.0  11.5   0.0     0     0
  2009   3   5     0  30.8  13.5   0.0     0     0
  2009   3   6     0  32.0  12.5   0.0     0     0
  2009   3   7     0  31.4  11.5   0.0     0     0
  2009   3   8     0  29.6  12.5   0.0     0     0
  2009   3   9     0  31.3  12.5   0.0     0     0
  2009   3  10     0  30.0  10.8   0.0     0     0
  2009   3  11     0  28.2  10.2   0.0     0     0
  2009   3  12     0  30.7   9.5   0.0     0     0
  2009   3  13     0  28.6  13.2   0.0     0     0
  2009   3  14     0  31.2  13.0   0.0     0     0
  2009   3  15     0  30.5  14.0   0.0     0     0
  2009   3  16     0  31.0  12.0   0.0     0     0
  2009   3  17     0  31.8  13.0   0.0     0     0
  2009   3  18     0  31.1  13.4   0.0     0     0
  2009   3  19     0  31.2  13.9   0.0     0     0
  2009   3  20     0  31.3  14.7   0.0     0     0
  2009   3  21     0  28.5  15.0   0.0     0     0
  2009   3  22     0  31.0  13.5   0.0     0     0
  2009   3  23     0  31.6  14.0   0.0     0     0
  2009   3  24     0  31.6  14.0   0.0     0     0
  2009   3  25     0  30.5  16.0   0.0     0     0
  2009   3  26     0  29.5  15.6   0.0     0     0
  2009   3  27     0  29.5  12.4   0.0     0     0
  2009   3  28     0  32.0  15.0   0.0     0     0
  2009   3  29     0  31.0  16.1   0.0     0     0
  2009   3  30     0  30.5  17.0   0.0     0     0
  2009   3  31     0  31.0  14.7   0.0     0     0
  2009   4   1     0  32.5  15.9   0.0     0     0
  2009   4   2     0  32.7  17.5   0.0     0     0
  2009   4   3     0  34.5  19.0   0.0     0     0
  2009   4   4     0  33.2  18.3   0.0     0     0
  2009   4   5     0  32.3  17.0   0.0     0     0
  2009   4   6     0  31.2  14.4   0.0     0     0
  2009   4   7     0  33.8  18.7   0.0     0     0
  2009   4   8     0  34.5  18.5   0.0     0     0
  2009   4   9     0  33.3  18.6     T     0     0
  2009   4  10     0  31.6  15.0   3.2     0     0
  2009   4  11     0  34.3  15.7   0.0     0     0
  2009   4  12     0  34.8  17.9   0.0     0     0
  2009   4  13     0  35.1  19.2   0.0     0     0
  2009   4  14     0  36.4  19.2   0.0     0     0
  2009   4  15     0  36.3  21.0   0.0     0     0
  2009   4  16     0  37.0  21.5   0.0     0     0
  2009   4  17     0  36.2  20.5   0.0     0     0
  2009   4  18     0  34.7  18.1   0.0     0     0
  2009   4  19     0  35.8  19.5   0.0     0     0
  2009   4  20     0  36.4  20.8   0.0     0     0
  2009   4  21     0  37.4  22.3   0.0     0     0
  2009   4  22     0  36.3  22.7   0.0     0     0
  2009   4  23     0  32.9  18.2   0.0     0     0
  2009   4  24     0  36.3  18.3   0.0     0     0
  2009   4  25     0  36.3  18.5   0.0     0     0
  2009   4  26     0  36.3  17.5   0.0     0     0
  2009   4  27     0  35.8  18.2   0.0     0     0
  2009   4  28     0  36.8  20.0   0.0     0     0
  2009   4  29     0  36.6  21.9   0.0     0     0
  2009   4  30     0  36.2  23.4   0.0     0     0
  2009   5   1     0  36.2  24.0   0.0     0     0
  2009   5   2     0  33.4  23.2   0.0     0     0
  2009   5   3     0  33.6  23.0  12.0     0     0
  2009   5   4     0  34.3  24.0   0.0     0     0
  2009   5   5     0  36.6  22.5   0.0     0     0
  2009   5   6     0  30.6  23.3   0.0     0     0
  2009   5   7     0  36.3  20.5   0.0     0     0
  2009   5   8     0  35.6  19.0   0.0     0     0
  2009   5   9     0  36.7  20.6   0.0     0     0
  2009   5  10     0  36.0  22.0   0.0     0     0
  2009   5  11     0  33.3  17.7   3.0     0     0
  2009   5  12     0  35.6  18.4   0.0     0     0
  2009   5  13     0  29.7  14.5  37.4     0     0
  2009   5  14     0  31.7  19.5   0.0     0     0
  2009   5  15     0  33.1  21.2   0.0     0     0
  2009   5  16     0  33.0  17.2  28.0     0     0
  2009   5  17     0  32.0  19.3  12.4     0     0
  2009   5  18     0  33.6  24.0     T     0     0
  2009   5  19     0  34.6  24.9   0.0     0     0
  2009   5  20     0  33.8  23.2   2.6     0     0
  2009   5  21     0  34.7  22.5   2.8     0     0
  2009   5  22     0  33.5  21.4  27.2     0     0
  2009   5  23     0  32.2  21.0  23.3     0     0
  2009   5  24     0  32.5  22.0     T     0     0
  2009   5  25     0  29.9  21.0  16.4     0     0
  2009   5  26     0  32.1  21.2   0.0     0     0
  2009   5  27     0  32.3  22.5   0.0     0     0
  2009   5  28     0  33.0  19.0   0.0     0     0
  2009   5  29     0  33.0  21.5   4.4     0     0
  2009   5  30     0  32.2  21.5   1.0     0     0
  2009   5  31     0  28.3  19.0  23.2     0     0
  2009   6   1     0  30.8  19.5   2.4     0     0
  2009   6   2     0  32.6  21.0   0.0     0     0
  2009   6   3     0  34.2  22.4   0.0     0     0
  2009   6   4     0  33.0  26.0   0.0     0     0
  2009   6   5     0  32.7  25.3   0.0     0     0
  2009   6   6     0  30.7  19.0   6.0     0     0
  2009   6   7     0  33.5  21.0   0.0     0     0
  2009   6   8     0  35.5  20.9   2.4     0     0
  2009   6   9     0  36.5  25.3   0.0     0     0
  2009   6  10     0  36.2  20.5   0.0     0     0
  2009   6  11     0  34.6  22.0   0.0     0     0
  2009   6  12     0  34.5  24.6   0.0     0     0
  2009   6  13     0  35.5  25.1   0.0     0     0
  2009   6  14     0  35.7  20.4     T     0     0
  2009   6  15     0  37.3  22.6   0.0     0     0
  2009   6  16     0  37.3  22.0   0.0     0     0
  2009   6  17     0  36.7  21.1   0.0     0     0
  2009   6  18     0  37.6  21.9   0.0     0     0
  2009   6  19     0  38.2  22.5   0.0     0     0
  2009   6  20     0  38.3  22.9   0.0     0     0
  2009   6  21     0  36.2  23.5   0.0     0     0
  2009   6  22     0  37.4  25.0   0.0     0     0
  2009   6  23     0  37.5  26.0   0.0     0     0
  2009   6  24     0  33.5  21.3   0.0     0     0
  2009   6  25     0   DNA  26.0   9.4     0     0
  2009   6  26     0  34.5  25.4   6.2     0     0
  2009   6  27     0  30.0  24.2  18.2     0     0
  2009   6  28     0  27.2  21.5  41.0     0     0
  2009   6  29     0  28.1  22.6  47.0     0     0
  2009   6  30     0  31.5  23.7  13.8     0     0
  2009   7   1     0  31.0  19.6  61.1     0     0
  2009   7   2     0  31.5  22.5   1.6     0     0
  2009   7   3     0  31.6  20.0   2.8     0     0
  2009   7   4     0  31.2  23.5     T     0     0
  2009   7   5     0  32.7  24.3     T     0     0
  2009   7   6     0  32.0  24.5     T     0     0
  2009   7   7     0  32.7  24.0   0.2     0     0
  2009   7   8     0  32.7  25.0  15.2     0     0
  2009   7   9     0  33.4  24.5     T     0     0
  2009   7  10     0  32.1  25.5     T     0     0
  2009   7  11     0  31.0  24.0     T     0     0
  2009   7  12     0  27.8  24.5  24.4     0     0
  2009   7  13     0  29.8  24.5  10.8     0     0
  2009   7  14     0  35.0  22.5     T     0     0
  2009   7  15     0  37.8  24.0   3.6     0     0
  2009   7  16     0  33.2  24.0   6.4     0     0
  2009   7  17     0  33.0  24.0     T     0     0
  2009   7  18     0  33.2  25.0   0.2     0     0
  2009   7  19     0  31.8  24.5   8.8     0     0
  2009   7  20     0  32.4  22.6   8.4     0     0
  2009   7  21     0  33.5  24.5     T     0     0
  2009   7  22     0  32.0  23.6     T     0     0
  2009   7  23     0  31.3  23.7  16.4     0     0
  2009   7  24     0  32.2  23.5   5.2     0     0
  2009   7  25     0  32.5  23.6  11.6     0     0
  2009   7  26     0  32.0  25.6   0.2     0     0
  2009   7  27     0  26.0  23.0   5.0     0     0
  2009   7  28     0  26.0  23.1  64.8     0     0
  2009   7  29     0  28.5  23.9  26.4     0     0
  2009   7  30     0  30.0  23.8   8.4     0     0
  2009   7  31     0  31.2  22.5     T     0     0
  2009   8   1     0  32.3  23.5   0.0     0     0
  2009   8   2     0  31.2  24.0     T     0     0
  2009   8   3     0  32.2  24.5   0.0     0     0
  2009   8   4     0  30.0  25.2  25.5     0     0
  2009   8   5     0  32.5  25.5   1.1     0     0
  2009   8   6     0  25.6  23.5  35.3     0     0
  2009   8   7     0  26.2  23.0  16.2     0     0
  2009   8   8     0  31.1  23.5  13.0     0     0
  2009   8   9     0  30.3  24.4  25.4     0     0
  2009   8  10     0  30.0  24.6  17.3     0     0
  2009   8  11     0  32.8  24.1   0.3     0     0
  2009   8  12     0  34.5  24.0   0.0     0     0
  2009   8  13     0  30.4  23.0  83.8     0     0
  2009   8  14     0  30.4  23.6  25.0     0     0
  2009   8  15     0  29.3  23.5  17.6     0     0
  2009   8  16     0  29.3  24.0   0.2     0     0
  2009   8  17     0  26.5  23.1   9.0     0     0
  2009   8  18     0  24.7  22.0  82.0     0     0
  2009   8  19     0  31.1  22.5  40.4     0     0
  2009   8  20     0  31.7  23.0   0.0     0     0
  2009   8  21     0  31.2  22.0   0.0     0     0
  2009   8  22     0  30.8  23.5   0.0     0     0
  2009   8  23     0  32.5  22.0   0.0     0     0
  2009   8  24     0  31.4  22.2  10.0     0     0
  2009   8  25     0  31.0  23.0   1.0     0     0
  2009   8  26     0  31.3  22.0     T     0     0
  2009   8  27     0  31.6  22.6   7.9     0     0
  2009   8  28     0  31.2  23.3   3.3     0     0
  2009   8  29     0  32.5  23.2   0.0     0     0
  2009   8  30     0  33.0  22.5     T     0     0
  2009   8  31     0  30.7  22.6  24.2     0     0
  2009   9   1     0  33.0  22.5   1.1     0     0
  2009   9   2     0  31.1  23.5   0.0     0     0
  2009   9   3     0  28.0  23.5   0.0     0     0
  2009   9   4     0  32.5  21.2   2.1     0     0
  2009   9   5     0  26.5  21.5  19.2     0     0
  2009   9   6     0  27.0  21.5  10.2     0     0
  2009   9   7     0  27.5  21.6  15.0     0     0
  2009   9   8     0  32.5  22.5   1.1     0     0
  2009   9   9     0  28.6  22.3   1.2     0     0
  2009   9  10     0  30.8  21.3  22.2     0     0
  2009   9  11     0  25.0  22.5   0.2     0     0
  2009   9  12     0  30.8  22.2   3.1     0     0
  2009   9  13     0  31.7  21.0   0.0     0     0
  2009   9  14     0  31.0  22.5   0.0     0     0
  2009   9  15     0  31.5  21.0   1.0     0     0
  2009   9  16     0  32.0  22.0   0.0     0     0
  2009   9  17     0  32.7  21.0   0.0     0     0
  2009   9  18     0  32.5  21.6   0.0     0     0
  2009   9  19     0  31.4  22.0   0.0     0     0
  2009   9  20     0  31.0  22.5  20.4     0     0
  2009   9  21     0  30.5  21.5   0.1     0     0
  2009   9  22     0  29.3  21.0   0.0     0     0
  2009   9  23     0  29.8  22.0   0.0     0     0
  2009   9  24     0  30.3  21.0   0.0     0     0
  2009   9  25     0  29.3  23.5   0.0     0     0
  2009   9  26     0  31.5  21.0   0.0     0     0
  2009   9  27     0  33.8  22.0   0.0     0     0
  2009   9  28     0  34.0  22.0   0.0     0     0
  2009   9  29     0  34.2  22.3   0.0     0     0
  2009   9  30     0  34.2  23.5   0.0     0     0
  2009  10   1     0  34.1  21.2     T     0     0
  2009  10   2     0  32.7  19.5   0.0     0     0
  2009  10   3     0  31.0  22.5   0.0     0     0
  2009  10   4     0  27.8  21.0   2.6     0     0
  2009  10   5     0  29.6  22.2   0.0     0     0
  2009  10   6     0  23.2  21.7  17.0     0     0
  2009  10   7     0  21.8  20.7  81.0     0     0
  2009  10   8     0  29.3  18.0  92.1     0     0
  2009  10   9     0  29.0  16.6   0.0     0     0
  2009  10  10     0  29.5  18.0   0.0     0     0
  2009  10  11     0  30.2  17.4   0.0     0     0
  2009  10  12     0  29.5  15.7   0.0     0     0
  2009  10  13     0  29.3  13.1   0.0     0     0
  2009  10  14     0  30.5  14.0   0.0     0     0
  2009  10  15     0  31.3  15.5   0.0     0     0
  2009  10  16     0  31.4  16.0   0.0     0     0
  2009  10  17     0  31.0  10.3   0.0     0     0
  2009  10  18     0  29.5  14.0   0.0     0     0
  2009  10  19     0  29.0  12.2   0.0     0     0
  2009  10  20     0  29.8  12.0   0.0     0     0
  2009  10  21     0  28.6  13.5   0.0     0     0
  2009  10  22     0  29.5  14.5   0.0     0     0
  2009  10  23     0  29.8  13.9   0.0     0     0
  2009  10  24     0  29.2  17.6   0.0     0     0
  2009  10  25     0  29.2  12.8   0.0     0     0
  2009  10  26     0  28.0  14.1   0.0     0     0
  2009  10  27     0  28.6  13.5   0.0     0     0
  2009  10  28     0  28.6  14.6   0.0     0     0
  2009  10  29     0  29.0  15.9   0.0     0     0
  2009  10  30     0  29.0  14.2   0.0     0     0
  2009  10  31     0  28.1  15.0   0.0     0     0
  2009  11   1     0  28.3  14.7   0.0     0     0
  2009  11   2     0  28.3  14.0   0.0     0     0
  2009  11   3     0  28.8  12.5   0.0     0     0
  2009  11   4     0  29.5  12.0   0.0     0     0
  2009  11   5     0  28.4  11.6   0.0     0     0
  2009  11   6     0  28.8  11.0   0.0     0     0
  2009  11   7     0  28.5  10.5   0.0     0     0
  2009  11   8     0  28.0  10.0   0.0     0     0
  2009  11   9     0  27.0  10.7   0.0     0     0
  2009  11  10     0  25.8  11.0   0.0     0     0
  2009  11  11     0  23.8  11.5   0.0     0     0
  2009  11  12     0  20.5  14.0   0.0     0     0
  2009  11  13     0  24.3  16.7   2.6     0     0
  2009  11  14     0  26.5  17.0   0.0     0     0
  2009  11  15     0  27.5  16.3   0.0     0     0
  2009  11  16     0  22.8  15.0   0.0     0     0
  2009  11  17     0  24.6  14.5   0.0     0     0
  2009  11  18     0  24.6  11.9   0.0     0     0
  2009  11  19     0  24.2   9.9   0.0     0     0
  2009  11  20     0  23.0   9.5   0.0     0     0
  2009  11  21     0  22.8  10.0   0.0     0     0
  2009  11  22     0  24.7   9.0   0.0     0     0
  2009  11  23     0  25.0   8.8   0.0     0     0
  2009  11  24     0  24.5  12.0   0.0     0     0
  2009  11  25     0  24.3   9.4   0.0     0     0
  2009  11  26     0  24.5   9.3   0.0     0     0
  2009  11  27     0  23.0  10.2   0.0     0     0
  2009  11  28     0  23.7  10.5   0.0     0     0
  2009  11  29     0  23.8  10.5   0.0     0     0
  2009  11  30     0  24.0   9.5   0.0     0     0
  2009  12   1     0  23.8  10.0   0.0     0     0
  2009  12   2     0  23.1  11.0   0.0     0     0
  2009  12   3     0  23.8   9.5   0.0     0     0
  2009  12   4     0  24.3  11.0   0.0     0     0
  2009  12   5     0  23.9  11.0   0.0     0     0
  2009  12   6     0  23.4   9.5   0.0     0     0
  2009  12   7     0  23.0   9.0   0.0     0     0
  2009  12   8     0  23.0   8.5   0.0     0     0
  2009  12   9     0  22.6   8.2   0.0     0     0
  2009  12  10     0  22.2   9.3   0.0     0     0
  2009  12  11     0  23.3  10.0   0.0     0     0
  2009  12  12     0  23.0   9.5   0.0     0     0
  2009  12  13     0  21.5  11.5   0.0     0     0
  2009  12  14     0  23.6   8.2   0.0     0     0
  2009  12  15     0  19.4   9.0   0.0     0     0
  2009  12  16     0  24.0   7.7   0.0     0     0
  2009  12  17     0  24.3   8.5   0.0     0     0
  2009  12  18     0  23.0   9.1   0.0     0     0
  2009  12  19     0  21.7   6.5   0.0     0     0
  2009  12  20     0  22.0   6.0   0.0     0     0
  2009  12  21     0  21.5   7.0   0.0     0     0
  2009  12  22     0  21.0   6.0   0.0     0     0
  2009  12  23     0  20.6   5.6   0.0     0     0
  2009  12  24     0  20.6   5.3   0.0     0     0
  2009  12  25     0  20.5   5.2   0.0     0     0
  2009  12  26     0  20.0   5.0   0.0     0     0
  2009  12  27     0  19.2   4.6   0.0     0     0
  2009  12  28     0  19.8   5.5   0.0     0     0
  2009  12  29     0  19.8   6.6   0.0     0     0
  2009  12  30     0  16.2   5.4   0.0     0     0
  2009  12  31     0  18.0   4.1   0.0     0     0
