  1986   1   1     0  20.5   6.5   0.0     0     0
  1986   1   2     0  20.0   5.5   0.0     0     0
  1986   1   3     0  19.2   5.3   0.0     0     0
  1986   1   4     0  20.0   8.5   0.0     0     0
  1986   1   5     0  19.7   6.0   0.0     0     0
  1986   1   6     0  20.9   7.7   0.0     0     0
  1986   1   7     0  22.9   7.7   0.0     0     0
  1986   1   8     0  22.0   8.2   0.0     0     0
  1986   1   9     0  21.0   8.0   0.0     0     0
  1986   1  10     0  20.9   9.4   0.0     0     0
  1986   1  11     0  21.4   9.5   0.0     0     0
  1986   1  12     0  21.9   8.4   0.0     0     0
  1986   1  13     0  21.8   8.5   0.0     0     0
  1986   1  14     0  22.0   6.7   0.0     0     0
  1986   1  15     0  21.5   6.0   0.0     0     0
  1986   1  16     0  20.3   8.0   0.0     0     0
  1986   1  17     0  20.8   7.2   0.0     0     0
  1986   1  18     0  20.6   6.3   0.0     0     0
  1986   1  19     0  21.1   5.1   0.0     0     0
  1986   1  20     0  19.4   6.1   0.0     0     0
  1986   1  21     0  23.5   7.8   0.0     0     0
  1986   1  22     0  21.8   7.5   0.0     0     0
  1986   1  23     0  21.8   7.3   0.0     0     0
  1986   1  24     0  22.3   8.5   0.0     0     0
  1986   1  25     0  23.0   8.0   0.0     0     0
  1986   1  26     0  22.0   9.9   0.0     0     0
  1986   1  27     0  22.9  10.0   0.0     0     0
  1986   1  28     0  23.0   8.1   0.0     0     0
  1986   1  29     0  22.0  10.4   0.0     0     0
  1986   1  30     0  23.5   8.0     T     0     0
  1986   1  31     0  21.9   8.5   0.0     0     0
  1986   2   1     0  22.5   9.4   0.0     0     0
  1986   2   2     0  22.2   7.9   0.0     0     0
  1986   2   3     0  21.7   9.4   0.0     0     0
  1986   2   4     0  22.6  10.6   0.0     0     0
  1986   2   5     0  23.2  10.6   0.0     0     0
  1986   2   6     0  23.0   8.9   0.0     0     0
  1986   2   7     0  23.5   8.0   0.0     0     0
  1986   2   8     0  24.0   8.7   0.0     0     0
  1986   2   9     0  23.0   9.0   0.0     0     0
  1986   2  10     0  18.5  12.0  20.5     0     0
  1986   2  11     0  21.7  10.9  17.3     0     0
  1986   2  12     0  22.8  10.9   0.0     0     0
  1986   2  13     0  24.1  11.1   0.0     0     0
  1986   2  14     0  19.5  13.7     T     0     0
  1986   2  15     0  20.6  10.5   8.0     0     0
  1986   2  16     0  21.9   8.4   0.0     0     0
  1986   2  17     0  22.0   9.5   0.0     0     0
  1986   2  18     0  22.2   9.5   0.0     0     0
  1986   2  19     0  23.3   9.6   0.0     0     0
  1986   2  20     0  24.4   9.4   0.0     0     0
  1986   2  21     0  24.0  11.9   0.0     0     0
  1986   2  22     0  26.8  11.9     T     0     0
  1986   2  23     0  24.7  11.2   0.0     0     0
  1986   2  24     0  25.0   9.7   0.0     0     0
  1986   2  25     0  24.2   9.3   0.0     0     0
  1986   2  26     0  23.8   8.9   0.0     0     0
  1986   2  27     0  23.8   9.2   0.0     0     0
  1986   2  28     0  24.0   8.0   0.0     0     0
  1986   3   1     0  24.6  10.1   0.0     0     0
  1986   3   2     0  24.6  11.1   0.0     0     0
  1986   3   3     0  25.2  11.0   0.0     0     0
  1986   3   4     0  25.4  12.0   0.0     0     0
  1986   3   5     0  25.0  12.2   0.0     0     0
  1986   3   6     0  26.0  11.5   0.0     0     0
  1986   3   7     0  25.9  12.6   0.0     0     0
  1986   3   8     0  26.5  13.8   0.0     0     0
  1986   3   9     0  27.4  12.5   0.0     0     0
  1986   3  10     0  29.1  15.0   0.0     0     0
  1986   3  11     0  30.0  16.6   0.0     0     0
  1986   3  12     0  31.4  15.6   0.0     0     0
  1986   3  13     0  30.8  15.1   0.0     0     0
  1986   3  14     0   DNA  17.0   0.0     0     0
  1986   3  15     0   DNA  15.7   0.0     0     0
  1986   3  16     0   DNA  14.2   0.0     0     0
  1986   3  17     0  26.8  11.0   0.0     0     0
  1986   3  18     0  26.8  15.0   0.0     0     0
  1986   3  19     0   DNA  14.0   0.0     0     0
  1986   3  20     0   DNA  13.0   0.0     0     0
  1986   3  21     0  28.4  12.3   0.0     0     0
  1986   3  22     0  29.5  18.4   0.0     0     0
  1986   3  23     0  30.2  16.6   0.0     0     0
  1986   3  24     0  29.3  14.0   0.0     0     0
  1986   3  25     0  29.0  19.2   0.0     0     0
  1986   3  26     0  30.4  11.0   0.0     0     0
  1986   3  27     0  31.8  14.0   0.0     0     0
  1986   3  28     0  33.1  18.1   0.0     0     0
  1986   3  29     0  24.1  18.9   0.0     0     0
  1986   3  30     0  35.5  17.9   0.0     0     0
  1986   3  31     0  33.9  17.6   0.0     0     0
  1986   4   1     0  32.0  19.0   0.0     0     0
  1986   4   2     0  33.5  15.0   0.0     0     0
  1986   4   3     0  29.9  18.9   1.5     0     0
  1986   4   4     0  25.2  14.6   0.0     0     0
  1986   4   5     0  28.0  11.2   0.0     0     0
  1986   4   6     0  29.5  19.0   0.0     0     0
  1986   4   7     0  31.0  15.3   0.0     0     0
  1986   4   8     0  31.5  17.0   0.0     0     0
  1986   4   9     0  32.5  19.7   0.0     0     0
  1986   4  10     0  33.0  20.7   0.0     0     0
  1986   4  11     0  33.2  19.9   0.0     0     0
  1986   4  12     0  33.8  20.3   0.0     0     0
  1986   4  13     0  35.0  20.6   0.0     0     0
  1986   4  14     0  36.0  21.0   0.0     0     0
  1986   4  15     0  35.0  22.2   0.0     0     0
  1986   4  16     0  33.4  20.2   0.0     0     0
  1986   4  17     0  34.0  20.7   0.0     0     0
  1986   4  18     0  34.5  19.5   0.0     0     0
  1986   4  19     0  36.0  19.4   0.0     0     0
  1986   4  20     0  35.9  19.7   0.0     0     0
  1986   4  21     0  35.0  22.7     T     0     0
  1986   4  22     0  34.2   DNA   0.2     0     0
  1986   4  23     0  34.2  25.0   0.0     0     0
  1986   4  24     0  32.7  19.5   4.0     0     0
  1986   4  25     0  31.8  19.5   2.5     0     0
  1986   4  26     0  29.0  12.2   7.0     0     0
  1986   4  27     0  35.0  17.5   5.0     0     0
  1986   4  28     0  30.0  16.4   3.0     0     0
  1986   4  29     0  32.0  17.7   0.0     0     0
  1986   4  30     0  32.7  19.0   0.0     0     0
  1986   5   1     0  33.8  20.7   0.0     0     0
  1986   5   2     0  34.0  22.3   0.0     0     0
  1986   5   3     0  35.1  22.5   0.4     0     0
  1986   5   4     0  34.7  14.4   0.0     0     0
  1986   5   5     0  34.0  19.5   0.0     0     0
  1986   5   6     0  34.3  22.8   0.0     0     0
  1986   5   7     0  34.2  20.0     T     0     0
  1986   5   8     0  33.9  22.8   0.0     0     0
  1986   5   9     0  33.3  23.0   0.0     0     0
  1986   5  10     0  33.9  20.3   0.0     0     0
  1986   5  11     0  33.4  20.5   0.0     0     0
  1986   5  12     0  34.9  21.6   0.0     0     0
  1986   5  13     0  34.0  22.4   0.0     0     0
  1986   5  14     0  32.2  19.1   8.5     0     0
  1986   5  15     0  32.0  19.5   6.0     0     0
  1986   5  16     0  29.0  16.8  36.5     0     0
  1986   5  17     0  30.2  18.8   0.0     0     0
  1986   5  18     0  30.9  18.0  22.5     0     0
  1986   5  19     0  29.6  18.8   3.5     0     0
  1986   5  20     0  32.0  21.0     T     0     0
  1986   5  21     0  32.4  20.5   7.0     0     0
  1986   5  22     0  32.1  20.5   0.0     0     0
  1986   5  23     0  32.0  18.4   0.0     0     0
  1986   5  24     0  33.4  17.8   0.0     0     0
  1986   5  25     0  35.5  18.9   0.0     0     0
  1986   5  26     0  35.3  21.9   0.0     0     0
  1986   5  27     0  32.0  23.6   0.0     0     0
  1986   5  28     0  31.0  18.8  18.5     0     0
  1986   5  29     0  32.9  20.2   0.0     0     0
  1986   5  30     0  28.4  22.0   0.0     0     0
  1986   5  31     0  35.0  20.0   1.0     0     0
  1986   6   1     0  32.5  23.5   0.0     0     0
  1986   6   2     0  35.3  22.0   0.0     0     0
  1986   6   3     0  36.8  23.0   0.0     0     0
  1986   6   4     0  36.9  21.7   0.0     0     0
  1986   6   5     0  37.1  22.4   0.0     0     0
  1986   6   6     0  37.5  23.8   0.0     0     0
  1986   6   7     0  37.5  24.9   0.0     0     0
  1986   6   8     0  38.0  25.0   0.0     0     0
  1986   6   9     0  37.3  25.6   0.0     0     0
  1986   6  10     0  37.8  26.1   0.0     0     0
  1986   6  11     0  37.6  27.0   0.0     0     0
  1986   6  12     0  34.0  26.0     T     0     0
  1986   6  13     0  34.3  25.0  33.6     0     0
  1986   6  14     0  34.2  21.6   5.3     0     0
  1986   6  15     0  33.8  22.4  40.3     0     0
  1986   6  16     0  34.2  25.5   4.6     0     0
  1986   6  17     0  32.1  25.0   8.8     0     0
  1986   6  18     0  33.2  22.4  62.9     0     0
  1986   6  19     0  30.8  22.4  40.5     0     0
  1986   6  20     0  32.8  24.3   0.0     0     0
  1986   6  21     0  33.4  25.6   0.2     0     0
  1986   6  22     0  30.4  24.0  41.7     0     0
  1986   6  23     0  32.2  23.7   2.5     0     0
  1986   6  24     0  28.3  22.1   2.0     0     0
  1986   6  25     0  28.9  20.9  40.5     0     0
  1986   6  26     0  30.0  22.3  11.6     0     0
  1986   6  27     0  29.4  22.1   2.0     0     0
  1986   6  28     0  28.8  21.3  26.4     0     0
  1986   6  29     0  30.4  21.4  20.5     0     0
  1986   6  30     0  30.4  20.3   7.3     0     0
  1986   7   1     0  30.0  19.5  40.5     0     0
  1986   7   2     0  30.8  20.4  41.5     0     0
  1986   7   3     0  30.5  23.0   0.0     0     0
  1986   7   4     0  31.0  23.3   0.0     0     0
  1986   7   5     0  29.8  24.5   0.0     0     0
  1986   7   6     0  29.5  23.1  10.5     0     0
  1986   7   7     0  30.8  22.4  20.5     0     0
  1986   7   8     0  27.4  21.5  41.0     0     0
  1986   7   9     0  29.5  22.2   4.9     0     0
  1986   7  10     0  24.8  20.5  11.8     0     0
  1986   7  11     0  30.5  20.0  40.6     0     0
  1986   7  12     0  31.8  21.5   0.0     0     0
  1986   7  13     0  31.8  21.8  29.5     0     0
  1986   7  14     0  31.2  22.1   0.0     0     0
  1986   7  15     0  31.2  22.2   5.4     0     0
  1986   7  16     0  30.0  21.9  88.5     0     0
  1986   7  17     0  26.1  20.5  38.2     0     0
  1986   7  18     0  28.4  21.4   2.0     0     0
  1986   7  19     0  29.9  21.8   2.2     0     0
  1986   7  20     0  30.9  22.0   2.7     0     0
  1986   7  21     0  31.6  22.0  15.0     0     0
  1986   7  22     0  32.0  22.6   0.0     0     0
  1986   7  23     0  30.8  21.8  18.3     0     0
  1986   7  24     0  29.6  21.2   5.1     0     0
  1986   7  25     0  26.4  21.3  10.7     0     0
  1986   7  26     0  27.5  21.5  10.1     0     0
  1986   7  27     0  30.0  21.2   0.0     0     0
  1986   7  28     0  27.9  21.9   0.0     0     0
  1986   7  29     0  29.0  21.8  20.2     0     0
  1986   7  30     0  30.2  22.0   0.0     0     0
  1986   7  31     0  28.0  22.2   2.9     0     0
  1986   8   1     0  25.7  21.0  57.6     0     0
  1986   8   2     0  28.5  21.6  13.8     0     0
  1986   8   3     0  25.5  22.1   5.4     0     0
  1986   8   4     0  30.5  20.5   0.0     0     0
  1986   8   5     0  32.4  22.4   0.0     0     0
  1986   8   6     0  32.4  21.7   4.5     0     0
  1986   8   7     0  31.5  23.3   0.0     0     0
  1986   8   8     0  31.5  23.0   0.0     0     0
  1986   8   9     0  33.3  22.4   0.0     0     0
  1986   8  10     0  33.4  23.4   3.8     0     0
  1986   8  11     0  34.4  23.5   0.0     0     0
  1986   8  12     0  30.0  21.0   0.0     0     0
  1986   8  13     0  31.7  22.8   9.5     0     0
  1986   8  14     0  29.9  21.8   0.0     0     0
  1986   8  15     0  31.3  22.2   0.0     0     0
  1986   8  16     0  28.3  22.4   0.0     0     0
  1986   8  17     0  29.2  22.4  28.2     0     0
  1986   8  18     0  31.3  21.6   5.0     0     0
  1986   8  19     0  31.4  21.5   5.5     0     0
  1986   8  20     0  29.6  21.8  33.7     0     0
  1986   8  21     0  27.8  21.9   0.0     0     0
  1986   8  22     0  27.8  21.8   0.0     0     0
  1986   8  23     0  29.7  20.7  21.2     0     0
  1986   8  24     0  31.8  20.5  45.5     0     0
  1986   8  25     0  30.5  20.9  18.2     0     0
  1986   8  26     0  29.3  21.9   0.0     0     0
  1986   8  27     0  29.8  21.7   0.0     0     0
  1986   8  28     0  30.4  21.5  11.5     0     0
  1986   8  29     0  30.9  20.8   0.0     0     0
  1986   8  30     0  31.3  21.0   0.0     0     0
  1986   8  31     0  30.5  21.3   0.0     0     0
  1986   9   1     0  29.3  22.6   0.0     0     0
  1986   9   2     0  28.0  22.5   1.9     0     0
  1986   9   3     0  29.8  21.9   0.4     0     0
  1986   9   4     0  31.8  22.1   0.0     0     0
  1986   9   5     0  31.3  22.7   0.0     0     0
  1986   9   6     0  31.4  20.1     T     0     0
  1986   9   7     0  31.4  21.7   0.0     0     0
  1986   9   8     0  32.5  21.0   0.0     0     0
  1986   9   9     0  30.4  22.2   0.0     0     0
  1986   9  10     0  30.2  21.6  18.0     0     0
  1986   9  11     0  30.1  21.2   8.6     0     0
  1986   9  12     0  24.3  20.0  62.2     0     0
  1986   9  13     0  25.4  20.1   6.9     0     0
  1986   9  14     0  29.4  19.8   0.0     0     0
  1986   9  15     0  29.5  19.6   1.7     0     0
  1986   9  16     0  29.6  20.5  44.1     0     0
  1986   9  17     0  30.0  19.6   0.0     0     0
  1986   9  18     0  30.1  19.6   0.0     0     0
  1986   9  19     0  31.4  20.1   0.0     0     0
  1986   9  20     0  30.9  20.7   0.0     0     0
  1986   9  21     0  29.0  21.6     T     0     0
  1986   9  22     0  30.1  20.0   0.0     0     0
  1986   9  23     0  28.8  20.4   9.8     0     0
  1986   9  24     0  29.7  20.0   3.6     0     0
  1986   9  25     0  29.0  19.5     T     0     0
  1986   9  26     0  29.6  21.5   3.0     0     0
  1986   9  27     0  26.0  18.4  30.2     0     0
  1986   9  28     0  22.7  17.5   6.9     0     0
  1986   9  29     0  28.2  17.6   7.0     0     0
  1986   9  30     0  23.5  18.2  20.7     0     0
  1986  10   1     0  28.5  16.7     T     0     0
  1986  10   2     0  27.9  16.9   3.9     0     0
  1986  10   3     0  28.9  17.6  14.5     0     0
  1986  10   4     0  29.7  18.5   0.0     0     0
  1986  10   5     0  30.2  23.6   0.0     0     0
  1986  10   6     0  29.9  18.4   0.0     0     0
  1986  10   7     0  29.5  19.5   0.0     0     0
  1986  10   8     0  25.8  17.6   1.0     0     0
  1986  10   9     0  27.0  18.2   0.0     0     0
  1986  10  10     0  28.4  16.6     T     0     0
  1986  10  11     0  28.3  16.8   0.0     0     0
  1986  10  12     0  28.5  18.8   3.9     0     0
  1986  10  13     0  28.7  16.9   0.0     0     0
  1986  10  14     0  27.2  16.5   0.0     0     0
  1986  10  15     0  27.8  16.8   0.0     0     0
  1986  10  16     0  27.1  15.5   0.0     0     0
  1986  10  17     0  27.0  16.0  11.4     0     0
  1986  10  18     0  28.5  14.9   0.0     0     0
  1986  10  19     0  27.8  15.1   0.0     0     0
  1986  10  20     0  27.4  15.5   0.0     0     0
  1986  10  21     0  26.8  13.0   0.0     0     0
  1986  10  22     0  26.7  12.8   0.0     0     0
  1986  10  23     0  28.2  12.9   0.0     0     0
  1986  10  24     0  28.5  13.8   0.0     0     0
  1986  10  25     0  28.6  13.4   0.0     0     0
  1986  10  26     0  29.0  17.6   0.0     0     0
  1986  10  27     0  28.0  13.5   0.0     0     0
  1986  10  28     0  27.3  13.5   0.0     0     0
  1986  10  29     0  28.0  17.5   0.0     0     0
  1986  10  30     0  27.4  14.2   0.0     0     0
  1986  10  31     0  27.1  14.9   0.0     0     0
  1986  11   1     0  26.9  14.1   0.0     0     0
  1986  11   2     0  27.7  13.6   0.0     0     0
  1986  11   3     0  27.7  13.3   0.0     0     0
  1986  11   4     0  27.5  13.5   0.0     0     0
  1986  11   5     0  22.0  16.0   0.0     0     0
  1986  11   6     0  27.0  11.1   0.0     0     0
  1986  11   7     0  26.9  11.9   0.0     0     0
  1986  11   8     0  26.9  13.7   0.0     0     0
  1986  11   9     0  27.6  12.1   0.0     0     0
  1986  11  10     0  25.9  12.0   0.0     0     0
  1986  11  11     0  25.5  12.8   0.0     0     0
  1986  11  12     0  25.0  11.8   0.0     0     0
  1986  11  13     0  25.2  13.2   0.0     0     0
  1986  11  14     0  25.1  13.4   0.0     0     0
  1986  11  15     0  25.7  12.7   0.0     0     0
  1986  11  16     0  25.6  12.4   0.0     0     0
  1986  11  17     0  25.3  12.0   0.0     0     0
  1986  11  18     0  25.2  12.5   0.0     0     0
  1986  11  19     0  26.0  11.8   0.0     0     0
  1986  11  20     0  25.9  11.0   0.0     0     0
  1986  11  21     0  25.7  11.9   0.0     0     0
  1986  11  22     0  26.0  12.6   0.0     0     0
  1986  11  23     0  25.5  11.2   0.0     0     0
  1986  11  24     0  26.2  11.9   0.0     0     0
  1986  11  25     0  25.4  12.0   0.0     0     0
  1986  11  26     0  22.3  12.1   0.0     0     0
  1986  11  27     0  25.2  10.8   0.0     0     0
  1986  11  28     0  24.5  15.2   0.0     0     0
  1986  11  29     0  24.3  16.5   0.0     0     0
  1986  11  30     0  23.7  11.8   2.1     0     0
  1986  12   1     0  23.1   9.0   0.0     0     0
  1986  12   2     0  24.5   8.5   0.0     0     0
  1986  12   3     0  25.0   9.4   0.0     0     0
  1986  12   4     0  25.9   9.9   0.0     0     0
  1986  12   5     0  25.0   9.8   0.0     0     0
  1986  12   6     0  24.3  15.0   0.0     0     0
  1986  12   7     0  23.7   9.4   0.0     0     0
  1986  12   8     0  22.5  10.6   0.0     0     0
  1986  12   9     0  23.8  10.9   0.0     0     0
  1986  12  10     0  22.8  11.2   0.0     0     0
  1986  12  11     0  24.6   9.6   0.0     0     0
  1986  12  12     0  24.0   8.0     T     0     0
  1986  12  13     0  21.9  11.0  32.2     0     0
  1986  12  14     0  22.0   9.9   0.0     0     0
  1986  12  15     0  20.1  13.8   0.0     0     0
  1986  12  16     0  20.9   7.5   0.0     0     0
  1986  12  17     0  21.4   8.3  16.0     0     0
  1986  12  18     0  15.3  10.3   0.0     0     0
  1986  12  19     0  20.2   5.0   0.0     0     0
  1986  12  20     0  20.1   6.2   0.0     0     0
  1986  12  21     0  20.3   5.6   0.0     0     0
  1986  12  22     0  20.3   6.5   0.0     0     0
  1986  12  23     0  20.9   6.5   0.0     0     0
  1986  12  24     0  21.0  11.0   0.0     0     0
  1986  12  25     0  18.0  11.4   0.0     0     0
  1986  12  26     0  22.7   9.9   0.0     0     0
  1986  12  27     0  22.3   9.9   0.0     0     0
  1986  12  28     0  23.9  11.3   0.0     0     0
  1986  12  29     0  22.2  10.2   0.0     0     0
  1986  12  30     0  19.5  11.8   0.0     0     0
  1986  12  31     0  19.7   8.0   0.0     0     0
