  2007   1   1     0  20.9   6.0   0.0     0     0
  2007   1   2     0  20.8   5.5   0.0     0     0
  2007   1   3     0  20.8   2.6   0.0     0     0
  2007   1   4     0  20.5   3.5   0.0     0     0
  2007   1   5     0  21.7   4.0   0.0     0     0
  2007   1   6     0  20.7   4.2   0.0     0     0
  2007   1   7     0  20.0   5.0   0.0     0     0
  2007   1   8     0  20.3   4.0   0.0     0     0
  2007   1   9     0  22.4   6.5   0.0     0     0
  2007   1  10     0  22.0   6.0   0.0     0     0
  2007   1  11     0  21.3   4.9   0.0     0     0
  2007   1  12     0  20.3   6.5   0.0     0     0
  2007   1  13     0  19.6   4.1   0.0     0     0
  2007   1  14     0  19.3   3.1   0.0     0     0
  2007   1  15     0  18.2   4.5   0.0     0     0
  2007   1  16     0  18.2   3.9   0.0     0     0
  2007   1  17     0  18.2   3.9   0.0     0     0
  2007   1  18     0  18.4   4.9   0.0     0     0
  2007   1  19     0  19.5   5.0   0.0     0     0
  2007   1  20     0  21.5   6.2   0.0     0     0
  2007   1  21     0  21.0   5.5   0.0     0     0
  2007   1  22     0  20.2   4.3   0.0     0     0
  2007   1  23     0  19.1   5.5   0.0     0     0
  2007   1  24     0  22.2   5.5   0.0     0     0
  2007   1  25     0  24.2   7.0   0.0     0     0
  2007   1  26     0  24.5   7.5   0.0     0     0
  2007   1  27     0  24.3   8.2   0.0     0     0
  2007   1  28     0  23.2   8.5   0.0     0     0
  2007   1  29     0  25.2   9.5   0.0     0     0
  2007   1  30     0  26.0  10.0   0.0     0     0
  2007   1  31     0  25.1   9.2   0.0     0     0
  2007   2   1     0  20.7   8.9   0.0     0     0
  2007   2   2     0  24.1  10.6   0.0     0     0
  2007   2   3     0  23.5   9.9   0.0     0     0
  2007   2   4     0  21.1  11.0   0.0     0     0
  2007   2   5     0  22.6   9.0   0.0     0     0
  2007   2   6     0  21.5  10.4   0.0     0     0
  2007   2   7     0  21.1  13.5     T     0     0
  2007   2   8     0  22.6   9.6   0.0     0     0
  2007   2   9     0  21.5   9.2   0.0     0     0
  2007   2  10     0  21.2  11.2   0.0     0     0
  2007   2  11     0  15.5  12.5   9.0     0     0
  2007   2  12     0  23.3   9.0  17.0     0     0
  2007   2  13     0  22.6  10.0   0.0     0     0
  2007   2  14     0  19.1  10.0  54.0     0     0
  2007   2  15     0  20.0   6.0   0.0     0     0
  2007   2  16     0  19.8   7.2   0.0     0     0
  2007   2  17     0  21.5   5.5   0.0     0     0
  2007   2  18     0  22.1   5.4   0.0     0     0
  2007   2  19     0  23.2   6.7   0.0     0     0
  2007   2  20     0  24.2   7.9   0.0     0     0
  2007   2  21     0  24.2   9.0   0.0     0     0
  2007   2  22     0  26.2  10.5   0.0     0     0
  2007   2  23     0  26.2   9.8   0.0     0     0
  2007   2  24     0  26.9   9.4   0.0     0     0
  2007   2  25     0  22.5  11.2   0.0     0     0
  2007   2  26     0  22.0   9.1   0.0     0     0
  2007   2  27     0  24.2   9.3   0.0     0     0
  2007   2  28     0  24.8  11.5   0.0     0     0
  2007   3   1     0  19.5  13.4   4.6     0     0
  2007   3   2     0  22.7   8.5  12.0     0     0
  2007   3   3     0  24.6   8.1   0.0     0     0
  2007   3   4     0  21.0  10.4   0.0     0     0
  2007   3   5     0  26.7  10.0   0.0     0     0
  2007   3   6     0  24.7  10.5   0.0     0     0
  2007   3   7     0  25.5   9.5   0.0     0     0
  2007   3   8     0  25.6  10.0   0.0     0     0
  2007   3   9     0  25.7  11.5   0.0     0     0
  2007   3  10     0  25.5  12.0   0.0     0     0
  2007   3  11     0  28.9  11.0   0.0     0     0
  2007   3  12     0  24.5  15.5     T     0     0
  2007   3  13     0  24.5  13.0  19.1     0     0
  2007   3  14     0  31.5  11.2  29.0     0     0
  2007   3  15     0  24.0   9.8   0.4     0     0
  2007   3  16     0  24.0   8.0   0.0     0     0
  2007   3  17     0  25.8   DNA   0.0     0     0
  2007   3  18     0  22.6  13.7   0.0     0     0
  2007   3  19     0  27.7  14.0   0.0     0     0
  2007   3  20     0  30.0  14.1   0.0     0     0
  2007   3  21     0  30.5  11.4   0.0     0     0
  2007   3  22     0  31.3  15.8   0.0     0     0
  2007   3  23     0  30.6  14.8   0.0     0     0
  2007   3  24     0  29.7  14.0   0.0     0     0
  2007   3  25     0  27.7  13.5   0.0     0     0
  2007   3  26     0  29.8  12.8   0.0     0     0
  2007   3  27     0  30.7  14.7   0.0     0     0
  2007   3  28     0  31.0  17.0   0.0     0     0
  2007   3  29     0  32.2  12.0   0.0     0     0
  2007   3  30     0  33.4  18.0   0.0     0     0
  2007   3  31     0  33.4  19.0   0.0     0     0
  2007   4   1     0  35.4  18.7   0.0     0     0
  2007   4   2     0  35.0  17.5   0.0     0     0
  2007   4   3     0  33.6  15.5   0.0     0     0
  2007   4   4     0  33.5  15.5   0.0     0     0
  2007   4   5     0  33.3  16.0   0.0     0     0
  2007   4   6     0  33.5  17.0   0.0     0     0
  2007   4   7     0  31.8  17.8   0.0     0     0
  2007   4   8     0  33.0  15.3   0.0     0     0
  2007   4   9     0  32.3  17.1   0.0     0     0
  2007   4  10     0  33.0  16.5   0.0     0     0
  2007   4  11     0  31.8  18.0   0.0     0     0
  2007   4  12     0  31.5  19.0   0.0     0     0
  2007   4  13     0  31.0  20.5   0.0     0     0
  2007   4  14     0  32.0  21.2   0.0     0     0
  2007   4  15     0  33.8  20.4   0.0     0     0
  2007   4  16     0  30.7  21.5   6.4     0     0
  2007   4  17     0  34.3  20.5   0.0     0     0
  2007   4  18     0  24.6  11.5  82.2     0     0
  2007   4  19     0  33.2  17.6   0.2     0     0
  2007   4  20     0  33.6  18.7   0.0     0     0
  2007   4  21     0  34.3  20.0   0.0     0     0
  2007   4  22     0  33.4  18.5   0.0     0     0
  2007   4  23     0  35.4  19.0   0.0     0     0
  2007   4  24     0  35.2  19.5   0.0     0     0
  2007   4  25     0  34.7  19.5   1.6     0     0
  2007   4  26     0  34.1  19.0   0.0     0     0
  2007   4  27     0  33.4  20.1   0.0     0     0
  2007   4  28     0  33.9  21.0   0.0     0     0
  2007   4  29     0  32.8  22.5   0.0     0     0
  2007   4  30     0  34.5  18.6     T     0     0
  2007   5   1     0  32.6  21.5   0.0     0     0
  2007   5   2     0  34.8  22.0   0.0     0     0
  2007   5   3     0  36.2  21.6   0.0     0     0
  2007   5   4     0  34.5  22.0   0.0     0     0
  2007   5   5     0  33.3  19.5   3.6     0     0
  2007   5   6     0  31.8  21.5   3.2     0     0
  2007   5   7     0  29.6  20.7     T     0     0
  2007   5   8     0  34.6  21.1   0.0     0     0
  2007   5   9     0  29.9  21.1   0.0     0     0
  2007   5  10     0  33.3  19.1   0.0     0     0
  2007   5  11     0  34.5  22.0   0.0     0     0
  2007   5  12     0  33.2  19.1   0.0     0     0
  2007   5  13     0  34.0  20.5     T     0     0
  2007   5  14     0  33.2  21.0     T     0     0
  2007   5  15     0  31.2  22.5     T     0     0
  2007   5  16     0  28.5  22.4  20.0     0     0
  2007   5  17     0  31.6  21.1   0.0     0     0
  2007   5  18     0  31.5  22.9   0.0     0     0
  2007   5  19     0  33.2  20.2   0.0     0     0
  2007   5  20     0  30.1  24.5   2.0     0     0
  2007   5  21     0  33.7  23.6  12.0     0     0
  2007   5  22     0  34.5  21.5   0.0     0     0
  2007   5  23     0  36.0  20.7   0.0     0     0
  2007   5  24     0  34.5  20.8   0.0     0     0
  2007   5  25     0  36.8  20.5   0.0     0     0
  2007   5  26     0  36.9  20.6   0.0     0     0
  2007   5  27     0  37.5  25.2     T     0     0
  2007   5  28     0  36.2  20.2   0.0     0     0
  2007   5  29     0  36.4  20.5   0.0     0     0
  2007   5  30     0  36.9  20.7   0.0     0     0
  2007   5  31     0  38.0  20.6   0.0     0     0
  2007   6   1     0  38.0  21.5   0.0     0     0
  2007   6   2     0  38.8  21.6   0.0     0     0
  2007   6   3     0  36.5  23.6   0.0     0     0
  2007   6   4     0  37.7  24.6   0.0     0     0
  2007   6   5     0  35.0  22.5   0.0     0     0
  2007   6   6     0  34.5  24.0   0.0     0     0
  2007   6   7     0  35.2  24.5   0.0     0     0
  2007   6   8     0  34.3  24.5   2.0     0     0
  2007   6   9     0  36.4  25.0   0.0     0     0
  2007   6  10     0  33.3  23.5  82.0     0     0
  2007   6  11     0  30.0  23.3   0.6     0     0
  2007   6  12     0  32.4  24.4   0.0     0     0
  2007   6  13     0  29.5  21.7  64.3     0     0
  2007   6  14     0  29.5  23.5  32.4     0     0
  2007   6  15     0  29.1  22.5  41.2     0     0
  2007   6  16     0  31.2  23.1   3.6     0     0
  2007   6  17     0  32.5  23.1     T     0     0
  2007   6  18     0  33.3  23.0     T     0     0
  2007   6  19     0  35.2  22.0   0.0     0     0
  2007   6  20     0  33.2  25.2   0.0     0     0
  2007   6  21     0  34.8  22.5   0.0     0     0
  2007   6  22     0  35.2  24.7   0.0     0     0
  2007   6  23     0  34.6  24.6   0.0     0     0
  2007   6  24     0  33.3  24.5   0.0     0     0
  2007   6  25     0  33.5  23.4   7.8     0     0
  2007   6  26     0  31.6  25.0   6.0     0     0
  2007   6  27     0  32.6  24.0   2.0     0     0
  2007   6  28     0  33.6  23.0  20.2     0     0
  2007   6  29     0  32.8  22.5  18.4     0     0
  2007   6  30     0  32.5  25.2   2.4     0     0
  2007   7   1     0  32.7  24.6   0.0     0     0
  2007   7   2     0  31.2  25.2     T     0     0
  2007   7   3     0  31.1  24.6   0.0     0     0
  2007   7   4     0  33.0  24.3  15.2     0     0
  2007   7   5     0  32.9  24.0   8.8     0     0
  2007   7   6     0  33.4  22.9  38.0     0     0
  2007   7   7     0  33.6  24.5  16.8     0     0
  2007   7   8     0  32.1  23.6  10.2     0     0
  2007   7   9     0  32.2  23.7     T     0     0
  2007   7  10     0  33.7  23.2     T     0     0
  2007   7  11     0  33.1  24.0   5.0     0     0
  2007   7  12     0  29.5  23.8  48.8     0     0
  2007   7  13     0  29.5  24.2   0.0     0     0
  2007   7  14     0  32.3  24.0   9.0     0     0
  2007   7  15     0  33.2  24.6   0.4     0     0
  2007   7  16     0  29.6  24.7   0.0     0     0
  2007   7  17     0  26.8  23.9  12.4     0     0
  2007   7  18     0  28.9  23.0  17.8     0     0
  2007   7  19     0  31.2  23.5     T     0     0
  2007   7  20     0  31.5  25.0     T     0     0
  2007   7  21     0  26.6  23.3  32.0     0     0
  2007   7  22     0  25.5  23.6   9.2     0     0
  2007   7  23     0  25.5  22.6  33.0     0     0
  2007   7  24     0  30.0  22.5  87.0     0     0
  2007   7  25     0  25.2  22.7  67.5     0     0
  2007   7  26     0  26.4  22.5 101.6     0     0
  2007   7  27     0  27.3  23.1  15.0     0     0
  2007   7  28     0  26.0  22.5  62.0     0     0
  2007   7  29     0  30.2  22.7  66.4     0     0
  2007   7  30     0  29.3  23.1  19.0     0     0
  2007   7  31     0  27.9  22.4  14.0     0     0
  2007   8   1     0  29.6  24.4   6.4     0     0
  2007   8   2     0  30.3  23.5  28.0     0     0
  2007   8   3     0  30.5  24.0   0.2     0     0
  2007   8   4     0  32.6  23.0   3.4     0     0
  2007   8   5     0  33.6  24.0     T     0     0
  2007   8   6     0  29.6  23.5  43.0     0     0
  2007   8   7     0  32.5  23.9  39.0     0     0
  2007   8   8     0  33.2  23.6   0.0     0     0
  2007   8   9     0  33.2  23.6   0.0     0     0
  2007   8  10     0  34.4  23.2   0.0     0     0
  2007   8  11     0  34.2  25.7   0.0     0     0
  2007   8  12     0  29.2  24.7   4.2     0     0
  2007   8  13     0  30.2  24.5     T     0     0
  2007   8  14     0  29.3  24.2     T     0     0
  2007   8  15     0  29.3  23.1  66.0     0     0
  2007   8  16     0  31.6  24.0  25.4     0     0
  2007   8  17     0  32.7  23.9     T     0     0
  2007   8  18     0  28.0  22.5  35.8     0     0
  2007   8  19     0  29.8  23.3     T     0     0
  2007   8  20     0  31.5  24.0   7.0     0     0
  2007   8  21     0  32.5  22.5   0.0     0     0
  2007   8  22     0  32.8  22.0   0.0     0     0
  2007   8  23     0  31.3  23.0     T     0     0
  2007   8  24     0  30.7  22.7  64.3     0     0
  2007   8  25     0  32.6  23.5   0.0     0     0
  2007   8  26     0  32.0  25.3   0.0     0     0
  2007   8  27     0  31.1  22.5  13.6     0     0
  2007   8  28     0  31.2  22.5  12.2     0     0
  2007   8  29     0  31.0  23.0   1.0     0     0
  2007   8  30     0  31.2  23.5  29.0     0     0
  2007   8  31     0  29.1  23.5  80.0     0     0
  2007   9   1     0  31.7  21.4   0.0     0     0
  2007   9   2     0  30.0  22.5   0.0     0     0
  2007   9   3     0  30.3  23.5  12.4     0     0
  2007   9   4     0  30.5  23.5   9.3     0     0
  2007   9   5     0  31.5  22.7   0.0     0     0
  2007   9   6     0  29.9  21.9  88.0     0     0
  2007   9   7     0  30.3  21.5  22.0     0     0
  2007   9   8     0  31.7  22.4     T     0     0
  2007   9   9     0  32.0  22.0   0.0     0     0
  2007   9  10     0  31.5  22.2   0.0     0     0
  2007   9  11     0  32.8  22.0   0.0     0     0
  2007   9  12     0  32.5  23.5   0.0     0     0
  2007   9  13     0  29.7  22.1   0.0     0     0
  2007   9  14     0  33.2  22.1   0.0     0     0
  2007   9  15     0  33.2  23.2   0.0     0     0
  2007   9  16     0  33.5  21.4   0.0     0     0
  2007   9  17     0  32.6  22.0   0.0     0     0
  2007   9  18     0  33.4  23.6   0.0     0     0
  2007   9  19     0  32.5  24.5  39.4     0     0
  2007   9  20     0  34.3  22.5     T     0     0
  2007   9  21     0  33.3  22.5   0.0     0     0
  2007   9  22     0  33.5  20.6   0.0     0     0
  2007   9  23     0  32.7  20.0   0.0     0     0
  2007   9  24     0  29.0  21.5   1.0     0     0
  2007   9  25     0  25.9  20.1  14.9     0     0
  2007   9  26     0  24.6  20.5   9.4     0     0
  2007   9  27     0  27.0  21.0     T     0     0
  2007   9  28     0  24.2  20.5  47.0     0     0
  2007   9  29     0  28.5  21.0  11.0     0     0
  2007   9  30     0  30.8  19.6     T     0     0
  2007  10   1     0  31.8  20.5   0.0     0     0
  2007  10   2     0  32.2  19.6   0.0     0     0
  2007  10   3     0  32.4  19.5   0.0     0     0
  2007  10   4     0  32.6  15.3   0.0     0     0
  2007  10   5     0  32.8  21.5   0.0     0     0
  2007  10   6     0  33.7  22.2   0.0     0     0
  2007  10   7     0  32.1  22.0   0.0     0     0
  2007  10   8     0  32.3  15.0   0.0     0     0
  2007  10   9     0  31.6  21.6   0.0     0     0
  2007  10  10     0  31.0  20.7   0.0     0     0
  2007  10  11     0  25.5  19.8   0.0     0     0
  2007  10  12     0  30.7  18.4   0.0     0     0
  2007  10  13     0  30.7  17.6   0.0     0     0
  2007  10  14     0  30.5  19.6   0.0     0     0
  2007  10  15     0  30.3  19.0   0.0     0     0
  2007  10  16     0  28.5  18.6   0.0     0     0
  2007  10  17     0  28.2  16.1   0.0     0     0
  2007  10  18     0  27.5  16.3   0.0     0     0
  2007  10  19     0  28.6  17.0   0.0     0     0
  2007  10  20     0  28.7  15.4   0.0     0     0
  2007  10  21     0  29.0  16.0   0.0     0     0
  2007  10  22     0  28.3  14.8   0.0     0     0
  2007  10  23     0  28.0  14.6   0.0     0     0
  2007  10  24     0  28.3  12.5   0.0     0     0
  2007  10  25     0  25.2  13.3   0.0     0     0
  2007  10  26     0  29.4  14.0   0.0     0     0
  2007  10  27     0  28.9  13.7   0.0     0     0
  2007  10  28     0  28.7  14.9   0.0     0     0
  2007  10  29     0  27.7  15.4   0.0     0     0
  2007  10  30     0  28.3  15.0   0.0     0     0
  2007  10  31     0  28.5  15.7   0.0     0     0
  2007  11   1     0  28.6  14.5   0.0     0     0
  2007  11   2     0  28.1  14.2   0.0     0     0
  2007  11   3     0  27.6  15.0   0.0     0     0
  2007  11   4     0  28.2  15.0   0.0     0     0
  2007  11   5     0  28.5  14.5   0.0     0     0
  2007  11   6     0  28.2  14.6   0.0     0     0
  2007  11   7     0  28.0  14.0   0.0     0     0
  2007  11   8     0  28.2  14.4   0.0     0     0
  2007  11   9     0  27.0  13.5   0.0     0     0
  2007  11  10     0  28.5  13.0   0.0     0     0
  2007  11  11     0  27.3  11.0   0.0     0     0
  2007  11  12     0  25.9  10.6   0.0     0     0
  2007  11  13     0  26.3  12.1   0.0     0     0
  2007  11  14     0  27.5  11.0   0.0     0     0
  2007  11  15     0  28.0   9.5   0.0     0     0
  2007  11  16     0  27.0   9.6   0.0     0     0
  2007  11  17     0  28.8   9.5   0.0     0     0
  2007  11  18     0  25.0  10.4   0.0     0     0
  2007  11  19     0  26.0  10.9   0.0     0     0
  2007  11  20     0  26.5  10.5   0.0     0     0
  2007  11  21     0  26.0  10.1   0.0     0     0
  2007  11  22     0  25.8  10.0   0.0     0     0
  2007  11  23     0  26.5  11.0   0.0     0     0
  2007  11  24     0  26.9  10.5   0.0     0     0
  2007  11  25     0  26.0  11.6   0.0     0     0
  2007  11  26     0  25.6  11.0   0.0     0     0
  2007  11  27     0  25.1  10.2   0.0     0     0
  2007  11  28     0  24.5   9.5   0.0     0     0
  2007  11  29     0  23.6  11.0   0.0     0     0
  2007  11  30     0  24.5  12.3   0.0     0     0
  2007  12   1     0  24.0   9.1   0.0     0     0
  2007  12   2     0  24.4   8.6   0.0     0     0
  2007  12   3     0  21.1  10.6   0.0     0     0
  2007  12   4     0  22.5   9.3   0.0     0     0
  2007  12   5     0  23.2   8.4   0.0     0     0
  2007  12   6     0  20.7  10.0   0.0     0     0
  2007  12   7     0  20.7   7.9   0.0     0     0
  2007  12   8     0  23.4   7.5   0.0     0     0
  2007  12   9     0  21.6   8.8   0.0     0     0
  2007  12  10     0  21.0  10.5   0.0     0     0
  2007  12  11     0  18.0   9.5   0.0     0     0
  2007  12  12     0  21.5  10.0   0.0     0     0
  2007  12  13     0  24.4  10.0   0.0     0     0
  2007  12  14     0  24.0   7.1   0.0     0     0
  2007  12  15     0  22.2   4.4   0.0     0     0
  2007  12  16     0  22.5   4.0   0.0     0     0
  2007  12  17     0  21.5   4.0   0.0     0     0
  2007  12  18     0  21.0   4.0   0.0     0     0
  2007  12  19     0  22.5   4.0   0.0     0     0
  2007  12  20     0  22.0   4.5   0.0     0     0
  2007  12  21     0  24.0   5.1   0.0     0     0
  2007  12  22     0  22.0   6.0   0.0     0     0
  2007  12  23     0  22.0   5.1   0.0     0     0
  2007  12  24     0  23.6   8.6   0.0     0     0
  2007  12  25     0  22.6   7.2   0.0     0     0
  2007  12  26     0  22.4   6.5   0.0     0     0
  2007  12  27     0  22.5   6.0   0.0     0     0
  2007  12  28     0  22.0   5.2   0.0     0     0
  2007  12  29     0  24.5   5.5   0.0     0     0
  2007  12  30     0  21.0   5.0   0.0     0     0
  2007  12  31     0  22.2   4.0   0.0     0     0
