  2004   1   1     0  21.0   4.5   0.0     0     0
  2004   1   2     0  21.4   4.6   0.0     0     0
  2004   1   3     0  20.7   4.1   0.0     0     0
  2004   1   4     0  18.5   2.7   0.0     0     0
  2004   1   5     0  19.7   7.5   0.0     0     0
  2004   1   6     0  22.5   7.0   0.0     0     0
  2004   1   7     0  22.8   6.0   0.0     0     0
  2004   1   8     0  22.5   4.5   0.0     0     0
  2004   1   9     0  21.7   3.5   0.0     0     0
  2004   1  10     0  21.6   5.0   0.0     0     0
  2004   1  11     0  22.2   DNA   0.0     0     0
  2004   1  12     0  22.3   5.0   0.0     0     0
  2004   1  13     0  22.9   5.0   0.0     0     0
  2004   1  14     0  22.3   5.2   0.0     0     0
  2004   1  15     0  21.0   6.0   0.0     0     0
  2004   1  16     0  19.1   5.5   0.0     0     0
  2004   1  17     0  22.3   5.2   0.0     0     0
  2004   1  18     0  21.7   6.5   0.0     0     0
  2004   1  19     0  23.2   6.6   0.0     0     0
  2004   1  20     0  22.3   7.5   0.0     0     0
  2004   1  21     0  16.2   8.4   0.0     0     0
  2004   1  22     0  22.3  10.0   5.8     0     0
  2004   1  23     0  19.1  11.7   3.3     0     0
  2004   1  24     0  20.0   9.0   1.0     0     0
  2004   1  25     0  19.6   4.8   0.0     0     0
  2004   1  26     0  19.0   5.0   0.0     0     0
  2004   1  27     0  19.5   4.1   0.0     0     0
  2004   1  28     0  18.6   4.9   0.0     0     0
  2004   1  29     0  21.0   5.0   0.0     0     0
  2004   1  30     0  21.8   6.3   0.0     0     0
  2004   1  31     0  23.0  10.3   4.6     0     0
  2004   2   1     0  22.6   7.5   0.0     0     0
  2004   2   2     0  21.6   7.5   0.0     0     0
  2004   2   3     0  22.5   8.1   0.0     0     0
  2004   2   4     0  19.2   6.7   0.0     0     0
  2004   2   5     0  19.6   4.6   0.0     0     0
  2004   2   6     0  19.7   5.2   0.0     0     0
  2004   2   7     0  20.0   5.8   0.0     0     0
  2004   2   8     0  20.0   6.7   0.0     0     0
  2004   2   9     0  20.5   7.3   0.0     0     0
  2004   2  10     0  25.7   7.9   0.0     0     0
  2004   2  11     0  26.2   7.3   0.0     0     0
  2004   2  12     0  26.0   8.3   0.0     0     0
  2004   2  13     0  25.5   9.2   0.0     0     0
  2004   2  14     0  25.8   8.3   0.0     0     0
  2004   2  15     0  25.2   8.2   0.0     0     0
  2004   2  16     0   DNA   9.5   0.0     0     0
  2004   2  17     0   DNA   DNA   0.0     0     0
  2004   2  18     0   DNA   DNA   0.0     0     0
  2004   2  19     0  25.9   8.9   0.0     0     0
  2004   2  20     0  24.6   9.0   0.0     0     0
  2004   2  21     0  25.6   9.1   0.0     0     0
  2004   2  22     0  24.9  10.4   0.0     0     0
  2004   2  23     0  25.8  10.0   0.0     0     0
  2004   2  24     0  24.6  12.2   0.0     0     0
  2004   2  25     0  25.3  13.3   0.0     0     0
  2004   2  26     0  26.1  12.8   0.0     0     0
  2004   2  27     0  27.2  13.1   0.0     0     0
  2004   2  28     0  29.2  12.0   0.0     0     0
  2004   2  29     0  28.6  11.5   0.0     0     0
  2004   3   1     0  25.7   8.0   0.0     0     0
  2004   3   2     0  30.1   8.4   0.0     0     0
  2004   3   3     0  28.2   9.5   0.0     0     0
  2004   3   4     0  28.6  10.6   0.0     0     0
  2004   3   5     0  29.0   9.0   0.0     0     0
  2004   3   6     0  28.3  10.1   0.0     0     0
  2004   3   7     0  27.8  10.6   0.0     0     0
  2004   3   8     0  27.6  13.4   0.0     0     0
  2004   3   9     0  30.5  12.0   0.0     0     0
  2004   3  10     0  30.4  12.5   0.0     0     0
  2004   3  11     0  27.5  12.5   0.0     0     0
  2004   3  12     0  28.0  13.4   0.0     0     0
  2004   3  13     0  29.2  15.5   0.0     0     0
  2004   3  14     0  30.0  15.5   0.0     0     0
  2004   3  15     0  30.7  11.0   0.0     0     0
  2004   3  16     0  30.3  16.7   0.0     0     0
  2004   3  17     0  28.5  17.6   0.0     0     0
  2004   3  18     0  31.2  19.0   0.0     0     0
  2004   3  19     0  33.3  18.0   0.0     0     0
  2004   3  20     0  32.0  17.6   0.0     0     0
  2004   3  21     0  31.3  18.0   0.0     0     0
  2004   3  22     0  34.6  17.0   0.0     0     0
  2004   3  23     0  36.2  21.1   0.0     0     0
  2004   3  24     0  34.7  19.0   0.0     0     0
  2004   3  25     0  34.6  12.2   0.0     0     0
  2004   3  26     0  35.6  15.2   0.0     0     0
  2004   3  27     0  35.6  19.4   0.0     0     0
  2004   3  28     0  34.6  17.1   0.0     0     0
  2004   3  29     0  32.6  14.3   0.0     0     0
  2004   3  30     0  32.6  14.4   0.0     0     0
  2004   3  31     0  34.6  15.6   0.0     0     0
  2004   4   1     0  32.6  16.7   0.0     0     0
  2004   4   2     0  32.6  16.6   0.0     0     0
  2004   4   3     0  32.6  16.5   0.0     0     0
  2004   4   4     0  32.4  18.4   0.0     0     0
  2004   4   5     0  32.2  19.6   0.0     0     0
  2004   4   6     0  32.5  18.5   0.0     0     0
  2004   4   7     0  34.0  18.6   0.0     0     0
  2004   4   8     0  31.1  17.1  18.0     0     0
  2004   4   9     0  32.6  19.1   0.0     0     0
  2004   4  10     0  34.1  18.2   0.0     0     0
  2004   4  11     0  34.7  19.2   0.0     0     0
  2004   4  12     0  34.8  18.4   0.0     0     0
  2004   4  13     0  35.7  18.7   0.0     0     0
  2004   4  14     0  35.7  20.8   0.0     0     0
  2004   4  15     0  36.0  20.2   0.0     0     0
  2004   4  16     0  37.0   DNA   0.0     0     0
  2004   4  17     0  36.2  19.6   0.0     0     0
  2004   4  18     0  33.6  22.4   0.0     0     0
  2004   4  19     0  33.8  22.2   0.0     0     0
  2004   4  20     0  32.7  21.0   0.0     0     0
  2004   4  21     0  33.5  21.6   0.0     0     0
  2004   4  22     0  33.1  21.0   0.0     0     0
  2004   4  23     0  28.2  20.4   6.4     0     0
  2004   4  24     0  30.7  16.1   0.0     0     0
  2004   4  25     0  32.0  17.1     T     0     0
  2004   4  26     0  33.0  17.0   0.0     0     0
  2004   4  27     0  32.4  26.0   0.0     0     0
  2004   4  28     0  30.6  19.5   0.0     0     0
  2004   4  29     0  33.0  18.4     T     0     0
  2004   4  30     0  31.0  24.5   0.0     0     0
  2004   5   1     0  28.3  12.0  23.6     0     0
  2004   5   2     0  31.0  15.4   0.0     0     0
  2004   5   3     0  33.5  15.0   0.0     0     0
  2004   5   4     0  34.1  17.1   0.0     0     0
  2004   5   5     0  34.6  18.4   0.0     0     0
  2004   5   6     0  35.1  18.5   0.0     0     0
  2004   5   7     0  36.7  19.9   0.0     0     0
  2004   5   8     0  34.4  19.8   0.0     0     0
  2004   5   9     0  37.3  22.1   0.0     0     0
  2004   5  10     0  38.6  23.4   0.0     0     0
  2004   5  11     0  38.3  21.6   0.0     0     0
  2004   5  12     0  38.6  21.1   0.0     0     0
  2004   5  13     0  36.2  24.9   0.0     0     0
  2004   5  14     0  38.2  25.0   0.0     0     0
  2004   5  15     0  40.0  24.4   0.0     0     0
  2004   5  16     0  38.3  25.2   0.0     0     0
  2004   5  17     0  36.7  25.6   0.0     0     0
  2004   5  18     0  37.3  24.5   3.0     0     0
  2004   5  19     0  36.0  24.6   0.0     0     0
  2004   5  20     0  35.7  24.7   0.0     0     0
  2004   5  21     0  31.0  19.7   8.0     0     0
  2004   5  22     0  30.9  19.9  56.0     0     0
  2004   5  23     0  30.0  19.6   6.0     0     0
  2004   5  24     0  31.2  20.0   8.4     0     0
  2004   5  25     0  31.0  19.7   0.0     0     0
  2004   5  26     0  31.0  22.1   0.4     0     0
  2004   5  27     0  29.7  21.9  13.4     0     0
  2004   5  28     0  31.7  19.1  14.2     0     0
  2004   5  29     0  32.5  21.4   0.0     0     0
  2004   5  30     0  32.3  22.6   4.2     0     0
  2004   5  31     0  33.6  22.3   0.0     0     0
  2004   6   1     0  33.6  25.5   0.0     0     0
  2004   6   2     0  33.6  20.6   4.8     0     0
  2004   6   3     0  32.7  21.5   2.0     0     0
  2004   6   4     0  32.1  23.2  28.7     0     0
  2004   6   5     0  31.9  20.1   9.5     0     0
  2004   6   6     0  31.3  21.3   0.0     0     0
  2004   6   7     0  31.2  21.8   6.0     0     0
  2004   6   8     0  33.0  19.5  22.2     0     0
  2004   6   9     0  31.7  21.0   0.0     0     0
  2004   6  10     0  31.2  23.0   0.0     0     0
  2004   6  11     0  33.1  20.4  14.0     0     0
  2004   6  12     0  33.3  25.5   0.0     0     0
  2004   6  13     0  33.4  23.5   0.0     0     0
  2004   6  14     0  32.6  22.4  21.0     0     0
  2004   6  15     0  34.2  23.6  14.0     0     0
  2004   6  16     0  30.7  24.5   1.0     0     0
  2004   6  17     0  31.2  23.0   4.0     0     0
  2004   6  18     0  30.5  23.0  22.0     0     0
  2004   6  19     0  30.1  23.0   5.0     0     0
  2004   6  20     0  29.5  23.0  55.1     0     0
  2004   6  21     0  31.2  22.7  17.2     0     0
  2004   6  22     0  32.6  22.4     T     0     0
  2004   6  23     0  32.0  22.4   0.0     0     0
  2004   6  24     0  33.2  22.2   0.0     0     0
  2004   6  25     0  33.4  22.4   0.0     0     0
  2004   6  26     0  33.3  22.6   0.0     0     0
  2004   6  27     0  32.8  21.8   0.0     0     0
  2004   6  28     0  32.7  22.0   0.0     0     0
  2004   6  29     0  34.4  23.2   0.0     0     0
  2004   6  30     0  34.8  24.6   0.0     0     0
  2004   7   1     0  33.0  25.1     T     0     0
  2004   7   2     0  34.1  26.0  75.5     0     0
  2004   7   3     0  30.4  25.0   0.3     0     0
  2004   7   4     0  32.0  24.1     T     0     0
  2004   7   5     0  32.5  25.7  17.0     0     0
  2004   7   6     0  31.7  24.0  23.4     0     0
  2004   7   7     0  30.5  23.5  43.0     0     0
  2004   7   8     0  28.0  23.2  68.0     0     0
  2004   7   9     0  25.7  22.5 102.3     0     0
  2004   7  10     0  30.2  22.3  62.0     0     0
  2004   7  11     0  31.7  23.0     T     0     0
  2004   7  12     0  30.2  21.5  19.5     0     0
  2004   7  13     0  28.7  20.5  53.6     0     0
  2004   7  14     0  30.0  22.0   2.8     0     0
  2004   7  15     0  29.5  22.7  35.6     0     0
  2004   7  16     0  28.7  22.6  10.0     0     0
  2004   7  17     0  31.4  22.5  52.6     0     0
  2004   7  18     0  27.2  23.6  44.0     0     0
  2004   7  19     0  30.0  22.7   0.2     0     0
  2004   7  20     0  31.6  23.2   0.0     0     0
  2004   7  21     0  32.7  22.4   0.0     0     0
  2004   7  22     0  30.8  22.7   4.2     0     0
  2004   7  23     0  31.9  23.5  15.8     0     0
  2004   7  24     0  30.9  23.6  15.0     0     0
  2004   7  25     0  30.4  24.0   0.2     0     0
  2004   7  26     0  31.4  23.5   4.4     0     0
  2004   7  27     0  32.2  23.3   7.4     0     0
  2004   7  28     0  32.3  24.2   0.0     0     0
  2004   7  29     0  30.3  23.7   0.0     0     0
  2004   7  30     0  32.4  23.5  11.6     0     0
  2004   7  31     0  32.3  23.8   0.0     0     0
  2004   8   1     0  32.2  23.2   0.0     0     0
  2004   8   2     0  30.7  24.4   0.0     0     0
  2004   8   3     0  32.5  22.7   0.0     0     0
  2004   8   4     0  33.0  23.7   0.0     0     0
  2004   8   5     0  31.5  23.8   0.0     0     0
  2004   8   6     0  33.3  24.2   0.0     0     0
  2004   8   7     0  30.1  23.2   0.0     0     0
  2004   8   8     0  31.6  24.2     T     0     0
  2004   8   9     0  31.4  24.4   0.0     0     0
  2004   8  10     0  31.4  23.0   0.2     0     0
  2004   8  11     0  31.6  23.7   0.0     0     0
  2004   8  12     0  33.2  24.0   0.0     0     0
  2004   8  13     0  32.7  23.4   0.0     0     0
  2004   8  14     0  32.2  23.2  10.0     0     0
  2004   8  15     0  33.0  23.4  18.0     0     0
  2004   8  16     0  33.4  24.6   0.0     0     0
  2004   8  17     0  33.8  23.2   0.8     0     0
  2004   8  18     0  31.1  23.5   0.0     0     0
  2004   8  19     0  29.8  23.0  31.0     0     0
  2004   8  20     0  31.0  24.0  26.0     0     0
  2004   8  21     0  32.4  23.2  92.0     0     0
  2004   8  22     0  32.7  22.0   5.4     0     0
  2004   8  23     0  32.8  23.2   0.0     0     0
  2004   8  24     0  34.3  22.5   0.0     0     0
  2004   8  25     0  32.8  23.2   0.0     0     0
  2004   8  26     0  32.5  22.5  37.0     0     0
  2004   8  27     0  30.8  23.3   0.0     0     0
  2004   8  28     0  32.4  24.2   0.0     0     0
  2004   8  29     0  31.6  24.0   2.0     0     0
  2004   8  30     0  30.9  23.6   0.0     0     0
  2004   8  31     0  31.9  23.6  34.6     0     0
  2004   9   1     0  32.1  22.8   0.0     0     0
  2004   9   2     0  32.5  23.6   0.0     0     0
  2004   9   3     0  32.4  24.7   0.0     0     0
  2004   9   4     0  31.8  24.7   0.0     0     0
  2004   9   5     0  34.2   DNA   0.0     0     0
  2004   9   6     0  33.6  22.7   0.0     0     0
  2004   9   7     0  31.6  24.3   0.0     0     0
  2004   9   8     0  33.5  23.5   0.0     0     0
  2004   9   9     0  34.3  23.9   0.0     0     0
  2004   9  10     0  34.2  22.2  17.6     0     0
  2004   9  11     0  29.2  21.7   5.8     0     0
  2004   9  12     0  32.6  20.7   2.0     0     0
  2004   9  13     0  26.6  23.0  16.0     0     0
  2004   9  14     0  29.6  20.5  12.0     0     0
  2004   9  15     0  30.6  20.0   5.0     0     0
  2004   9  16     0  30.8  21.4   0.0     0     0
  2004   9  17     0  32.2  20.0   0.0     0     0
  2004   9  18     0  32.6  21.2   0.0     0     0
  2004   9  19     0  31.3  20.4  72.0     0     0
  2004   9  20     0  31.3  21.5   0.0     0     0
  2004   9  21     0  28.8  21.6  10.8     0     0
  2004   9  22     0  29.8  21.5  27.4     0     0
  2004   9  23     0  31.3  20.6   0.0     0     0
  2004   9  24     0  31.3  19.6   0.0     0     0
  2004   9  25     0  32.0  21.2   0.0     0     0
  2004   9  26     0  32.1  21.6   0.0     0     0
  2004   9  27     0  31.8  21.5     T     0     0
  2004   9  28     0  30.0  22.8   0.0     0     0
  2004   9  29     0  30.3  22.5  11.5     0     0
  2004   9  30     0  30.7  22.9   1.0     0     0
  2004  10   1     0  27.4  22.4   4.0     0     0
  2004  10   2     0  30.9  21.8   0.0     0     0
  2004  10   3     0  28.2  21.0  57.2     0     0
  2004  10   4     0  30.2   DNA   0.0     0     0
  2004  10   5     0  29.1  19.6  16.2     0     0
  2004  10   6     0  30.5  20.1   0.0     0     0
  2004  10   7     0  29.4  20.0  46.2     0     0
  2004  10   8     0  29.5  19.5   0.0     0     0
  2004  10   9     0  29.5   DNA   0.0     0     0
  2004  10  10     0  30.7  18.7   0.0     0     0
  2004  10  11     0  21.4  19.0   4.7     0     0
  2004  10  12     0  27.4  17.6  14.0     0     0
  2004  10  13     0  29.8  13.5   1.0     0     0
  2004  10  14     0  29.0  15.0   0.0     0     0
  2004  10  15     0  28.5  13.6   0.0     0     0
  2004  10  16     0  28.4  13.3   0.0     0     0
  2004  10  17     0  29.3  14.7   0.0     0     0
  2004  10  18     0  29.6  15.5   0.0     0     0
  2004  10  19     0  29.5  14.2   0.0     0     0
  2004  10  20     0  30.7  12.6   0.0     0     0
  2004  10  21     0  29.7  12.3   0.0     0     0
  2004  10  22     0  29.3  13.2   0.0     0     0
  2004  10  23     0  29.1  13.6   0.0     0     0
  2004  10  24     0  29.2  11.5   0.0     0     0
  2004  10  25     0  28.8  11.6   0.0     0     0
  2004  10  26     0  28.8  12.5   0.0     0     0
  2004  10  27     0  29.8  12.0   0.0     0     0
  2004  10  28     0  27.7  11.9   0.0     0     0
  2004  10  29     0  27.2  12.4   0.0     0     0
  2004  10  30     0  26.5  10.5   0.0     0     0
  2004  10  31     0  26.2   9.4   0.0     0     0
  2004  11   1     0  22.0  10.5   0.0     0     0
  2004  11   2     0  22.5   9.9   0.0     0     0
  2004  11   3     0  26.5  10.6   0.0     0     0
  2004  11   4     0  27.0   9.2   0.0     0     0
  2004  11   5     0  28.2   9.7   0.0     0     0
  2004  11   6     0  28.0   9.4   0.0     0     0
  2004  11   7     0  27.3  10.6   0.0     0     0
  2004  11   8     0  27.2  10.7   0.0     0     0
  2004  11   9     0  21.5  10.4   0.0     0     0
  2004  11  10     0  26.2  11.0   0.0     0     0
  2004  11  11     0  25.5  10.2   0.0     0     0
  2004  11  12     0  25.5  10.1   0.0     0     0
  2004  11  13     0  24.8  10.5   0.0     0     0
  2004  11  14     0  26.0  10.9   0.0     0     0
  2004  11  15     0  25.2  10.6   0.0     0     0
  2004  11  16     0  25.2  12.2   0.0     0     0
  2004  11  17     0  25.3  12.2   0.0     0     0
  2004  11  18     0  23.9  14.9   0.0     0     0
  2004  11  19     0  25.2  12.2   0.0     0     0
  2004  11  20     0  24.8  11.2   0.0     0     0
  2004  11  21     0  24.7  11.5   0.0     0     0
  2004  11  22     0  25.0  10.5   0.0     0     0
  2004  11  23     0  24.8  10.9   0.0     0     0
  2004  11  24     0  24.3  13.5   0.0     0     0
  2004  11  25     0  24.3  11.7   0.0     0     0
  2004  11  26     0  24.9  11.5   0.0     0     0
  2004  11  27     0  25.6  11.0   0.4     0     0
  2004  11  28     0  26.8   9.9   0.0     0     0
  2004  11  29     0  26.6   9.2   0.0     0     0
  2004  11  30     0  25.7  10.5   0.0     0     0
  2004  12   1     0  24.6  11.0   0.0     0     0
  2004  12   2     0  24.3  10.7   0.0     0     0
  2004  12   3     0  24.9  10.5   0.0     0     0
  2004  12   4     0  26.8  11.1   0.0     0     0
  2004  12   5     0  26.8  10.4   0.0     0     0
  2004  12   6     0  24.2  11.8   0.0     0     0
  2004  12   7     0  24.6  12.4   0.0     0     0
  2004  12   8     0  25.0  11.4   0.0     0     0
  2004  12   9     0  24.5  11.5   0.0     0     0
  2004  12  10     0  24.6  11.6   0.0     0     0
  2004  12  11     0  25.0  12.2   0.0     0     0
  2004  12  12     0  25.7  13.2   0.0     0     0
  2004  12  13     0  24.5  12.5   0.0     0     0
  2004  12  14     0  24.4  12.0   0.0     0     0
  2004  12  15     0  24.2  10.2   0.0     0     0
  2004  12  16     0  25.2  10.2   0.0     0     0
  2004  12  17     0  24.8  12.5   0.0     0     0
  2004  12  18     0  25.2  12.4   0.0     0     0
  2004  12  19     0  23.3  10.6   0.0     0     0
  2004  12  20     0  24.3  11.3   0.0     0     0
  2004  12  21     0  22.5  10.3   0.0     0     0
  2004  12  22     0  23.2   8.5   0.0     0     0
  2004  12  23     0  22.6   9.5   0.0     0     0
  2004  12  24     0  22.3   8.5   0.0     0     0
  2004  12  25     0  21.2   7.7   0.0     0     0
  2004  12  26     0  16.2   2.6   0.0     0     0
  2004  12  27     0  16.1   5.0   0.0     0     0
  2004  12  28     0  20.3   4.4   0.0     0     0
  2004  12  29     0  22.0   6.2   0.0     0     0
  2004  12  30     0  21.8   6.2   0.0     0     0
  2004  12  31     0  18.2   6.5   0.0     0     0
