      1    0.0
      2    0.0
      3    0.0
      4    2.0
      5    3.6
      6    0.0
      7    0.0
      8    0.0
      9    0.0
     10    0.0
     11    0.0
     12    0.0
     13    0.0
     14    0.0
     15    0.0
     16    0.0
     17    0.0
     18    0.0
     19    0.0
     20    0.0
     21    0.0
     22    0.0
     23    0.0
     24    0.0
     25    0.0
     26    T  
     27    0.0
     28    0.0
     29    0.0
     30    0.0
     31    0.0
     32    0.0
     33    0.0
     34    0.0
     35    T  
     36    0.0
     37    0.0
     38    0.0
     39    T  
     40    1.0
     41    0.0
     42    0.0
     43   23.6
     44   11.2
     45    0.0
     46    0.0
     47    0.0
     48    0.0
     49    0.0
     50    0.0
     51    0.0
     52    0.0
     53    0.0
     54    0.0
     55    0.0
     56    0.0
     57    0.0
     58   20.6
     59   20.4
     60    0.0
     61    0.0
     62    0.0
     63    0.0
     64    0.4
     65    0.0
     66    0.0
     67    0.0
     68    0.0
     69    0.0
     70    0.0
     71    0.0
     72    1.2
     73    0.0
     74    0.0
     75    0.0
     76    0.0
     77    0.0
     78    4.0
     79    T  
     80    1.0
     81    0.0
     82    0.0
     83    0.0
     84    0.0
     85    0.0
     86    0.0
     87    0.2
     88    0.0
     89    0.0
     90    0.0
     91    0.0
     92    0.0
     93    0.0
     94    0.0
     95    0.0
     96    0.0
     97    0.0
     98    0.0
     99    0.0
    100    0.0
    101    0.0
    102    0.0
    103    0.0
    104    T  
    105    0.0
    106    0.0
    107    0.0
    108    0.0
    109    0.0
    110    0.0
    111    0.0
    112    0.0
    113   10.0
    114    0.0
    115    0.0
    116    0.0
    117    0.0
    118    0.0
    119    0.0
    120    0.0
    121    0.0
    122    0.0
    123    0.0
    124    0.0
    125    0.0
    126    0.0
    127    0.0
    128    7.6
    129    2.0
    130   15.2
    131    4.4
    132    T  
    133    2.0
    134    0.0
    135    0.0
    136    0.0
    137    0.0
    138    0.0
    139    0.0
    140    0.0
    141    0.0
    142    0.0
    143    0.0
    144    T  
    145    T  
    146    T  
    147    T  
    148    0.0
    149    5.8
    150    1.0
    151    0.0
    152    0.0
    153    0.0
    154    0.0
    155    6.4
    156    1.2
    157    4.6
    158    0.0
    159    0.0
    160    0.0
    161    0.0
    162    0.0
    163    0.0
    164    T  
    165    4.0
    166    0.0
    167    2.0
    168    T  
    169    0.0
    170    0.0
    171    0.1
    172    0.0
    173    3.0
    174    4.0
    175    T  
    176    6.2
    177   17.3
    178    2.6
    179    5.6
    180   13.0
    181    1.0
    182   10.0
    183    2.0
    184    0.0
    185    0.0
    186    0.0
    187    9.0
    188    4.2
    189    1.0
    190    0.0
    191    T  
    192    0.0
    193    T  
    194    4.0
    195    T  
    196    T  
    197    0.0
    198    2.3
    199    2.0
    200   18.7
    201    2.4
    202    3.8
    203   11.0
    204   15.5
    205    7.5
    206    4.5
    207    3.9
    208    9.4
    209    6.0
    210   12.8
    211    4.4
    212    6.6
    213    4.2
    214    1.4
    215   16.0
    216   10.7
    217    6.6
    218    3.7
    219   10.4
    220    2.3
    221    2.2
    222    9.4
    223    8.0
    224   11.0
    225    2.2
    226    0.8
    227    T  
    228    7.2
    229    3.9
    230    7.4
    231    2.2
    232    0.2
    233    7.9
    234    T  
    235    T  
    236    0.8
    237    4.0
    238    T  
    239    T  
    240    T  
    241    0.0
    242    T  
    243    1.0
    244    0.8
    245    4.0
    246    6.4
    247    6.1
    248    3.4
    249    0.6
    250    T  
    251    T  
    252    0.0
    253    0.0
    254    T  
    255    0.8
    256    0.0
    257    0.0
    258    0.0
    259    0.0
    260    0.0
    261    0.0
    262    0.0
    263    0.0
    264    0.0
    265    0.0
    266    0.0
    267    1.6
    268    0.0
    269    0.0
    270    0.0
    271    0.0
    272    0.0
    273    2.6
    274    5.6
    275    1.4
    276    0.0
    277    0.0
    278    0.0
    279    0.0
    280    0.0
    281    0.0
    282    0.0
    283    0.0
    284    0.0
    285    0.0
    286    0.0
    287    0.0
    288    0.0
    289    0.0
    290    0.0
    291    0.0
    292    0.0
    293    0.0
    294    0.0
    295    0.0
    296    0.0
    297    0.0
    298    0.0
    299    0.0
    300    0.0
    301    0.0
    302    0.0
    303    0.0
    304    0.0
    305    0.0
    306    0.0
    307    0.0
    308    0.0
    309    0.0
    310    0.0
    311    0.0
    312    0.0
    313    0.0
    314    0.0
    315    0.0
    316    0.2
    317    0.0
    318    0.0
    319    0.0
    320    0.0
    321    0.0
    322    0.0
    323    0.0
    324    0.0
    325    0.0
    326    0.0
    327    0.0
    328    0.0
    329    0.0
    330    0.0
    331    0.0
    332    0.0
    333    0.0
    334    0.0
    335    0.0
    336    T  
    337    0.0
    338    0.0
    339    0.0
    340    0.0
    341    0.0
    342    0.0
    343    0.0
    344    0.0
    345    0.0
    346    0.0
    347    0.0
    348    0.0
    349    0.0
    350    0.0
    351    0.0
    352    0.0
    353    0.0
    354    0.0
    355    0.0
    356    0.0
    357    0.0
    358    0.0
    359    0.0
    360    0.0
    361    0.0
    362    0.0
    363    0.0
    364    2.4
    365    0.0
