      1    0.0
      2    0.0
      3    0.0
      4    0.0
      5    0.0
      6    0.0
      7    0.0
      8    0.0
      9    0.0
     10    0.0
     11    0.0
     12    0.0
     13    0.0
     14    0.0
     15    0.0
     16    0.0
     17    0.0
     18    0.0
     19    0.0
     20    0.0
     21    0.0
     22    0.0
     23    0.0
     24    0.0
     25    0.0
     26    0.0
     27    0.0
     28    0.0
     29    0.0
     30    0.0
     31    0.0
     32    0.0
     33    0.0
     34    0.0
     35    0.0
     36    0.0
     37    0.0
     38    0.0
     39    0.0
     40    0.0
     41    0.0
     42    6.3
     43    0.0
     44    0.0
     45    0.0
     46    4.9
     47    0.0
     48    0.0
     49    0.0
     50    0.0
     51    0.0
     52    0.0
     53    0.0
     54    0.0
     55    0.0
     56    0.0
     57    0.0
     58    0.0
     59    0.0
     60    0.0
     61    2.3
     62    3.3
     63    3.1
     64    0.0
     65    3.3
     66   21.0
     67    0.0
     68    0.0
     69    0.0
     70    0.0
     71    0.0
     72    0.0
     73    0.0
     74    0.0
     75    0.0
     76    0.0
     77    0.0
     78    0.0
     79    0.0
     80    0.0
     81    0.0
     82    0.0
     83    0.0
     84    0.0
     85    0.0
     86    0.0
     87    0.0
     88    0.0
     89    0.0
     90    0.0
     91    0.0
     92    0.0
     93    0.0
     94    6.2
     95    0.0
     96   36.0
     97    0.0
     98   20.3
     99    0.0
    100    0.0
    101    0.0
    102   10.1
    103    4.6
    104    0.0
    105    2.0
    106    0.0
    107    0.0
    108    0.0
    109    0.0
    110    0.0
    111    5.4
    112    4.5
    113    0.0
    114    0.0
    115   11.0
    116   10.5
    117    1.1
    118    2.0
    119    9.0
    120    6.5
    121    0.0
    122    T  
    123   13.5
    124    7.8
    125    0.0
    126    0.0
    127    0.0
    128    0.0
    129    0.0
    130    0.0
    131    0.0
    132   16.8
    133   11.8
    134    1.0
    135   11.5
    136    4.2
    137    4.3
    138   14.0
    139    2.2
    140    0.0
    141    0.0
    142    0.0
    143    0.0
    144    0.0
    145    0.0
    146   20.0
    147    0.0
    148   42.9
    149    0.0
    150    0.0
    151    0.0
    152    0.0
    153    0.0
    154    0.0
    155    0.0
    156    0.0
    157    0.0
    158    0.0
    159    0.0
    160   26.5
    161    3.5
    162    0.0
    163   17.5
    164    5.2
    165    4.2
    166    0.0
    167    5.8
    168    0.0
    169   17.5
    170   18.9
    171    6.5
    172    5.4
    173   26.6
    174   12.2
    175    8.7
    176    6.6
    177    8.8
    178    9.4
    179   40.9
    180   26.0
    181   20.0
    182   40.3
    183    T  
    184    9.2
    185   40.4
    186   34.1
    187   10.0
    188   21.9
    189    5.9
    190   25.8
    191    0.0
    192    0.0
    193   40.4
    194   33.0
    195   17.9
    196   11.0
    197   25.5
    198    8.5
    199   35.1
    200    2.0
    201   35.3
    202   25.9
    203    3.4
    204   14.3
    205    1.5
    206    3.0
    207   10.8
    208    9.9
    209   70.5
    210    0.0
    211   35.5
    212   70.5
    213   13.2
    214   22.5
    215   15.1
    216    4.3
    217   39.8
    218   26.4
    219   10.3
    220   32.2
    221   18.4
    222   27.9
    223   22.8
    224    T  
    225    T  
    226    2.1
    227   11.5
    228   93.3
    229   35.5
    230   15.5
    231   21.9
    232   66.8
    233   88.2
    234   17.1
    235   26.3
    236   14.4
    237   18.6
    238   16.7
    239   40.0
    240   20.2
    241    T  
    242   14.3
    243    7.9
    244   25.1
    245    8.5
    246   12.6
    247   14.7
    248   11.8
    249   23.1
    250    6.9
    251    0.0
    252   19.6
    253   24.1
    254    7.5
    255   13.9
    256    0.5
    257   11.6
    258    4.3
    259    7.5
    260    0.0
    261    0.0
    262    0.0
    263    0.0
    264    3.9
    265    8.9
    266   15.8
    267   27.7
    268   40.5
    269   15.3
    270    7.8
    271   10.9
    272    9.6
    273   19.7
    274   12.4
    275   17.5
    276    0.0
    277    0.0
    278    0.0
    279    6.3
    280    3.1
    281    2.0
    282    6.9
    283    8.1
    284    3.2
    285    9.3
    286    3.8
    287    0.0
    288    0.0
    289    0.0
    290    0.0
    291    0.0
    292    0.0
    293    0.0
    294    0.0
    295    0.0
    296    0.0
    297    0.0
    298    0.0
    299    0.0
    300    0.0
    301    0.0
    302    0.0
    303    0.0
    304    0.0
    305    0.0
    306    0.0
    307    0.0
    308    0.0
    309    0.0
    310    0.0
    311    0.0
    312    0.0
    313    0.0
    314    0.0
    315    0.0
    316   17.9
    317    0.0
    318    0.0
    319    0.0
    320    0.0
    321    0.0
    322    0.0
    323    0.0
    324    0.0
    325    0.0
    326    0.0
    327    0.0
    328    0.0
    329    0.0
    330    0.0
    331    0.0
    332    0.0
    333    0.0
    334    0.0
    335    0.0
    336    0.0
    337    0.0
    338    0.0
    339    0.0
    340    0.0
    341    0.0
    342    0.0
    343    0.0
    344    0.0
    345    0.0
    346    0.0
    347    0.0
    348    4.9
    349    0.0
    350    0.0
    351    0.0
    352    0.0
    353   20.2
    354    0.0
    355    0.0
    356    0.0
    357    0.0
    358    0.0
    359    0.0
    360    0.0
    361    0.0
    362    0.0
    363    0.0
    364    0.0
    365    2.3
