      1    0.0
      2    0.0
      3    0.0
      4    3.1
      5    0.0
      6    0.0
      7    0.0
      8    0.0
      9    0.0
     10    0.0
     11    0.0
     12    0.0
     13    0.0
     14    0.0
     15    0.0
     16    0.0
     17    0.0
     18    0.0
     19    0.0
     20    0.0
     21    0.0
     22    0.0
     23    0.0
     24    1.2
     25    0.0
     26    0.0
     27    0.0
     28    0.0
     29    0.0
     30    0.0
     31    0.0
     32    0.0
     33    0.0
     34    0.0
     35    0.0
     36    1.9
     37    2.0
     38    1.2
     39    2.0
     40    1.0
     41    0.0
     42    0.0
     43    0.0
     44    0.0
     45    0.0
     46    0.0
     47    0.0
     48    0.0
     49    4.3
     50    0.0
     51    0.0
     52    0.0
     53    0.0
     54    0.0
     55    0.0
     56    0.0
     57    0.0
     58    T  
     59    0.0
     60    0.0
     61    0.0
     62    0.0
     63    0.0
     64    8.0
     65    0.0
     66    0.0
     67    0.0
     68    0.0
     69    0.0
     70    0.0
     71    0.0
     72    0.0
     73    0.0
     74    0.0
     75    0.0
     76    0.0
     77    0.0
     78    0.0
     79    0.0
     80    0.0
     81    0.0
     82    0.0
     83    0.0
     84    0.0
     85    T  
     86    9.0
     87    3.0
     88    7.5
     89    0.0
     90    0.0
     91    0.0
     92    0.0
     93    0.0
     94    0.0
     95    0.0
     96    0.0
     97    0.0
     98    8.7
     99    0.0
    100    5.5
    101    T  
    102    0.0
    103    0.0
    104    0.0
    105    0.0
    106    0.0
    107    0.0
    108    3.2
    109    5.5
    110    5.0
    111    T  
    112    0.0
    113   19.6
    114    0.0
    115    0.0
    116    0.0
    117    0.0
    118    0.0
    119    0.0
    120    T  
    121    5.5
    122    0.0
    123    4.5
    124    0.0
    125    0.0
    126    T  
    127    8.0
    128    0.0
    129    T  
    130    2.9
    131   11.5
    132    9.5
    133    0.0
    134    1.2
    135    0.0
    136    0.0
    137    0.0
    138    1.5
    139    3.5
    140   19.4
    141    T  
    142   15.5
    143    0.0
    144    0.0
    145    4.5
    146    T  
    147    T  
    148    0.0
    149    0.0
    150    0.0
    151    T  
    152   40.0
    153    4.0
    154    7.5
    155    5.2
    156    2.1
    157    6.9
    158    1.0
    159    0.0
    160    0.0
    161    0.0
    162    9.8
    163   10.9
    164    7.5
    165   21.9
    166    T  
    167    5.6
    168   12.0
    169    2.0
    170    0.0
    171   31.5
    172    7.3
    173   11.9
    174   31.5
    175    9.5
    176   14.8
    177    7.0
    178   40.9
    179   35.3
    180   24.2
    181   12.0
    182   29.7
    183    8.0
    184   32.3
    185   93.3
    186   24.4
    187   31.5
    188   42.0
    189   26.6
    190    8.0
    191    3.3
    192    2.3
    193   12.0
    194    0.0
    195   30.5
    196   85.8
    197   28.0
    198   19.9
    199   28.0
    200   18.8
    201   46.6
    202   26.5
    203   12.9
    204   45.0
    205   13.2
    206   23.4
    207   31.9
    208   13.9
    209   81.9
    210    4.5
    211    0.0
    212    9.0
    213   22.3
    214    9.5
    215    0.0
    216   73.4
    217   13.3
    218    9.4
    219    3.6
    220    0.0
    221    T  
    222    T  
    223    6.3
    224   15.5
    225   12.8
    226   16.5
    227   10.4
    228   39.8
    229   13.3
    230   41.5
    231   25.5
    232   11.8
    233   63.8
    234   22.2
    235   33.0
    236    8.8
    237   23.0
    238   23.0
    239   18.9
    240   15.9
    241   23.9
    242   23.5
    243   63.3
    244   25.0
    245    2.8
    246   25.5
    247   45.6
    248   52.7
    249    8.9
    250    0.0
    251    0.0
    252    5.0
    253    4.0
    254   30.0
    255    4.0
    256   26.5
    257   44.4
    258   31.0
    259   13.3
    260   27.0
    261   13.0
    262    2.0
    263   26.0
    264   13.3
    265   11.2
    266   12.5
    267    7.0
    268   30.9
    269   10.4
    270    0.0
    271   21.3
    272   26.5
    273    0.0
    274    9.9
    275    T  
    276    0.0
    277    0.0
    278    0.0
    279    0.0
    280    0.0
    281    0.0
    282    1.2
    283   23.9
    284    0.0
    285    0.0
    286    0.0
    287    0.0
    288    0.0
    289    0.0
    290   37.9
    291   14.5
    292    0.0
    293    5.6
    294    3.5
    295    0.0
    296    3.0
    297    2.0
    298    0.0
    299    0.0
    300    0.0
    301    0.0
    302    3.6
    303    0.0
    304    0.0
    305    2.3
    306    0.0
    307    1.9
    308    8.9
    309    0.0
    310    0.0
    311    0.0
    312    0.0
    313    0.0
    314    0.0
    315    1.3
    316    0.0
    317    0.0
    318    0.0
    319    0.0
    320    0.0
    321    0.0
    322    0.0
    323    0.0
    324    0.0
    325    0.0
    326    0.0
    327    0.0
    328    0.0
    329    0.0
    330    0.0
    331    0.0
    332    0.0
    333    0.0
    334    0.0
    335    0.0
    336    0.0
    337    0.0
    338    0.0
    339    0.0
    340    0.0
    341    0.0
    342    0.0
    343    0.0
    344    0.0
    345    0.0
    346    0.0
    347    0.0
    348    0.0
    349    0.0
    350    0.0
    351    0.0
    352    0.0
    353    0.0
    354    0.0
    355    0.0
    356    0.0
    357    0.0
    358    0.0
    359    0.0
    360    0.0
    361   36.5
    362   32.9
    363    0.0
    364    0.0
    365    0.0
