      1    0.0
      2    0.0
      3    0.0
      4    0.0
      5    0.0
      6    0.0
      7    0.0
      8    0.0
      9    0.0
     10    0.0
     11    0.0
     12    1.0
     13    0.0
     14    0.0
     15    0.0
     16    0.0
     17    0.0
     18    0.0
     19    0.0
     20    0.0
     21    0.0
     22    0.0
     23    0.0
     24    0.0
     25    0.0
     26    0.0
     27    0.0
     28    0.0
     29    0.0
     30    0.0
     31    0.0
     32    0.0
     33    0.0
     34    0.0
     35    0.0
     36    7.0
     37    0.0
     38    0.0
     39    0.0
     40    0.0
     41    0.0
     42    0.0
     43    0.0
     44    0.0
     45    0.0
     46    0.0
     47    4.6
     48    0.0
     49    0.0
     50    0.0
     51    0.0
     52    0.0
     53    0.0
     54    0.0
     55    0.0
     56    0.0
     57    0.0
     58    9.5
     59    0.0
     60    0.0
     61    0.0
     62    0.0
     63    0.0
     64    0.0
     65    0.0
     66    0.0
     67    0.0
     68    0.0
     69    T  
     70    3.9
     71    0.0
     72    3.5
     73    0.0
     74    8.5
     75    0.0
     76    3.5
     77    0.0
     78    7.2
     79    T  
     80    0.0
     81    0.0
     82    0.0
     83    0.0
     84    T  
     85    0.0
     86    9.6
     87    3.1
     88    0.0
     89    0.0
     90    2.9
     91    8.5
     92    4.4
     93    0.0
     94    0.0
     95    0.0
     96    0.0
     97    0.0
     98    0.0
     99   17.3
    100    0.0
    101    0.0
    102    0.0
    103    0.0
    104    0.0
    105    0.0
    106    0.0
    107    0.0
    108    0.0
    109    1.3
    110    0.0
    111    0.0
    112    0.0
    113   27.3
    114    0.0
    115    4.9
    116    7.3
    117   13.4
    118    0.0
    119    4.3
    120   11.4
    121    4.5
    122    0.0
    123    T  
    124   14.4
    125    4.5
    126   10.6
    127    T  
    128    T  
    129    T  
    130    0.0
    131    0.0
    132    0.0
    133    0.0
    134    0.0
    135    0.0
    136    0.0
    137    0.0
    138    0.0
    139    0.0
    140    0.0
    141    0.0
    142    T  
    143   20.0
    144    0.0
    145    0.0
    146    0.0
    147    0.0
    148    0.0
    149    0.0
    150    8.2
    151    7.9
    152   28.2
    153   20.4
    154   14.0
    155   13.5
    156    4.5
    157    T  
    158   12.8
    159   30.6
    160    3.2
    161   11.3
    162    4.7
    163    5.2
    164    5.7
    165    0.0
    166    4.7
    167   46.0
    168    0.0
    169    7.5
    170    0.0
    171    4.2
    172   55.4
    173   21.0
    174   14.2
    175   17.0
    176    3.5
    177    2.1
    178    T  
    179    2.2
    180    2.3
    181    6.5
    182   42.8
    183   22.4
    184   25.6
    185   38.7
    186   38.9
    187   40.4
    188   19.2
    189   10.3
    190    9.6
    191    2.6
    192   14.9
    193    0.0
    194    2.3
    195    4.3
    196    3.5
    197   10.1
    198   10.2
    199   15.4
    200   15.8
    201   16.6
    202   24.5
    203   25.9
    204   30.1
    205   45.5
    206   35.7
    207   12.3
    208    3.4
    209    6.6
    210    6.7
    211   26.5
    212   29.5
    213   17.9
    214    9.0
    215   16.1
    216    1.2
    217    0.0
    218    5.3
    219    5.3
    220   18.9
    221   28.9
    222   28.7
    223   40.4
    224   13.5
    225   32.8
    226   11.2
    227   43.4
    228    0.0
    229    8.5
    230   33.0
    231   25.9
    232   11.6
    233   24.8
    234    9.4
    235    0.0
    236    0.0
    237    0.0
    238    7.4
    239   15.9
    240    0.0
    241    0.0
    242    0.0
    243    0.0
    244   12.3
    245   10.2
    246   15.4
    247   40.4
    248    9.8
    249    9.7
    250    2.5
    251   38.9
    252    6.8
    253   33.5
    254    5.6
    255   14.4
    256    7.7
    257   16.3
    258    4.2
    259    6.1
    260    2.5
    261    0.0
    262    0.0
    263    T  
    264    3.2
    265    5.3
    266    T  
    267    5.2
    268    0.0
    269    0.0
    270    0.0
    271    0.0
    272    T  
    273    0.0
    274    0.0
    275    0.0
    276    0.0
    277    0.0
    278    T  
    279    0.0
    280    0.0
    281    0.0
    282    0.0
    283    0.0
    284    0.0
    285    0.0
    286    0.0
    287    0.0
    288    0.0
    289    0.0
    290    0.0
    291    T  
    292   20.5
    293   70.4
    294    0.0
    295    0.0
    296    0.0
    297    T  
    298    0.0
    299    0.0
    300    2.9
    301    0.0
    302    0.0
    303    0.0
    304    0.0
    305    0.0
    306    0.0
    307    0.0
    308    0.0
    309    0.0
    310    0.0
    311    0.0
    312    0.0
    313    0.0
    314    0.0
    315    0.0
    316    0.0
    317    0.0
    318    0.0
    319    0.0
    320    0.0
    321    0.0
    322    0.0
    323    0.0
    324    0.0
    325    0.0
    326    0.0
    327    0.0
    328    0.0
    329    0.0
    330    0.0
    331    0.0
    332    0.0
    333    0.0
    334    0.0
    335    0.0
    336    0.0
    337    0.0
    338    0.0
    339    0.0
    340    0.0
    341    0.0
    342    0.0
    343    0.0
    344    0.0
    345    0.0
    346    0.0
    347   12.5
    348    0.0
    349    0.0
    350    0.0
    351    0.0
    352    0.0
    353    0.0
    354    0.0
    355    0.0
    356    0.0
    357    0.0
    358    0.0
    359    0.0
    360    0.0
    361    0.0
    362    0.0
    363    0.0
    364    0.0
    365    0.0
