      1    0.0
      2    0.0
      3    0.0
      4    0.0
      5    0.0
      6    0.0
      7    0.0
      8    0.0
      9    0.0
     10    0.0
     11    0.0
     12    0.0
     13    0.0
     14    0.0
     15    0.0
     16    0.0
     17    0.0
     18    0.0
     19    0.0
     20    0.7
     21    0.0
     22    0.0
     23    T  
     24    9.0
     25    0.0
     26    0.0
     27    0.0
     28    0.0
     29    0.0
     30    0.0
     31    0.0
     32    2.6
     33    0.0
     34    0.0
     35    0.0
     36    0.0
     37    0.0
     38    0.0
     39    0.0
     40    0.0
     41    0.0
     42    0.0
     43    0.0
     44    0.0
     45    0.0
     46    0.0
     47    0.0
     48    0.0
     49    3.3
     50    0.0
     51    0.0
     52    0.0
     53    1.7
     54    0.0
     55    0.0
     56    0.0
     57    0.0
     58    0.0
     59    0.0
     60    0.0
     61    0.0
     62    0.0
     63    0.0
     64    0.0
     65    0.0
     66    0.0
     67    0.0
     68    0.0
     69    0.0
     70    0.0
     71    0.0
     72    0.0
     73    0.0
     74    0.0
     75    0.0
     76    0.0
     77   51.3
     78    7.6
     79    0.0
     80    0.0
     81    0.0
     82   11.5
     83    T  
     84    0.0
     85   10.5
     86    0.0
     87    0.0
     88    0.0
     89    0.0
     90    0.0
     91    0.0
     92    0.0
     93    0.0
     94    9.7
     95    0.0
     96    2.7
     97    0.0
     98    0.0
     99    0.0
    100   20.4
    101    0.0
    102    0.0
    103    0.0
    104    0.0
    105    0.0
    106    0.0
    107    0.0
    108    0.0
    109    0.0
    110    0.0
    111    0.0
    112    1.0
    113    0.0
    114    1.0
    115    0.0
    116   15.0
    117    0.0
    118    0.0
    119    0.0
    120    4.5
    121    6.6
    122    6.8
    123    0.0
    124   15.5
    125    3.0
    126    0.5
    127    0.0
    128    0.0
    129    1.8
    130    0.0
    131    0.0
    132    0.0
    133    0.0
    134    0.0
    135    0.0
    136    0.0
    137    0.0
    138    0.0
    139    0.0
    140   32.6
    141    9.6
    142    0.0
    143    0.0
    144    0.0
    145    0.0
    146    0.0
    147    0.0
    148    0.0
    149    0.0
    150    T  
    151    0.0
    152    6.0
    153    0.0
    154    0.0
    155   10.3
    156    3.5
    157    0.0
    158   32.8
    159    0.0
    160    0.0
    161    0.0
    162    5.2
    163   28.5
    164    2.1
    165    0.0
    166    0.0
    167    0.0
    168    0.0
    169    8.3
    170    0.0
    171   26.1
    172    0.0
    173   21.6
    174   53.6
    175    1.8
    176    1.7
    177    0.0
    178    1.0
    179    2.3
    180    7.4
    181    2.1
    182   27.3
    183    0.0
    184    1.0
    185    3.3
    186   10.9
    187    6.0
    188    0.0
    189   19.3
    190    6.6
    191   22.6
    192    4.0
    193    0.8
    194    2.8
    195    0.0
    196   13.7
    197   66.3
    198    0.0
    199   52.1
    200    1.0
    201    5.5
    202   25.8
    203    0.0
    204    1.8
    205    0.0
    206    0.0
    207    2.5
    208    0.0
    209    0.0
    210    0.0
    211    0.0
    212    0.0
    213    0.0
    214    0.0
    215   17.8
    216    0.0
    217    0.0
    218   20.7
    219   27.6
    220  204.1
    221    0.0
    222   19.3
    223   16.7
    224   22.5
    225    0.0
    226    8.3
    227    0.0
    228    7.1
    229    0.0
    230   36.2
    231    0.0
    232   80.0
    233    0.5
    234    0.0
    235   25.3
    236   46.4
    237   21.6
    238  130.0
    239   64.0
    240    0.0
    241    0.0
    242    0.0
    243    0.0
    244    0.0
    245    0.0
    246    0.0
    247    0.0
    248    0.0
    249    0.0
    250    0.0
    251    0.0
    252   44.1
    253    0.0
    254   24.1
    255    0.0
    256    5.2
    257    0.0
    258    0.0
    259    0.0
    260    0.0
    261    0.0
    262    0.0
    263    0.0
    264    8.1
    265    3.0
    266    0.0
    267    0.0
    268    9.4
    269   10.0
    270   10.0
    271    0.0
    272    0.0
    273    0.0
    274    8.5
    275   10.2
    276    0.0
    277    0.0
    278    4.1
    279    0.0
    280    0.0
    281    0.0
    282    0.0
    283    0.0
    284    0.0
    285    0.0
    286    0.0
    287    0.0
    288    0.0
    289    0.0
    290    0.0
    291    0.0
    292    0.0
    293    0.0
    294    0.0
    295   54.3
    296    0.0
    297    0.0
    298    0.0
    299    0.0
    300    0.0
    301    0.0
    302    0.0
    303    0.0
    304    0.0
    305    0.0
    306    0.0
    307    0.0
    308    0.0
    309    0.0
    310    0.0
    311    0.0
    312    0.0
    313    0.0
    314    0.0
    315    0.0
    316    0.0
    317    0.0
    318    0.0
    319    0.0
    320    0.0
    321    0.0
    322    0.0
    323    0.0
    324    0.0
    325    0.0
    326    0.0
    327    0.0
    328    0.0
    329    0.0
    330    0.0
    331    0.0
    332    0.0
    333    0.0
    334    0.0
    335    0.0
    336    0.0
    337    0.0
    338    0.0
    339    0.0
    340    0.0
    341    0.0
    342    0.0
    343    0.0
    344    0.0
    345    0.0
    346    0.0
    347    0.0
    348    0.0
    349    0.0
    350    0.0
    351    0.0
    352    0.0
    353    0.0
    354    0.0
    355    0.0
    356    0.0
    357    0.0
    358    0.0
    359    0.0
    360    0.0
    361    0.0
    362    0.0
    363    0.0
    364    0.0
    365    0.0
