  1990   1   1     0  12.4   3.6   0.0     0     0
  1990   1   2     0  14.5   3.0   0.0     0     0
  1990   1   3     0  14.5   2.0   0.0     0     0
  1990   1   4     0  14.0   2.5   0.0     0     0
  1990   1   5     0  13.8   4.0   0.0     0     0
  1990   1   6     0  14.0   3.5   0.0     0     0
  1990   1   7     0  15.0   5.0   0.0     0     0
  1990   1   8     0  15.5   4.3   0.0     0     0
  1990   1   9     0  14.0   4.5   0.0     0     0
  1990   1  10     0  14.5   4.0   0.0     0     0
  1990   1  11     0  15.0   6.0   0.0     0     0
  1990   1  12     0  17.0   6.0   0.0     0     0
  1990   1  13     0  17.0   5.5   0.0     0     0
  1990   1  14     0  17.0   6.0   0.0     0     0
  1990   1  15     0  14.6   4.5   0.0     0     0
  1990   1  16     0  16.5   6.0   0.0     0     0
  1990   1  17     0  17.5   5.8   0.0     0     0
  1990   1  18     0  16.5   6.5   0.0     0     0
  1990   1  19     0  17.0   6.5   0.0     0     0
  1990   1  20     0  18.5   8.0   0.0     0     0
  1990   1  21     0  18.0   9.0   0.0     0     0
  1990   1  22     0  19.0   9.0   0.0     0     0
  1990   1  23     0  17.0  10.0   0.0     0     0
  1990   1  24     0  18.5   9.0   0.0     0     0
  1990   1  25     0  17.0   9.0   0.0     0     0
  1990   1  26     0  18.0   8.5   0.0     0     0
  1990   1  27     0  17.5   8.0   0.0     0     0
  1990   1  28     0  17.0   9.0   0.0     0     0
  1990   1  29     0  18.0   7.5   0.0     0     0
  1990   1  30     0  18.0   8.0   0.0     0     0
  1990   1  31     0  18.0   7.5   0.0     0     0
  1990   2   1     0  15.5   8.0   0.0     0     0
  1990   2   2     0  16.0   5.5   0.0     0     0
  1990   2   3     0  15.0   5.5   0.0     0     0
  1990   2   4     0  15.0   5.0   0.0     0     0
  1990   2   5     0  10.5   6.0   0.0     0     0
  1990   2   6     0  13.0   5.0   0.0     0     0
  1990   2   7     0  15.5   6.0   0.0     0     0
  1990   2   8     0  16.8   7.5   0.0     0     0
  1990   2   9     0  17.5   9.0   0.0     0     0
  1990   2  10     0  13.7   7.5   0.0     0     0
  1990   2  11     0  13.0   8.0   9.8     0     0
  1990   2  12     0  15.0   6.5   4.2     0     0
  1990   2  13     0  16.0   9.0   8.0     0     0
  1990   2  14     0  12.5   7.5   8.5     0     0
  1990   2  15     0  14.0   6.5   8.5     0     0
  1990   2  16     0  15.5   5.0   0.0     0     0
  1990   2  17     0  15.5   5.5   0.0     0     0
  1990   2  18     0  15.5  10.0   0.0     0     0
  1990   2  19     0  17.0   6.0   0.0     0     0
  1990   2  20     0  17.0   6.0   0.0     0     0
  1990   2  21     0  16.0   5.5   0.0     0     0
  1990   2  22     0  17.0   4.5   0.0     0     0
  1990   2  23     0  15.0   7.0   0.0     0     0
  1990   2  24     0  15.0   4.0   0.0     0     0
  1990   2  25     0  15.0   4.0   0.0     0     0
  1990   2  26     0  13.5   7.0   0.0     0     0
  1990   2  27     0  15.5   5.0   0.0     0     0
  1990   2  28     0  15.0   7.5   0.0     0     0
  1990   3   1     0  17.3   7.0   0.0     0     0
  1990   3   2     0  17.0   6.5   0.0     0     0
  1990   3   3     0  16.5   5.0   0.0     0     0
  1990   3   4     0  16.0   5.0   0.0     0     0
  1990   3   5     0  17.0   7.0   0.0     0     0
  1990   3   6     0  17.5   6.0   0.0     0     0
  1990   3   7     0  17.0   5.5   0.0     0     0
  1990   3   8     0  17.0   6.0   0.0     0     0
  1990   3   9     0  15.5   7.0   0.0     0     0
  1990   3  10     0  18.0   6.5   0.0     0     0
  1990   3  11     0  17.0   8.0   0.0     0     0
  1990   3  12     0  16.5   7.5   0.0     0     0
  1990   3  13     0  16.5   7.0   0.0     0     0
  1990   3  14     0  14.0   6.0   0.0     0     0
  1990   3  15     0  20.0   8.0   0.0     0     0
  1990   3  16     0  20.0   9.5   0.0     0     0
  1990   3  17     0  20.0   9.5   0.0     0     0
  1990   3  18     0  22.5  12.0   0.0     0     0
  1990   3  19     0  22.5  10.5   0.0     0     0
  1990   3  20     0  22.5  12.0   0.0     0     0
  1990   3  21     0  21.5  11.4   0.0     0     0
  1990   3  22     0  20.5  11.5   0.0     0     0
  1990   3  23     0  20.0  12.5   0.0     0     0
  1990   3  24     0  20.0   8.5   4.0     0     0
  1990   3  25     0  18.5   7.0   0.0     0     0
  1990   3  26     0  16.5   6.6   0.0     0     0
  1990   3  27     0  17.0   6.0   0.0     0     0
  1990   3  28     0  18.0   6.5   0.0     0     0
  1990   3  29     0  18.5   8.5   0.0     0     0
  1990   3  30     0  20.0   8.5   0.0     0     0
  1990   3  31     0  23.0   9.0   0.0     0     0
  1990   4   1     0  22.5  11.0   0.0     0     0
  1990   4   2     0  21.5   8.0   0.0     0     0
  1990   4   3     0  19.5   7.0   0.0     0     0
  1990   4   4     0  19.5   7.0   3.7     0     0
  1990   4   5     0  18.5   6.0   0.0     0     0
  1990   4   6     0  18.5   8.5   0.0     0     0
  1990   4   7     0  18.0   9.8   0.0     0     0
  1990   4   8     0  17.0  10.0   6.5     0     0
  1990   4   9     0  19.5   9.0   0.0     0     0
  1990   4  10     0  21.0  10.5   0.0     0     0
  1990   4  11     0  22.5  13.5   0.0     0     0
  1990   4  12     0  23.8  13.0   0.0     0     0
  1990   4  13     0  23.5  13.0   0.0     0     0
  1990   4  14     0  24.8  13.4   0.0     0     0
  1990   4  15     0  25.2  13.0   0.0     0     0
  1990   4  16     0  25.9  14.0   0.0     0     0
  1990   4  17     0  26.0  16.0   0.0     0     0
  1990   4  18     0  24.5  16.0   0.0     0     0
  1990   4  19     0  25.0  16.0   6.5     0     0
  1990   4  20     0  25.0  13.0   0.0     0     0
  1990   4  21     0  23.0  13.0   0.0     0     0
  1990   4  22     0  25.0  12.5   0.0     0     0
  1990   4  23     0  25.5  14.5   0.0     0     0
  1990   4  24     0  25.5  13.0  35.0     0     0
  1990   4  25     0  25.0  13.0   0.0     0     0
  1990   4  26     0  25.0  13.0   2.5     0     0
  1990   4  27     0  22.5  13.5   4.6     0     0
  1990   4  28     0  22.9  12.5   0.0     0     0
  1990   4  29     0  19.5  10.0   7.5     0     0
  1990   4  30     0  22.0  12.0   0.0     0     0
  1990   5   1     0  22.0  11.0  12.5     0     0
  1990   5   2     0  22.0  14.5   0.0     0     0
  1990   5   3     0  22.0  14.5   0.0     0     0
  1990   5   4     0  22.5  11.5   6.3     0     0
  1990   5   5     0  23.0  12.0   0.0     0     0
  1990   5   6     0  25.0  12.5   0.0     0     0
  1990   5   7     0  25.0  16.0   0.5     0     0
  1990   5   8     0  24.5  13.0   0.0     0     0
  1990   5   9     0  25.0  14.5   0.0     0     0
  1990   5  10     0  26.0  16.0   1.0     0     0
  1990   5  11     0  24.0  16.0  10.3     0     0
  1990   5  12     0  23.5  18.0   0.0     0     0
  1990   5  13     0  21.5  16.0   0.0     0     0
  1990   5  14     0  22.0  15.0   0.0     0     0
  1990   5  15     0  23.5  16.0  10.0     0     0
  1990   5  16     0  22.0  15.5   0.0     0     0
  1990   5  17     0  23.0  16.0  12.0     0     0
  1990   5  18     0  23.0  15.0  22.6     0     0
  1990   5  19     0  22.0  16.0  12.2     0     0
  1990   5  20     0  22.0  15.5  70.2     0     0
  1990   5  21     0  24.0  15.0   4.2     0     0
  1990   5  22     0  23.5  13.5   1.7     0     0
  1990   5  23     0  24.0  15.0   0.0     0     0
  1990   5  24     0  25.0  15.0   0.0     0     0
  1990   5  25     0  25.0  15.0   4.2     0     0
  1990   5  26     0  22.0  15.5   0.0     0     0
  1990   5  27     0  22.0  16.0   0.0     0     0
  1990   5  28     0  24.0  16.0   0.0     0     0
  1990   5  29     0  24.0  15.0  55.6     0     0
  1990   5  30     0  24.5  15.5   0.0     0     0
  1990   5  31     0  23.5  16.5   0.5     0     0
  1990   6   1     0  23.0  18.5   2.0     0     0
  1990   6   2     0  24.2  18.5   0.2     0     0
  1990   6   3     0  25.0  18.0   0.0     0     0
  1990   6   4     0  25.0  17.5   2.5     0     0
  1990   6   5     0  23.0  18.0   0.0     0     0
  1990   6   6     0  24.0  18.0   0.0     0     0
  1990   6   7     0  25.0  16.5   0.0     0     0
  1990   6   8     0  25.5  15.5   0.0     0     0
  1990   6   9     0  24.5  17.0   0.0     0     0
  1990   6  10     0  22.5  16.0   4.5     0     0
  1990   6  11     0  22.5  17.0   7.0     0     0
  1990   6  12     0  23.5  17.0   0.0     0     0
  1990   6  13     0  23.5  17.0   1.5     0     0
  1990   6  14     0  25.0  17.0  29.0     0     0
  1990   6  15     0  24.0  18.0  53.7     0     0
  1990   6  16     0  24.0  17.5   0.0     0     0
  1990   6  17     0  24.5  17.0   2.0     0     0
  1990   6  18     0  24.5  17.5   0.0     0     0
  1990   6  19     0  24.0  17.0   4.0     0     0
  1990   6  20     0  25.0  18.5   8.2     0     0
  1990   6  21     0  22.0  17.5   2.5     0     0
  1990   6  22     0  24.0  17.5  14.5     0     0
  1990   6  23     0  23.5  17.5  29.0     0     0
  1990   6  24     0  24.0  18.5   6.0     0     0
  1990   6  25     0  24.5  19.5   0.0     0     0
  1990   6  26     0  26.0  18.0   7.2     0     0
  1990   6  27     0  25.0  18.0   9.5     0     0
  1990   6  28     0  23.5  18.0   8.0     0     0
  1990   6  29     0  23.5  17.0   2.1     0     0
  1990   6  30     0  23.0  18.0   5.3     0     0
  1990   7   1     0  25.0  18.5  13.2     0     0
  1990   7   2     0  23.5  19.0   0.0     0     0
  1990   7   3     0  24.0  19.0  11.5     0     0
  1990   7   4     0  23.0  19.0  19.1     0     0
  1990   7   5     0  23.0  18.0  15.0     0     0
  1990   7   6     0  23.5  18.0   1.8     0     0
  1990   7   7     0  23.0  18.0   6.7     0     0
  1990   7   8     0  23.0  18.0  20.0     0     0
  1990   7   9     0  23.0  18.0  10.0     0     0
  1990   7  10     0  23.0  18.0   0.0     0     0
  1990   7  11     0  23.0  18.0   5.7     0     0
  1990   7  12     0  23.5  18.0  26.3     0     0
  1990   7  13     0  23.0  17.5   3.2     0     0
  1990   7  14     0  23.5  18.0  28.4     0     0
  1990   7  15     0  23.0  19.0   2.2     0     0
  1990   7  16     0  22.5  16.5   0.0     0     0
  1990   7  17     0  22.5  17.5   8.4     0     0
  1990   7  18     0  25.5   DNA  13.6     0     0
  1990   7  19     0  22.5  18.0  22.8     0     0
  1990   7  20     0  23.5  17.0   1.5     0     0
  1990   7  21     0  23.0  17.5  33.4     0     0
  1990   7  22     0  24.5  17.5   4.5     0     0
  1990   7  23     0  24.5  18.0   6.7     0     0
  1990   7  24     0  23.0  17.0   0.0     0     0
  1990   7  25     0  22.5  17.0   0.2     0     0
  1990   7  26     0  23.5  17.0  17.0     0     0
  1990   7  27     0  23.5  18.0   2.1     0     0
  1990   7  28     0  23.0  17.5   0.0     0     0
  1990   7  29     0  21.5  18.0   1.0     0     0
  1990   7  30     0  23.0  17.5   1.6     0     0
  1990   7  31     0  23.0  17.5   6.5     0     0
  1990   8   1     0  23.5  17.0  78.2     0     0
  1990   8   2     0  23.0  17.5  10.0     0     0
  1990   8   3     0  22.0  16.0  11.5     0     0
  1990   8   4     0  23.0  18.0   0.0     0     0
  1990   8   5     0  23.5  17.0   0.0     0     0
  1990   8   6     0  23.5  18.0   1.1     0     0
  1990   8   7     0  24.0  17.0   6.1     0     0
  1990   8   8     0  24.0  17.0   0.5     0     0
  1990   8   9     0  23.0  17.5  68.2     0     0
  1990   8  10     0  23.0  17.0   1.0     0     0
  1990   8  11     0  22.0  17.5   9.0     0     0
  1990   8  12     0  22.0  17.0  82.7     0     0
  1990   8  13     0  23.0  16.5  58.1     0     0
  1990   8  14     0  24.0  17.5   0.0     0     0
  1990   8  15     0  24.0  17.0  12.0     0     0
  1990   8  16     0  23.0  17.0   1.5     0     0
  1990   8  17     0  23.0  16.5   0.0     0     0
  1990   8  18     0  23.0  17.0   0.0     0     0
  1990   8  19     0  23.0  16.0   2.0     0     0
  1990   8  20     0  25.0  17.0   0.0     0     0
  1990   8  21     0  23.0  18.0   0.0     0     0
  1990   8  22     0  23.0  17.0   0.0     0     0
  1990   8  23     0  23.5  18.0   6.3     0     0
  1990   8  24     0  25.0  16.0   8.5     0     0
  1990   8  25     0  23.0  17.0   0.0     0     0
  1990   8  26     0  23.0  18.5   5.0     0     0
  1990   8  27     0  21.0  17.0  81.5     0     0
  1990   8  28     0  24.0  17.0   0.0     0     0
  1990   8  29     0  25.0  17.0   0.0     0     0
  1990   8  30     0  24.0  18.0   0.0     0     0
  1990   8  31     0  24.0  17.0   0.0     0     0
  1990   9   1     0  25.5  18.0   0.0     0     0
  1990   9   2     0  24.5  17.0   5.0     0     0
  1990   9   3     0  24.0  18.0   0.0     0     0
  1990   9   4     0  24.0  17.5  16.4     0     0
  1990   9   5     0  24.0  17.0   0.0     0     0
  1990   9   6     0  24.0  17.0   0.2     0     0
  1990   9   7     0  24.0  17.0   0.0     0     0
  1990   9   8     0  24.0  17.0   4.3     0     0
  1990   9   9     0  22.5  17.0   1.0     0     0
  1990   9  10     0  21.0  16.0  30.0     0     0
  1990   9  11     0  24.0  16.0   5.5     0     0
  1990   9  12     0  23.5  16.0   4.0     0     0
  1990   9  13     0  23.0  16.5   1.2     0     0
  1990   9  14     0  24.0  17.0   2.5     0     0
  1990   9  15     0  23.0  17.0   0.0     0     0
  1990   9  16     0  24.0  16.0   2.0     0     0
  1990   9  17     0  24.0  17.5   3.2     0     0
  1990   9  18     0  22.5  16.0   9.0     0     0
  1990   9  19     0  23.0  16.5   0.0     0     0
  1990   9  20     0  23.5  15.5   0.0     0     0
  1990   9  21     0  23.0  16.5   0.5     0     0
  1990   9  22     0  23.0  15.0   8.0     0     0
  1990   9  23     0  24.0  15.5   0.0     0     0
  1990   9  24     0  21.5  16.5   3.5     0     0
  1990   9  25     0  21.0  16.0   4.5     0     0
  1990   9  26     0  22.0  15.5   5.5     0     0
  1990   9  27     0  21.0  15.5   9.0     0     0
  1990   9  28     0  22.0  14.0   0.0     0     0
  1990   9  29     0  22.0  14.0   1.8     0     0
  1990   9  30     0  22.5   DNA   3.5     0     0
  1990  10   1     0  21.5  14.0   0.0     0     0
  1990  10   2     0  21.5  14.5   0.0     0     0
  1990  10   3     0  25.0  15.5   1.3     0     0
  1990  10   4     0  22.0  18.0   2.4     0     0
  1990  10   5     0  22.0  15.0  13.0     0     0
  1990  10   6     0  23.5  16.0  17.5     0     0
  1990  10   7     0  25.0  15.5   0.0     0     0
  1990  10   8     0  23.0  15.0   5.7     0     0
  1990  10   9     0  18.0  15.5   2.6     0     0
  1990  10  10     0  18.0  15.0   6.3     0     0
  1990  10  11     0  20.0  14.0   0.2     0     0
  1990  10  12     0  20.0  17.0   0.0     0     0
  1990  10  13     0  18.5  13.5   7.6     0     0
  1990  10  14     0  18.0  13.0   0.0     0     0
  1990  10  15     0  18.5  12.0   9.0     0     0
  1990  10  16     0  19.5  11.5   0.0     0     0
  1990  10  17     0  20.0  10.5   0.0     0     0
  1990  10  18     0  20.0  11.5   0.0     0     0
  1990  10  19     0  21.0  11.0   0.0     0     0
  1990  10  20     0  21.0  11.0   0.0     0     0
  1990  10  21     0  21.0  11.0   0.0     0     0
  1990  10  22     0  22.0  11.0   0.0     0     0
  1990  10  23     0  22.0  11.0   0.0     0     0
  1990  10  24     0  20.0  10.5   0.0     0     0
  1990  10  25     0  20.0  10.5   0.0     0     0
  1990  10  26     0  20.0  10.5   0.0     0     0
  1990  10  27     0  20.0  10.0   0.0     0     0
  1990  10  28     0  20.0   9.0   0.0     0     0
  1990  10  29     0  20.0   9.5   0.0     0     0
  1990  10  30     0  20.0  10.2   0.0     0     0
  1990  10  31     0   DNA   9.5   0.0     0     0
  1990  11   1     0  19.5  15.0   0.0     0     0
  1990  11   2     0  20.0   9.5   0.0     0     0
  1990  11   3     0  21.5  11.5   0.0     0     0
  1990  11   4     0  21.0  11.0   0.0     0     0
  1990  11   5     0  21.0  10.0   0.0     0     0
  1990  11   6     0  20.0   9.5   0.0     0     0
  1990  11   7     0  20.0   9.5   0.0     0     0
  1990  11   8     0  20.5   9.5   0.0     0     0
  1990  11   9     0  21.0  10.0   0.0     0     0
  1990  11  10     0  22.5   7.0   0.0     0     0
  1990  11  11     0  20.0  11.0   0.0     0     0
  1990  11  12     0  22.0  11.5   0.0     0     0
  1990  11  13     0  22.5  11.0   0.0     0     0
  1990  11  14     0  22.5  11.5   0.0     0     0
  1990  11  15     0  23.0  12.0   0.0     0     0
  1990  11  16     0  20.0  10.5   0.0     0     0
  1990  11  17     0  20.0   9.5   0.0     0     0
  1990  11  18     0  19.5   9.5   0.0     0     0
  1990  11  19     0  20.0   9.5   0.0     0     0
  1990  11  20     0  20.0   9.0   0.0     0     0
  1990  11  21     0  20.0  10.0   0.0     0     0
  1990  11  22     0  20.0  10.0   0.0     0     0
  1990  11  23     0  20.0  10.0   0.0     0     0
  1990  11  24     0  20.0  10.5   0.0     0     0
  1990  11  25     0  19.0  10.5   0.0     0     0
  1990  11  26     0  18.0   7.5   0.0     0     0
  1990  11  27     0  18.5   8.5   0.0     0     0
  1990  11  28     0  19.0   9.0   0.0     0     0
  1990  11  29     0  17.0   7.5   0.0     0     0
  1990  11  30     0  15.0   6.0   0.0     0     0
  1990  12   1     0  16.0   7.0   0.0     0     0
  1990  12   2     0  14.0   5.5   0.0     0     0
  1990  12   3     0  15.0   5.5   0.0     0     0
  1990  12   4     0  17.0   7.0   0.0     0     0
  1990  12   5     0  18.0   7.5   0.0     0     0
  1990  12   6     0  17.0   7.5   0.0     0     0
  1990  12   7     0  17.0   6.0   0.0     0     0
  1990  12   8     0  17.0   9.0   0.0     0     0
  1990  12   9     0  16.5   7.5   0.0     0     0
  1990  12  10     0  16.5   9.2   0.0     0     0
  1990  12  11     0  17.0   6.5   0.0     0     0
  1990  12  12     0  16.0   6.5   0.0     0     0
  1990  12  13     0  16.5   5.5   0.0     0     0
  1990  12  14     0  16.5   7.0   0.0     0     0
  1990  12  15     0  16.5   6.0   0.0     0     0
  1990  12  16     0  17.0   6.0   0.0     0     0
  1990  12  17     0  17.5   6.0   0.0     0     0
  1990  12  18     0  17.5   6.5   0.0     0     0
  1990  12  19     0  15.0   5.0   0.0     0     0
  1990  12  20     0  17.0   7.0   0.0     0     0
  1990  12  21     0  17.0   6.5   0.0     0     0
  1990  12  22     0  17.0   9.0   0.0     0     0
  1990  12  23     0  16.0   6.0   0.0     0     0
  1990  12  24     0  16.0   5.5   0.0     0     0
  1990  12  25     0  15.5   5.5   0.0     0     0
  1990  12  26     0  16.0   5.5   0.0     0     0
  1990  12  27     0  17.0   6.0   0.0     0     0
  1990  12  28     0  17.0   6.0   0.0     0     0
  1990  12  29     0  16.5   7.5   0.0     0     0
  1990  12  30     0  15.0   7.0   0.0     0     0
  1990  12  31     0  13.0   6.0   0.0     0     0
