  1991   1   1     0  12.0   6.0  10.0     0     0
  1991   1   2     0  10.0   4.0   8.1     0     0
  1991   1   3     0  10.0   1.5  32.6     0     0
  1991   1   4     0  12.0   2.0   0.0     0     0
  1991   1   5     0  12.0   3.0   0.0     0     0
  1991   1   6     0  12.5   3.5   0.0     0     0
  1991   1   7     0  14.0   3.5   0.0     0     0
  1991   1   8     0  13.0   4.0   0.0     0     0
  1991   1   9     0  14.5   4.5   0.0     0     0
  1991   1  10     0  14.0   4.5   0.0     0     0
  1991   1  11     0  14.5   5.5   0.0     0     0
  1991   1  12     0  14.5   9.0   0.0     0     0
  1991   1  13     0  14.5   5.5   0.0     0     0
  1991   1  14     0  13.0   2.0   0.0     0     0
  1991   1  15     0  12.5   2.5   0.0     0     0
  1991   1  16     0  13.0   3.0   0.0     0     0
  1991   1  17     0  14.0   4.5   0.0     0     0
  1991   1  18     0  14.0   4.0   0.0     0     0
  1991   1  19     0  14.0   4.0   0.0     0     0
  1991   1  20     0  14.5   5.5   0.0     0     0
  1991   1  21     0   8.5   1.0   0.0     0     0
  1991   1  22     0  10.0   0.5   0.0     0     0
  1991   1  23     0  10.0   2.0   0.0     0     0
  1991   1  24     0  11.0   2.0   0.0     0     0
  1991   1  25     0  14.5   2.0   0.0     0     0
  1991   1  26     0  16.5   DNA   0.0     0     0
  1991   1  27     0  18.0   4.5   0.0     0     0
  1991   1  28     0  18.0   7.5   0.0     0     0
  1991   1  29     0  16.5   7.0   0.0     0     0
  1991   1  30     0  16.5   6.5   0.0     0     0
  1991   1  31     0  16.0   7.0   0.0     0     0
  1991   2   1     0  16.5   6.0   0.0     0     0
  1991   2   2     0  16.0   5.0   0.0     0     0
  1991   2   3     0  15.0   5.0   0.0     0     0
  1991   2   4     0  14.5   4.0   0.0     0     0
  1991   2   5     0  16.0   4.5   0.0     0     0
  1991   2   6     0  14.0   4.5   0.0     0     0
  1991   2   7     0  15.5   5.0   0.0     0     0
  1991   2   8     0  15.5   5.5   0.0     0     0
  1991   2   9     0  16.0   6.5   0.0     0     0
  1991   2  10     0  16.0   7.5   0.0     0     0
  1991   2  11     0   DNA   9.0   0.0     0     0
  1991   2  12     0  18.5  10.0   0.0     0     0
  1991   2  13     0  19.0   8.5   0.0     0     0
  1991   2  14     0  18.5   8.0   0.0     0     0
  1991   2  15     0  17.0   6.0   0.0     0     0
  1991   2  16     0  17.0   5.5   0.0     0     0
  1991   2  17     0  17.0   6.5   0.0     0     0
  1991   2  18     0  18.0   7.5   0.0     0     0
  1991   2  19     0  18.5   7.5   0.0     0     0
  1991   2  20     0  18.0   8.5   0.0     0     0
  1991   2  21     0  18.5   8.0   0.0     0     0
  1991   2  22     0  17.0   9.0   0.0     0     0
  1991   2  23     0  19.0  10.5   0.0     0     0
  1991   2  24     0  20.0   9.0   0.0     0     0
  1991   2  25     0  21.0  10.0   0.0     0     0
  1991   2  26     0  21.0  10.5   0.0     0     0
  1991   2  27     0  18.0   9.0   0.0     0     0
  1991   2  28     0  18.0   8.5   0.0     0     0
  1991   3   1     0  18.5   8.0   0.0     0     0
  1991   3   2     0  20.0   7.5   0.0     0     0
  1991   3   3     0  19.0   8.5   0.0     0     0
  1991   3   4     0  18.5   8.0   0.0     0     0
  1991   3   5     0  15.0   9.0   0.0     0     0
  1991   3   6     0  18.0   7.0   3.8     0     0
  1991   3   7     0  19.0   8.0   0.0     0     0
  1991   3   8     0  18.5   8.0   0.0     0     0
  1991   3   9     0  19.5  10.5   0.0     0     0
  1991   3  10     0  21.5  10.0   0.0     0     0
  1991   3  11     0  22.5  10.5   0.0     0     0
  1991   3  12     0  22.5  10.0   0.0     0     0
  1991   3  13     0  22.0  11.0   0.0     0     0
  1991   3  14     0   DNA  11.0   0.0     0     0
  1991   3  15     0  23.5  11.0   0.0     0     0
  1991   3  16     0  24.0  12.5   0.0     0     0
  1991   3  17     0  23.5  12.5   0.0     0     0
  1991   3  18     0  23.5  12.5   0.0     0     0
  1991   3  19     0  24.5  13.0   0.0     0     0
  1991   3  20     0  24.0  13.0   0.0     0     0
  1991   3  21     0  25.0  13.5   0.0     0     0
  1991   3  22     0  25.0  12.0   0.0     0     0
  1991   3  23     0   DNA   DNA   0.0     0     0
  1991   3  24     0   DNA   DNA  11.0     0     0
  1991   3  25     0   DNA   DNA   1.0     0     0
  1991   3  26     0  19.0   8.5   0.0     0     0
  1991   3  27     0  20.0   9.5   0.0     0     0
  1991   3  28     0  22.0  11.0   0.0     0     0
  1991   3  29     0  22.0  12.5   0.0     0     0
  1991   3  30     0  20.0  13.5   0.0     0     0
  1991   3  31     0  18.5  14.0   0.6     0     0
  1991   4   1     0  21.0  12.0   3.9     0     0
  1991   4   2     0  22.0  12.5   0.0     0     0
  1991   4   3     0  19.5  13.5   0.0     0     0
  1991   4   4     0  27.0  12.5   0.0     0     0
  1991   4   5     0  26.0  13.0   0.0     0     0
  1991   4   6     0  23.5  13.5   0.0     0     0
  1991   4   7     0  20.5  13.0   0.0     0     0
  1991   4   8     0  22.5  11.5   0.0     0     0
  1991   4   9     0  18.0  11.5   0.0     0     0
  1991   4  10     0  18.5  10.0   7.6     0     0
  1991   4  11     0  20.5   9.5   0.0     0     0
  1991   4  12     0  24.0  10.0   0.0     0     0
  1991   4  13     0  24.0  11.5   0.0     0     0
  1991   4  14     0  24.5  12.0   0.0     0     0
  1991   4  15     0  25.0  13.0   0.0     0     0
  1991   4  16     0  26.0  14.0   0.0     0     0
  1991   4  17     0  28.0  13.0   0.0     0     0
  1991   4  18     0  24.0  12.0   0.0     0     0
  1991   4  19     0  24.0  11.5   0.0     0     0
  1991   4  20     0  24.5  12.0   0.0     0     0
  1991   4  21     0  25.0  13.0   0.0     0     0
  1991   4  22     0  26.5  14.0   0.0     0     0
  1991   4  23     0  26.0  13.0   0.0     0     0
  1991   4  24     0  26.0  14.0   0.5     0     0
  1991   4  25     0  26.0  13.0   0.0     0     0
  1991   4  26     0  25.0  14.0   0.0     0     0
  1991   4  27     0  25.0  17.0   0.0     0     0
  1991   4  28     0  23.5  12.0   5.5     0     0
  1991   4  29     0  26.0  13.5   0.0     0     0
  1991   4  30     0  19.5  13.0   7.6     0     0
  1991   5   1     0  25.0  14.5   0.0     0     0
  1991   5   2     0  24.0  12.0   3.6     0     0
  1991   5   3     0  27.0  15.0   3.5     0     0
  1991   5   4     0  24.0  14.0   0.0     0     0
  1991   5   5     0  26.0  15.0   0.0     0     0
  1991   5   6     0  22.5  14.0   3.0     0     0
  1991   5   7     0  22.5  14.0   0.0     0     0
  1991   5   8     0  25.5  15.0   0.0     0     0
  1991   5   9     0  24.0  16.0   0.0     0     0
  1991   5  10     0  25.0  15.5   0.7     0     0
  1991   5  11     0  26.0  13.5   0.0     0     0
  1991   5  12     0  25.0  15.0   0.0     0     0
  1991   5  13     0  26.0  15.0   0.0     0     0
  1991   5  14     0  25.5  14.5   1.4     0     0
  1991   5  15     0  22.5  14.5  16.2     0     0
  1991   5  16     0  23.0  14.0   0.0     0     0
  1991   5  17     0  23.5  12.5   2.7     0     0
  1991   5  18     0  23.0  12.5  13.2     0     0
  1991   5  19     0  21.5  15.0  11.2     0     0
  1991   5  20     0  22.0  14.6  19.6     0     0
  1991   5  21     0  23.0  16.0  13.3     0     0
  1991   5  22     0  23.0  15.0   0.6     0     0
  1991   5  23     0  23.0  14.0   5.6     0     0
  1991   5  24     0  25.0  14.5   0.0     0     0
  1991   5  25     0  25.0  15.5   0.0     0     0
  1991   5  26     0  25.0  16.5   7.2     0     0
  1991   5  27     0  22.5  16.5  30.5     0     0
  1991   5  28     0  22.0  16.0   5.5     0     0
  1991   5  29     0  23.5  16.5   5.0     0     0
  1991   5  30     0  23.5  16.0  12.7     0     0
  1991   5  31     0  23.5  14.5   0.0     0     0
  1991   6   1     0  24.0  14.5   0.0     0     0
  1991   6   2     0  23.0  14.0   0.0     0     0
  1991   6   3     0  25.5  16.0   0.0     0     0
  1991   6   4     0  22.5  14.5   0.0     0     0
  1991   6   5     0  23.5  15.5   0.0     0     0
  1991   6   6     0  22.0  16.5  36.8     0     0
  1991   6   7     0  22.5  16.0  38.7     0     0
  1991   6   8     0  22.5  18.5   0.0     0     0
  1991   6   9     0  23.0  17.0   1.2     0     0
  1991   6  10     0  23.0  16.0  43.4     0     0
  1991   6  11     0  24.0  16.0   1.0     0     0
  1991   6  12     0  24.0  17.0  26.6     0     0
  1991   6  13     0  22.0  17.5   8.6     0     0
  1991   6  14     0  23.0  17.0  20.5     0     0
  1991   6  15     0  23.5  18.0  12.3     0     0
  1991   6  16     0  22.0  16.0  13.2     0     0
  1991   6  17     0  22.0  16.5  31.8     0     0
  1991   6  18     0  22.5  17.0   0.0     0     0
  1991   6  19     0  22.5  17.5   1.5     0     0
  1991   6  20     0  23.0  17.0   6.3     0     0
  1991   6  21     0  23.0  16.0   9.5     0     0
  1991   6  22     0  23.0  18.0   3.0     0     0
  1991   6  23     0  23.0  18.0   8.7     0     0
  1991   6  24     0  23.0  18.0   0.0     0     0
  1991   6  25     0  23.0  16.5   0.1     0     0
  1991   6  26     0  23.0  16.0   0.1     0     0
  1991   6  27     0  24.0  15.0   0.0     0     0
  1991   6  28     0  24.0  18.5  10.1     0     0
  1991   6  29     0  24.0  16.0  35.0     0     0
  1991   6  30     0  24.5  17.5  10.5     0     0
  1991   7   1     0  24.0  17.5   0.5     0     0
  1991   7   2     0  24.0  18.0   0.3     0     0
  1991   7   3     0  23.0  19.0   1.8     0     0
  1991   7   4     0  23.5  18.0   7.2     0     0
  1991   7   5     0  23.0  17.5  20.3     0     0
  1991   7   6     0  21.5  17.5  54.3     0     0
  1991   7   7     0  23.0  17.5  12.4     0     0
  1991   7   8     0  23.5  18.0   7.6     0     0
  1991   7   9     0  23.0  18.0   8.5     0     0
  1991   7  10     0  23.0  17.5   3.9     0     0
  1991   7  11     0  22.0  16.0  13.4     0     0
  1991   7  12     0  23.0  16.0  26.2     0     0
  1991   7  13     0  23.0  17.0   2.0     0     0
  1991   7  14     0  24.0  17.0   0.6     0     0
  1991   7  15     0  24.0  17.5   7.1     0     0
  1991   7  16     0  23.0  16.5   5.8     0     0
  1991   7  17     0  23.0  17.5  41.4     0     0
  1991   7  18     0  23.0  17.5   1.2     0     0
  1991   7  19     0  24.0  17.0   0.0     0     0
  1991   7  20     0  24.0  18.0   0.0     0     0
  1991   7  21     0  24.0  18.0   6.3     0     0
  1991   7  22     0  25.0  17.0   0.0     0     0
  1991   7  23     0  24.0  18.0   0.0     0     0
  1991   7  24     0  24.0  17.0   0.0     0     0
  1991   7  25     0  25.0  17.0  14.4     0     0
  1991   7  26     0  25.0  15.5  26.6     0     0
  1991   7  27     0  24.5   DNA   0.0     0     0
  1991   7  28     0  25.5  19.0   0.2     0     0
  1991   7  29     0  25.5  18.5   0.5     0     0
  1991   7  30     0  24.0  18.0   1.8     0     0
  1991   7  31     0   DNA  17.5   1.5     0     0
  1991   8   1     0  24.5  18.0  11.0     0     0
  1991   8   2     0  24.5  17.5  42.2     0     0
  1991   8   3     0  21.0  17.0   9.0     0     0
  1991   8   4     0  23.0  18.0  16.2     0     0
  1991   8   5     0  23.5  18.0   6.4     0     0
  1991   8   6     0  23.0  17.5  13.6     0     0
  1991   8   7     0  21.0  18.5  30.8     0     0
  1991   8   8     0  21.0  17.5  12.3     0     0
  1991   8   9     0  23.0  17.0   9.0     0     0
  1991   8  10     0  22.0  17.0   7.1     0     0
  1991   8  11     0  22.5  17.0   4.7     0     0
  1991   8  12     0  24.0  18.0  17.8     0     0
  1991   8  13     0  23.0  17.5   3.5     0     0
  1991   8  14     0  23.0  18.0   0.0     0     0
  1991   8  15     0  24.0  18.0  37.2     0     0
  1991   8  16     0  25.0  18.0  34.6     0     0
  1991   8  17     0  22.5  17.0   5.6     0     0
  1991   8  18     0  24.0  17.0   0.0     0     0
  1991   8  19     0  23.5  17.0   1.0     0     0
  1991   8  20     0  25.0  17.5  11.2     0     0
  1991   8  21     0  26.0  19.0   0.0     0     0
  1991   8  22     0  23.0  17.5   0.6     0     0
  1991   8  23     0  24.0  18.0   1.7     0     0
  1991   8  24     0  24.0  18.0   0.0     0     0
  1991   8  25     0  24.0  17.0   0.2     0     0
  1991   8  26     0  24.0  17.0   0.0     0     0
  1991   8  27     0  24.0  17.5  28.2     0     0
  1991   8  28     0  23.0  18.0   0.5     0     0
  1991   8  29     0  24.0  17.5   4.7     0     0
  1991   8  30     0  24.0  17.5   6.0     0     0
  1991   8  31     0  24.5  17.5   2.2     0     0
  1991   9   1     0  22.5  14.5  96.8     0     0
  1991   9   2     0  22.0  14.5  97.3     0     0
  1991   9   3     0  23.0  17.5   4.1     0     0
  1991   9   4     0  23.5  16.5  61.5     0     0
  1991   9   5     0  23.0  16.5   3.0     0     0
  1991   9   6     0  23.0  16.5   0.0     0     0
  1991   9   7     0  23.5  17.0   0.0     0     0
  1991   9   8     0  20.5  17.5   3.4     0     0
  1991   9   9     0  23.0  16.5  21.0     0     0
  1991   9  10     0  23.0  10.5  16.0     0     0
  1991   9  11     0  22.5  16.0   8.6     0     0
  1991   9  12     0  22.5  17.0   4.6     0     0
  1991   9  13     0  23.0  17.0  10.9     0     0
  1991   9  14     0  23.0  15.5  27.4     0     0
  1991   9  15     0  22.0  16.0  43.0     0     0
  1991   9  16     0  20.5  16.0  29.3     0     0
  1991   9  17     0  21.0  16.0   0.7     0     0
  1991   9  18     0  22.5  16.0   0.0     0     0
  1991   9  19     0  23.5  16.0   0.0     0     0
  1991   9  20     0  23.5  15.5   0.0     0     0
  1991   9  21     0  23.0  15.5   0.0     0     0
  1991   9  22     0  23.5  15.5   0.0     0     0
  1991   9  23     0  23.5  15.5   0.0     0     0
  1991   9  24     0  22.0  16.0   1.1     0     0
  1991   9  25     0  22.5  16.5   0.4     0     0
  1991   9  26     0  22.0  10.0   5.4     0     0
  1991   9  27     0  21.0  10.5  27.2     0     0
  1991   9  28     0  21.5  15.0   3.0     0     0
  1991   9  29     0  21.5  16.5   0.0     0     0
  1991   9  30     0  23.5  17.0   0.0     0     0
  1991  10   1     0  24.5  16.0   0.0     0     0
  1991  10   2     0  24.0  15.5   0.0     0     0
  1991  10   3     0  24.5  15.5   0.0     0     0
  1991  10   4     0  23.5  15.0   0.0     0     0
  1991  10   5     0  23.5  14.5   0.0     0     0
  1991  10   6     0  20.0  16.0   0.0     0     0
  1991  10   7     0  20.5  16.0   0.0     0     0
  1991  10   8     0  22.0  14.0   0.0     0     0
  1991  10   9     0  22.5  13.5   0.0     0     0
  1991  10  10     0  23.0  13.0   0.0     0     0
  1991  10  11     0  23.5  13.0   0.0     0     0
  1991  10  12     0  22.0  14.0   0.0     0     0
  1991  10  13     0  21.5  13.5   0.0     0     0
  1991  10  14     0  20.5  14.0   0.0     0     0
  1991  10  15     0  20.0  14.0   0.0     0     0
  1991  10  16     0  21.5  14.0   0.9     0     0
  1991  10  17     0  21.0  13.5   0.0     0     0
  1991  10  18     0  20.0  13.5   0.0     0     0
  1991  10  19     0  22.0  13.5   0.0     0     0
  1991  10  20     0  22.5  12.5   0.0     0     0
  1991  10  21     0  20.0  10.0   0.0     0     0
  1991  10  22     0  20.5  11.0   0.0     0     0
  1991  10  23     0  21.0  12.0   0.0     0     0
  1991  10  24     0  21.5  11.0   0.0     0     0
  1991  10  25     0  20.5  12.5   0.0     0     0
  1991  10  26     0  20.0  14.0   0.0     0     0
  1991  10  27     0  20.0  10.0   0.0     0     0
  1991  10  28     0  21.5  10.5   0.0     0     0
  1991  10  29     0  20.5  10.0   0.0     0     0
  1991  10  30     0  21.5  11.0   0.0     0     0
  1991  10  31     0  21.0  12.0   0.0     0     0
  1991  11   1     0  20.5  10.0   0.0     0     0
  1991  11   2     0  19.5  10.0   0.0     0     0
  1991  11   3     0  20.0   9.5   0.0     0     0
  1991  11   4     0  19.0   9.5   0.0     0     0
  1991  11   5     0  19.5   8.5   0.0     0     0
  1991  11   6     0  18.5   8.0   0.0     0     0
  1991  11   7     0  20.0   9.5   0.0     0     0
  1991  11   8     0  19.5   9.0   0.0     0     0
  1991  11   9     0  19.0   9.0   0.0     0     0
  1991  11  10     0  18.5   9.5   0.0     0     0
  1991  11  11     0  19.0   9.0   0.0     0     0
  1991  11  12     0  20.0   9.5   0.0     0     0
  1991  11  13     0  20.0   9.5   0.0     0     0
  1991  11  14     0  19.0   9.0   0.0     0     0
  1991  11  15     0  19.5   9.0   0.0     0     0
  1991  11  16     0  18.0   6.5   0.0     0     0
  1991  11  17     0  18.5   8.0   0.0     0     0
  1991  11  18     0  18.5   7.5   0.0     0     0
  1991  11  19     0  18.5   8.0   0.0     0     0
  1991  11  20     0  17.0  10.0   0.0     0     0
  1991  11  21     0  17.0   6.0   0.0     0     0
  1991  11  22     0  17.0   6.0   0.0     0     0
  1991  11  23     0  17.0   6.0   0.0     0     0
  1991  11  24     0  19.5   7.5   0.0     0     0
  1991  11  25     0  18.5   7.5   0.0     0     0
  1991  11  26     0  18.0   7.0   0.0     0     0
  1991  11  27     0  18.5   6.5   0.0     0     0
  1991  11  28     0  18.5   6.0   0.0     0     0
  1991  11  29     0  15.5   6.0   0.0     0     0
  1991  11  30     0  15.0   6.0   0.0     0     0
  1991  12   1     0  14.5   5.0   0.0     0     0
  1991  12   2     0  14.5   6.0   0.0     0     0
  1991  12   3     0  15.0   5.5   0.0     0     0
  1991  12   4     0  16.0   7.5   0.0     0     0
  1991  12   5     0  17.0   5.5   0.0     0     0
  1991  12   6     0  17.0   6.0   0.0     0     0
  1991  12   7     0  16.5   9.0   0.0     0     0
  1991  12   8     0  17.0   7.5   0.0     0     0
  1991  12   9     0  17.5   6.0   0.0     0     0
  1991  12  10     0  17.0   6.5   0.0     0     0
  1991  12  11     0  16.0   6.0   0.0     0     0
  1991  12  12     0  17.5   6.0   0.0     0     0
  1991  12  13     0  17.0   6.5   0.0     0     0
  1991  12  14     0  17.5   6.5   0.0     0     0
  1991  12  15     0  17.5   8.5   0.0     0     0
  1991  12  16     0  17.0   7.5   0.0     0     0
  1991  12  17     0  18.5   8.5   0.0     0     0
  1991  12  18     0  18.5   8.5   0.0     0     0
  1991  12  19     0  17.0   7.5   0.0     0     0
  1991  12  20     0  17.0   7.0   0.0     0     0
  1991  12  21     0  17.5   6.5   0.0     0     0
  1991  12  22     0  16.0   7.0   0.0     0     0
  1991  12  23     0  14.0   5.0   0.0     0     0
  1991  12  24     0  15.0   5.5   0.0     0     0
  1991  12  25     0  10.5   6.5   5.1     0     0
  1991  12  26     0   9.5   5.0   7.0     0     0
  1991  12  27     0  12.0   3.5   3.0     0     0
  1991  12  28     0  10.5   2.5   0.0     0     0
  1991  12  29     0  11.5   1.5   0.0     0     0
  1991  12  30     0   9.5   1.0   0.0     0     0
  1991  12  31     0  10.5   0.5   0.0     0     0
