  2005   1   1     0  16.0   5.6   0.0     0     0
  2005   1   2     0  16.7   5.8   0.0     0     0
  2005   1   3     0  16.0   6.5   0.0     0     0
  2005   1   4     0  17.5   7.5   0.0     0     0
  2005   1   5     0  16.7   6.7   0.0     0     0
  2005   1   6     0  16.2   6.7   0.0     0     0
  2005   1   7     0  17.1   6.0   0.0     0     0
  2005   1   8     0  15.0   5.5   0.0     0     0
  2005   1   9     0  15.0   5.5   0.0     0     0
  2005   1  10     0  14.0   3.0   0.0     0     0
  2005   1  11     0  13.3   2.6   0.0     0     0
  2005   1  12     0  13.1   2.9   0.0     0     0
  2005   1  13     0  10.5   3.5   0.0     0     0
  2005   1  14     0  13.4   3.6   0.0     0     0
  2005   1  15     0  15.0   4.3   0.0     0     0
  2005   1  16     0  14.2   4.4   0.0     0     0
  2005   1  17     0  12.7   5.2   0.0     0     0
  2005   1  18     0  15.2   5.6  18.2     0     0
  2005   1  19     0  12.6   4.0   0.0     0     0
  2005   1  20     0  12.6   2.5   0.0     0     0
  2005   1  21     0  11.7   3.5   1.2     0     0
  2005   1  22     0  13.5   3.0   0.4     0     0
  2005   1  23     0   7.0   2.4  17.0     0     0
  2005   1  24     0   8.0   2.7   0.0     0     0
  2005   1  25     0  14.2   2.7   0.0     0     0
  2005   1  26     0  13.8   4.4   0.0     0     0
  2005   1  27     0  14.5   4.0   0.0     0     0
  2005   1  28     0  10.0   5.5   0.0     0     0
  2005   1  29     0  16.1   5.0   0.0     0     0
  2005   1  30     0  13.1   6.7   0.0     0     0
  2005   1  31     0  13.0   7.5   5.2     0     0
  2005   2   1     0  14.5   6.5   0.0     0     0
  2005   2   2     0  13.7   4.6   0.0     0     0
  2005   2   3     0  12.6   4.4   0.0     0     0
  2005   2   4     0  15.0   4.0   0.0     0     0
  2005   2   5     0  15.7   4.4   0.0     0     0
  2005   2   6     0  16.0   4.9   0.0     0     0
  2005   2   7     0  16.5   5.1   0.0     0     0
  2005   2   8     0  16.5   5.6   0.0     0     0
  2005   2   9     0  17.7   6.5   0.0     0     0
  2005   2  10     0  17.7   7.0   0.0     0     0
  2005   2  11     0  18.1   7.5   0.0     0     0
  2005   2  12     0  18.5   8.0   0.0     0     0
  2005   2  13     0  19.2  10.0   0.0     0     0
  2005   2  14     0  17.0   7.3   0.0     0     0
  2005   2  15     0  14.6   6.4   0.0     0     0
  2005   2  16     0  17.5   8.5   0.0     0     0
  2005   2  17     0  19.2   7.3   0.0     0     0
  2005   2  18     0  20.4   9.0   1.9     0     0
  2005   2  19     0  21.5   9.4   0.0     0     0
  2005   2  20     0  22.5  10.2   0.0     0     0
  2005   2  21     0  23.6  11.2   0.0     0     0
  2005   2  22     0  19.1  10.5   1.2     0     0
  2005   2  23     0  18.8   7.5   0.0     0     0
  2005   2  24     0  19.3   8.4   0.0     0     0
  2005   2  25     0  19.0   8.0   0.0     0     0
  2005   2  26     0  18.0   7.6   0.0     0     0
  2005   2  27     0  18.0   8.4   0.0     0     0
  2005   2  28     0  17.5   7.5   0.0     0     0
  2005   3   1     0  19.0   9.1   0.0     0     0
  2005   3   2     0  21.0   9.0   0.0     0     0
  2005   3   3     0  20.0  10.1   0.0     0     0
  2005   3   4     0  21.5  11.0   0.0     0     0
  2005   3   5     0  23.0  11.4   0.0     0     0
  2005   3   6     0  24.5  12.5   0.0     0     0
  2005   3   7     0  23.1  11.0   0.0     0     0
  2005   3   8     0  22.5  11.7   0.0     0     0
  2005   3   9     0  22.0  11.1   0.0     0     0
  2005   3  10     0  23.6  11.5   0.0     0     0
  2005   3  11     0  21.1  11.1   0.0     0     0
  2005   3  12     0  19.8   8.4   0.0     0     0
  2005   3  13     0  21.0   8.3   0.0     0     0
  2005   3  14     0  23.7  10.4   0.0     0     0
  2005   3  15     0  23.8  11.6   0.0     0     0
  2005   3  16     0  23.1  11.1   0.0     0     0
  2005   3  17     0  21.9  12.3   6.2     0     0
  2005   3  18     0  20.6  11.5  19.6     0     0
  2005   3  19     0  18.2  11.5   5.0     0     0
  2005   3  20     0  19.6  10.0   0.0     0     0
  2005   3  21     0  21.0  12.5   0.0     0     0
  2005   3  22     0  24.2  12.1   8.6     0     0
  2005   3  23     0  22.1  11.5   7.2     0     0
  2005   3  24     0  20.1   9.5   1.3     0     0
  2005   3  25     0  15.2  10.1   0.0     0     0
  2005   3  26     0  19.8  10.5   0.2     0     0
  2005   3  27     0  19.5  10.0   0.0     0     0
  2005   3  28     0  21.0  10.5   0.0     0     0
  2005   3  29     0  21.0  11.0   0.0     0     0
  2005   3  30     0  21.0  11.0   0.0     0     0
  2005   3  31     0  22.5  11.0   0.0     0     0
  2005   4   1     0  24.5  12.0   0.0     0     0
  2005   4   2     0  23.5  11.5   0.0     0     0
  2005   4   3     0  24.0  10.2   8.5     0     0
  2005   4   4     0  20.7   8.0   0.0     0     0
  2005   4   5     0  22.2  10.6   0.0     0     0
  2005   4   6     0  22.5  11.9   7.2     0     0
  2005   4   7     0  22.7  10.6   0.0     0     0
  2005   4   8     0  24.4  12.6   0.0     0     0
  2005   4   9     0  24.2  14.5   1.1     0     0
  2005   4  10     0  25.4  14.7   0.0     0     0
  2005   4  11     0  23.5  13.1   0.0     0     0
  2005   4  12     0  25.0  12.0   0.0     0     0
  2005   4  13     0  22.7  11.6   0.0     0     0
  2005   4  14     0  23.4  11.5   0.0     0     0
  2005   4  15     0  24.2  13.0   0.0     0     0
  2005   4  16     0  26.0  14.5   0.0     0     0
  2005   4  17     0  25.0  14.7   0.0     0     0
  2005   4  18     0  25.8  15.0   0.0     0     0
  2005   4  19     0  26.5  15.5   0.0     0     0
  2005   4  20     0  25.7  12.0  12.7     0     0
  2005   4  21     0  23.9   9.6   0.0     0     0
  2005   4  22     0  24.0  13.8   1.2     0     0
  2005   4  23     0  24.8  14.0   4.2     0     0
  2005   4  24     0  23.2  13.9   0.0     0     0
  2005   4  25     0  22.0  14.3   2.7     0     0
  2005   4  26     0  23.0  14.0   2.4     0     0
  2005   4  27     0  23.6  13.3   0.0     0     0
  2005   4  28     0  24.1  12.3  15.3     0     0
  2005   4  29     0  20.9  12.1   2.0     0     0
  2005   4  30     0  17.2  11.1  28.2     0     0
  2005   5   1     0  20.9  11.9  12.6     0     0
  2005   5   2     0  21.8  10.2   5.8     0     0
  2005   5   3     0  22.5  11.8   5.2     0     0
  2005   5   4     0  21.5  13.0   0.7     0     0
  2005   5   5     0  21.2  11.8  12.8     0     0
  2005   5   6     0  18.5  11.8   0.5     0     0
  2005   5   7     0  19.7  12.2   0.0     0     0
  2005   5   8     0  20.7  12.2   7.3     0     0
  2005   5   9     0  20.0  14.3   0.0     0     0
  2005   5  10     0  24.0  15.7   0.0     0     0
  2005   5  11     0  24.0  13.3   0.0     0     0
  2005   5  12     0  25.1  13.4   0.0     0     0
  2005   5  13     0  24.7  13.3   0.0     0     0
  2005   5  14     0  23.5  12.9   0.0     0     0
  2005   5  15     0  23.0  13.3   0.0     0     0
  2005   5  16     0  25.0  14.5   0.6     0     0
  2005   5  17     0  24.6  13.5   5.7     0     0
  2005   5  18     0  23.7  14.0   0.0     0     0
  2005   5  19     0  24.7  14.2  14.6     0     0
  2005   5  20     0  21.0  12.4   0.0     0     0
  2005   5  21     0  22.1  14.5   0.0     0     0
  2005   5  22     0  22.8  14.6   0.0     0     0
  2005   5  23     0  24.0  15.7   0.2     0     0
  2005   5  24     0  23.6  16.6   0.0     0     0
  2005   5  25     0  24.0  15.7   0.0     0     0
  2005   5  26     0  24.0  16.1   0.0     0     0
  2005   5  27     0  26.6  17.4   0.0     0     0
  2005   5  28     0  26.0  17.1   0.0     0     0
  2005   5  29     0  27.0  17.4   0.0     0     0
  2005   5  30     0  27.0  17.5   0.3     0     0
  2005   5  31     0  26.1  17.6   0.0     0     0
  2005   6   1     0  27.8  17.7   0.0     0     0
  2005   6   2     0  27.8  18.5   0.0     0     0
  2005   6   3     0  27.9  14.5   9.2     0     0
  2005   6   4     0  24.7  14.6   0.3     0     0
  2005   6   5     0  24.6  15.2   4.2     0     0
  2005   6   6     0  25.7  13.5   0.2     0     0
  2005   6   7     0  23.8  16.4   0.0     0     0
  2005   6   8     0  26.5  16.3   0.0     0     0
  2005   6   9     0  24.5  16.4   5.0     0     0
  2005   6  10     0  26.3  16.2   0.1     0     0
  2005   6  11     0  27.2  17.7   0.3     0     0
  2005   6  12     0  26.3  18.1   1.0     0     0
  2005   6  13     0  25.1  18.8   0.3     0     0
  2005   6  14     0  26.6  17.9  10.4     0     0
  2005   6  15     0  26.7  19.3   1.0     0     0
  2005   6  16     0  24.0  19.0   0.0     0     0
  2005   6  17     0  26.2  18.5     T     0     0
  2005   6  18     0  24.8  19.5   0.0     0     0
  2005   6  19     0  25.6  17.9   0.0     0     0
  2005   6  20     0  23.6  18.7   2.7     0     0
  2005   6  21     0  24.8  18.0  17.2     0     0
  2005   6  22     0  21.4  17.9   2.9     0     0
  2005   6  23     0  22.4  17.5   5.8     0     0
  2005   6  24     0  22.1  16.2  12.9     0     0
  2005   6  25     0  22.5  17.1   1.5     0     0
  2005   6  26     0  23.0  17.9   0.0     0     0
  2005   6  27     0  24.6  17.5   6.9     0     0
  2005   6  28     0  22.8  18.8   4.6     0     0
  2005   6  29     0  22.0  17.5  13.3     0     0
  2005   6  30     0  24.5  17.3   7.3     0     0
  2005   7   1     0  22.6  18.0   2.5     0     0
  2005   7   2     0  23.6  18.0   2.6     0     0
  2005   7   3     0  23.5  17.7   4.4     0     0
  2005   7   4     0  21.2  17.9  17.8     0     0
  2005   7   5     0  22.6  17.8   0.7     0     0
  2005   7   6     0  23.1  17.5   0.0     0     0
  2005   7   7     0  24.6  18.2  61.6     0     0
  2005   7   8     0  23.6  15.4  47.5     0     0
  2005   7   9     0  23.0  15.9  49.3     0     0
  2005   7  10     0  21.0  17.6   3.6     0     0
  2005   7  11     0  22.5  18.0  32.5     0     0
  2005   7  12     0  23.2  17.6  77.6     0     0
  2005   7  13     0  21.7  17.9  18.5     0     0
  2005   7  14     0  23.0  17.0   2.2     0     0
  2005   7  15     0  21.5  17.7   0.8     0     0
  2005   7  16     0  20.7  17.3  14.4     0     0
  2005   7  17     0  19.6  17.4  21.4     0     0
  2005   7  18     0  22.0  16.9   3.5     0     0
  2005   7  19     0  21.3  17.6  14.9     0     0
  2005   7  20     0  23.7  18.0  12.1     0     0
  2005   7  21     0  24.1  18.2   1.1     0     0
  2005   7  22     0  23.3  18.5   5.5     0     0
  2005   7  23     0  24.0  17.5   1.6     0     0
  2005   7  24     0  23.6  17.7   7.2     0     0
  2005   7  25     0  25.5  17.5   5.5     0     0
  2005   7  26     0  24.9  18.8   0.0     0     0
  2005   7  27     0  24.5  17.5   0.0     0     0
  2005   7  28     0  25.0  17.5   2.4     0     0
  2005   7  29     0  24.5  17.9   2.5     0     0
  2005   7  30     0  25.0  17.7   0.9     0     0
  2005   7  31     0  25.0  19.1   0.0     0     0
  2005   8   1     0  24.7  18.5   0.0     0     0
  2005   8   2     0  25.8  17.7   0.0     0     0
  2005   8   3     0  23.5  19.0   1.8     0     0
  2005   8   4     0  24.5  18.0   1.3     0     0
  2005   8   5     0  23.1  18.6   2.2     0     0
  2005   8   6     0  22.5  18.5  40.9     0     0
  2005   8   7     0  19.9  18.5  45.2     0     0
  2005   8   8     0  22.1  17.0   0.0     0     0
  2005   8   9     0  23.9  17.6  22.3     0     0
  2005   8  10     0  24.0  18.4   5.2     0     0
  2005   8  11     0  22.0  18.1  15.5     0     0
  2005   8  12     0  23.8  18.2   0.5     0     0
  2005   8  13     0  24.6  18.2  10.6     0     0
  2005   8  14     0  24.6  19.0  24.6     0     0
  2005   8  15     0  23.5  18.1   8.4     0     0
  2005   8  16     0  22.1  18.1   9.0     0     0
  2005   8  17     0  24.0  17.0   1.2     0     0
  2005   8  18     0  22.5  18.1   1.2     0     0
  2005   8  19     0  22.5  17.7  27.8     0     0
  2005   8  20     0  23.1  18.5  13.6     0     0
  2005   8  21     0  23.0  17.8   0.0     0     0
  2005   8  22     0  22.8  17.6   0.0     0     0
  2005   8  23     0  24.0  18.5  12.3     0     0
  2005   8  24     0  22.1  18.0   7.3     0     0
  2005   8  25     0  20.1  17.9 102.0     0     0
  2005   8  26     0  19.1  16.6  81.1     0     0
  2005   8  27     0  22.0  16.5   1.8     0     0
  2005   8  28     0  24.7  16.2   0.2     0     0
  2005   8  29     0  23.5  16.0   0.0     0     0
  2005   8  30     0  22.9  16.5   6.6     0     0
  2005   8  31     0  25.1  16.5   1.7     0     0
  2005   9   1     0  24.7  17.6   0.0     0     0
  2005   9   2     0  26.0  17.1   0.0     0     0
  2005   9   3     0  25.5  18.2   3.2     0     0
  2005   9   4     0  23.9  18.0   2.5     0     0
  2005   9   5     0  21.6  17.5  16.5     0     0
  2005   9   6     0  22.8  17.4   5.2     0     0
  2005   9   7     0  24.7  15.7   0.0     0     0
  2005   9   8     0  24.5  17.8  14.9     0     0
  2005   9   9     0  26.2  14.0   0.0     0     0
  2005   9  10     0  25.4  16.8   0.0     0     0
  2005   9  11     0  25.4  17.6   0.0     0     0
  2005   9  12     0  26.0  18.5   0.0     0     0
  2005   9  13     0  23.5  18.0   0.5     0     0
  2005   9  14     0  23.2  18.5   0.0     0     0
  2005   9  15     0  25.2  17.6   0.0     0     0
  2005   9  16     0  27.2  19.0   0.0     0     0
  2005   9  17     0  25.5  18.3   7.8     0     0
  2005   9  18     0  25.1  16.9   0.0     0     0
  2005   9  19     0  25.5  17.8   0.0     0     0
  2005   9  20     0  26.0  18.2  27.2     0     0
  2005   9  21     0  20.6  16.4   6.2     0     0
  2005   9  22     0  21.0  17.1   0.0     0     0
  2005   9  23     0  22.1  16.0   0.0     0     0
  2005   9  24     0  23.9  16.5   0.0     0     0
  2005   9  25     0  23.0  17.0   0.0     0     0
  2005   9  26     0  24.1  17.3   1.2     0     0
  2005   9  27     0  23.0  16.6   0.0     0     0
  2005   9  28     0  23.5  16.7   0.0     0     0
  2005   9  29     0  23.1  16.6   0.0     0     0
  2005   9  30     0  23.5  15.1   0.0     0     0
  2005  10   1     0  21.5  15.4   0.0     0     0
  2005  10   2     0  21.0  15.9  19.7     0     0
  2005  10   3     0  21.0  15.5   6.1     0     0
  2005  10   4     0  21.0  15.1   0.0     0     0
  2005  10   5     0  19.0  15.3   1.1     0     0
  2005  10   6     0  22.5  15.4   0.0     0     0
  2005  10   7     0  20.0  14.2  40.1     0     0
  2005  10   8     0  22.0  14.9   0.0     0     0
  2005  10   9     0  22.2  13.8   0.0     0     0
  2005  10  10     0  24.0  14.5   0.0     0     0
  2005  10  11     0  23.5  14.0   0.0     0     0
  2005  10  12     0  23.0  14.9   0.0     0     0
  2005  10  13     0  24.9  14.2   0.0     0     0
  2005  10  14     0  24.0  13.9   0.0     0     0
  2005  10  15     0  23.0  14.2   0.0     0     0
  2005  10  16     0  22.1  13.9   0.0     0     0
  2005  10  17     0  22.7  13.5   0.0     0     0
  2005  10  18     0  20.6  13.6   0.0     0     0
  2005  10  19     0  18.1  13.1   0.0     0     0
  2005  10  20     0  20.0  14.2   5.9     0     0
  2005  10  21     0  16.9  12.7   8.3     0     0
  2005  10  22     0  21.1  13.6   0.3     0     0
  2005  10  23     0  19.0  12.5   0.0     0     0
  2005  10  24     0  18.1  12.2   0.0     0     0
  2005  10  25     0  16.1  11.9   0.0     0     0
  2005  10  26     0  20.0  13.0   0.0     0     0
  2005  10  27     0  20.9  10.4   0.0     0     0
  2005  10  28     0  20.2  11.2   0.0     0     0
  2005  10  29     0  20.6  10.7   0.0     0     0
  2005  10  30     0  20.2  10.0   0.0     0     0
  2005  10  31     0  19.7  10.5   0.0     0     0
  2005  11   1     0  20.4   9.7   0.0     0     0
  2005  11   2     0  20.0   9.2   0.0     0     0
  2005  11   3     0  19.8   9.0   0.0     0     0
  2005  11   4     0  20.0   9.3   0.0     0     0
  2005  11   5     0  21.0  10.5   0.0     0     0
  2005  11   6     0  20.2   9.9   0.0     0     0
  2005  11   7     0  20.6   9.8   0.0     0     0
  2005  11   8     0  20.9  10.4   0.0     0     0
  2005  11   9     0  20.1   9.5   0.0     0     0
  2005  11  10     0  19.0   8.7   0.0     0     0
  2005  11  11     0  19.1   9.2   0.0     0     0
  2005  11  12     0  19.3   9.0   0.0     0     0
  2005  11  13     0  19.0   9.0   0.0     0     0
  2005  11  14     0  20.1   8.5   0.0     0     0
  2005  11  15     0  19.6  10.1   0.0     0     0
  2005  11  16     0  19.5   8.7   0.0     0     0
  2005  11  17     0  19.0   8.5   0.0     0     0
  2005  11  18     0  18.2   8.1   0.0     0     0
  2005  11  19     0  16.6   8.7   0.0     0     0
  2005  11  20     0  17.9   8.7   0.0     0     0
  2005  11  21     0  18.9   9.0   0.0     0     0
  2005  11  22     0  18.5   8.1   0.0     0     0
  2005  11  23     0  17.1   8.0   0.0     0     0
  2005  11  24     0  15.1   7.6   0.0     0     0
  2005  11  25     0  15.1   7.8   0.0     0     0
  2005  11  26     0  18.5   8.1   0.0     0     0
  2005  11  27     0  18.2   8.0   0.0     0     0
  2005  11  28     0  17.5   7.9   0.0     0     0
  2005  11  29     0  18.0   7.0   0.0     0     0
  2005  11  30     0  17.5   6.9   0.0     0     0
  2005  12   1     0  16.4   7.0   0.0     0     0
  2005  12   2     0  17.5   7.2   0.0     0     0
  2005  12   3     0  17.4   7.2   0.0     0     0
  2005  12   4     0  17.3   8.0   0.0     0     0
  2005  12   5     0  17.5   6.7   0.0     0     0
  2005  12   6     0  18.3   7.3   0.0     0     0
  2005  12   7     0  17.5   7.5   0.0     0     0
  2005  12   8     0  16.9   7.0   0.0     0     0
  2005  12   9     0  16.6   7.3   0.0     0     0
  2005  12  10     0  17.0   5.5   0.0     0     0
  2005  12  11     0  17.1   5.5   0.0     0     0
  2005  12  12     0  16.5   5.7   0.0     0     0
  2005  12  13     0  16.0   6.1   0.0     0     0
  2005  12  14     0  17.0   7.0   0.0     0     0
  2005  12  15     0  17.0   6.9   0.0     0     0
  2005  12  16     0  17.2   7.1   0.0     0     0
  2005  12  17     0  17.1   7.1   0.0     0     0
  2005  12  18     0  16.6   6.8   0.0     0     0
  2005  12  19     0  16.4   5.5   0.0     0     0
  2005  12  20     0  16.5   5.5   0.0     0     0
  2005  12  21     0  18.0   6.5   0.0     0     0
  2005  12  22     0  17.0   7.4   0.0     0     0
  2005  12  23     0  16.8   7.6   0.0     0     0
  2005  12  24     0  16.2   6.5   0.0     0     0
  2005  12  25     0  16.0   6.0   0.0     0     0
  2005  12  26     0  17.9   6.7   0.0     0     0
  2005  12  27     0  16.2   7.6   0.0     0     0
  2005  12  28     0  14.7   5.5   0.0     0     0
  2005  12  29     0  14.5   5.0   0.0     0     0
  2005  12  30     0  16.0   5.0   0.0     0     0
  2005  12  31     0  15.8   5.5   0.0     0     0
