  2000   1   1     0  15.0   6.0   0.0     0     0
  2000   1   2     0  16.5   7.0   0.0     0     0
  2000   1   3     0  16.5   7.0   0.0     0     0
  2000   1   4     0  16.5   6.0   0.0     0     0
  2000   1   5     0  15.5   6.0   0.0     0     0
  2000   1   6     0  15.5   6.0   0.0     0     0
  2000   1   7     0  15.5   6.0   0.0     0     0
  2000   1   8     0  13.5   5.0   0.0     0     0
  2000   1   9     0  14.0   4.0   0.0     0     0
  2000   1  10     0  14.0   5.0   0.0     0     0
  2000   1  11     0  15.0   4.5   0.0     0     0
  2000   1  12     0  15.0   5.0   0.0     0     0
  2000   1  13     0  16.0   7.0   0.0     0     0
  2000   1  14     0  15.5   7.5   0.0     0     0
  2000   1  15     0  16.0   6.0   0.0     0     0
  2000   1  16     0  18.0   5.0   0.0     0     0
  2000   1  17     0  17.0   4.0   0.0     0     0
  2000   1  18     0  17.5   4.5   0.0     0     0
  2000   1  19     0  17.5   6.5   0.0     0     0
  2000   1  20     0  14.0   5.0   0.0     0     0
  2000   1  21     0  14.0   4.0   0.0     0     0
  2000   1  22     0  14.0   4.5   0.0     0     0
  2000   1  23     0  13.5   3.5   0.0     0     0
  2000   1  24     0  13.5   4.5   0.0     0     0
  2000   1  25     0  14.5   5.5   0.0     0     0
  2000   1  26     0  15.5   5.5   0.0     0     0
  2000   1  27     0  15.5   5.0   0.0     0     0
  2000   1  28     0  16.0   5.5   0.0     0     0
  2000   1  29     0  16.0   4.0   0.0     0     0
  2000   1  30     0  15.5   4.0   0.0     0     0
  2000   1  31     0  15.5   5.0   0.0     0     0
  2000   2   1     0  16.0   4.0  26.4     0     0
  2000   2   2     0  15.5   3.5   1.6     0     0
  2000   2   3     0  11.0   4.0   0.0     0     0
  2000   2   4     0  13.0   4.0   0.0     0     0
  2000   2   5     0  13.0   5.0   3.0     0     0
  2000   2   6     0  15.0   5.5   0.0     0     0
  2000   2   7     0  15.0   5.0   0.0     0     0
  2000   2   8     0  15.0   5.0   0.0     0     0
  2000   2   9     0  15.0   4.5   0.0     0     0
  2000   2  10     0  14.5   4.0   0.0     0     0
  2000   2  11     0  15.0   4.0   0.0     0     0
  2000   2  12     0  16.0   5.5   0.0     0     0
  2000   2  13     0  17.0   6.0   0.0     0     0
  2000   2  14     0  17.0   6.0   0.0     0     0
  2000   2  15     0  17.0   5.5   0.0     0     0
  2000   2  16     0  17.0   6.0   0.0     0     0
  2000   2  17     0  17.0   6.0   0.0     0     0
  2000   2  18     0  17.5   4.0   0.0     0     0
  2000   2  19     0  15.0   5.0   0.0     0     0
  2000   2  20     0  14.5   3.5   0.0     0     0
  2000   2  21     0  15.5   4.5   0.0     0     0
  2000   2  22     0  15.5   4.0   0.0     0     0
  2000   2  23     0  16.5   4.5   0.0     0     0
  2000   2  24     0  16.0   6.0   0.0     0     0
  2000   2  25     0  15.5   5.5   0.0     0     0
  2000   2  26     0  15.5   5.0   0.0     0     0
  2000   2  27     0  14.0   3.5   0.0     0     0
  2000   2  28     0  14.5   5.0   4.7     0     0
  2000   2  29     0  16.0   5.5   0.0     0     0
  2000   3   1     0  16.0   7.0   0.0     0     0
  2000   3   2     0  16.0   6.5   0.0     0     0
  2000   3   3     0  16.5   7.0   0.0     0     0
  2000   3   4     0  18.0   6.5   0.0     0     0
  2000   3   5     0  19.0   8.0   0.0     0     0
  2000   3   6     0  20.0  10.0   0.0     0     0
  2000   3   7     0  20.5   9.0   0.0     0     0
  2000   3   8     0  20.5  12.0   0.0     0     0
  2000   3   9     0  21.5   7.5   0.0     0     0
  2000   3  10     0  21.0   6.5   0.0     0     0
  2000   3  11     0  20.5   7.0   0.0     0     0
  2000   3  12     0  20.5   7.5   0.0     0     0
  2000   3  13     0  20.0   8.5     T     0     0
  2000   3  14     0  20.0   8.5  12.6     0     0
  2000   3  15     0  20.0   8.0   0.0     0     0
  2000   3  16     0  19.0   7.5   0.0     0     0
  2000   3  17     0  20.0   7.5   0.0     0     0
  2000   3  18     0  20.0   8.0   0.0     0     0
  2000   3  19     0  20.5  10.0   0.0     0     0
  2000   3  20     0  21.0   9.5   0.0     0     0
  2000   3  21     0  21.5  10.0   0.0     0     0
  2000   3  22     0  22.5  10.0   0.0     0     0
  2000   3  23     0  20.0  12.0   0.0     0     0
  2000   3  24     0  22.5  10.0   0.0     0     0
  2000   3  25     0  22.0  10.0   0.0     0     0
  2000   3  26     0  22.5  11.0   0.0     0     0
  2000   3  27     0  23.5  12.5   0.0     0     0
  2000   3  28     0  24.0   9.5   6.4     0     0
  2000   3  29     0  24.5  13.5   0.0     0     0
  2000   3  30     0  24.0  13.0   0.0     0     0
  2000   3  31     0  25.0  13.5   0.0     0     0
  2000   4   1     0  25.5  15.5   0.0     0     0
  2000   4   2     0  25.5  15.0   0.0     0     0
  2000   4   3     0  25.0  14.0   0.0     0     0
  2000   4   4     0  25.5  13.5   0.0     0     0
  2000   4   5     0  25.5  13.5   0.0     0     0
  2000   4   6     0  25.5  13.5   0.0     0     0
  2000   4   7     0  26.0  14.0   0.0     0     0
  2000   4   8     0  26.0  14.0   0.0     0     0
  2000   4   9     0  26.0  14.0   0.0     0     0
  2000   4  10     0  26.0  13.0     T     0     0
  2000   4  11     0  25.0  13.0   6.0     0     0
  2000   4  12     0  25.5  12.5   0.0     0     0
  2000   4  13     0  24.0  12.5   0.0     0     0
  2000   4  14     0  25.0  14.0   0.9     0     0
  2000   4  15     0  20.0  12.0   4.6     0     0
  2000   4  16     0  25.0  13.5   7.9     0     0
  2000   4  17     0  23.5  12.0   5.3     0     0
  2000   4  18     0  24.5  12.0   2.0     0     0
  2000   4  19     0  24.0  13.5   0.0     0     0
  2000   4  20     0  25.5  14.5   0.0     0     0
  2000   4  21     0  25.0  14.0   0.0     0     0
  2000   4  22     0  25.0  13.5   2.7     0     0
  2000   4  23     0  23.5   9.0  80.0     0     0
  2000   4  24     0  19.5   8.5   3.4     0     0
  2000   4  25     0  16.5  12.5   7.0     0     0
  2000   4  26     0  20.5  12.0   0.0     0     0
  2000   4  27     0  18.5  14.5   7.8     0     0
  2000   4  28     0  22.5  14.0   0.0     0     0
  2000   4  29     0  23.5  14.0   0.0     0     0
  2000   4  30     0  22.5  14.0   0.0     0     0
  2000   5   1     0  24.0  14.5   0.3     0     0
  2000   5   2     0  22.5  13.0   0.0     0     0
  2000   5   3     0  22.5  14.5   0.0     0     0
  2000   5   4     0  23.0  14.5   0.0     0     0
  2000   5   5     0  25.0  15.0   0.0     0     0
  2000   5   6     0  25.0  14.5   0.0     0     0
  2000   5   7     0  22.5  13.5   1.5     0     0
  2000   5   8     0  24.0  13.0   0.0     0     0
  2000   5   9     0  24.0  15.0  35.0     0     0
  2000   5  10     0  25.0  12.5   0.0     0     0
  2000   5  11     0  25.5  16.5   0.4     0     0
  2000   5  12     0  26.0  18.5   0.0     0     0
  2000   5  13     0  26.5  18.0   0.0     0     0
  2000   5  14     0  26.5  17.5   0.0     0     0
  2000   5  15     0  25.0  17.0   7.6     0     0
  2000   5  16     0  24.5  17.0  20.6     0     0
  2000   5  17     0  24.0  17.0   0.4     0     0
  2000   5  18     0  23.5  16.5   0.0     0     0
  2000   5  19     0  22.5  16.5   1.0     0     0
  2000   5  20     0  20.5  15.5     T     0     0
  2000   5  21     0  21.5  15.5   2.6     0     0
  2000   5  22     0  20.0  16.0   1.0     0     0
  2000   5  23     0  21.5  15.5  18.2     0     0
  2000   5  24     0  21.5  16.5   6.3     0     0
  2000   5  25     0  22.5  16.5   0.4     0     0
  2000   5  26     0  25.0  18.0   4.5     0     0
  2000   5  27     0  23.5  16.0   2.2     0     0
  2000   5  28     0  23.5  16.0   0.0     0     0
  2000   5  29     0  22.5  16.5   4.8     0     0
  2000   5  30     0  22.5  16.0   0.2     0     0
  2000   5  31     0  21.5  16.5  20.7     0     0
  2000   6   1     0  22.0  16.0     T     0     0
  2000   6   2     0  22.5  15.5   0.0     0     0
  2000   6   3     0  25.0  16.5   0.4     0     0
  2000   6   4     0  26.5  16.5   7.0     0     0
  2000   6   5     0  25.0  15.0  45.5     0     0
  2000   6   6     0  21.5  17.5  32.2     0     0
  2000   6   7     0  20.5  16.5   4.1     0     0
  2000   6   8     0  23.0  18.0   7.4     0     0
  2000   6   9     0  24.5  17.0   1.8     0     0
  2000   6  10     0  24.0  18.0   0.0     0     0
  2000   6  11     0  23.5  17.5   0.4     0     0
  2000   6  12     0  23.0  17.5   1.3     0     0
  2000   6  13     0  23.5  18.5   0.0     0     0
  2000   6  14     0  24.0  17.0   0.0     0     0
  2000   6  15     0  23.0  18.0   1.6     0     0
  2000   6  16     0  24.0  18.0   7.0     0     0
  2000   6  17     0  24.0  16.5   2.0     0     0
  2000   6  18     0  25.0  18.5   5.2     0     0
  2000   6  19     0  25.0  18.5   0.0     0     0
  2000   6  20     0  25.0  17.0   9.8     0     0
  2000   6  21     0  25.0  18.0   4.0     0     0
  2000   6  22     0  24.5  18.0  28.2     0     0
  2000   6  23     0  25.5  16.5   9.1     0     0
  2000   6  24     0  20.5  17.0   1.7     0     0
  2000   6  25     0  23.5  17.0   5.9     0     0
  2000   6  26     0  23.5  16.5   0.0     0     0
  2000   6  27     0  23.5  17.0     T     0     0
  2000   6  28     0  23.5  18.0   7.0     0     0
  2000   6  29     0  23.5  17.0  35.6     0     0
  2000   6  30     0  23.0  17.5   2.4     0     0
  2000   7   1     0  23.0  17.5   7.7     0     0
  2000   7   2     0  23.5  16.5  10.6     0     0
  2000   7   3     0  22.5  18.0  16.6     0     0
  2000   7   4     0  23.5  16.5     T     0     0
  2000   7   5     0  23.0  18.0  61.1     0     0
  2000   7   6     0  21.5  16.0   2.2     0     0
  2000   7   7     0  23.5  17.5   0.0     0     0
  2000   7   8     0  23.5  17.0  25.4     0     0
  2000   7   9     0  23.0  17.5   0.0     0     0
  2000   7  10     0  23.5  17.0  24.0     0     0
  2000   7  11     0  24.0  17.5   1.3     0     0
  2000   7  12     0  25.0  18.0  11.4     0     0
  2000   7  13     0  25.0  18.0   0.0     0     0
  2000   7  14     0  24.0  17.5   6.5     0     0
  2000   7  15     0  22.5  18.5   3.0     0     0
  2000   7  16     0  24.5  18.5  11.2     0     0
  2000   7  17     0  24.0  17.5  28.4     0     0
  2000   7  18     0  24.0  18.0   3.1     0     0
  2000   7  19     0  23.0  18.5   1.6     0     0
  2000   7  20     0  23.0  18.0   2.0     0     0
  2000   7  21     0  24.0  18.0   9.0     0     0
  2000   7  22     0  24.0  18.0   0.0     0     0
  2000   7  23     0  23.5  18.0   0.5     0     0
  2000   7  24     0  21.5  18.0  11.2     0     0
  2000   7  25     0  23.0  17.5   6.4     0     0
  2000   7  26     0  21.5  17.5   2.4     0     0
  2000   7  27     0  23.0  17.5   0.0     0     0
  2000   7  28     0  22.5  16.5  11.4     0     0
  2000   7  29     0  22.0  17.0   0.3     0     0
  2000   7  30     0  22.5  17.0   3.3     0     0
  2000   7  31     0  22.0  18.5  18.4     0     0
  2000   8   1     0  21.0  18.0  40.0     0     0
  2000   8   2     0  19.5  17.5  24.0     0     0
  2000   8   3     0  22.0  17.5   2.1     0     0
  2000   8   4     0  22.5  17.5  68.4     0     0
  2000   8   5     0  20.0  16.5   1.5     0     0
  2000   8   6     0  23.0  16.5   2.0     0     0
  2000   8   7     0  23.0  18.0  13.6     0     0
  2000   8   8     0  25.0  18.5   8.9     0     0
  2000   8   9     0  22.0  18.0  12.1     0     0
  2000   8  10     0  22.5  17.0   6.1     0     0
  2000   8  11     0  21.0  17.5   0.1     0     0
  2000   8  12     0  22.0  17.5   6.0     0     0
  2000   8  13     0  22.0  17.0   3.4     0     0
  2000   8  14     0  23.0  17.5   0.2     0     0
  2000   8  15     0  22.5  17.5   0.0     0     0
  2000   8  16     0  23.5  16.5   0.0     0     0
  2000   8  17     0  22.5  17.0   0.7     0     0
  2000   8  18     0  25.0  18.5   0.8     0     0
  2000   8  19     0  24.0  17.0  42.0     0     0
  2000   8  20     0  22.5  17.0  22.1     0     0
  2000   8  21     0  21.5  16.5   3.7     0     0
  2000   8  22     0  24.0  17.5   7.0     0     0
  2000   8  23     0  23.0  17.0  15.2     0     0
  2000   8  24     0  24.5  16.0   0.0     0     0
  2000   8  25     0  24.0  16.5   0.0     0     0
  2000   8  26     0  25.0  17.5   4.5     0     0
  2000   8  27     0  24.0  18.0   5.5     0     0
  2000   8  28     0  23.5  18.0  28.0     0     0
  2000   8  29     0  22.5  18.0  10.6     0     0
  2000   8  30     0  20.5  17.5   5.0     0     0
  2000   8  31     0  22.5  17.5  10.0     0     0
  2000   9   1     0  21.0  18.0   7.2     0     0
  2000   9   2     0  22.5  18.0   0.0     0     0
  2000   9   3     0  22.5  17.5   3.5     0     0
  2000   9   4     0  20.0  18.0  10.0     0     0
  2000   9   5     0  22.5  16.5   0.3     0     0
  2000   9   6     0  23.5  16.0   1.4     0     0
  2000   9   7     0  22.5  17.0     T     0     0
  2000   9   8     0  22.5  17.5   7.5     0     0
  2000   9   9     0  23.5  17.5   5.0     0     0
  2000   9  10     0  21.0  17.0  34.5     0     0
  2000   9  11     0  22.0  16.5   0.0     0     0
  2000   9  12     0  23.0  17.5   0.0     0     0
  2000   9  13     0  24.5  17.5   0.0     0     0
  2000   9  14     0  25.0  18.0   0.0     0     0
  2000   9  15     0  25.5  17.5   0.0     0     0
  2000   9  16     0  25.0  16.0   3.4     0     0
  2000   9  17     0  25.5  16.0  18.0     0     0
  2000   9  18     0  25.0  16.0   0.9     0     0
  2000   9  19     0  22.0  16.0   0.0     0     0
  2000   9  20     0  22.5  15.5     T     0     0
  2000   9  21     0  20.0  15.5   1.7     0     0
  2000   9  22     0  20.0  15.0   7.7     0     0
  2000   9  23     0  20.5  15.5   0.0     0     0
  2000   9  24     0  22.0  14.5   0.0     0     0
  2000   9  25     0  23.0  16.0   0.0     0     0
  2000   9  26     0  23.0  14.0   0.0     0     0
  2000   9  27     0  23.0  14.0   0.0     0     0
  2000   9  28     0  22.0  14.5   5.4     0     0
  2000   9  29     0  22.5  14.5   2.0     0     0
  2000   9  30     0  23.5  14.0   0.0     0     0
  2000  10   1     0  24.0  15.5     T     0     0
  2000  10   2     0  22.0  15.5   0.0     0     0
  2000  10   3     0  22.5  15.0   0.0     0     0
  2000  10   4     0  22.5  15.0   6.4     0     0
  2000  10   5     0  23.0  15.0   0.0     0     0
  2000  10   6     0  23.0  17.0   1.4     0     0
  2000  10   7     0  23.5  16.0   0.0     0     0
  2000  10   8     0  23.5  16.0   0.0     0     0
  2000  10   9     0  23.0  15.0   0.0     0     0
  2000  10  10     0  23.5  14.0   0.0     0     0
  2000  10  11     0  23.5  15.5   0.0     0     0
  2000  10  12     0  23.5  14.5   0.0     0     0
  2000  10  13     0  22.5  14.0   0.0     0     0
  2000  10  14     0  23.0  14.5   0.0     0     0
  2000  10  15     0  23.5  13.0   0.0     0     0
  2000  10  16     0  24.5  14.0   0.0     0     0
  2000  10  17     0  25.5  14.5   0.0     0     0
  2000  10  18     0  23.5  14.0   0.0     0     0
  2000  10  19     0  22.5  13.0   0.0     0     0
  2000  10  20     0  22.5  13.0   0.0     0     0
  2000  10  21     0  22.0  12.0   0.0     0     0
  2000  10  22     0  20.5  12.5   1.5     0     0
  2000  10  23     0  20.5  12.5   0.0     0     0
  2000  10  24     0  20.5  13.0   1.2     0     0
  2000  10  25     0  21.5  13.0   0.0     0     0
  2000  10  26     0  23.0  12.0   0.0     0     0
  2000  10  27     0  22.5  12.0   0.0     0     0
  2000  10  28     0  22.0  12.5   8.0     0     0
  2000  10  29     0  22.0  12.5   1.6     0     0
  2000  10  30     0  21.5  12.0   0.0     0     0
  2000  10  31     0  21.5  10.5   0.0     0     0
  2000  11   1     0  21.5  11.5   0.0     0     0
  2000  11   2     0  21.0  12.0   0.0     0     0
  2000  11   3     0  21.5  10.5   0.0     0     0
  2000  11   4     0  21.5  11.0   0.0     0     0
  2000  11   5     0  21.0  11.5   0.0     0     0
  2000  11   6     0  20.5  11.0   0.0     0     0
  2000  11   7     0  20.0  10.0   0.0     0     0
  2000  11   8     0  19.5  11.0   0.0     0     0
  2000  11   9     0  18.5  11.0   0.0     0     0
  2000  11  10     0  20.0  11.0   0.0     0     0
  2000  11  11     0  18.5  12.0   6.0     0     0
  2000  11  12     0  18.0  11.0   0.0     0     0
  2000  11  13     0  18.5  11.0   0.0     0     0
  2000  11  14     0  18.0  10.0   0.0     0     0
  2000  11  15     0  17.5  10.0   0.0     0     0
  2000  11  16     0  19.5   9.5   0.0     0     0
  2000  11  17     0  19.0  10.0   0.0     0     0
  2000  11  18     0  20.0   9.0   0.0     0     0
  2000  11  19     0  20.0  10.5   0.0     0     0
  2000  11  20     0  18.0   9.5   0.0     0     0
  2000  11  21     0  19.0   9.0   0.0     0     0
  2000  11  22     0  19.0   9.5   0.0     0     0
  2000  11  23     0  18.5   8.5   0.0     0     0
  2000  11  24     0  17.5   9.0   0.0     0     0
  2000  11  25     0  18.0   8.5   0.0     0     0
  2000  11  26     0  19.0   9.5   0.0     0     0
  2000  11  27     0  19.0   9.5   0.0     0     0
  2000  11  28     0  18.5   9.0   0.0     0     0
  2000  11  29     0  19.0   8.0   0.0     0     0
  2000  11  30     0  19.0   7.5   0.0     0     0
  2000  12   1     0  18.0   5.5   0.0     0     0
  2000  12   2     0  19.0   5.0   0.0     0     0
  2000  12   3     0  18.0   6.0   0.0     0     0
  2000  12   4     0  16.4   6.6   0.0     0     0
  2000  12   5     0  16.2   5.6   0.0     0     0
  2000  12   6     0  15.2   5.0   0.0     0     0
  2000  12   7     0  16.3   5.6   0.0     0     0
  2000  12   8     0  16.2   5.8   0.0     0     0
  2000  12   9     0  15.2   5.3   0.0     0     0
  2000  12  10     0  15.5   5.4   0.0     0     0
  2000  12  11     0  15.4   5.1   0.0     0     0
  2000  12  12     0  14.8   5.0   0.0     0     0
  2000  12  13     0  16.6   6.4   0.0     0     0
  2000  12  14     0  17.0   6.1   0.0     0     0
  2000  12  15     0  16.8   6.5   0.0     0     0
  2000  12  16     0  16.8   6.4   0.0     0     0
  2000  12  17     0  16.5   6.8   0.0     0     0
  2000  12  18     0  16.4   6.8   0.0     0     0
  2000  12  19     0  15.5   5.8   0.0     0     0
  2000  12  20     0  15.0   6.4   0.0     0     0
  2000  12  21     0  16.8   6.6   0.0     0     0
  2000  12  22     0  18.5   8.1   0.0     0     0
  2000  12  23     0  17.8   7.6   0.0     0     0
  2000  12  24     0  16.0   7.1   0.0     0     0
  2000  12  25     0  17.0   6.5   0.0     0     0
  2000  12  26     0  16.5   6.1   0.0     0     0
  2000  12  27     0  15.7   6.1   0.0     0     0
  2000  12  28     0  15.5   5.6   0.0     0     0
  2000  12  29     0  15.0   5.2   0.0     0     0
  2000  12  30     0  16.5   5.4     T     0     0
  2000  12  31     0  14.5   6.4   1.9     0     0
