  1987   1   1     0  13.0   3.5   0.0     0     0
  1987   1   2     0  12.0   2.5   0.0     0     0
  1987   1   3     0  12.5   2.0   0.0     0     0
  1987   1   4     0  14.0   7.5   0.0     0     0
  1987   1   5     0  15.0   5.0   0.0     0     0
  1987   1   6     0  15.5   5.0   0.0     0     0
  1987   1   7     0  15.5   6.5   0.0     0     0
  1987   1   8     0  17.5   7.5   0.0     0     0
  1987   1   9     0  16.5   5.5   0.0     0     0
  1987   1  10     0  16.0   6.0   0.0     0     0
  1987   1  11     0  15.5   6.5   0.0     0     0
  1987   1  12     0  15.5   7.0   0.0     0     0
  1987   1  13     0  14.5   5.5   0.0     0     0
  1987   1  14     0  15.0   5.5   0.0     0     0
  1987   1  15     0  14.5   5.0   0.0     0     0
  1987   1  16     0  16.0   6.0   0.0     0     0
  1987   1  17     0  16.5   6.5   0.0     0     0
  1987   1  18     0  16.5   6.5   0.0     0     0
  1987   1  19     0  16.5   6.0   0.0     0     0
  1987   1  20     0  15.0   5.5   0.0     0     0
  1987   1  21     0  15.5   5.0   0.0     0     0
  1987   1  22     0  16.0   5.0   0.0     0     0
  1987   1  23     0  16.5   6.0   0.0     0     0
  1987   1  24     0  16.0   6.0   0.0     0     0
  1987   1  25     0  16.0   5.5   0.0     0     0
  1987   1  26     0  16.5   7.0   0.0     0     0
  1987   1  27     0  16.0   6.0   0.0     0     0
  1987   1  28     0  17.5   6.0   0.0     0     0
  1987   1  29     0  16.0   7.5   0.0     0     0
  1987   1  30     0  17.0   6.5   1.2     0     0
  1987   1  31     0  17.0   6.5   0.0     0     0
  1987   2   1     0  17.5   6.5   0.0     0     0
  1987   2   2     0  17.5   6.0   0.0     0     0
  1987   2   3     0  16.5   6.5   0.0     0     0
  1987   2   4     0   DNA   4.0   0.0     0     0
  1987   2   5     0  14.5   3.0  29.0     0     0
  1987   2   6     0  15.5   5.0   0.0     0     0
  1987   2   7     0  16.0   6.0   0.0     0     0
  1987   2   8     0  16.0   6.5   0.0     0     0
  1987   2   9     0  16.5   6.0   0.0     0     0
  1987   2  10     0  15.5   5.0   0.0     0     0
  1987   2  11     0  17.0   6.0   0.0     0     0
  1987   2  12     0  15.5   8.0   0.0     0     0
  1987   2  13     0  18.0   7.8   0.0     0     0
  1987   2  14     0  18.0   8.0   0.0     0     0
  1987   2  15     0  18.0   9.0   0.0     0     0
  1987   2  16     0  19.0   8.0   0.0     0     0
  1987   2  17     0  19.0   8.0   2.6     0     0
  1987   2  18     0  16.0   8.5   0.0     0     0
  1987   2  19     0  18.0   7.0   0.0     0     0
  1987   2  20     0  18.0   8.0   0.0     0     0
  1987   2  21     0  18.5   7.5   0.0     0     0
  1987   2  22     0  18.0   7.5   0.0     0     0
  1987   2  23     0  19.5   8.0   0.0     0     0
  1987   2  24     0  18.5   9.0   0.0     0     0
  1987   2  25     0  20.0   9.5   0.0     0     0
  1987   2  26     0  20.0   9.5   0.0     0     0
  1987   2  27     0  18.0   6.0   0.0     0     0
  1987   2  28     0  17.0   7.5   9.0     0     0
  1987   3   1     0  16.5   6.5   0.0     0     0
  1987   3   2     0  17.5   6.0   0.0     0     0
  1987   3   3     0  18.0   6.0   0.0     0     0
  1987   3   4     0  17.5   6.5   0.0     0     0
  1987   3   5     0  19.0   7.0   0.0     0     0
  1987   3   6     0  17.5   8.0   0.0     0     0
  1987   3   7     0  19.5   9.0   0.0     0     0
  1987   3   8     0  19.5   9.0   1.8     0     0
  1987   3   9     0  18.5   8.5   1.6     0     0
  1987   3  10     0  19.0   8.5   0.0     0     0
  1987   3  11     0  18.5   7.5   0.0     0     0
  1987   3  12     0  11.0   8.0   0.8     0     0
  1987   3  13     0  13.0   7.5   5.4     0     0
  1987   3  14     0  13.5   7.5   0.0     0     0
  1987   3  15     0  16.0   7.5  21.8     0     0
  1987   3  16     0  16.5  10.0   0.0     0     0
  1987   3  17     0  17.0  11.5   8.2     0     0
  1987   3  18     0  19.0   9.0   0.0     0     0
  1987   3  19     0  20.0   9.0   0.0     0     0
  1987   3  20     0  20.0   9.0   0.0     0     0
  1987   3  21     0  20.0   8.5   4.1     0     0
  1987   3  22     0  21.0   8.5   0.0     0     0
  1987   3  23     0  20.8  10.5   0.0     0     0
  1987   3  24     0  20.5  11.5   0.0     0     0
  1987   3  25     0  22.0  13.5   0.0     0     0
  1987   3  26     0  22.5  13.0   0.0     0     0
  1987   3  27     0  23.0  11.5   0.0     0     0
  1987   3  28     0  24.0  12.5   0.0     0     0
  1987   3  29     0  24.0  13.0   0.0     0     0
  1987   3  30     0  23.3  13.0   0.0     0     0
  1987   3  31     0  22.0  15.0   0.0     0     0
  1987   4   1     0  22.5  14.0   4.1     0     0
  1987   4   2     0  23.0  13.5   0.0     0     0
  1987   4   3     0  25.0  14.5   0.0     0     0
  1987   4   4     0  26.5  15.0   0.0     0     0
  1987   4   5     0  25.5  14.0   0.0     0     0
  1987   4   6     0  24.5  14.0   0.0     0     0
  1987   4   7     0  24.5  14.0   0.0     0     0
  1987   4   8     0  23.5  13.0   0.0     0     0
  1987   4   9     0  23.0  14.0   1.1     0     0
  1987   4  10     0  24.0  12.5   0.0     0     0
  1987   4  11     0  23.5  15.0   0.0     0     0
  1987   4  12     0  24.0  11.5   0.0     0     0
  1987   4  13     0  25.0   9.5   0.0     0     0
  1987   4  14     0  25.0  12.5   0.0     0     0
  1987   4  15     0  25.0  12.0   0.0     0     0
  1987   4  16     0  25.0  13.0   0.0     0     0
  1987   4  17     0  25.0  14.0   0.0     0     0
  1987   4  18     0  25.5  13.0   0.0     0     0
  1987   4  19     0  24.5  10.0  24.5     0     0
  1987   4  20     0  24.0  13.0   0.0     0     0
  1987   4  21     0  24.5  13.0   0.0     0     0
  1987   4  22     0  25.0  14.5   0.0     0     0
  1987   4  23     0  22.0  10.0  58.0     0     0
  1987   4  24     0  23.0  13.0   0.0     0     0
  1987   4  25     0  22.5  11.0   5.0     0     0
  1987   4  26     0  21.0  11.5   0.0     0     0
  1987   4  27     0  17.0  10.0   4.5     0     0
  1987   4  28     0  21.5  11.0   0.0     0     0
  1987   4  29     0  22.0  11.0   1.5     0     0
  1987   4  30     0  19.5  12.0   4.6     0     0
  1987   5   1     0   DNA  14.5   2.7     0     0
  1987   5   2     0  22.5  12.0  12.8     0     0
  1987   5   3     0  17.5  10.0  36.8     0     0
  1987   5   4     0  19.0   8.5  40.0     0     0
  1987   5   5     0  20.0   9.0   0.0     0     0
  1987   5   6     0  21.5  11.0   1.4     0     0
  1987   5   7     0  19.5  12.5   1.9     0     0
  1987   5   8     0  22.0  10.0   0.0     0     0
  1987   5   9     0  21.0  13.0   0.0     0     0
  1987   5  10     0  23.0  14.5   0.0     0     0
  1987   5  11     0  24.0  13.0   0.0     0     0
  1987   5  12     0  24.5  14.0   0.0     0     0
  1987   5  13     0  25.5  14.0   0.0     0     0
  1987   5  14     0  26.0  15.0   0.0     0     0
  1987   5  15     0  26.5  16.0   0.0     0     0
  1987   5  16     0  26.5  13.5   0.0     0     0
  1987   5  17     0  26.5  16.0   0.0     0     0
  1987   5  18     0  27.0  15.5   0.0     0     0
  1987   5  19     0  27.0  15.0   0.0     0     0
  1987   5  20     0  27.5  16.0   0.0     0     0
  1987   5  21     0  27.0  16.0   0.0     0     0
  1987   5  22     0  25.2  14.5   0.0     0     0
  1987   5  23     0  25.4  14.5  11.4     0     0
  1987   5  24     0  27.0  16.1   0.0     0     0
  1987   5  25     0  26.5  21.5   0.0     0     0
  1987   5  26     0  27.5  15.0   0.0     0     0
  1987   5  27     0  27.0  16.0   0.0     0     0
  1987   5  28     0  27.0  16.5   0.0     0     0
  1987   5  29     0  26.5  16.0   0.0     0     0
  1987   5  30     0  27.0  17.5   0.0     0     0
  1987   5  31     0  26.5  17.5   4.4     0     0
  1987   6   1     0  26.5  17.5   0.5     0     0
  1987   6   2     0  25.0  17.5   1.1     0     0
  1987   6   3     0  24.0  16.0   4.9     0     0
  1987   6   4     0  22.5  16.5   4.8     0     0
  1987   6   5     0  22.5  17.0  20.5     0     0
  1987   6   6     0  25.0  17.5   0.2     0     0
  1987   6   7     0  25.3  17.3   1.1     0     0
  1987   6   8     0  24.0  16.0  11.9     0     0
  1987   6   9     0  25.0  16.5  28.0     0     0
  1987   6  10     0  24.0  16.0  14.0     0     0
  1987   6  11     0  23.0  17.0   0.1     0     0
  1987   6  12     0  25.5  17.0   0.0     0     0
  1987   6  13     0  25.0  17.0   0.0     0     0
  1987   6  14     0  27.5  17.0   0.0     0     0
  1987   6  15     0  25.5  18.0   8.2     0     0
  1987   6  16     0  24.5  18.0   0.0     0     0
  1987   6  17     0  24.5  17.5  18.8     0     0
  1987   6  18     0  25.5  17.0   0.0     0     0
  1987   6  19     0  26.0  17.5   0.0     0     0
  1987   6  20     0  22.0  18.0  29.4     0     0
  1987   6  21     0  22.0  18.0  28.2     0     0
  1987   6  22     0  21.5  18.0  19.2     0     0
  1987   6  23     0  22.5  17.5   7.9     0     0
  1987   6  24     0  22.0  17.5  32.9     0     0
  1987   6  25     0  25.0  17.0  11.6     0     0
  1987   6  26     0  25.5  18.5   0.0     0     0
  1987   6  27     0  22.5  19.0   1.8     0     0
  1987   6  28     0  22.0  17.5   3.0     0     0
  1987   6  29     0  21.0  17.5   4.6     0     0
  1987   6  30     0  25.0  17.5  14.7     0     0
  1987   7   1     0  25.0  18.0  19.1     0     0
  1987   7   2     0  24.0  17.0  17.0     0     0
  1987   7   3     0  21.0  17.0  17.4     0     0
  1987   7   4     0  23.0  17.5  16.6     0     0
  1987   7   5     0  23.5  17.0   9.5     0     0
  1987   7   6     0  23.7  18.5   6.0     0     0
  1987   7   7     0  21.5  18.0   0.4     0     0
  1987   7   8     0  23.0  18.0   4.6     0     0
  1987   7   9     0  23.0  18.0  28.8     0     0
  1987   7  10     0  24.0  18.5  30.5     0     0
  1987   7  11     0  24.0  18.0   1.6     0     0
  1987   7  12     0  24.0  18.0   0.5     0     0
  1987   7  13     0  24.0  17.5   0.0     0     0
  1987   7  14     0  24.0  18.0   2.7     0     0
  1987   7  15     0  23.0  17.7   8.2     0     0
  1987   7  16     0  23.5  17.5   1.1     0     0
  1987   7  17     0  24.0  17.5   0.2     0     0
  1987   7  18     0  25.0  18.6   2.6     0     0
  1987   7  19     0  22.6  17.4   3.7     0     0
  1987   7  20     0  24.9  17.6   4.9     0     0
  1987   7  21     0  23.5  18.0   0.6     0     0
  1987   7  22     0  24.0  18.2  22.8     0     0
  1987   7  23     0  24.0  18.0   2.3     0     0
  1987   7  24     0  23.0  17.0   2.7     0     0
  1987   7  25     0  20.0  16.5  32.8     0     0
  1987   7  26     0  22.0  17.5   3.7     0     0
  1987   7  27     0  23.0  17.5   0.6     0     0
  1987   7  28     0  23.0  17.5  36.2     0     0
  1987   7  29     0  23.0  17.0  11.2     0     0
  1987   7  30     0  22.5  17.4   7.6     0     0
  1987   7  31     0  21.0  18.5  24.8     0     0
  1987   8   1     0  19.6  17.0  17.4     0     0
  1987   8   2     0  19.0  17.0  46.7     0     0
  1987   8   3     0  22.5  17.0  22.0     0     0
  1987   8   4     0  22.5  17.6   6.1     0     0
  1987   8   5     0  22.5  17.6   7.6     0     0
  1987   8   6     0  23.5  17.0   0.0     0     0
  1987   8   7     0  23.5  16.5   3.5     0     0
  1987   8   8     0  23.5  17.5   4.8     0     0
  1987   8   9     0  20.5  18.0   3.1     0     0
  1987   8  10     0  19.4  17.7  14.5     0     0
  1987   8  11     0   DNA  16.5 121.9     0     0
  1987   8  12     0  18.0  16.0  27.2     0     0
  1987   8  13     0  22.0  15.5 102.3     0     0
  1987   8  14     0  23.5  15.0  35.1     0     0
  1987   8  15     0  24.0  15.5   0.7     0     0
  1987   8  16     0  24.0  16.0   0.0     0     0
  1987   8  17     0  24.0  19.0   0.0     0     0
  1987   8  18     0  26.5  17.0   0.0     0     0
  1987   8  19     0  26.7  17.0  23.9     0     0
  1987   8  20     0  23.5  17.0  24.4     0     0
  1987   8  21     0  21.5  17.5   1.9     0     0
  1987   8  22     0  22.5  17.1   2.7     0     0
  1987   8  23     0  24.5  18.2   0.0     0     0
  1987   8  24     0  28.0  17.5   6.0     0     0
  1987   8  25     0  26.0  17.8   0.0     0     0
  1987   8  26     0  24.0  17.4   1.5     0     0
  1987   8  27     0  24.0  17.5  15.7     0     0
  1987   8  28     0  22.5  17.5   2.2     0     0
  1987   8  29     0  22.5  17.2   3.3     0     0
  1987   8  30     0  24.0  17.5   2.2     0     0
  1987   8  31     0  23.0  18.0   9.7     0     0
  1987   9   1     0  21.6  17.9  60.0     0     0
  1987   9   2     0  23.0  17.6  18.0     0     0
  1987   9   3     0  25.0  17.5   5.3     0     0
  1987   9   4     0  24.2  18.0  14.4     0     0
  1987   9   5     0  24.0  18.1   2.7     0     0
  1987   9   6     0  24.0  17.5   3.0     0     0
  1987   9   7     0  24.5  17.0   1.9     0     0
  1987   9   8     0  22.0  16.6  36.7     0     0
  1987   9   9     0  24.0  16.5   0.5     0     0
  1987   9  10     0  23.0  16.0   3.0     0     0
  1987   9  11     0  20.5  16.5   7.9     0     0
  1987   9  12     0  23.0  16.0  19.9     0     0
  1987   9  13     0  23.6  16.0   7.6     0     0
  1987   9  14     0  24.0  16.4   0.0     0     0
  1987   9  15     0  24.0  15.6   0.0     0     0
  1987   9  16     0  27.5  15.5   0.0     0     0
  1987   9  17     0  24.0  16.0   0.0     0     0
  1987   9  18     0  24.0  18.0   4.4     0     0
  1987   9  19     0  23.7  17.6   0.0     0     0
  1987   9  20     0  23.0  17.0  27.1     0     0
  1987   9  21     0  23.2  16.0  19.2     0     0
  1987   9  22     0  22.0  13.5   0.0     0     0
  1987   9  23     0  23.0  15.0   0.0     0     0
  1987   9  24     0  21.0  17.0  13.9     0     0
  1987   9  25     0  21.2  16.0  30.0     0     0
  1987   9  26     0  21.5  16.0   2.3     0     0
  1987   9  27     0  22.7  17.4   0.5     0     0
  1987   9  28     0  22.6  15.5   0.0     0     0
  1987   9  29     0  22.5  13.5   7.4     0     0
  1987   9  30     0  22.5  13.5   0.0     0     0
  1987  10   1     0  21.2  15.0   0.0     0     0
  1987  10   2     0  22.5  17.5   0.0     0     0
  1987  10   3     0  22.0  14.3   0.0     0     0
  1987  10   4     0  21.5  14.5   0.0     0     0
  1987  10   5     0  22.0  14.0   0.0     0     0
  1987  10   6     0  22.2  14.0   6.5     0     0
  1987  10   7     0  22.5  14.0   0.0     0     0
  1987  10   8     0  22.1  14.0   0.0     0     0
  1987  10   9     0  22.7  13.0   3.2     0     0
  1987  10  10     0  22.5  13.0   0.0     0     0
  1987  10  11     0  21.8  16.5   0.0     0     0
  1987  10  12     0  20.8  13.0   0.0     0     0
  1987  10  13     0  21.1  13.0   0.0     0     0
  1987  10  14     0  22.2  13.7   0.0     0     0
  1987  10  15     0  22.5  14.6   0.0     0     0
  1987  10  16     0  22.5  14.1   0.0     0     0
  1987  10  17     0  22.2  13.7   0.0     0     0
  1987  10  18     0  22.5  14.5   1.7     0     0
  1987  10  19     0  18.5  13.5  20.6     0     0
  1987  10  20     0  19.1  14.0 137.3     0     0
  1987  10  21     0  20.0  12.0   0.2     0     0
  1987  10  22     0  19.8  11.0   0.0     0     0
  1987  10  23     0  19.6  11.4   0.0     0     0
  1987  10  24     0  20.5  11.4   0.0     0     0
  1987  10  25     0  21.4  11.6   0.0     0     0
  1987  10  26     0  20.5  11.5   0.0     0     0
  1987  10  27     0  20.0  11.5   0.0     0     0
  1987  10  28     0  21.0  11.5   0.0     0     0
  1987  10  29     0  20.0  12.5   0.0     0     0
  1987  10  30     0  19.6  11.0   0.0     0     0
  1987  10  31     0  19.5  12.5   0.0     0     0
  1987  11   1     0  19.0  11.0   0.0     0     0
  1987  11   2     0  19.0  10.0   0.0     0     0
  1987  11   3     0  19.0  11.4   0.0     0     0
  1987  11   4     0  17.8  11.0   0.0     0     0
  1987  11   5     0  20.4  10.2   0.0     0     0
  1987  11   6     0  19.5  10.5   0.0     0     0
  1987  11   7     0  20.4   9.5   0.0     0     0
  1987  11   8     0  21.4  11.2   0.0     0     0
  1987  11   9     0  21.5  11.4   0.0     0     0
  1987  11  10     0  19.4  10.5   0.0     0     0
  1987  11  11     0  20.5  10.0   0.0     0     0
  1987  11  12     0  20.6  10.5   0.0     0     0
  1987  11  13     0  21.7  11.0   0.0     0     0
  1987  11  14     0  19.0   9.0   0.0     0     0
  1987  11  15     0  17.5   9.0   0.0     0     0
  1987  11  16     0  19.0   8.0   0.0     0     0
  1987  11  17     0  19.5   9.5   0.0     0     0
  1987  11  18     0  19.3   8.5   0.0     0     0
  1987  11  19     0  18.6   9.2   0.0     0     0
  1987  11  20     0  18.2   8.5   0.0     0     0
  1987  11  21     0  18.5   8.5   0.0     0     0
  1987  11  22     0  19.2   9.9   0.0     0     0
  1987  11  23     0  19.9  10.3   0.0     0     0
  1987  11  24     0  19.5  11.0   0.0     0     0
  1987  11  25     0  18.5   9.0   0.0     0     0
  1987  11  26     0  19.3   8.6   0.0     0     0
  1987  11  27     0  18.6   8.6   0.0     0     0
  1987  11  28     0  18.6   7.6   0.0     0     0
  1987  11  29     0  18.1   8.4   0.0     0     0
  1987  11  30     0  18.5   8.5   0.0     0     0
  1987  12   1     0  18.6   8.0   0.0     0     0
  1987  12   2     0  18.1   8.5   0.0     0     0
  1987  12   3     0  17.2   7.5   0.0     0     0
  1987  12   4     0  15.6   7.5   0.0     0     0
  1987  12   5     0  17.4  11.0   0.0     0     0
  1987  12   6     0  17.0   9.0   0.0     0     0
  1987  12   7     0  14.0   7.6   0.0     0     0
  1987  12   8     0  18.0   7.0   0.0     0     0
  1987  12   9     0  17.5   7.8   0.0     0     0
  1987  12  10     0  18.0   7.5   0.0     0     0
  1987  12  11     0  16.5   7.6   0.0     0     0
  1987  12  12     0  13.2   8.5   0.0     0     0
  1987  12  13     0  15.4   8.0   7.2     0     0
  1987  12  14     0  16.5   6.5   0.0     0     0
  1987  12  15     0  18.0   7.5   0.0     0     0
  1987  12  16     0  18.0   6.0   0.0     0     0
  1987  12  17     0  16.0   6.0   0.0     0     0
  1987  12  18     0  15.5   5.1   0.0     0     0
  1987  12  19     0  16.5   6.2   0.0     0     0
  1987  12  20     0  16.5   7.4   0.0     0     0
  1987  12  21     0  18.5   8.5   0.0     0     0
  1987  12  22     0  16.2   6.5   0.0     0     0
  1987  12  23     0  15.5   6.3   0.0     0     0
  1987  12  24     0  16.0   6.0   0.0     0     0
  1987  12  25     0  16.5   6.5   0.0     0     0
  1987  12  26     0  17.6   8.0   0.0     0     0
  1987  12  27     0  16.1   6.6   0.0     0     0
  1987  12  28     0  15.5   6.6   0.0     0     0
  1987  12  29     0  15.5   5.6   0.0     0     0
  1987  12  30     0  15.2   6.0   0.0     0     0
  1987  12  31     0  15.0   7.0   0.0     0     0
