      1    0.0
      2    0.0
      3    0.0
      4    0.0
      5    0.0
      6    0.0
      7    0.0
      8    0.0
      9    0.0
     10    0.0
     11    0.0
     12    0.0
     13    0.0
     14    0.0
     15    0.0
     16    0.0
     17   15.2
     18    0.0
     19    0.0
     20    0.0
     21    0.0
     22    0.0
     23    0.0
     24    0.0
     25    0.0
     26    0.0
     27    0.0
     28    0.0
     29    0.0
     30    0.0
     31    0.0
     32    0.0
     33    0.0
     34    0.0
     35    0.0
     36    0.0
     37    0.0
     38    0.0
     39    0.0
     40    0.0
     41    0.0
     42    0.0
     43    0.0
     44    0.0
     45    0.0
     46    0.0
     47    0.0
     48    0.0
     49    0.0
     50    0.0
     51    8.0
     52    1.0
     53    0.0
     54    0.0
     55    0.0
     56    0.0
     57    0.0
     58    0.0
     59    0.0
     60    0.0
     61    0.0
     62    0.0
     63    0.0
     64    0.0
     65    0.0
     66    0.0
     67    0.0
     68    0.0
     69    0.0
     70    0.0
     71    0.0
     72    0.0
     73    0.0
     74    0.0
     75    0.0
     76    0.0
     77    0.0
     78    0.0
     79    0.0
     80    0.0
     81    0.0
     82    0.0
     83    0.0
     84    0.0
     85    0.0
     86    0.0
     87    3.0
     88    0.0
     89    0.0
     90    0.0
     91    0.0
     92    0.0
     93    0.0
     94    0.0
     95    0.0
     96    0.0
     97    0.0
     98    0.0
     99    0.0
    100    0.0
    101   12.0
    102    1.0
    103    2.0
    104    0.0
    105    0.0
    106    0.0
    107    0.0
    108   13.0
    109    0.0
    110    3.5
    111    0.0
    112    3.6
    113    0.0
    114    1.0
    115    5.0
    116    0.0
    117    0.0
    118    0.0
    119    0.0
    120    0.0
    121    0.0
    122    0.0
    123    0.0
    124    0.0
    125    0.0
    126    4.0
    127    0.0
    128    2.0
    129    8.0
    130   10.0
    131    2.0
    132    1.0
    133   10.0
    134    0.0
    135    2.5
    136    0.0
    137    0.0
    138    0.0
    139    0.0
    140    0.0
    141    0.0
    142    0.0
    143    0.0
    144    0.0
    145    0.0
    146    9.5
    147    6.0
    148    0.0
    149    0.0
    150    6.0
    151    7.0
    152    9.0
    153    0.0
    154    0.0
    155    5.0
    156   13.0
    157    1.0
    158   12.0
    159    0.0
    160   19.0
    161    0.0
    162    9.0
    163   24.0
    164    5.0
    165    0.0
    166   23.0
    167   14.5
    168   11.0
    169   14.0
    170   44.0
    171    7.0
    172    9.0
    173   25.0
    174   10.0
    175    5.0
    176   42.0
    177   25.0
    178   17.0
    179    2.5
    180   11.0
    181   34.0
    182   22.0
    183    0.0
    184    0.0
    185   47.5
    186   25.0
    187    4.0
    188   31.0
    189   18.0
    190   29.0
    191   31.0
    192   26.0
    193   19.0
    194    5.0
    195   19.0
    196    9.0
    197   16.0
    198   23.0
    199    5.0
    200    2.0
    201    4.3
    202   48.0
    203    0.0
    204    3.0
    205   19.0
    206   23.0
    207   40.0
    208    8.5
    209   39.0
    210   38.0
    211   22.0
    212    0.0
    213    0.0
    214   30.0
    215    6.0
    216    1.0
    217    0.0
    218    0.0
    219    0.0
    220   26.0
    221    0.0
    222   10.0
    223   12.5
    224    2.0
    225   35.0
    226    0.0
    227   36.0
    228   25.0
    229   40.0
    230    0.0
    231    0.0
    232    0.0
    233   18.0
    234    8.0
    235    0.0
    236   13.0
    237   26.0
    238    5.0
    239   45.0
    240    2.0
    241   43.0
    242    0.0
    243   32.0
    244   22.0
    245   39.0
    246   22.0
    247    4.0
    248   28.0
    249   27.0
    250   19.0
    251    9.0
    252   25.0
    253    0.0
    254   19.0
    255    6.0
    256   20.0
    257    3.0
    258    0.0
    259    0.0
    260    4.0
    261   43.0
    262    2.5
    263   10.0
    264    9.0
    265    0.0
    266    0.0
    267    0.0
    268    0.0
    269    0.0
    270    0.0
    271    0.0
    272    0.0
    273    0.0
    274    0.0
    275    0.0
    276    0.0
    277    0.0
    278    0.0
    279    0.0
    280    0.0
    281    0.0
    282    0.0
    283    0.0
    284    0.0
    285    0.0
    286    1.0
    287    0.0
    288    0.0
    289   19.0
    290    0.0
    291    0.0
    292    0.0
    293    0.0
    294    0.0
    295    0.0
    296    0.0
    297    0.0
    298    0.0
    299    0.0
    300    0.0
    301    0.0
    302    0.0
    303    0.0
    304    0.0
    305    0.0
    306    0.0
    307    0.0
    308    0.0
    309    0.0
    310    0.0
    311    0.0
    312    0.0
    313    0.0
    314    0.0
    315    0.0
    316    0.0
    317    0.0
    318    0.0
    319    0.0
    320    0.0
    321    0.0
    322    0.0
    323    0.0
    324    0.0
    325    0.0
    326    0.0
    327    0.0
    328    0.0
    329    0.0
    330    0.0
    331    4.0
    332    0.0
    333    0.0
    334    0.0
    335    0.0
    336    0.0
    337    0.0
    338    0.0
    339    0.0
    340    0.0
    341    0.0
    342    0.0
    343    0.0
    344    0.0
    345    0.0
    346    0.0
    347    0.0
    348    0.0
    349    8.0
    350    0.0
    351    0.0
    352    0.0
    353    0.0
    354    0.0
    355    0.0
    356    0.0
    357    0.0
    358    0.0
    359    0.0
    360    0.0
    361    0.0
    362    0.0
    363    0.0
    364    0.0
    365    0.0
    366    0.0
