      1    0.0
      2    0.0
      3    0.0
      4    0.0
      5    0.0
      6    0.0
      7    0.0
      8    0.0
      9    0.0
     10    0.0
     11    0.0
     12    0.0
     13    0.0
     14    0.0
     15    0.0
     16    0.0
     17    0.0
     18    0.0
     19    0.0
     20    0.0
     21    0.0
     22    0.0
     23    0.0
     24    0.0
     25    0.0
     26    0.0
     27    0.0
     28    0.0
     29    4.0
     30    0.0
     31    0.0
     32    0.0
     33    0.0
     34    0.0
     35    0.0
     36    0.0
     37    0.0
     38    0.0
     39    0.0
     40    0.0
     41    0.0
     42    0.0
     43    0.0
     44    0.0
     45    0.0
     46    0.0
     47    0.0
     48    0.0
     49    0.0
     50    0.0
     51    0.0
     52    0.0
     53    0.0
     54    0.0
     55    0.0
     56    0.0
     57    0.0
     58    0.0
     59    0.0
     60    0.0
     61    0.0
     62    0.0
     63    0.0
     64    0.0
     65    0.0
     66    0.0
     67    0.0
     68    0.0
     69    0.0
     70    0.0
     71    0.0
     72    0.0
     73    0.0
     74    0.0
     75    0.0
     76    0.0
     77    0.0
     78    0.0
     79    0.0
     80    0.0
     81    0.0
     82    0.0
     83    0.0
     84    0.0
     85    0.0
     86    0.0
     87    3.0
     88    0.0
     89    0.0
     90    0.0
     91    0.0
     92    0.0
     93    0.0
     94    0.0
     95    0.0
     96    0.0
     97    0.0
     98    0.0
     99   14.0
    100    0.0
    101    0.0
    102    0.0
    103    0.0
    104    0.0
    105    0.0
    106    0.0
    107    0.0
    108    0.0
    109    0.0
    110    0.0
    111    0.0
    112    0.0
    113    0.0
    114    0.0
    115    0.0
    116    0.0
    117    0.0
    118    0.0
    119    0.0
    120    1.0
    121    2.0
    122    6.0
    123    0.0
    124    0.0
    125    3.0
    126   14.0
    127    0.0
    128   11.0
    129    0.0
    130    0.0
    131    0.0
    132    1.0
    133   26.0
    134    4.0
    135    2.0
    136    0.0
    137    0.0
    138    0.0
    139    5.0
    140    0.0
    141    0.0
    142    2.0
    143    0.0
    144    0.0
    145    4.0
    146    6.0
    147    2.0
    148   48.0
    149   10.0
    150    8.0
    151    0.0
    152    0.0
    153    0.0
    154    0.0
    155   11.0
    156    0.0
    157    0.0
    158    0.0
    159    0.0
    160    0.0
    161   18.0
    162    6.0
    163   31.0
    164   11.0
    165    5.0
    166    0.0
    167    2.0
    168   22.0
    169    6.0
    170    0.0
    171    7.0
    172   13.0
    173   30.0
    174   10.0
    175   18.0
    176   26.0
    177   53.0
    178   14.0
    179   79.0
    180    4.0
    181    0.0
    182    6.0
    183   31.0
    184   42.0
    185   17.0
    186    0.0
    187    0.0
    188   63.0
    189    0.0
    190    0.0
    191   18.0
    192   10.0
    193   20.0
    194    0.0
    195    6.0
    196    0.0
    197    3.0
    198    5.0
    199   44.0
    200    3.0
    201   26.0
    202   57.0
    203    3.0
    204    8.0
    205   40.0
    206    7.0
    207   36.0
    208   46.0
    209   14.0
    210    5.0
    211    0.0
    212   24.0
    213   24.0
    214   10.0
    215    0.0
    216   24.0
    217   60.0
    218   10.0
    219    6.0
    220   16.0
    221   18.0
    222    8.0
    223    6.0
    224   18.0
    225    8.0
    226    6.0
    227    4.0
    228   65.0
    229   43.0
    230   22.0
    231    6.0
    232    7.0
    233   24.0
    234    9.0
    235   36.0
    236   33.0
    237   48.0
    238   23.0
    239   24.0
    240    4.0
    241    4.0
    242    2.0
    243    0.0
    244    5.0
    245    3.0
    246    2.0
    247    0.0
    248    0.0
    249   12.0
    250    4.0
    251    3.0
    252   28.0
    253   66.0
    254   34.0
    255   11.0
    256    4.0
    257    1.0
    258    2.0
    259    3.0
    260    0.0
    261   14.0
    262    2.4
    263    0.0
    264   32.6
    265   28.6
    266    6.4
    267    9.4
    268    6.2
    269    1.2
    270    2.0
    271    5.4
    272    4.4
    273   21.4
    274    6.2
    275    2.2
    276    8.2
    277    5.2
    278    3.4
    279   15.2
    280   15.6
    281    0.0
    282    0.0
    283    0.0
    284    0.0
    285    0.0
    286    0.0
    287    0.0
    288    0.0
    289    0.0
    290    0.0
    291    0.0
    292   35.4
    293   94.4
    294    0.0
    295    0.0
    296    0.0
    297    0.0
    298    0.0
    299    0.0
    300    0.0
    301    0.0
    302    0.0
    303    0.0
    304    0.0
    305    0.0
    306    0.0
    307    0.0
    308    0.0
    309    0.0
    310    0.0
    311    0.0
    312    0.0
    313    0.0
    314    0.0
    315    0.0
    316    0.0
    317    0.0
    318    0.0
    319    0.0
    320    0.0
    321    0.0
    322    0.0
    323    0.0
    324    0.0
    325    0.0
    326    0.0
    327    0.0
    328    0.0
    329    0.0
    330    0.0
    331    0.0
    332    0.0
    333    0.0
    334    0.0
    335   DNA   
    336   DNA   
    337   DNA   
    338   DNA   
    339   DNA   
    340   DNA   
    341   DNA   
    342   DNA   
    343   DNA   
    344   DNA   
    345   DNA   
    346   DNA   
    347   DNA   
    348   DNA   
    349   DNA   
    350   DNA   
    351   DNA   
    352   DNA   
    353   DNA   
    354   DNA   
    355   DNA   
    356   DNA   
    357   DNA   
    358   DNA   
    359   DNA   
    360   DNA   
    361   DNA   
    362   DNA   
    363   DNA   
    364   DNA   
    365   DNA   
