      1    2.5
      2    0.0
      3    0.0
      4    0.0
      5    0.0
      6    0.0
      7    0.0
      8    0.0
      9    0.0
     10    0.0
     11    0.0
     12    0.0
     13    0.0
     14    0.0
     15    0.0
     16   10.2
     17    0.0
     18    2.5
     19    0.0
     20    0.0
     21    0.0
     22    0.0
     23    0.0
     24    7.6
     25    0.0
     26    0.0
     27    0.0
     28    0.0
     29    0.0
     30    0.0
     31    0.0
     32    0.0
     33    0.0
     34    0.0
     35    0.0
     36    0.0
     37    0.0
     38    0.0
     39    0.0
     40    0.0
     41    0.0
     42    0.0
     43    0.0
     44    0.0
     45    0.0
     46    0.0
     47    0.0
     48    0.0
     49    0.0
     50    0.0
     51    0.0
     52    0.0
     53    0.0
     54    0.0
     55    0.0
     56    0.0
     57    0.0
     58    0.0
     59    0.0
     60    0.0
     61    0.0
     62    0.0
     63    0.0
     64    0.0
     65    0.0
     66    0.0
     67   15.2
     68   10.7
     69    0.0
     70    0.0
     71    0.0
     72    0.0
     73   15.2
     74    0.0
     75    0.0
     76    0.0
     77    0.0
     78    0.0
     79    0.0
     80    0.0
     81    0.0
     82    0.0
     83    0.0
     84    2.5
     85    0.0
     86    0.0
     87    0.0
     88    0.0
     89    0.0
     90    0.0
     91    0.0
     92    0.0
     93    0.0
     94    0.0
     95    0.0
     96    0.0
     97    0.0
     98    0.0
     99    0.0
    100   12.7
    101    2.5
    102    0.0
    103    0.0
    104    0.0
    105    0.0
    106    0.0
    107    0.0
    108    0.0
    109    0.0
    110    0.0
    111    0.0
    112    0.0
    113    0.0
    114    0.0
    115   10.2
    116    0.0
    117    7.6
    118    0.0
    119    0.0
    120    2.5
    121    2.5
    122    0.0
    123    0.0
    124    3.8
    125    0.0
    126    0.0
    127   10.9
    128   12.7
    129   13.2
    130    0.0
    131    5.1
    132   12.4
    133    0.0
    134    0.0
    135    0.0
    136    0.0
    137    0.0
    138    0.0
    139    0.0
    140    0.0
    141    0.0
    142    0.0
    143    0.0
    144    0.0
    145    0.0
    146    0.0
    147    0.0
    148    0.0
    149    0.0
    150    0.0
    151    0.0
    152    0.0
    153    5.6
    154   15.7
    155    2.5
    156   10.2
    157    8.1
    158    0.0
    159    0.0
    160    0.0
    161    0.0
    162    0.0
    163    0.0
    164    3.6
    165   25.4
    166   33.0
    167    2.5
    168    5.1
    169    0.0
    170   15.2
    171    0.0
    172    2.5
    173    5.1
    174    2.5
    175    5.1
    176    0.0
    177    5.1
    178   15.2
    179    7.6
    180    0.0
    181   27.9
    182   63.5
    183   30.5
    184   17.8
    185   12.7
    186   25.4
    187   43.2
    188    1.5
    189   25.4
    190   27.9
    191   15.2
    192   15.2
    193   25.4
    194   15.2
    195    4.3
    196    0.0
    197   50.8
    198    7.6
    199    0.0
    200    0.0
    201   12.7
    202   22.9
    203   25.4
    204   22.9
    205    3.8
    206   20.3
    207    5.1
    208   38.1
    209   40.6
    210   27.9
    211   22.9
    212    5.1
    213    4.1
    214   25.4
    215    6.6
    216    0.0
    217    0.0
    218    5.1
    219   12.7
    220   61.0
    221   68.6
    222   12.7
    223   15.2
    224   12.7
    225    0.0
    226    7.6
    227   10.2
    228    0.0
    229    0.0
    230    0.0
    231    9.4
    232    5.1
    233    4.1
    234    2.5
    235   10.2
    236    5.1
    237    0.0
    238   58.4
    239   33.0
    240   43.2
    241   17.8
    242   20.3
    243    0.0
    244   30.5
    245   25.4
    246    0.0
    247    0.0
    248    0.0
    249   12.7
    250   38.1
    251   12.7
    252   17.8
    253   43.2
    254   12.7
    255   20.3
    256   12.7
    257   25.4
    258   10.2
    259    0.0
    260    7.6
    261   25.4
    262    7.6
    263    0.0
    264    0.0
    265   30.5
    266   20.3
    267    1.0
    268    0.0
    269   10.2
    270    0.0
    271   10.2
    272    0.0
    273    0.0
    274    7.6
    275    0.0
    276   12.7
    277    0.0
    278    0.0
    279    0.0
    280    0.0
    281    0.0
    282    0.0
    283    0.0
    284    0.0
    285    0.0
    286    0.0
    287    0.0
    288    0.0
    289    0.0
    290    0.0
    291    0.0
    292    0.0
    293    0.0
    294    0.0
    295    0.0
    296    0.0
    297    0.0
    298    0.0
    299    0.0
    300    0.0
    301    0.0
    302    0.0
    303    0.0
    304    0.0
    305    0.0
    306    0.0
    307    0.0
    308    0.0
    309    0.0
    310    0.0
    311    0.0
    312    0.0
    313    0.0
    314    0.0
    315    0.0
    316    0.0
    317    0.0
    318    0.0
    319    0.0
    320    0.0
    321    0.0
    322    0.0
    323    0.0
    324    0.0
    325    0.0
    326    0.0
    327    0.0
    328    0.0
    329    0.0
    330    0.0
    331    0.0
    332    0.0
    333    0.0
    334    0.0
    335    0.0
    336    0.0
    337    0.0
    338    0.0
    339    0.0
    340    0.0
    341    0.0
    342    0.0
    343    0.0
    344    0.0
    345    0.0
    346    0.0
    347    0.0
    348    0.0
    349    0.0
    350    0.0
    351    0.0
    352    0.0
    353    0.0
    354    0.0
    355    0.0
    356    0.0
    357    0.0
    358    0.0
    359    0.0
    360    0.0
    361    0.0
    362    0.0
    363    0.0
    364    0.0
    365    0.0
