      1    0.0
      2    0.0
      3    0.0
      4    0.0
      5    0.0
      6    0.0
      7    7.2
      8    4.4
      9    0.0
     10    0.0
     11    0.3
     12    0.0
     13    0.0
     14    0.0
     15    0.0
     16    0.0
     17    0.0
     18    0.0
     19    0.0
     20    0.0
     21    0.0
     22    0.0
     23    0.0
     24    0.0
     25    0.0
     26    0.0
     27    0.0
     28    0.0
     29    0.0
     30    0.0
     31    1.2
     32   16.1
     33    0.0
     34    0.0
     35    0.0
     36    0.0
     37    0.0
     38    0.0
     39    0.0
     40    0.0
     41    0.0
     42    0.0
     43    0.0
     44    0.0
     45    0.0
     46    0.0
     47    0.0
     48    3.3
     49    2.8
     50   14.5
     51    0.0
     52    0.0
     53    0.0
     54    0.0
     55    0.0
     56    0.0
     57    0.0
     58    0.0
     59    0.0
     60    4.6
     61    0.0
     62    0.0
     63    0.0
     64    0.0
     65    0.0
     66    0.0
     67    0.0
     68    0.0
     69    0.0
     70    0.0
     71    1.0
     72    0.0
     73    0.0
     74    5.1
     75    0.0
     76    0.0
     77    0.0
     78    0.0
     79    0.0
     80    0.0
     81    0.0
     82    1.4
     83    0.0
     84    8.6
     85    3.1
     86   25.8
     87    0.0
     88    0.0
     89    0.0
     90    0.0
     91    0.0
     92    0.0
     93    0.0
     94    0.0
     95    0.0
     96    0.0
     97    0.0
     98    0.0
     99   21.0
    100    0.0
    101    0.0
    102    6.3
    103   22.8
    104    0.0
    105    0.0
    106    3.0
    107    0.0
    108    0.0
    109    2.0
    110    0.0
    111    5.5
    112    0.0
    113   39.9
    114    2.5
    115    0.0
    116    1.2
    117    0.0
    118   46.5
    119    0.0
    120    0.0
    121    0.0
    122    0.0
    123   23.4
    124   31.2
    125    7.0
    126    0.0
    127    7.2
    128    0.0
    129    4.8
    130   16.8
    131   27.2
    132    5.2
    133    0.0
    134    1.8
    135    0.0
    136   16.4
    137    7.4
    138   12.0
    139    0.0
    140    5.2
    141    3.4
    142    3.1
    143    0.0
    144    0.0
    145   42.0
    146    0.0
    147    3.4
    148    0.0
    149   70.4
    150   11.6
    151   17.6
    152    0.0
    153    1.0
    154   20.4
    155   16.2
    156   11.8
    157    4.6
    158    0.0
    159    T  
    160    2.8
    161   15.4
    162    6.0
    163    1.2
    164    3.1
    165    1.2
    166   11.2
    167   16.0
    168   24.4
    169    4.2
    170    2.1
    171    T  
    172    8.8
    173    5.6
    174   85.2
    175   27.2
    176   35.4
    177    1.2
    178    2.4
    179    7.2
    180    0.0
    181   17.6
    182    0.2
    183    1.0
    184    0.1
    185   24.8
    186    0.0
    187   21.0
    188    0.0
    189    7.0
    190    9.0
    191   32.1
    192   19.0
    193   15.4
    194    6.8
    195   82.2
    196    2.0
    197   17.5
    198   40.2
    199   33.6
    200   20.0
    201   42.1
    202    7.2
    203   56.4
    204   10.2
    205   30.1
    206    9.1
    207    3.2
    208   32.0
    209   11.4
    210   30.1
    211    2.4
    212    2.8
    213   10.3
    214   21.4
    215   33.6
    216   27.4
    217   15.8
    218   36.5
    219   13.2
    220   20.9
    221   51.0
    222   43.2
    223   25.4
    224   20.2
    225   24.6
    226   30.4
    227   14.8
    228   16.2
    229   13.6
    230   11.2
    231   14.1
    232   16.5
    233   38.2
    234    0.0
    235   25.0
    236   30.2
    237   30.4
    238    1.8
    239   12.3
    240    3.2
    241    6.0
    242    0.4
    243    5.1
    244    2.3
    245   11.0
    246    9.2
    247    4.0
    248    8.2
    249   13.8
    250    0.8
    251    1.8
    252   14.0
    253    0.0
    254   30.4
    255    9.0
    256    8.2
    257    2.6
    258    4.2
    259   12.6
    260    0.0
    261    2.6
    262   28.4
    263    7.2
    264    4.0
    265   10.2
    266   21.6
    267   52.3
    268   10.2
    269    8.0
    270    2.0
    271   26.5
    272    0.0
    273    0.6
    274    0.0
    275    1.2
    276    0.0
    277    4.6
    278   25.0
    279   14.2
    280    0.0
    281    0.0
    282    0.0
    283    0.0
    284    0.0
    285    0.0
    286    0.0
    287    0.0
    288    0.0
    289    0.0
    290    0.0
    291    0.0
    292    0.0
    293    0.0
    294    0.0
    295    0.0
    296    0.0
    297    0.0
    298    0.0
    299    0.0
    300    0.0
    301    0.0
    302    0.0
    303    0.0
    304    0.0
    305    0.0
    306    0.0
    307    4.0
    308    0.0
    309    0.0
    310    0.0
    311    0.0
    312    0.0
    313    0.0
    314    0.0
    315    0.0
    316    0.0
    317    0.0
    318    0.0
    319    0.0
    320    0.0
    321    0.0
    322    0.0
    323    0.0
    324    0.0
    325    0.0
    326    0.0
    327    0.0
    328    0.0
    329    0.0
    330    0.0
    331    0.0
    332    0.0
    333    0.0
    334    0.0
    335    0.0
    336    0.0
    337    0.0
    338    0.0
    339    0.0
    340    0.0
    341    0.0
    342    0.0
    343    0.0
    344    0.0
    345    0.0
    346    0.0
    347    0.0
    348    0.0
    349    0.0
    350    0.0
    351    0.0
    352    0.0
    353    0.0
    354    0.0
    355    0.0
    356    0.0
    357    0.0
    358    0.0
    359    0.0
    360    0.0
    361    0.0
    362    0.0
    363    0.0
    364    0.0
    365    0.0
