      1    0.0
      2    0.0
      3    0.0
      4    0.0
      5    0.0
      6    0.0
      7    0.0
      8    0.0
      9    0.0
     10    0.0
     11    0.0
     12    0.0
     13    0.0
     14    0.0
     15    0.0
     16    0.0
     17    0.0
     18    0.0
     19    0.0
     20    0.0
     21    0.0
     22    0.0
     23    0.0
     24    0.0
     25    0.0
     26    0.0
     27    0.0
     28    0.0
     29    0.0
     30    0.0
     31    0.0
     32    1.0
     33    0.0
     34    0.0
     35    0.0
     36    0.0
     37    0.0
     38    0.0
     39    0.0
     40    0.0
     41    0.0
     42    1.0
     43    0.0
     44    0.0
     45    0.0
     46    0.0
     47    0.0
     48    0.0
     49    0.0
     50    0.0
     51    0.0
     52    0.0
     53    0.0
     54    0.0
     55    0.0
     56    0.0
     57    0.0
     58    0.0
     59    0.0
     60    0.0
     61    0.0
     62    0.0
     63    0.0
     64    0.0
     65    0.0
     66    0.0
     67    0.0
     68    0.0
     69    0.0
     70    0.0
     71    0.0
     72    0.0
     73    0.0
     74    0.0
     75    0.0
     76    0.0
     77    0.0
     78    0.0
     79    0.0
     80    0.0
     81    0.0
     82    0.0
     83    0.0
     84    2.0
     85   12.0
     86    0.4
     87    0.2
     88    0.0
     89  100.3
     90    0.0
     91    0.0
     92    0.0
     93    0.0
     94    0.0
     95    0.0
     96    0.0
     97    0.0
     98    0.0
     99    0.0
    100    0.0
    101    0.0
    102    0.0
    103    0.0
    104    2.8
    105    0.0
    106    0.0
    107    0.0
    108    0.0
    109    0.0
    110    0.0
    111    0.0
    112    0.0
    113    8.2
    114    0.0
    115    0.0
    116    0.0
    117    0.0
    118    0.0
    119    0.0
    120    1.8
    121    0.0
    122    6.0
    123   26.0
    124    0.0
    125   20.0
    126    0.0
    127    0.0
    128    0.0
    129    0.0
    130    0.0
    131    8.0
    132    0.0
    133    7.0
    134   12.0
    135    0.0
    136    0.0
    137    0.0
    138    0.0
    139    0.0
    140    0.0
    141   41.0
    142    0.0
    143    0.0
    144    0.0
    145    0.0
    146    0.0
    147    0.0
    148    0.0
    149    0.0
    150    0.0
    151   38.0
    152    4.0
    153    0.0
    154    0.0
    155   DNA   
    156   DNA   
    157   DNA   
    158   DNA   
    159   DNA   
    160   DNA   
    161   DNA   
    162   DNA   
    163   DNA   
    164   DNA   
    165   DNA   
    166   40.0
    167    0.0
    168    4.0
    169    0.0
    170    0.0
    171    0.0
    172   34.0
    173    0.0
    174    4.0
    175    3.0
    176    2.0
    177    0.0
    178   40.0
    179    2.0
    180    0.0
    181    0.0
    182   38.0
    183    0.0
    184    0.0
    185   10.0
    186   40.0
    187   40.0
    188    0.0
    189    0.0
    190    5.3
    191    0.0
    192    6.0
    193   18.0
    194   40.0
    195   60.5
    196    4.0
    197    0.4
    198    0.6
    199    2.4
    200    2.1
    201    0.0
    202    8.8
    203   30.0
    204   44.0
    205   20.2
    206    8.0
    207   26.0
    208   28.0
    209   10.4
    210   28.2
    211    8.2
    212   30.8
    213   38.0
    214   18.2
    215   22.2
    216   40.0
    217   12.0
    218   40.0
    219    2.0
    220   26.0
    221   62.0
    222    0.0
    223   40.0
    224   10.0
    225    0.0
    226    8.1
    227   30.0
    228    0.0
    229    8.0
    230   16.0
    231    0.0
    232    0.0
    233   42.0
    234   40.0
    235   10.0
    236   22.0
    237   30.0
    238    2.0
    239   40.0
    240   12.0
    241    0.0
    242   42.5
    243   40.0
    244   20.0
    245   36.0
    246   24.0
    247   34.0
    248    1.0
    249    0.0
    250    5.0
    251    2.0
    252    8.0
    253    4.0
    254   20.0
    255   13.0
    256    0.0
    257    0.0
    258   38.0
    259   12.0
    260   11.0
    261   37.0
    262    6.0
    263   42.0
    264    2.0
    265    0.0
    266    0.0
    267   36.0
    268    0.0
    269   16.0
    270    0.0
    271    0.0
    272   25.0
    273    0.0
    274    0.0
    275    0.0
    276    0.0
    277    0.0
    278    1.0
    279   25.0
    280   26.0
    281   32.0
    282   12.0
    283    0.0
    284    0.0
    285    0.0
    286    0.0
    287    0.0
    288    0.0
    289    0.0
    290    0.0
    291    0.0
    292    0.0
    293    1.0
    294    0.0
    295    0.0
    296    0.0
    297    0.0
    298    0.0
    299    0.0
    300    0.0
    301    0.0
    302    0.0
    303    0.0
    304    0.0
    305    0.0
    306    0.0
    307    0.0
    308    0.0
    309    0.0
    310    0.0
    311    0.0
    312    0.0
    313    0.0
    314    0.0
    315    0.0
    316    0.0
    317    0.0
    318    0.0
    319    0.0
    320    0.0
    321    0.0
    322    0.0
    323    0.0
    324    0.0
    325    0.0
    326    0.0
    327    0.0
    328    0.0
    329    0.0
    330    0.0
    331    0.0
    332    0.0
    333    0.0
    334    0.0
    335    0.0
    336    0.0
    337    0.0
    338    0.0
    339    0.0
    340    0.0
    341    0.0
    342    0.0
    343    0.0
    344    0.0
    345    0.0
    346    0.0
    347    0.0
    348    0.0
    349    0.0
    350    0.0
    351    0.0
    352    8.0
    353    3.0
    354    0.0
    355    0.0
    356    0.0
    357    0.0
    358    0.0
    359    0.0
    360    0.0
    361    0.0
    362    0.0
    363    0.0
    364    0.0
    365    0.0
