      1   20.2
      2    2.0
      3    0.0
      4    0.0
      5    0.0
      6    0.0
      7    0.0
      8    0.0
      9    0.0
     10    0.0
     11    0.0
     12    0.0
     13    0.0
     14    0.0
     15    0.0
     16    0.0
     17    0.0
     18    0.0
     19    0.0
     20    0.0
     21    0.0
     22    0.0
     23    0.0
     24    0.0
     25    0.0
     26    0.0
     27    0.0
     28    1.2
     29    2.6
     30    6.2
     31    0.0
     32   23.6
     33    0.0
     34    0.0
     35    0.0
     36    0.0
     37    0.0
     38    0.0
     39    0.0
     40    0.0
     41    0.0
     42    0.0
     43    0.0
     44    0.0
     45    0.0
     46    0.0
     47    0.0
     48    0.0
     49    0.0
     50   17.8
     51   15.4
     52    0.0
     53    0.0
     54    0.0
     55    0.0
     56    0.8
     57    4.6
     58   15.4
     59    0.0
     60    0.0
     61    0.0
     62    0.0
     63    0.0
     64    0.0
     65    0.0
     66    0.0
     67    0.0
     68    0.0
     69    0.0
     70    0.0
     71    0.0
     72    6.8
     73    0.0
     74    0.8
     75    0.0
     76    3.4
     77    0.0
     78    2.2
     79    T  
     80    0.0
     81    2.0
     82    0.0
     83    T  
     84   22.2
     85    0.0
     86   30.4
     87    0.0
     88    0.0
     89    4.4
     90    0.0
     91    0.0
     92    T  
     93    0.0
     94    0.6
     95    0.4
     96    0.0
     97    0.0
     98    0.0
     99    0.0
    100    0.0
    101    0.0
    102    T  
    103    0.0
    104    2.2
    105    1.2
    106    0.0
    107   13.8
    108    0.0
    109    0.0
    110    5.6
    111    0.0
    112    2.4
    113    0.0
    114    0.0
    115    0.0
    116    0.2
    117    6.2
    118    5.0
    119    T  
    120    7.8
    121    0.0
    122    2.6
    123    0.0
    124    8.6
    125    0.0
    126    0.0
    127    0.0
    128    0.0
    129    0.0
    130    3.6
    131    0.0
    132    0.0
    133    0.0
    134    2.6
    135    5.8
    136    T  
    137    2.6
    138    1.8
    139    7.2
    140    T  
    141    T  
    142   12.4
    143    T  
    144    2.4
    145    4.0
    146    1.4
    147    0.0
    148    0.0
    149    0.0
    150    0.0
    151    0.0
    152    T  
    153    0.0
    154   12.2
    155   12.8
    156    6.4
    157    0.6
    158   80.2
    159    7.4
    160    3.6
    161    3.2
    162   19.4
    163    T  
    164    3.0
    165    0.0
    166    5.2
    167   27.0
    168    0.2
    169   23.0
    170   18.8
    171    0.4
    172   12.6
    173   90.6
    174    1.4
    175   19.6
    176   17.2
    177   55.6
    178   33.6
    179   42.0
    180   49.6
    181    2.4
    182  110.0
    183    3.2
    184  124.6
    185   43.2
    186    8.4
    187   26.4
    188    2.6
    189   33.0
    190   35.6
    191   10.2
    192    2.2
    193   31.0
    194   11.0
    195   97.4
    196   28.0
    197    4.2
    198   36.4
    199  102.4
    200   20.8
    201   29.8
    202   10.0
    203   40.2
    204   16.8
    205   46.4
    206    0.0
    207   10.0
    208   13.2
    209    0.8
    210   15.4
    211   40.4
    212   62.0
    213    2.4
    214    5.2
    215   52.2
    216    1.4
    217   18.6
    218   11.2
    219    0.4
    220  154.2
    221    3.0
    222    8.2
    223   40.0
    224   19.6
    225   44.6
    226   13.2
    227    2.6
    228    1.6
    229    7.8
    230   78.4
    231   20.4
    232    8.8
    233    3.4
    234   12.0
    235   12.6
    236    0.6
    237   43.6
    238   21.8
    239    8.4
    240   28.8
    241   46.2
    242    5.8
    243   16.6
    244   18.8
    245   41.2
    246   26.8
    247   21.2
    248   70.6
    249    7.8
    250   16.0
    251    5.2
    252    6.0
    253   13.8
    254   18.2
    255    9.8
    256    5.0
    257   41.0
    258   30.2
    259   28.6
    260    3.8
    261   35.2
    262   22.6
    263    0.0
    264   74.8
    265    7.6
    266   19.6
    267   44.6
    268   29.0
    269    0.0
    270   21.6
    271    0.0
    272    0.0
    273    0.0
    274   21.0
    275    0.0
    276    0.0
    277    0.0
    278    0.0
    279    0.0
    280    0.0
    281    T  
    282    6.8
    283    7.2
    284    0.0
    285    0.0
    286    0.0
    287    0.0
    288    0.0
    289    0.0
    290    0.0
    291    0.0
    292    0.0
    293    0.0
    294    0.0
    295    0.0
    296    0.0
    297    0.0
    298    0.0
    299    0.0
    300    0.0
    301    0.0
    302    0.0
    303    0.0
    304    0.0
    305    0.0
    306    0.0
    307    0.0
    308    0.0
    309    0.0
    310    0.0
    311    0.0
    312    0.0
    313    0.0
    314    0.0
    315    0.0
    316    0.0
    317    T  
    318    0.0
    319    0.0
    320    0.0
    321    0.0
    322    0.0
    323    0.0
    324    0.0
    325    0.0
    326    0.0
    327    0.0
    328    0.0
    329    0.0
    330    0.0
    331    0.0
    332    0.0
    333    0.0
    334    0.0
    335    0.0
    336    0.0
    337    0.0
    338    0.0
    339    0.0
    340    0.0
    341    0.0
    342    0.0
    343    0.0
    344    0.0
    345    0.0
    346    0.0
    347    0.0
    348    0.0
    349    0.0
    350    0.0
    351    0.0
    352    0.0
    353    0.0
    354    0.0
    355    0.0
    356    0.0
    357    0.0
    358    0.0
    359    0.0
    360    0.0
    361    0.0
    362    6.2
    363   14.4
    364    0.0
    365    0.0
