      1   DNA   
      2   DNA   
      3   DNA   
      4   DNA   
      5   DNA   
      6   DNA   
      7   DNA   
      8   DNA   
      9   DNA   
     10   DNA   
     11   DNA   
     12   DNA   
     13   DNA   
     14   DNA   
     15   DNA   
     16   DNA   
     17   DNA   
     18   DNA   
     19   DNA   
     20   DNA   
     21   DNA   
     22   DNA   
     23   DNA   
     24   DNA   
     25   DNA   
     26   DNA   
     27   DNA   
     28   DNA   
     29   DNA   
     30   DNA   
     31   DNA   
     32   DNA   
     33   DNA   
     34   DNA   
     35   DNA   
     36   DNA   
     37   DNA   
     38   DNA   
     39   DNA   
     40   DNA   
     41   DNA   
     42   DNA   
     43   DNA   
     44    0.0
     45    0.0
     46    0.0
     47    0.0
     48    0.0
     49    0.0
     50    0.0
     51    0.0
     52    0.0
     53    0.0
     54    0.0
     55    0.0
     56    0.0
     57    0.0
     58    0.0
     59    0.0
     60    0.0
     61    0.0
     62    0.0
     63    T  
     64   30.0
     65    0.0
     66    0.0
     67    0.0
     68    0.0
     69    0.0
     70    0.0
     71    0.0
     72    0.0
     73    0.0
     74    0.0
     75    0.0
     76    0.0
     77    0.0
     78    0.0
     79    0.0
     80    0.0
     81    0.0
     82    0.0
     83    0.0
     84    0.0
     85    0.0
     86    0.0
     87    0.0
     88    0.0
     89    0.0
     90    0.0
     91    0.0
     92    5.0
     93    3.6
     94    0.0
     95    0.0
     96    0.0
     97    0.0
     98    0.0
     99    0.0
    100    0.0
    101    0.0
    102    0.0
    103    0.0
    104   13.0
    105    T  
    106    0.0
    107    7.6
    108    3.0
    109    0.0
    110    0.0
    111    0.0
    112    0.0
    113    0.0
    114    0.0
    115    0.0
    116    0.0
    117    0.0
    118    0.0
    119   24.6
    120    T  
    121    4.0
    122   11.6
    123    0.0
    124    0.0
    125    0.0
    126    T  
    127   14.6
    128    0.0
    129    0.0
    130    0.0
    131    0.0
    132    0.0
    133    0.0
    134   18.4
    135    0.0
    136    0.0
    137    0.0
    138   10.0
    139    0.0
    140   20.0
    141    0.0
    142    0.0
    143    0.0
    144    0.0
    145    0.0
    146    0.0
    147    0.0
    148    0.0
    149   12.4
    150   13.0
    151    3.4
    152   10.0
    153    0.0
    154    0.0
    155   12.0
    156    0.0
    157   30.0
    158   28.0
    159   26.0
    160    5.6
    161   12.0
    162    8.0
    163   18.0
    164    4.6
    165   40.0
    166   42.0
    167    5.0
    168    T  
    169    2.0
    170   20.0
    171    0.0
    172    0.0
    173    0.0
    174    T  
    175   13.0
    176    0.0
    177    0.0
    178    0.0
    179    0.0
    180   30.0
    181   50.0
    182   32.0
    183    0.0
    184    0.0
    185    0.0
    186    T  
    187   40.0
    188    0.0
    189    0.0
    190    0.0
    191    0.0
    192   40.0
    193    3.0
    194   40.0
    195    0.0
    196    0.0
    197    0.0
    198    0.0
    199    0.0
    200    0.0
    201   42.0
    202   43.0
    203    3.0
    204   40.0
    205   43.0
    206    T  
    207    3.0
    208   40.0
    209    0.0
    210    0.0
    211    0.0
    212    0.0
    213    0.0
    214    0.0
    215    5.0
    216   40.0
    217    8.3
    218    T  
    219   40.0
    220   42.0
    221    0.0
    222    0.0
    223    0.0
    224    0.0
    225    T  
    226   18.0
    227   10.0
    228    T  
    229    4.6
    230    0.0
    231    T  
    232   40.0
    233    7.0
    234    0.0
    235    0.0
    236    0.0
    237    6.0
    238   40.0
    239    5.0
    240   42.0
    241    T  
    242    5.0
    243   35.0
    244   40.0
    245    T  
    246    0.0
    247   11.3
    248   37.0
    249    T  
    250    0.0
    251   40.0
    252    0.0
    253    0.0
    254    0.0
    255    0.0
    256    0.0
    257    0.0
    258    0.0
    259   20.0
    260    5.3
    261   DNA   
    262   DNA   
    263   DNA   
    264   DNA   
    265   DNA   
    266   DNA   
    267   DNA   
    268   DNA   
    269   DNA   
    270   DNA   
    271   DNA   
    272   DNA   
    273   DNA   
    274   DNA   
    275   DNA   
    276   DNA   
    277   DNA   
    278   DNA   
    279   DNA   
    280   DNA   
    281   DNA   
    282   DNA   
    283   DNA   
    284   DNA   
    285   DNA   
    286   DNA   
    287   DNA   
    288   DNA   
    289   DNA   
    290   DNA   
    291    0.0
    292    0.0
    293    0.0
    294    0.0
    295    0.0
    296    0.0
    297    0.0
    298    0.0
    299    0.0
    300    0.0
    301    0.0
    302    0.0
    303    0.0
    304    0.0
    305    0.0
    306    0.0
    307    0.0
    308    0.0
    309    0.0
    310    0.0
    311    0.0
    312    0.0
    313    0.0
    314    0.0
    315    0.0
    316    0.0
    317    0.0
    318    0.0
    319    0.0
    320    0.0
    321    0.0
    322    0.0
    323    0.0
    324    0.0
    325    0.0
    326    0.0
    327    0.0
    328    0.0
    329    0.0
    330    0.0
    331    0.0
    332    0.0
    333    0.0
    334    0.0
    335    0.0
    336    0.0
    337    0.0
    338    0.0
    339    0.0
    340    0.0
    341    0.0
    342    0.0
    343    0.0
    344    0.0
    345    0.0
    346    0.0
    347    0.0
    348    0.0
    349    0.0
    350    0.0
    351    0.0
    352    0.0
    353    0.0
    354    0.0
    355    0.0
    356    0.0
    357    0.0
    358    0.0
    359    0.0
    360    0.0
    361    0.0
    362    0.0
    363    0.0
    364    0.0
    365    0.0
    366    0.0
