      1    0.0
      2    0.0
      3    0.0
      4    0.0
      5    0.0
      6    0.0
      7    0.0
      8    0.0
      9    0.0
     10    0.0
     11    0.0
     12    0.7
     13    0.0
     14    0.0
     15    0.0
     16    0.0
     17    0.0
     18    0.0
     19    0.0
     20    0.0
     21    0.0
     22    0.0
     23    0.0
     24    0.0
     25    0.0
     26    0.0
     27    0.0
     28    0.0
     29    2.0
     30    3.4
     31    0.0
     32    0.0
     33    0.0
     34    0.0
     35    0.0
     36    0.0
     37    0.0
     38    0.0
     39    0.0
     40    0.0
     41    0.0
     42    0.0
     43    0.0
     44    0.0
     45    0.0
     46    0.0
     47    0.0
     48    0.0
     49    0.0
     50    0.0
     51    0.0
     52    0.0
     53    0.0
     54    0.0
     55    0.0
     56    0.0
     57    0.0
     58    0.0
     59    0.0
     60    0.0
     61    0.0
     62    0.0
     63    0.0
     64    0.0
     65    0.0
     66    0.0
     67    0.0
     68    2.0
     69    0.0
     70    0.0
     71    0.0
     72    0.0
     73    0.0
     74    2.0
     75    0.0
     76    0.0
     77    0.0
     78    0.0
     79    0.0
     80    4.0
     81    0.9
     82    0.0
     83    0.0
     84    0.0
     85    0.0
     86    0.0
     87    0.0
     88    0.0
     89    0.0
     90    0.0
     91    0.0
     92    0.0
     93    0.0
     94    0.0
     95    0.0
     96    0.0
     97    0.0
     98    0.0
     99    0.0
    100    0.0
    101    0.0
    102    0.0
    103    0.0
    104    0.0
    105    0.0
    106    0.0
    107    0.0
    108    6.0
    109    0.0
    110    0.0
    111    0.0
    112    0.0
    113    0.0
    114    0.0
    115    0.0
    116    0.0
    117    0.0
    118    3.4
    119    0.0
    120    0.0
    121    0.0
    122   22.5
    123    4.4
    124    0.0
    125    1.5
    126    0.0
    127    0.0
    128    0.0
    129    0.0
    130    0.0
    131    0.0
    132    0.0
    133    0.0
    134    0.0
    135    3.2
    136    0.0
    137    0.0
    138   34.0
    139   40.8
    140    2.8
    141    0.0
    142    0.0
    143    0.0
    144    0.0
    145    0.0
    146    0.0
    147    0.0
    148    5.6
    149   30.0
    150    T  
    151    7.1
    152    6.7
    153   24.4
    154    0.0
    155   42.4
    156    0.0
    157    0.0
    158    0.0
    159    5.3
    160    0.0
    161    0.0
    162    3.8
    163   31.2
    164   10.0
    165   40.0
    166   12.0
    167    6.8
    168    4.4
    169    0.0
    170    0.0
    171   13.4
    172    0.0
    173    0.0
    174   19.4
    175    0.0
    176    0.0
    177    0.0
    178   12.9
    179    8.8
    180    0.0
    181    0.0
    182   25.4
    183    0.0
    184    4.2
    185    0.0
    186    0.0
    187    0.0
    188    0.0
    189    0.0
    190    T  
    191    6.0
    192    4.4
    193   15.0
    194   30.0
    195   12.6
    196    0.0
    197    2.8
    198   67.0
    199   10.0
    200    2.6
    201    0.0
    202   25.8
    203    0.0
    204   12.2
    205   14.5
    206   14.7
    207    7.5
    208   49.7
    209   20.7
    210   20.7
    211    2.6
    212    0.0
    213    0.0
    214    0.0
    215   32.3
    216    0.0
    217   57.8
    218    7.8
    219    0.0
    220    0.0
    221    0.0
    222    0.0
    223    0.0
    224    5.0
    225    7.0
    226    0.0
    227    0.0
    228   37.7
    229    0.0
    230   20.2
    231   14.0
    232   18.0
    233    9.8
    234   47.2
    235   30.0
    236    7.2
    237    0.0
    238    0.0
    239    0.0
    240   17.2
    241   21.0
    242    0.0
    243    0.0
    244    0.0
    245    0.0
    246    0.0
    247   10.0
    248   20.8
    249    4.6
    250    0.0
    251   55.4
    252    0.0
    253    0.0
    254    0.0
    255    0.0
    256    0.0
    257    0.0
    258   53.7
    259   49.0
    260    0.0
    261   24.9
    262   11.8
    263   20.0
    264   10.3
    265  138.0
    266   16.2
    267   45.4
    268   38.4
    269   26.6
    270   26.4
    271   23.0
    272   10.8
    273    2.0
    274   16.4
    275    0.0
    276    0.0
    277   21.6
    278   68.2
    279  116.8
    280    0.0
    281    0.0
    282    0.0
    283    0.0
    284   23.7
    285   25.5
    286    0.0
    287    0.0
    288    0.0
    289    0.0
    290    0.0
    291    0.0
    292    0.0
    293    0.0
    294    0.0
    295    0.0
    296    0.0
    297    0.0
    298    0.0
    299    0.0
    300    0.0
    301    0.0
    302    0.0
    303    0.0
    304    0.0
    305    0.0
    306    0.0
    307    0.0
    308    0.0
    309    0.0
    310    0.0
    311    0.0
    312    0.0
    313    0.0
    314    0.0
    315    0.0
    316    0.0
    317    0.0
    318    0.0
    319    0.0
    320    0.0
    321    0.0
    322    0.0
    323    0.0
    324    0.0
    325    0.0
    326    0.0
    327    0.0
    328    0.0
    329    0.0
    330    0.0
    331    0.0
    332    0.0
    333    0.0
    334    0.0
    335    0.0
    336    0.0
    337    0.0
    338    0.0
    339    0.0
    340    0.0
    341    0.0
    342    0.0
    343    0.0
    344    0.0
    345    0.0
    346    0.0
    347    0.0
    348    0.0
    349    0.0
    350    0.0
    351    0.0
    352    0.0
    353    0.0
    354    0.0
    355    0.0
    356    0.0
    357    0.0
    358    0.0
    359    0.0
    360    0.0
    361    0.0
    362    0.0
    363    0.0
    364    0.0
    365    0.0
    366    0.0
