      1    0.0
      2    0.0
      3    0.0
      4    0.0
      5    0.0
      6    0.0
      7    0.0
      8    0.0
      9    0.0
     10    0.0
     11    0.0
     12    0.0
     13    0.0
     14    0.0
     15    6.0
     16    0.0
     17    0.0
     18    0.0
     19    0.0
     20    0.0
     21    0.0
     22    0.0
     23    0.0
     24    0.0
     25    0.0
     26    0.0
     27    0.0
     28    0.0
     29    0.0
     30    0.0
     31    0.0
     32    0.0
     33    0.0
     34    0.0
     35    0.0
     36    0.0
     37    0.0
     38    0.0
     39    0.0
     40    0.0
     41    0.0
     42    6.7
     43    0.0
     44    0.0
     45    0.0
     46    0.0
     47    0.0
     48    0.0
     49    0.0
     50    0.0
     51    0.0
     52    0.0
     53    0.0
     54    0.0
     55    0.0
     56    0.0
     57    0.0
     58    0.0
     59    0.0
     60    0.0
     61    0.0
     62    0.0
     63    0.0
     64    0.0
     65    0.0
     66    0.0
     67    0.0
     68    0.0
     69    0.0
     70    0.0
     71    0.0
     72    0.0
     73    0.0
     74   17.0
     75   14.0
     76   20.0
     77    0.0
     78    0.0
     79    0.0
     80    0.0
     81    0.0
     82    0.0
     83    0.0
     84    0.0
     85    0.0
     86    0.0
     87    0.0
     88    0.0
     89    0.0
     90    0.0
     91    0.0
     92    0.0
     93    0.0
     94   18.1
     95    0.0
     96    0.0
     97    0.0
     98    0.0
     99   35.0
    100    8.0
    101    3.0
    102   22.0
    103   12.3
    104    0.0
    105    8.0
    106   30.0
    107   18.0
    108    4.0
    109    8.0
    110    2.4
    111    6.0
    112   12.0
    113   32.0
    114    8.0
    115   33.0
    116   11.0
    117    3.0
    118   11.2
    119    0.0
    120    0.0
    121    0.0
    122    0.0
    123    0.0
    124   11.8
    125    0.0
    126    0.0
    127    0.0
    128    0.0
    129   37.0
    130    0.0
    131    3.0
    132    2.2
    133   12.3
    134    0.0
    135   80.0
    136   37.0
    137   18.0
    138    4.0
    139    8.0
    140    2.4
    141    6.6
    142   12.0
    143   22.0
    144    8.0
    145   33.0
    146   11.0
    147    3.0
    148   11.2
    149    0.0
    150    0.0
    151    0.0
    152    0.0
    153    6.8
    154    0.0
    155    8.0
    156   18.0
    157    1.4
    158    0.0
    159    0.0
    160    2.0
    161    6.0
    162    1.0
    163    0.0
    164    0.0
    165    1.0
    166    4.5
    167   57.2
    168   27.2
    169    0.0
    170   27.0
    171    8.0
    172    8.4
    173   13.0
    174    0.0
    175   16.0
    176    6.0
    177    7.7
    178    0.0
    179    0.0
    180    0.0
    181    0.0
    182    4.5
    183    0.5
    184    2.2
    185   20.0
    186    0.1
    187    0.6
    188    0.0
    189    0.0
    190    0.0
    191    0.0
    192    0.0
    193   10.8
    194    3.6
    195    0.0
    196    0.0
    197    0.0
    198    5.4
    199   10.7
    200    2.2
    201    0.8
    202   10.9
    203    3.5
    204    7.2
    205   16.0
    206   10.0
    207   27.0
    208   12.0
    209    5.5
    210   33.5
    211   27.0
    212   10.4
    213   23.0
    214    0.0
    215   19.0
    216    4.0
    217   10.0
    218    0.0
    219    9.0
    220    0.0
    221   34.0
    222    0.0
    223    0.0
    224   10.4
    225    0.0
    226    0.0
    227    0.0
    228    0.0
    229    0.0
    230    0.0
    231    0.0
    232    0.0
    233    0.0
    234    0.0
    235    4.0
    236    0.0
    237   13.5
    238    0.0
    239    8.0
    240    0.0
    241    4.0
    242    1.6
    243    3.0
    244    0.0
    245    0.0
    246    0.0
    247    0.0
    248    0.0
    249   23.0
    250    0.0
    251    0.0
    252    0.0
    253   83.0
    254   28.0
    255   14.0
    256   12.0
    257    0.0
    258    0.0
    259   31.6
    260    5.6
    261   18.8
    262    1.2
    263   23.8
    264    3.4
    265    0.0
    266    0.0
    267    2.2
    268    0.0
    269    0.0
    270    6.0
    271    0.0
    272   14.8
    273    0.0
    274    0.0
    275    0.0
    276    0.0
    277    0.0
    278    0.0
    279    0.0
    280    0.0
    281    4.0
    282   14.6
    283    0.0
    284    0.0
    285    0.0
    286    0.0
    287    0.0
    288    0.0
    289    0.0
    290    0.0
    291   23.0
    292    0.0
    293    0.0
    294    0.0
    295    0.0
    296    0.0
    297    0.0
    298    0.0
    299    0.0
    300    0.0
    301    0.0
    302    0.0
    303    0.0
    304    0.0
    305   27.0
    306    4.0
    307    3.0
    308    0.0
    309    0.0
    310    0.0
    311    0.0
    312    0.0
    313    0.0
    314    0.0
    315    0.0
    316    8.2
    317    0.0
    318    0.0
    319    0.0
    320    0.0
    321    0.0
    322    0.0
    323    0.0
    324    0.0
    325    0.0
    326    0.0
    327    0.0
    328    0.0
    329    0.0
    330    0.0
    331    0.0
    332    0.0
    333    0.0
    334    0.0
    335    3.0
    336    0.0
    337    0.0
    338    0.0
    339    0.0
    340    0.0
    341    0.0
    342    0.0
    343    0.0
    344    0.0
    345    0.0
    346    0.0
    347    0.0
    348    0.0
    349    0.0
    350    0.0
    351    0.0
    352    0.0
    353    0.0
    354    0.0
    355    0.0
    356    0.0
    357    0.0
    358    0.0
    359    0.0
    360    0.0
    361    0.0
    362    0.0
    363    0.0
    364    0.0
    365    0.0
    366    0.0
