      1   DNA   
      2   DNA   
      3   DNA   
      4   DNA   
      5   DNA   
      6   DNA   
      7   DNA   
      8   DNA   
      9   DNA   
     10   DNA   
     11   DNA   
     12   DNA   
     13   DNA   
     14   DNA   
     15   DNA   
     16   DNA   
     17   DNA   
     18   DNA   
     19   DNA   
     20   DNA   
     21   DNA   
     22   DNA   
     23   DNA   
     24   DNA   
     25   DNA   
     26   DNA   
     27   DNA   
     28   DNA   
     29   DNA   
     30   DNA   
     31   DNA   
     32   DNA   
     33   DNA   
     34   DNA   
     35   DNA   
     36   DNA   
     37   DNA   
     38   DNA   
     39   DNA   
     40   DNA   
     41   DNA   
     42   DNA   
     43   DNA   
     44   DNA   
     45   DNA   
     46   DNA   
     47   DNA   
     48   DNA   
     49   DNA   
     50   DNA   
     51   DNA   
     52   DNA   
     53   DNA   
     54   DNA   
     55   DNA   
     56   DNA   
     57   DNA   
     58   DNA   
     59   DNA   
     60   DNA   
     61   DNA   
     62   DNA   
     63   DNA   
     64   DNA   
     65   DNA   
     66   DNA   
     67   DNA   
     68   DNA   
     69   DNA   
     70   DNA   
     71   DNA   
     72   DNA   
     73   DNA   
     74   DNA   
     75   DNA   
     76   DNA   
     77   DNA   
     78   DNA   
     79   DNA   
     80   DNA   
     81   DNA   
     82   DNA   
     83   DNA   
     84   DNA   
     85   DNA   
     86   DNA   
     87   DNA   
     88   DNA   
     89   DNA   
     90   DNA   
     91   DNA   
     92   DNA   
     93   DNA   
     94   DNA   
     95   DNA   
     96   DNA   
     97   DNA   
     98   DNA   
     99   DNA   
    100   DNA   
    101   DNA   
    102   DNA   
    103   DNA   
    104   DNA   
    105   DNA   
    106   DNA   
    107   DNA   
    108   DNA   
    109   DNA   
    110   DNA   
    111   DNA   
    112   DNA   
    113   DNA   
    114   DNA   
    115   DNA   
    116   DNA   
    117   DNA   
    118   DNA   
    119   DNA   
    120   DNA   
    121   DNA   
    122   DNA   
    123   DNA   
    124   DNA   
    125   DNA   
    126   DNA   
    127   DNA   
    128    0.0
    129    8.8
    130   21.2
    131    0.0
    132    0.3
    133    0.1
    134    4.0
    135    0.0
    136   18.6
    137    0.0
    138    0.0
    139    0.0
    140    0.5
    141    2.6
    142    0.0
    143    0.0
    144    0.0
    145    0.0
    146    0.0
    147    0.0
    148    0.0
    149    0.0
    150    0.0
    151    0.0
    152    0.0
    153    7.4
    154    0.6
    155    0.6
    156    1.2
    157    4.2
    158    0.2
    159    0.0
    160    0.0
    161    0.0
    162    5.6
    163    0.0
    164    0.0
    165    0.0
    166    0.0
    167    0.0
    168    0.0
    169    0.0
    170    0.0
    171    8.2
    172    0.0
    173    T  
    174    3.2
    175   11.0
    176  161.5
    177    9.5
    178    3.0
    179    0.3
    180    0.0
    181    0.0
    182    0.0
    183   67.0
    184    6.8
    185   10.2
    186    1.4
    187    8.6
    188    3.3
    189    1.6
    190   11.0
    191    6.2
    192   12.4
    193    9.2
    194    T  
    195   29.5
    196    2.6
    197    2.0
    198   16.0
    199    1.2
    200    0.0
    201    5.5
    202   18.2
    203    7.6
    204    3.4
    205   58.6
    206   47.8
    207   11.0
    208   14.8
    209    T  
    210    8.0
    211   16.6
    212   24.8
    213   14.8
    214   12.7
    215   27.2
    216   14.4
    217   23.2
    218   11.4
    219    7.2
    220   22.2
    221    2.0
    222    1.5
    223   10.0
    224    9.5
    225    0.0
    226    5.6
    227   22.2
    228    7.6
    229    0.0
    230    0.0
    231    4.6
    232   28.6
    233    9.8
    234    4.0
    235    6.8
    236    1.6
    237    0.2
    238   22.0
    239    3.6
    240    1.0
    241    T  
    242    0.0
    243    4.0
    244    4.5
    245   37.0
    246    4.2
    247    T  
    248    2.5
    249    2.8
    250   23.8
    251    T  
    252    0.0
    253    0.0
    254    0.0
    255   28.4
    256   24.8
    257   38.6
    258   10.2
    259   12.0
    260    2.0
    261   14.0
    262   35.0
    263    8.5
    264    0.0
    265    0.0
    266    0.0
    267    0.0
    268    0.0
    269    0.0
    270    0.0
    271    0.0
    272    0.0
    273    0.0
    274    0.0
    275    0.0
    276    0.0
    277    0.0
    278    0.0
    279    0.0
    280    0.0
    281    0.0
    282    0.0
    283    2.8
    284    0.5
    285    0.0
    286    0.0
    287    0.0
    288    0.0
    289    0.0
    290    0.0
    291    0.0
    292    0.0
    293    0.0
    294    0.0
    295    0.0
    296    0.0
    297    0.0
    298    T  
    299    0.0
    300    0.0
    301    0.0
    302    0.0
    303    0.0
    304    0.0
    305    0.0
    306    0.0
    307    0.0
    308    0.0
    309    0.0
    310    0.0
    311    0.0
    312    0.0
    313    0.0
    314    0.0
    315    0.0
    316    0.0
    317    0.0
    318    0.0
    319    0.0
    320    0.0
    321    0.0
    322    0.0
    323    0.0
    324    0.0
    325    0.0
    326    0.0
    327    0.0
    328    0.0
    329    0.0
    330    0.0
    331    0.0
    332    0.0
    333    0.0
    334    0.0
    335    7.6
    336    0.0
    337    0.0
    338    0.0
    339    0.0
    340    0.0
    341    0.0
    342    0.0
    343    0.0
    344    0.0
    345    0.0
    346    0.0
    347    T  
    348    0.0
    349    3.5
    350   12.6
    351    0.0
    352    0.0
    353    0.0
    354    0.0
    355    0.0
    356    0.0
    357    0.0
    358    0.0
    359    0.0
    360    0.0
    361    0.0
    362    0.0
    363    0.0
    364    0.0
    365    0.0
    366    0.0
