      1    0.0
      2    0.0
      3    3.1
      4    0.0
      5    0.0
      6    0.0
      7    0.0
      8    3.8
      9   13.2
     10   49.3
     11    0.0
     12   12.7
     13    0.0
     14   30.5
     15    T  
     16    0.0
     17    0.0
     18    8.6
     19    0.0
     20    0.0
     21    0.0
     22    0.0
     23    0.0
     24    0.0
     25    0.0
     26    0.0
     27    0.0
     28    0.0
     29    0.0
     30    0.0
     31   14.2
     32    0.0
     33    0.0
     34    0.0
     35    0.0
     36    0.0
     37    0.0
     38    0.0
     39    0.0
     40    1.8
     41    0.0
     42    0.0
     43    0.0
     44    0.0
     45    0.0
     46    0.0
     47    0.0
     48    0.0
     49    0.0
     50    0.0
     51    0.0
     52    0.0
     53    0.0
     54    0.0
     55    0.0
     56    0.0
     57    0.0
     58    0.0
     59    0.0
     60    0.0
     61    0.0
     62    0.0
     63    0.0
     64   12.5
     65   63.5
     66    0.0
     67    0.0
     68    0.0
     69    0.0
     70    0.0
     71    3.8
     72    0.0
     73    0.0
     74    0.0
     75    0.0
     76    T  
     77    T  
     78    8.6
     79    6.6
     80    0.0
     81    0.0
     82    0.0
     83    0.0
     84    0.0
     85    0.0
     86    0.0
     87    0.0
     88    0.0
     89   13.3
     90    3.1
     91    T  
     92    0.0
     93    0.0
     94    0.0
     95    0.0
     96   12.7
     97   25.4
     98    1.8
     99    0.0
    100    0.0
    101    0.0
    102    0.0
    103    0.0
    104    0.0
    105    0.0
    106    0.0
    107    0.0
    108    0.0
    109    0.0
    110    0.0
    111    0.0
    112    0.0
    113    T  
    114    T  
    115    3.1
    116    T  
    117    T  
    118    T  
    119    1.0
    120    0.0
    121    0.0
    122    0.0
    123    0.0
    124    0.0
    125    0.0
    126    0.0
    127    0.0
    128    0.0
    129    0.0
    130    0.0
    131    0.0
    132    T  
    133    0.0
    134    0.0
    135    0.0
    136    0.0
    137    0.0
    138    T  
    139    5.1
    140   21.1
    141    0.0
    142    0.0
    143    0.0
    144    0.0
    145    0.0
    146    0.0
    147    0.0
    148    0.0
    149    T  
    150    0.0
    151    0.0
    152    0.0
    153    1.0
    154   17.5
    155    0.0
    156    T  
    157    T  
    158    9.7
    159    0.0
    160   11.9
    161    0.0
    162    T  
    163    2.0
    164    0.0
    165    0.0
    166    5.8
    167    0.0
    168    0.0
    169    0.0
    170    0.5
    171    0.0
    172    0.0
    173    5.6
    174   11.2
    175   12.5
    176    0.0
    177    0.0
    178    0.0
    179    0.0
    180   10.2
    181    4.6
    182    1.5
    183    2.5
    184    0.0
    185    0.0
    186   15.0
    187   20.6
    188    5.8
    189   46.2
    190    6.1
    191    0.0
    192    4.1
    193    1.8
    194   18.5
    195   21.1
    196    6.1
    197   46.2
    198    0.8
    199    4.8
    200    0.3
    201   10.7
    202    4.8
    203    9.7
    204   11.2
    205    7.6
    206   19.1
    207    2.8
    208   13.7
    209    6.3
    210   12.7
    211   26.9
    212   23.1
    213   21.8
    214    0.0
    215    0.0
    216    0.8
    217    2.0
    218    0.8
    219    7.9
    220    0.3
    221    0.0
    222   21.8
    223   24.6
    224   55.4
    225   26.9
    226   12.5
    227   82.3
    228    6.1
    229    3.8
    230    5.1
    231   20.3
    232    1.8
    233    0.0
    234    0.0
    235    0.0
    236    0.0
    237    0.0
    238    6.3
    239    0.3
    240    5.1
    241    6.3
    242    0.0
    243    2.8
    244    3.3
    245    0.3
    246    0.0
    247    3.1
    248    0.0
    249    0.0
    250    0.0
    251    7.1
    252    7.4
    253   14.2
    254   16.8
    255    T  
    256   13.2
    257    3.1
    258   43.2
    259    8.1
    260    0.0
    261    0.0
    262    0.0
    263   14.0
    264    0.0
    265    0.0
    266    0.0
    267    0.0
    268    0.0
    269    0.0
    270    2.5
    271    0.0
    272    0.0
    273    0.0
    274    0.0
    275    0.0
    276    0.0
    277    0.0
    278    0.0
    279    0.0
    280    0.0
    281    0.0
    282    0.0
    283    0.0
    284    0.0
    285    0.0
    286    0.0
    287    0.0
    288    0.0
    289    0.0
    290    1.5
    291    0.0
    292    0.0
    293    0.0
    294    0.0
    295    0.0
    296    0.0
    297    0.0
    298    0.0
    299    0.0
    300    0.0
    301    0.0
    302    0.0
    303    0.0
    304    0.0
    305    0.0
    306    0.0
    307    0.0
    308    0.0
    309    0.0
    310    0.0
    311    0.0
    312    0.0
    313    0.0
    314    0.0
    315    0.0
    316    0.0
    317    0.0
    318    0.0
    319    0.0
    320    0.0
    321    0.0
    322    0.0
    323    0.0
    324    0.0
    325    5.6
    326    0.0
    327    0.0
    328    0.0
    329    0.0
    330    0.0
    331    0.0
    332    0.0
    333    0.0
    334    0.0
    335    0.0
    336    0.0
    337    0.0
    338    0.0
    339    1.8
    340    5.1
    341    0.0
    342    0.0
    343    3.1
    344    0.0
    345    0.0
    346   66.0
    347    0.0
    348    0.0
    349    0.0
    350    0.0
    351    0.0
    352    0.0
    353    0.0
    354    0.0
    355    0.0
    356    0.0
    357    0.0
    358    0.0
    359    0.0
    360    0.0
    361    0.0
    362    0.0
    363    0.0
    364    0.0
    365    0.0
