      1    0.0
      2    0.0
      3    0.0
      4    0.0
      5    0.0
      6    0.0
      7    0.0
      8    1.0
      9    0.0
     10    5.1
     11    0.0
     12    0.0
     13    0.0
     14    0.0
     15    0.0
     16    0.0
     17    0.0
     18    0.0
     19    0.0
     20    0.0
     21    0.0
     22    0.0
     23    0.0
     24    0.0
     25    0.0
     26    0.0
     27    0.0
     28    0.0
     29   14.3
     30    0.0
     31    0.0
     32    0.0
     33    0.0
     34    0.0
     35    0.0
     36    0.0
     37    0.0
     38    0.0
     39    0.0
     40    0.0
     41    0.0
     42    0.0
     43    0.0
     44    0.0
     45    0.0
     46    0.0
     47    0.0
     48    0.0
     49    0.0
     50    0.0
     51    0.0
     52    0.0
     53    0.0
     54    0.0
     55    8.2
     56    8.2
     57    0.0
     58    2.2
     59    T  
     60    0.0
     61    0.0
     62    0.0
     63    0.0
     64    0.0
     65    0.0
     66    0.0
     67    0.0
     68    0.0
     69    0.0
     70    0.0
     71    0.0
     72    0.0
     73    0.0
     74    0.0
     75    0.0
     76    0.0
     77    0.0
     78    0.0
     79    0.0
     80    0.0
     81    0.0
     82    0.0
     83    0.0
     84    1.4
     85    0.6
     86    0.0
     87    0.0
     88    0.0
     89    0.0
     90    0.0
     91    0.0
     92    0.0
     93    0.0
     94    0.0
     95    0.0
     96    0.0
     97    0.0
     98    0.0
     99    0.0
    100    0.0
    101    0.0
    102    0.0
    103    0.0
    104    0.0
    105    0.0
    106    0.0
    107    0.0
    108    0.0
    109    0.0
    110    0.0
    111    0.0
    112    0.0
    113    0.0
    114    0.0
    115    0.0
    116    0.0
    117    0.0
    118    0.0
    119    0.0
    120    0.0
    121    0.0
    122    T  
    123    0.0
    124    0.0
    125    0.0
    126    0.0
    127    0.0
    128    0.0
    129    3.0
    130    T  
    131    8.0
    132    8.6
    133    1.6
    134    7.2
    135    0.0
    136    0.0
    137    0.0
    138    9.4
    139    0.2
    140    0.0
    141    T  
    142    0.0
    143    T  
    144    0.0
    145    0.0
    146    T  
    147    0.0
    148    T  
    149    T  
    150    0.6
    151    0.0
    152    0.0
    153    0.0
    154    0.0
    155    4.6
    156    0.0
    157    0.0
    158    0.0
    159    0.0
    160    0.0
    161    7.6
    162   16.4
    163   28.8
    164   19.0
    165    4.0
    166    0.0
    167   57.6
    168   25.4
    169    5.2
    170   23.0
    171   10.0
    172    0.0
    173    8.0
    174    1.7
    175    0.0
    176    2.2
    177   57.2
    178    3.0
    179    1.0
    180    T  
    181   12.0
    182   49.4
    183   52.0
    184   12.4
    185    2.2
    186    4.0
    187    0.0
    188    T  
    189    7.2
    190   27.5
    191   60.0
    192   14.3
    193    8.6
    194    T  
    195    T  
    196    0.0
    197   45.5
    198   58.0
    199   11.4
    200   14.0
    201   24.2
    202    1.0
    203    0.1
    204   13.6
    205    9.8
    206   15.0
    207    3.0
    208    9.7
    209   22.2
    210    8.0
    211    9.4
    212   33.2
    213    3.0
    214   28.2
    215    0.0
    216   29.6
    217    8.6
    218   51.6
    219    0.3
    220    3.0
    221    6.0
    222    2.7
    223    2.4
    224   22.0
    225   15.0
    226    2.2
    227    0.0
    228    T  
    229    7.4
    230   29.0
    231    4.0
    232    3.0
    233    3.2
    234   10.3
    235   13.4
    236    6.0
    237    2.2
    238    8.4
    239    1.2
    240    4.0
    241    2.0
    242    2.0
    243    4.4
    244   14.2
    245    1.8
    246    1.5
    247    0.5
    248    1.7
    249    7.8
    250   12.8
    251    0.5
    252   18.5
    253   10.0
    254    5.0
    255    1.7
    256    0.0
    257    7.0
    258   14.5
    259   16.5
    260    T  
    261    4.8
    262    7.8
    263    0.0
    264    2.8
    265    5.6
    266   20.0
    267    1.2
    268    0.0
    269    T  
    270    T  
    271    0.0
    272    0.3
    273   28.8
    274   25.4
    275    3.6
    276    9.0
    277    2.0
    278    T  
    279    T  
    280   35.3
    281    3.2
    282    0.0
    283    0.0
    284    0.0
    285    0.0
    286    0.0
    287    0.0
    288    0.0
    289    0.0
    290    0.0
    291    0.0
    292    1.6
    293    0.0
    294    0.0
    295    0.0
    296    0.0
    297    0.0
    298    0.0
    299    0.0
    300    0.0
    301    0.0
    302    0.0
    303    0.0
    304    0.0
    305    0.0
    306    0.0
    307    0.0
    308    0.0
    309    0.0
    310    0.0
    311    0.0
    312    0.0
    313    0.0
    314    0.0
    315    0.0
    316    0.0
    317    0.0
    318    0.0
    319    0.0
    320    0.0
    321    0.0
    322    0.0
    323    0.0
    324    0.0
    325    0.0
    326    0.0
    327    0.0
    328    0.0
    329    0.0
    330    0.0
    331    0.0
    332    0.0
    333    0.0
    334    0.0
    335    0.0
    336    0.0
    337    0.0
    338    0.0
    339    0.0
    340    0.0
    341    0.0
    342   15.0
    343    0.1
    344    0.0
    345    0.0
    346    0.0
    347    0.0
    348    0.0
    349    0.0
    350    0.0
    351    0.0
    352    0.0
    353    0.0
    354    0.0
    355    0.0
    356    0.0
    357    0.0
    358    0.0
    359    0.0
    360    0.0
    361    0.0
    362    0.0
    363    0.0
    364    0.0
    365    0.0
