  1997   1   1     0  18.4   2.0   0.0     0     0
  1997   1   2     0  17.2   2.0   0.0     0     0
  1997   1   3     0  16.8   2.0   0.0     0     0
  1997   1   4     0  15.0   0.5   0.0     0     0
  1997   1   5     0  15.0  -2.5   0.0     0     0
  1997   1   6     0   7.8  -2.5   0.0     0     0
  1997   1   7     0   8.8  -2.5   0.0     0     0
  1997   1   8     0  11.0  -2.5   0.0     0     0
  1997   1   9     0  10.8  -0.5   0.0     0     0
  1997   1  10     0  12.0   0.5   0.0     0     0
  1997   1  11     0  10.8  -2.0   0.0     0     0
  1997   1  12     0  10.4  -1.5   0.0     0     0
  1997   1  13     0  11.2  -2.5   0.0     0     0
  1997   1  14     0   9.2  -4.0   0.0     0     0
  1997   1  15     0   8.8  -2.0   0.0     0     0
  1997   1  16     0   6.6  -2.0     T     0     0
  1997   1  17     0  10.8  -3.0   0.0     0     0
  1997   1  18     0  11.6  -2.5   0.0     0     0
  1997   1  19     0   5.4  -2.0   0.0     0     0
  1997   1  20     0   5.0  -2.0   3.8     0     0
  1997   1  21     0   1.4  -3.5   0.0     0     0
  1997   1  22     0   6.0  -5.5     T     0     0
  1997   1  23     0   6.8  -5.0   0.0     0     0
  1997   1  24     0   3.6  -1.0   0.0     0     0
  1997   1  25     0   4.8  -3.5   0.0     0     0
  1997   1  26     0  11.0  -2.5   0.0     0     0
  1997   1  27     0  14.0  -2.5   0.0     0     0
  1997   1  28     0   9.0  -2.0   0.0     0     0
  1997   1  29     0  13.2  -1.0   0.0     0     0
  1997   1  30     0   9.0   1.0   0.0     0     0
  1997   1  31     0   7.8  -2.0   0.0     0     0
  1997   2   1     0   4.8  -2.5   0.0     0     0
  1997   2   2     0   6.0  -2.5   0.0     0     0
  1997   2   3     0   3.8  -1.0     T     0     0
  1997   2   4     0   3.6  -1.0     T     0     0
  1997   2   5     0   3.8  -4.0   1.0     0     0
  1997   2   6     0   4.0  -3.0   2.0     0     0
  1997   2   7     0   4.6  -2.5     T     0     0
  1997   2   8     0   4.2  -1.0   0.0     0     0
  1997   2   9     0   4.6  -4.0   0.0     0     0
  1997   2  10     0   8.2  -1.0   0.0     0     0
  1997   2  11     0   5.4   0.0     T     0     0
  1997   2  12     0  10.2  -2.0   0.0     0     0
  1997   2  13     0  12.0   0.0   0.0     0     0
  1997   2  14     0  12.4   2.0   0.0     0     0
  1997   2  15     0   9.8   1.5     T     0     0
  1997   2  16     0   9.6   1.5   0.0     0     0
  1997   2  17     0  10.8  -2.0   0.0     0     0
  1997   2  18     0  12.2  -0.5   0.0     0     0
  1997   2  19     0   2.0  -2.0   0.0     0     0
  1997   2  20     0  10.8  -4.0   3.0     0     0
  1997   2  21     0   8.0  -2.0   0.0     0     0
  1997   2  22     0   7.0  -1.5   2.0     0     0
  1997   2  23     0  12.8  -3.0   2.0     0     0
  1997   2  24     0  10.8  -2.0   0.0     0     0
  1997   2  25     0   6.4   1.0   0.0     0     0
  1997   2  26     0  10.2  -1.0   0.0     0     0
  1997   2  27     0   9.2   0.5   0.0     0     0
  1997   2  28     0  17.0   2.0     T     0     0
  1997   3   1     0  18.0   1.5   0.0     0     0
  1997   3   2     0  14.4   0.5   0.0     0     0
  1997   3   3     0  13.4   1.0   0.0     0     0
  1997   3   4     0  14.6   0.5   0.0     0     0
  1997   3   5     0  14.6   1.0   1.8     0     0
  1997   3   6     0  15.4   2.0   0.0     0     0
  1997   3   7     0  16.0   2.5   0.0     0     0
  1997   3   8     0   DNA   2.0   0.0     0     0
  1997   3   9     0   DNA   4.0   0.0     0     0
  1997   3  10     0   DNA   4.0   0.2     0     0
  1997   3  11     0   DNA   3.5   0.0     0     0
  1997   3  12     0   DNA   5.5     T     0     0
  1997   3  13     0   DNA   2.5   0.0     0     0
  1997   3  14     0   DNA   2.5   3.8     0     0
  1997   3  15     0   DNA   3.0   0.0     0     0
  1997   3  16     0   DNA   3.0   0.0     0     0
  1997   3  17     0   DNA   3.5   4.0     0     0
  1997   3  18     0   DNA   4.0   0.0     0     0
  1997   3  19     0   DNA   4.0   0.0     0     0
  1997   3  20     0   DNA   6.5   0.0     0     0
  1997   3  21     0   DNA   5.5     T     0     0
  1997   3  22     0   DNA   0.5   0.0     0     0
  1997   3  23     0   DNA  -2.0   5.0     0     0
  1997   3  24     0   DNA  -1.0   0.0     0     0
  1997   3  25     0   DNA   0.0     T     0     0
  1997   3  26     0   DNA   0.0   2.0     0     0
  1997   3  27     0   DNA   0.5     T     0     0
  1997   3  28     0   DNA   4.5   0.0     0     0
  1997   3  29     0   DNA   6.5   0.0     0     0
  1997   3  30     0   DNA   0.5   8.0     0     0
  1997   3  31     0   DNA   1.5   0.0     0     0
  1997   4   1     0   DNA   5.0   0.0     0     0
  1997   4   2     0   DNA   2.5   4.2     0     0
  1997   4   3     0   DNA   3.5   0.0     0     0
  1997   4   4     0   DNA   0.5  14.2     0     0
  1997   4   5     0   DNA  -0.5   2.4     0     0
  1997   4   6     0   DNA  -1.5   0.2     0     0
  1997   4   7     0   DNA   1.0   0.0     0     0
  1997   4   8     0   DNA   3.0   0.0     0     0
  1997   4   9     0   DNA   3.5   0.0     0     0
  1997   4  10     0   DNA   4.0   0.0     0     0
  1997   4  11     0   DNA   2.5     T     0     0
  1997   4  12     0   DNA   6.0   0.0     0     0
  1997   4  13     0   DNA   5.5   0.0     0     0
  1997   4  14     0   DNA   7.5   0.0     0     0
  1997   4  15     0   DNA   4.5   0.0     0     0
  1997   4  16     0   DNA   5.0   0.0     0     0
  1997   4  17     0   DNA   2.0   1.4     0     0
  1997   4  18     0   DNA   2.0   0.0     0     0
  1997   4  19     0   DNA   3.0   0.2     0     0
  1997   4  20     0   DNA   2.5   3.8     0     0
  1997   4  21     0   DNA   2.5   0.0     0     0
  1997   4  22     0   DNA   3.0   0.0     0     0
  1997   4  23     0   DNA   6.0   0.0     0     0
  1997   4  24     0   DNA   7.0   0.0     0     0
  1997   4  25     0   DNA   8.5   0.0     0     0
  1997   4  26     0   DNA   6.0   0.0     0     0
  1997   4  27     0   DNA   7.5   0.0     0     0
  1997   4  28     0   DNA   7.0   0.0     0     0
  1997   4  29     0   DNA   6.5   0.0     0     0
  1997   4  30     0   DNA   6.0   0.4     0     0
  1997   5   1     0   DNA   5.5     T     0     0
  1997   5   2     0   DNA   7.5     T     0     0
  1997   5   3     0   DNA   5.0   1.0     0     0
  1997   5   4     0   DNA   4.0   0.4     0     0
  1997   5   5     0   DNA   4.0   0.0     0     0
  1997   5   6     0   DNA   3.5   4.8     0     0
  1997   5   7     0   DNA   5.5     T     0     0
  1997   5   8     0   DNA   8.5     T     0     0
  1997   5   9     0   DNA   2.5   4.0     0     0
  1997   5  10     0   DNA   5.0   0.0     0     0
  1997   5  11     0   DNA   5.0   1.2     0     0
  1997   5  12     0   DNA   6.0   0.0     0     0
  1997   5  13     0   DNA   5.0   0.0     0     0
  1997   5  14     0   DNA   5.5   0.0     0     0
  1997   5  15     0   DNA   6.0   2.2     0     0
  1997   5  16     0   DNA   6.0   2.4     0     0
  1997   5  17     0   DNA   5.0   0.8     0     0
  1997   5  18     0   DNA   5.0     T     0     0
  1997   5  19     0   DNA   7.0   0.0     0     0
  1997   5  20     0   DNA   6.5   0.0     0     0
  1997   5  21     0   DNA   8.5   0.0     0     0
  1997   5  22     0   DNA   5.5     T     0     0
  1997   5  23     0   DNA   7.0  12.2     0     0
  1997   5  24     0   DNA   8.0     T     0     0
  1997   5  25     0   DNA   7.5   6.6     0     0
  1997   5  26     0   DNA   6.5   1.2     0     0
  1997   5  27     0   DNA  11.0   0.2     0     0
  1997   5  28     0   DNA  10.0     T     0     0
  1997   5  29     0   DNA   9.5   0.0     0     0
  1997   5  30     0  15.0   8.5   2.6     0     0
  1997   5  31     0  19.0   5.0     T     0     0
  1997   6   1     0  20.0   6.0   0.0     0     0
  1997   6   2     0  20.0   8.0     T     0     0
  1997   6   3     0  18.5   7.0   1.0     0     0
  1997   6   4     0  19.5   6.0   0.0     0     0
  1997   6   5     0  20.5   7.5   0.0     0     0
  1997   6   6     0  20.0   9.0   0.0     0     0
  1997   6   7     0  20.5   7.5   0.0     0     0
  1997   6   8     0  21.5   9.5   0.0     0     0
  1997   6   9     0  20.0   9.0   0.0     0     0
  1997   6  10     0  20.5  11.0   0.0     0     0
  1997   6  11     0  21.0   8.5   0.0     0     0
  1997   6  12     0  20.5  10.5   0.0     0     0
  1997   6  13     0  20.0   9.0   0.0     0     0
  1997   6  14     0  21.5  12.0   0.0     0     0
  1997   6  15     0  22.0  12.0   0.0     0     0
  1997   6  16     0  22.0  12.0   0.0     0     0
  1997   6  17     0  22.0   9.5   0.6     0     0
  1997   6  18     0  22.5  12.0   0.0     0     0
  1997   6  19     0  17.0  11.5   2.6     0     0
  1997   6  20     0  20.5  11.0   0.6     0     0
  1997   6  21     0  22.0  12.5   0.2     0     0
  1997   6  22     0  21.5  13.0   2.0     0     0
  1997   6  23     0  22.5  15.0   0.0     0     0
  1997   6  24     0  22.0  14.0   0.0     0     0
  1997   6  25     0  21.5  12.0  24.2     0     0
  1997   6  26     0  21.5  14.5   0.0     0     0
  1997   6  27     0  22.0  14.0   0.0     0     0
  1997   6  28     0  22.0  14.0   0.0     0     0
  1997   6  29     0  21.5  13.5   3.6     0     0
  1997   6  30     0  19.5  13.0   4.2     0     0
  1997   7   1     0  20.0  14.2  10.2     0     0
  1997   7   2     0  22.0  14.0   0.0     0     0
  1997   7   3     0  22.5  14.5   0.0     0     0
  1997   7   4     0  22.5  14.5   1.2     0     0
  1997   7   5     0  23.0  14.0   1.2     0     0
  1997   7   6     0  22.5  15.0   0.0     0     0
  1997   7   7     0  22.5  15.0   2.4     0     0
  1997   7   8     0  22.5  14.0   0.0     0     0
  1997   7   9     0  22.5  14.5   3.0     0     0
  1997   7  10     0  20.0  14.0   0.0     0     0
  1997   7  11     0  16.5  13.0  15.4     0     0
  1997   7  12     0  22.5  13.0   3.2     0     0
  1997   7  13     0  21.5  14.0   0.2     0     0
  1997   7  14     0  20.5  14.0   0.4     0     0
  1997   7  15     0  19.5  14.0   0.0     0     0
  1997   7  16     0  24.0  11.5   0.0     0     0
  1997   7  17     0  23.0  14.5   0.2     0     0
  1997   7  18     0  24.0  14.0   0.0     0     0
  1997   7  19     0  25.0  15.0   0.0     0     0
  1997   7  20     0  23.0  14.0   0.4     0     0
  1997   7  21     0  23.5  14.0   0.0     0     0
  1997   7  22     0  22.5  12.5   0.0     0     0
  1997   7  23     0  22.5  13.0   2.0     0     0
  1997   7  24     0  24.0  13.5   0.0     0     0
  1997   7  25     0  24.0  14.0   1.4     0     0
  1997   7  26     0  21.5  14.0   5.4     0     0
  1997   7  27     0  21.5  13.5   6.2     0     0
  1997   7  28     0  21.0  13.5   1.4     0     0
  1997   7  29     0  24.0  14.5   0.0     0     0
  1997   7  30     0  23.5  14.0   2.6     0     0
  1997   7  31     0  23.5  12.5   0.0     0     0
  1997   8   1     0  22.0  14.0   3.0     0     0
  1997   8   2     0  21.0  14.0  37.8     0     0
  1997   8   3     0  23.0  14.5   0.0     0     0
  1997   8   4     0  23.0  15.0   2.0     0     0
  1997   8   5     0  21.5  14.0   3.8     0     0
  1997   8   6     0  22.0  14.0   0.0     0     0
  1997   8   7     0  20.0  14.5   3.4     0     0
  1997   8   8     0  20.5  14.5   4.0     0     0
  1997   8   9     0  22.5  14.0   0.6     0     0
  1997   8  10     0  22.0  16.0   0.0     0     0
  1997   8  11     0  19.0  15.0   0.0     0     0
  1997   8  12     0  17.0  14.0   7.8     0     0
  1997   8  13     0  19.0  13.5   5.6     0     0
  1997   8  14     0  21.0  13.5   1.2     0     0
  1997   8  15     0  21.0  12.0   1.4     0     0
  1997   8  16     0  22.0  14.0   0.0     0     0
  1997   8  17     0  22.5  14.5   0.4     0     0
  1997   8  18     0  22.5  12.0   9.8     0     0
  1997   8  19     0  20.5  13.0   0.2     0     0
  1997   8  20     0  20.5  12.0   0.0     0     0
  1997   8  21     0  22.0  13.5   0.0     0     0
  1997   8  22     0  21.0  13.0   0.0     0     0
  1997   8  23     0  21.0  12.0   0.0     0     0
  1997   8  24     0  21.0  13.5   0.0     0     0
  1997   8  25     0  22.0  10.0   0.0     0     0
  1997   8  26     0  22.0  10.0   0.0     0     0
  1997   8  27     0  22.5  10.0   0.0     0     0
  1997   8  28     0  22.0   9.5   0.2     0     0
  1997   8  29     0  20.5  12.5   1.4     0     0
  1997   8  30     0  21.5  13.0   0.0     0     0
  1997   8  31     0  22.0  13.5   0.0     0     0
  1997   9   1     0  22.0  13.0   0.0     0     0
  1997   9   2     0  19.5  13.0   4.8     0     0
  1997   9   3     0  21.5  11.0   0.0     0     0
  1997   9   4     0  21.5  10.0   0.0     0     0
  1997   9   5     0  20.0  13.5   0.0     0     0
  1997   9   6     0  18.0  13.5   0.4     0     0
  1997   9   7     0  20.0  12.5   0.0     0     0
  1997   9   8     0  21.0  10.5   0.0     0     0
  1997   9   9     0  19.0  12.0   0.0     0     0
  1997   9  10     0  20.0  13.0   0.0     0     0
  1997   9  11     0  20.0  12.5   0.0     0     0
  1997   9  12     0  19.0  13.0   0.0     0     0
  1997   9  13     0  20.0  12.0   2.0     0     0
  1997   9  14     0  20.0  10.5   1.0     0     0
  1997   9  15     0  21.5  12.0   0.6     0     0
  1997   9  16     0  19.5  11.5   4.2     0     0
  1997   9  17     0  18.5  11.5   0.0     0     0
  1997   9  18     0  19.5  12.0   1.8     0     0
  1997   9  19     0  20.5  11.0   0.0     0     0
  1997   9  20     0  21.0  13.0   0.0     0     0
  1997   9  21     0  19.0  12.5   0.0     0     0
  1997   9  22     0  19.0  10.5   0.0     0     0
  1997   9  23     0  19.5  10.0   0.0     0     0
  1997   9  24     0  21.0   8.5   0.0     0     0
  1997   9  25     0  19.5   8.0   0.0     0     0
  1997   9  26     0  20.5   8.0   0.0     0     0
  1997   9  27     0  19.5  10.0   0.0     0     0
  1997   9  28     0  18.5  12.0   0.0     0     0
  1997   9  29     0  18.0   7.0   0.0     0     0
  1997   9  30     0  16.5   7.0   0.0     0     0
  1997  10   1     0  13.0   4.0   1.2     0     0
  1997  10   2     0  15.0   2.0   3.0     0     0
  1997  10   3     0  14.5   4.5   0.0     0     0
  1997  10   4     0  16.0   2.5   0.8     0     0
  1997  10   5     0  16.5   3.5   0.0     0     0
  1997  10   6     0  16.5   3.5   0.0     0     0
  1997  10   7     0  15.5   7.5   0.0     0     0
  1997  10   8     0  18.0   3.5   0.0     0     0
  1997  10   9     0  16.0   4.0   0.0     0     0
  1997  10  10     0  15.5   3.5   0.0     0     0
  1997  10  11     0  15.5   4.0   0.0     0     0
  1997  10  12     0  15.5   3.5   0.0     0     0
  1997  10  13     0  14.5   3.0   0.0     0     0
  1997  10  14     0  14.5   6.0   0.0     0     0
  1997  10  15     0  15.0   2.5   0.2     0     0
  1997  10  16     0  15.5   3.0   0.0     0     0
  1997  10  17     0  16.5   3.5   0.0     0     0
  1997  10  18     0  16.0   3.5   0.0     0     0
  1997  10  19     0  16.0   4.5   0.0     0     0
  1997  10  20     0  15.0   7.5   0.0     0     0
  1997  10  21     0  15.5   2.0   0.2     0     0
  1997  10  22     0  14.0   1.5   4.2     0     0
  1997  10  23     0  12.5   2.0   0.0     0     0
  1997  10  24     0   2.5   0.0  10.8     0     0
  1997  10  25     0  10.0   0.5  52.2     0     0
  1997  10  26     0  14.0   0.0   0.0     0     0
  1997  10  27     0  14.0   2.0   0.0     0     0
  1997  10  28     0  14.0   3.0   5.8     0     0
  1997  10  29     0  14.0   1.0   0.0     0     0
  1997  10  30     0  12.5   2.5  10.0     0     0
  1997  10  31     0  14.0   3.5   0.0     0     0
  1997  11   1     0  14.5   4.0   0.0     0     0
  1997  11   2     0  14.0   4.0   0.0     0     0
  1997  11   3     0  15.0   3.0   0.0     0     0
  1997  11   4     0  15.0   3.5   0.0     0     0
  1997  11   5     0  15.5   4.5   0.0     0     0
  1997  11   6     0  15.0   4.5   0.0     0     0
  1997  11   7     0  16.0   4.5   0.0     0     0
  1997  11   8     0  14.0   1.5   0.0     0     0
  1997  11   9     0  14.5   2.0   0.0     0     0
  1997  11  10     0  13.0   1.5   0.0     0     0
  1997  11  11     0  10.5   0.0   0.0     0     0
  1997  11  12     0  11.0  -1.0   0.0     0     0
  1997  11  13     0  15.5   1.0   0.0     0     0
  1997  11  14     0  14.5   0.0   0.0     0     0
  1997  11  15     0  12.0   0.5   0.0     0     0
  1997  11  16     0  13.0   3.0   0.0     0     0
  1997  11  17     0  13.0   2.0   0.0     0     0
  1997  11  18     0  10.0   5.0   0.0     0     0
  1997  11  19     0  10.0   2.5   5.8     0     0
  1997  11  20     0  11.0  -0.5   0.0     0     0
  1997  11  21     0  12.5   0.5   0.0     0     0
  1997  11  22     0  11.0   0.0   0.0     0     0
  1997  11  23     0  10.5   3.0   0.0     0     0
  1997  11  24     0  12.0   0.5   0.0     0     0
  1997  11  25     0   9.0   3.5   0.0     0     0
  1997  11  26     0  12.0   3.5  10.8     0     0
  1997  11  27     0  11.5   1.0   0.0     0     0
  1997  11  28     0  16.0   0.5   0.0     0     0
  1997  11  29     0  12.5   1.0   0.0     0     0
  1997  11  30     0  12.5  -0.5   0.0     0     0
  1997  12   1     0   8.5  -1.5   5.0     0     0
  1997  12   2     0  10.5   1.0   3.8     0     0
  1997  12   3     0  10.5   0.5   0.0     0     0
  1997  12   4     0   9.5  -0.5   0.0     0     0
  1997  12   5     0  12.0  -1.5   0.0     0     0
  1997  12   6     0  14.0  -1.0   0.0     0     0
  1997  12   7     0  12.5   0.0   0.0     0     0
  1997  12   8     0  10.0   0.0   0.0     0     0
  1997  12   9     0   2.0   0.0  29.4     0     0
  1997  12  10     0   2.0  -0.5  86.6     0     0
  1997  12  11     0   4.0  -1.0  40.2     0     0
  1997  12  12     0   2.5  -1.5   0.0     0     0
  1997  12  13     0   4.5  -2.5   0.0     0     0
  1997  12  14     0   4.0  -1.5  44.2     0     0
  1997  12  15     0   1.5  -3.0   0.0     0     0
  1997  12  16     0   1.5  -6.0   0.0     0     0
  1997  12  17     0   3.5  -3.5   0.0     0     0
  1997  12  18     0   1.5  -5.0   0.0     0     0
  1997  12  19     0   4.0  -4.5   0.0     0     0
  1997  12  20     0   5.0  -4.0   0.0     0     0
  1997  12  21     0   6.0  -3.5   0.0     0     0
  1997  12  22     0   5.5  -3.0   0.0     0     0
  1997  12  23     0   8.5  -4.0   0.0     0     0
  1997  12  24     0   6.5  -4.0   0.0     0     0
  1997  12  25     0   7.0  -3.5   0.0     0     0
  1997  12  26     0   6.5  -3.0   0.0     0     0
  1997  12  27     0   9.0  -4.0   0.0     0     0
  1997  12  28     0   7.0  -2.5   0.0     0     0
  1997  12  29     0   9.0  -1.0   0.0     0     0
  1997  12  30     0   9.5  -1.0   0.0     0     0
  1997  12  31     0  10.5  -3.0   0.0     0     0
