2009          Temperature for KHUDI BAZAR             
        Tmax  Tmin
     1  20.3   8.0 
     2  20.5   7.4 
     3  21.5   6.6 
     4  21.9   8.0 
     5  23.0   7.9 
     6  21.5   7.0 
     7  22.6   7.5 
     8  22.8   6.5 
     9  22.5   8.0 
    10  22.6   8.3 
    11  27.0   7.5 
    12  22.0   8.3 
    13  21.5   8.0 
    14  22.6   8.5 
    15  22.9  11.9 
    16  24.8   9.5 
    17  23.4   9.9 
    18  24.3  10.6 
    19  24.5   8.5 
    20  23.3   8.9 
    21  24.9  11.5 
    22  25.0  10.0 
    23  26.0  11.0 
    24  23.5  10.5 
    25  22.9  12.3 
    26  25.5  10.5 
    27  26.4  10.5 
    28  24.9   9.2 
    29  22.5   9.5 
    30  23.9   9.0 
    31  23.6   8.5 
    32  23.9   9.5 
    33  23.0  12.0 
    34  21.5   9.5 
    35  24.0   9.9 
    36  25.5  10.1 
    37  26.5  11.0 
    38  25.9  10.5 
    39  25.5  11.5 
    40  25.2  10.5 
    41  26.5  12.0 
    42  24.5  12.0 
    43  26.5  10.0 
    44  26.6  10.5 
    45  27.5  11.0 
    46  28.5  10.5 
    47  27.5  11.0 
    48  26.9  10.5 
    49  27.8  11.5 
    50  27.5  10.5 
    51  28.8  11.2 
    52  27.5  12.5 
    53  27.8  12.6 
    54  26.0  13.5 
    55  25.5  13.0 
    56  25.2  13.3 
    57  28.0  11.0 
    58  26.5  12.0 
    59  25.0  10.9 
    60  24.5  10.5 
    61  23.5  12.0 
    62  25.5  12.5 
    63  28.5  14.5 
    64  28.9  13.5 
    65  28.5  14.5 
    66  28.5  15.0 
    67  28.5  16.0 
    68  31.5  14.5 
    69  30.5  14.5 
    70  32.0  11.8 
    71  32.0  12.6 
    72  27.5  12.5 
    73  30.5  18.0 
    74  27.0  16.0 
    75  30.5  13.0 
    76  29.5  14.0 
    77  28.5  11.0 
    78  27.5  13.5 
    79  24.5  13.5 
    80  28.8  12.5 
    81  28.6  14.5 
    82  29.5  15.5 
    83  29.5  18.0 
    84  29.0  14.0 
    85  27.5  12.0 
    86  29.5  15.0 
    87  27.5  15.0 
    88  29.5  15.8 
    89  27.5  14.8 
    90  27.5   9.5 
    91  27.5  15.5 
    92  28.5  13.4 
    93  29.5  18.0 
    94  28.5  16.5 
    95  28.2  15.5 
    96  28.3  16.5 
    97  29.5  15.0 
    98  30.0  16.0 
    99  31.6  16.8 
   100  35.2  13.9 
   101  28.2  13.5 
   102  28.0  15.5 
   103  31.5  17.5 
   104  31.5  19.0 
   105  31.9  20.5 
   106  32.0  20.0 
   107  31.5  18.5 
   108  33.0  16.5 
   109  31.5  15.5 
   110  32.5  19.0 
   111  32.5  20.5 
   112  31.5  18.2 
   113  32.0  16.5 
   114  35.1  18.5 
   115  34.0  19.0 
   116  32.0  18.2 
   117  33.5  19.2 
   118  32.0  19.0 
   119  31.5  19.0 
   120  31.5  18.5 
   121  31.5  17.5 
   122  32.0  20.0 
   123  29.0  18.0 
   124  31.5  17.6 
   125  31.2  17.0 
   126  33.5  15.5 
   127  32.5  18.6 
   128  33.0  19.2 
   129  34.0  18.6 
   130  32.9  19.5 
   131  30.0  17.0 
   132  30.3  15.0 
   133  29.5  13.5 
   134  30.6  15.5 
   135  28.5  18.0 
   136  31.5  18.5 
   137  28.0  19.5 
   138  32.5  18.5 
   139  33.0  21.2 
   140  31.6  20.5 
   141  32.5  20.0 
   142  30.2  20.5 
   143  29.6  19.5 
   144  28.7  11.9 
   145  30.5  20.0 
   146  29.5  21.0 
   147  30.6  17.5 
   148  29.9  17.5 
   149  30.6  19.0 
   150  31.2  19.0 
   151  26.5  17.0 
   152  31.6  16.5 
   153  31.5  20.0 
   154  31.3  19.5 
   155  30.5  23.0 
   156  30.5  20.5 
   157  30.5  19.9 
   158  33.5  19.5 
   159  33.0  17.5 
   160  33.9  19.0 
   161  33.5  20.0 
   162  31.5  18.2 
   163  30.9  19.0 
   164  31.6  18.5 
   165  31.5  19.0 
   166  32.5  20.0 
   167  33.2  21.5 
   168  33.5  22.3 
   169  33.8  21.5 
   170  34.0  21.6 
   171  33.5  22.5 
   172  32.5  21.2 
   173  32.5  20.0 
   174  31.0  23.0 
   175  29.0  22.0 
   176  32.5  21.5 
   177  31.5  22.8 
   178  29.5  21.5 
   179  25.6  22.5 
   180  30.9  21.9 
   181  33.5  24.5 
   182  28.3  21.5 
   183  29.5  21.0 
   184  30.0  21.5 
   185  30.9  21.0 
   186  30.6  22.5 
   187  31.5  21.9 
   188  31.4  22.0 
   189  32.0  22.5 
   190  32.5  21.5 
   191  31.5  22.0 
   192  29.5  21.5 
   193  28.0  22.0 
   194  31.6  22.0 
   195  30.6  22.9 
   196  31.6  21.3 
   197  31.0  23.0 
   198  33.5  23.0 
   199  32.0  22.5 
   200  30.6  22.0 
   201  32.9  22.5 
   202  30.0  22.0 
   203  31.0  21.0 
   204  33.0  22.0 
   205  31.5  22.6 
   206  32.5  22.5 
   207  31.5  22.5 
   208  29.5  22.0 
   209  28.0  21.5 
   210  30.5  21.5 
   211  32.0  21.0 
   212  33.5  21.5 
   213  32.5  27.0 
   214  33.0  24.4 
   215  32.3  22.5 
   216  31.9  23.0 
   217  30.9  23.0 
   218  29.5  22.0 
   219  28.0  22.5 
   220  33.5  22.0 
   221  33.5  22.5 
   222  30.0  23.0 
   223  32.6  22.5 
   224  32.0  23.5 
   225  29.9  22.5 
   226  31.6  22.0 
   227  33.5  21.5 
   228  31.8  21.5 
   229  28.0  21.5 
   230  29.3  21.0 
   231  32.0  19.0 
   232  33.5  20.0 
   233  31.6  20.0 
   234  32.0  20.7 
   235  33.9  20.1 
   236  30.0  20.5 
   237  31.6  20.5 
   238  30.5  21.0 
   239  30.0  21.5 
   240  31.2  20.5 
   241  32.5  21.9 
   242  31.7  21.0 
   243  31.6  21.0 
   244  30.0  20.5 
   245  30.6  21.3 
   246  33.0  21.0 
   247  30.0  20.0 
   248  30.0  20.0 
   249  30.7  20.0 
   250  30.0  20.0 
   251  31.7  19.5 
   252  31.0  19.0 
   253  30.6  19.6 
   254  31.5  20.0 
   255  31.6  18.5 
   256  31.6  19.0 
   257  32.5  20.0 
   258  31.9  21.0 
   259  32.5  19.9 
   260  31.9  19.5 
   261  33.1  22.0 
   262  31.6  19.5 
   263  30.0  20.5 
   264  30.5  20.0 
   265  29.5  18.5 
   266  31.5  19.0 
   267  29.0  20.0 
   268  29.9  20.5 
   269  30.0  19.9 
   270  32.5  19.5 
   271  30.0  19.2 
   272  32.8  19.0 
   273  32.8  19.5 
   274  33.8  20.0 
   275  33.5  18.9 
   276  30.0  19.7 
   277  29.5  19.5 
   278  30.0  19.0 
   279  29.5  19.5 
   280  28.5  17.5 
   281  29.5  16.5 
   282  29.6  15.6 
   283  29.0  16.0 
   284  28.0  14.5 
   285  29.6  14.5 
   286  29.6  14.0 
   287  28.6  16.0 
   288  29.5  15.0 
   289  28.5  13.5 
   290  28.3  14.0 
   291  28.4  13.9 
   292  28.4  15.3 
   293  29.2  11.5 
   294  26.2  12.5 
   295  25.9  14.0 
   296  24.9  12.6 
   297  24.5  14.5 
   298  24.4  13.5 
   299  22.6  12.5 
   300  21.6  12.4 
   301  20.0  12.5 
   302  19.9  12.9 
   303  19.5  10.6 
   304  20.0   9.6 
   305  20.0  14.3 
   306  20.3  14.0 
   307  20.7  14.0 
   308  20.2  10.4 
   309  20.3   9.9 
   310  20.5  16.5 
   311  18.5  10.3 
   312  18.5  10.3 
   313  19.0  11.0 
   314  19.6  10.5 
   315  18.0  11.5 
   316  17.5  12.0 
   317  18.9  13.9 
   318  19.4  13.5 
   319  19.5  13.5 
   320  19.0  13.5 
   321  18.5  13.5 
   322  18.6  13.0 
   323  18.5  10.3 
   324  18.9  11.5 
   325  20.0  11.0 
   326  19.5  12.5 
   327  19.0  10.5 
   328  19.5  10.5 
   329  19.6  10.5 
   330  18.0  10.5 
   331  18.5  10.0 
   332  18.5  13.0 
   333  18.0  10.5 
   334  18.5   9.9 
   335  19.9   9.5 
   336  20.6  11.0 
   337  19.5   9.8 
   338  19.0   8.5 
   339  18.5   9.5 
   340  18.5  13.5 
   341  19.6  13.2 
   342  19.0  13.0 
   343  18.5  13.5 
   344  17.5  13.5 
   345  16.9  12.4 
   346  16.4  12.0 
   347  18.0  11.0 
   348  17.9  13.0 
   349  18.0  12.0 
   350  23.0  10.5 
   351  22.5  10.0 
   352  22.0   9.5 
   353  24.0   8.5 
   354  25.0   8.4 
   355  24.5   8.5 
   356  24.0   8.5 
   357  23.5   7.8 
   358  23.5   6.6 
   359  22.5   6.5 
   360  22.0   8.5 
   361  23.0   8.0 
   362  21.5   6.3 
   363  20.5   6.5 
   364  20.0   9.0 
   365  20.0   9.5 
