2010          Temperature for KHUDI BAZAR             
        Tmax  Tmin
     1  19.0   5.5 
     2  24.6   5.6 
     3  26.5   5.0 
     4  27.0   8.0 
     5  24.0   7.2 
     6  22.6   5.5 
     7  25.5   6.5 
     8  27.6   7.5 
     9  27.4   7.0 
    10  25.5   5.5 
    11  24.6   5.0 
    12  22.5   5.2 
    13  23.6   6.5 
    14  22.5   7.0 
    15  22.0   7.0 
    16  23.5   7.0 
    17  26.5   7.5 
    18  26.0   7.8 
    19  26.5   7.0 
    20  26.5   7.8 
    21  26.0   7.4 
    22  25.0   8.5 
    23  27.0   8.0 
    24  25.2   8.0 
    25  28.0   8.5 
    26  26.5   7.5 
    27  26.0   7.4 
    28  23.4   7.5 
    29  23.4   8.4 
    30  23.5   9.0 
    31  22.5   9.5 
    32  25.0   9.0 
    33  24.5   8.0 
    34  23.8   8.0 
    35  23.0   8.0 
    36  21.5   8.5 
    37  21.8   9.5 
    38  21.5  10.0 
    39  22.0  12.0 
    40  22.0  12.7 
    41  16.0   9.5 
    42  21.5   8.8 
    43  24.5  10.0 
    44  19.3  13.1 
    45  23.2   9.5 
    46  23.5   9.6 
    47  25.5  10.0 
    48  24.5  11.5 
    49  26.0  10.5 
    50  23.5   9.0 
    51  24.5  11.5 
    52  23.5  11.0 
    53  23.4   9.0 
    54  23.5  12.5 
    55  24.0   9.5 
    56  25.5  11.0 
    57  26.0  12.5 
    58  26.0  12.7 
    59  27.0  14.6 
    60  29.5  17.2 
    61  26.6  13.0 
    62  27.7  14.0 
    63  27.7  17.5 
    64  28.5  14.0 
    65  28.8  13.0 
    66  28.2  14.0 
    67  29.5  12.5 
    68  29.6  13.5 
    69  29.1  13.0 
    70  28.6  14.5 
    71  29.6  13.0 
    72  27.5  12.2 
    73  28.4  13.6 
    74  28.6  15.1 
    75  29.0  15.5 
    76  31.2  15.5 
    77  33.0  17.0 
    78  34.7  17.0 
    79  34.2  17.8 
    80  32.5  19.0 
    81  31.0  20.2 
    82  33.2  19.5 
    83  33.7  19.5 
    84  34.1  20.2 
    85  33.5  17.5 
    86  33.0  16.2 
    87  32.5  17.0 
    88  31.0  19.0 
    89  27.2  16.4 
    90  31.5  16.5 
    91  31.0  13.5 
    92  33.5  13.0 
    93  36.0  17.0 
    94  33.3  18.2 
    95  34.6  18.5 
    96  32.5  18.2 
    97  33.2  18.0 
    98  32.8  19.5 
    99  33.2  19.5 
   100  33.5  21.0 
   101  34.2  18.0 
   102  36.5  20.5 
   103  35.2  19.5 
   104  33.9  19.0 
   105  36.2  19.5 
   106  34.0  20.0 
   107  32.6  20.0 
   108  30.2  19.5 
   109  33.6  19.0 
   110  33.5  20.5 
   111  34.8  17.0 
   112  34.5  18.5 
   113  34.2  20.5 
   114  34.6  20.2 
   115  32.2  18.4 
   116  33.1  20.5 
   117  31.7  17.5 
   118  30.0  20.1 
   119  31.0  22.4 
   120  30.5  16.5 
   121  31.9  21.0 
   122  30.7  18.5 
   123  32.0  18.2 
   124  33.4  19.5 
   125  33.4  19.5 
   126  29.0  19.5 
   127  29.0  19.0 
   128  29.0  19.5 
   129  30.5  17.5 
   130  32.0  19.5 
   131  32.5  20.0 
   132  33.0  18.8 
   133  34.0  19.5 
   134  34.5  19.0 
   135  32.5  18.1 
   136  33.5  19.5 
   137  33.2  20.5 
   138  30.5  20.5 
   139  31.5  21.5 
   140  32.5  18.5 
   141  34.0  16.5 
   142  32.5  19.5 
   143  31.0  20.5 
   144  29.2  19.5 
   145  30.5  18.5 
   146  27.5  20.0 
   147  30.6  18.5 
   148  31.0  18.5 
   149  31.6  18.5 
   150  32.5  20.5 
   151  35.5  18.0 
   152  32.5  19.5 
   153  32.0  19.5 
   154  32.5  20.0 
   155  33.0  20.5 
   156  34.0  19.5 
   157  31.0  19.5 
   158  31.5  19.5 
   159  34.7  20.3 
   160  34.0  21.5 
   161  33.0  22.5 
   162  33.6  20.5 
   163  34.5  20.0 
   164  32.5  21.0 
   165  33.0  19.5 
   166  32.5  20.5 
   167  32.5  22.0 
   168  31.0  21.5 
   169  31.5  21.0 
   170  32.7  24.7 
   171  31.5  21.5 
   172  29.5  22.0 
   173  32.6  22.5 
   174  30.5  22.3 
   175  32.0  21.3 
   176  32.0  21.8 
   177  33.5  22.1 
   178  31.5  22.5 
   179  30.5  21.0 
   180  31.6  21.8 
   181  30.5  22.3 
   182  30.5  21.8 
   183  31.8  21.2 
   184  30.9  21.2 
   185  32.4  22.3 
   186  31.7  21.2 
   187  30.9  22.0 
   188  30.4  22.0 
   189  31.3  22.0 
   190  27.9  22.5 
   191  27.8  22.5 
   192  27.5  22.0 
   193  28.4  22.0 
   194  30.8  21.5 
   195  32.1  22.5 
   196  29.9  22.9 
   197  27.3  22.9 
   198  28.7  21.6 
   199  30.2  22.2 
   200  26.8  22.9 
   201  30.7  21.5 
   202  30.3  22.3 
   203  30.7  22.0 
   204  29.3  22.5 
   205  31.7  22.5 
   206  32.8  22.8 
   207  32.5  21.8 
   208  27.2  22.0 
   209  32.0  21.0 
   210  30.8  22.6 
   211  30.2  21.3 
   212  30.6  20.9 
   213  32.2  22.2 
   214  30.5  22.8 
   215  30.8  21.5 
   216  31.2  22.5 
   217  32.0  22.0 
   218  31.2  22.0 
   219  31.3  22.0 
   220  31.5  22.8 
   221  31.0  22.5 
   222  31.5  22.8 
   223  30.5  23.0 
   224  31.0  21.5 
   225  29.2  22.5 
   226  32.4  22.0 
   227  30.5  22.5 
   228  30.8  23.0 
   229  28.3  22.5 
   230  31.0  22.5 
   231  28.5  22.5 
   232  30.6  22.6 
   233  27.3  22.6 
   234  26.5  21.3 
   235  26.0  22.2 
   236  25.5  21.7 
   237  27.2  21.0 
   238  32.0  21.2 
   239  27.7  22.0 
   240  27.8  21.0 
   241  32.3  22.0 
   242  30.8  21.4 
   243  30.2  22.0 
   244  29.5  22.0 
   245  30.5  22.2 
   246  29.9  22.2 
   247  27.3  21.2 
   248  31.3  21.5 
   249  31.0  22.5 
   250  28.2  21.8 
   251  32.3  21.0 
   252  32.2  20.5 
   253  32.2  22.0 
   254  31.3  21.1 
   255  30.0  21.2 
   256  30.5  21.0 
   257  30.7  21.3 
   258  30.0  21.2 
   259  29.6  20.5 
   260  26.3  21.0 
   261  31.3  20.5 
   262  31.0  20.5 
   263  28.8  20.2 
   264  30.5  20.5 
   265  28.0  21.0 
   266  28.8  20.5 
   267  30.6  19.5 
   268  30.6  18.6 
   269  30.8  18.0 
   270  30.6  17.6 
   271  30.3  18.5 
   272  30.3  19.5 
   273  29.9  20.5 
   274  30.6  20.2 
   275  30.7  21.0 
   276  30.4  17.5 
   277  30.5  17.0 
   278  30.4  18.0 
   279  30.7  16.5 
   280  30.0  17.3 
   281  30.0  18.5 
   282  28.7  19.2 
   283  28.6  18.0 
   284  29.4  18.0 
   285  29.3  16.2 
   286  29.9  14.6 
   287  30.2  15.0 
   288  30.3  16.1 
   289  28.7  20.1 
   290  28.2  19.3 
   291  28.4  19.6 
   292  30.3  17.8 
   293  30.8  17.5 
   294  29.0  17.5 
   295  29.5  15.4 
   296  28.6  15.1 
   297  28.8  14.5 
   298  29.0  14.5 
   299  28.0  14.0 
   300  27.9  12.0 
   301  27.5  11.5 
   302  27.3  13.0 
   303  28.3  18.5 
   304  27.5  15.0 
   305  27.6  13.3 
   306  26.5  12.5 
   307  27.3  13.4 
   308  30.6  13.4 
   309  28.8  13.3 
   310  27.6  12.9 
   311  27.9  13.3 
   312  27.5  13.3 
   313  27.5  14.8 
   314  27.2  13.5 
   315  27.5  15.0 
   316  26.4  14.6 
   317  25.4  13.0 
   318  25.5  15.5 
   319  24.9  14.0 
   320  24.0  14.5 
   321  25.4  13.0 
   322  23.5  15.0 
   323  25.4  13.0 
   324  24.4  13.5 
   325  24.5  11.5 
   326  22.5  12.0 
   327  22.5  12.2 
   328  25.0  12.5 
   329  24.9  13.0 
   330  22.1  14.0 
   331  24.5  11.9 
   332  24.9  13.0 
   333  23.3  11.0 
   334  23.5  10.5 
   335  22.5  10.0 
   336  24.4  11.0 
   337  23.5  10.5 
   338  24.2   7.6 
   339  24.4   7.5 
   340  24.0   8.0 
   341  24.1   8.5 
   342  25.1   8.5 
   343  24.5   8.4 
   344  23.0   9.0 
   345  23.5   9.0 
   346  22.4   9.3 
   347  22.0   9.5 
   348  21.0   8.9 
   349  21.9   8.0 
   350  22.7   9.5 
   351  22.9   9.0 
   352  22.5   8.5 
   353  21.6   7.9 
   354  21.9   8.0 
   355  21.6   9.5 
   356  21.5  10.4 
   357  21.9   8.9 
   358  20.5   9.9 
   359  20.3   7.9 
   360  19.8   7.5 
   361  21.8   7.9 
   362  20.8   8.9 
   363  22.5   8.5 
   364  23.2   8.0 
   365  18.5   7.0 
