1986          Temperature for KHUDI BAZAR             
        Tmax  Tmin
     1  16.5   2.4 
     2  14.5  -0.1 
     3  17.5  -0.1 
     4  18.0  -0.2 
     5  17.1  -0.3 
     6  19.3  -0.5 
     7  20.8  -1.7 
     8  20.0   0.0 
     9  19.6  -0.2 
    10  19.8   0.0 
    11  20.5  -0.5 
    12  20.0   0.5 
    13  19.8  -0.1 
    14  20.0  -0.4 
    15  19.9  -9.0 
    16  18.8  -4.6 
    17  18.3  -9.0 
    18  18.8   0.3 
    19  18.6  -1.0 
    20  19.0  -4.0 
    21  20.0  -8.5 
    22  20.2  -9.5 
    23  20.7  -8.0 
    24  20.3  -8.8 
    25  20.0   1.7 
    26  18.8   0.1 
    27  20.6   0.1 
    28  19.3  -1.4 
    29  20.4   1.8 
    30  20.8   0.6 
    31  21.4   1.6 
    32  21.3   1.4 
    33  20.8   1.5 
    34  20.0   1.6 
    35  21.3   1.5 
    36  21.3   2.0 
    37  21.7   1.6 
    38  21.2  -0.1 
    39  22.2   1.4 
    40  22.2   1.2 
    41  14.4   3.6 
    42  19.3   2.2 
    43  21.4   1.0 
    44  24.5   1.7 
    45  14.4   2.5 
    46  18.5   1.0 
    47  19.6   7.5 
    48  20.3   0.0 
    49  20.4   0.0 
    50  21.0  -0.2 
    51  21.4   2.0 
    52  23.1   2.2 
    53  24.4   3.6 
    54  24.5   4.4 
    55  23.7   1.4 
    56  23.7   1.0 
    57  23.5   1.5 
    58  22.5   1.0 
    59  23.5   2.0 
    60  23.5   1.5 
    61  23.0   0.5 
    62  23.6   2.5 
    63  23.4   4.0 
    64  18.5   4.0 
    65  22.0   3.5 
    66  19.5   4.5 
    67  22.5   5.0 
    68  22.5   5.0 
    69  25.0   5.5 
    70  25.0   6.5 
    71  27.6   4.5 
    72  27.1   3.5 
    73  27.5   6.0 
    74  27.5   7.5 
    75  28.1   4.5 
    76  27.5   3.5 
    77  28.0   5.0 
    78  27.8   5.5 
    79  29.5   4.5 
    80  27.5   4.0 
    81  27.1   5.3 
    82  27.5   5.0 
    83  29.5   6.5 
    84  29.0   7.0 
    85  29.5   6.5 
    86  29.0   8.5 
    87  29.7   7.0 
    88  31.5   8.5 
    89  33.5   9.0 
    90  33.5   9.0 
    91  29.7   9.0 
    92  33.0   9.5 
    93  32.5   7.0 
    94  33.3   5.0 
    95  24.5   4.0 
    96  27.5   5.0 
    97  28.0   8.0 
    98  31.8  10.7 
    99  27.9   8.0 
   100  23.0   8.5 
   101  27.9   9.9 
   102  28.1   8.8 
   103  31.2   7.0 
   104  29.0   7.3 
   105  31.2   7.5 
   106  33.5   8.4 
   107  30.0   8.8 
   108  31.0  15.5 
   109  32.5  10.5 
   110  30.5  12.0 
   111  29.5   9.0 
   112  30.5   8.0 
   113  26.5   DNA 
   114  29.5   DNA 
   115  31.5   DNA 
   116  25.5   DNA 
   117  27.5   DNA 
   118  28.5   DNA 
   119  26.5   DNA 
   120  27.5   DNA 
   121  30.0   DNA 
   122  26.0   DNA 
   123  28.5   DNA 
   124  28.1   DNA 
   125  27.6   DNA 
   126  28.5   DNA 
   127  28.6   DNA 
   128  28.0   DNA 
   129  29.6   DNA 
   130  30.0   DNA 
   131  29.0   DNA 
   132  28.0   DNA 
   133  29.0   DNA 
   134  26.5   DNA 
   135  28.7   DNA 
   136  27.0   DNA 
   137  27.5   DNA 
   138  24.7   DNA 
   139  26.7   DNA 
   140  30.0   DNA 
   141  29.5   DNA 
   142  30.4   DNA 
   143  30.5   DNA 
   144  29.5   DNA 
   145  30.2   DNA 
   146  31.2   DNA 
   147  29.6   DNA 
   148  29.6   DNA 
   149  30.5   DNA 
   150  30.5   DNA 
   151  32.5   DNA 
   152  31.0   DNA 
   153  31.3   DNA 
   154  31.9   DNA 
   155  30.6   DNA 
   156  35.2   DNA 
   157  33.2   DNA 
   158  33.8   DNA 
   159  31.4   DNA 
   160  33.7   DNA 
   161  32.4   DNA 
   162  25.9   DNA 
   163  27.9   DNA 
   164  28.4   DNA 
   165  30.2   DNA 
   166  30.6   DNA 
   167  30.5   DNA 
   168  29.6   DNA 
   169  28.2   DNA 
   170  30.2   DNA 
   171  29.4   DNA 
   172  31.4   DNA 
   173  30.6   DNA 
   174  29.5   DNA 
   175  31.8   DNA 
   176  31.2   DNA 
   177  29.0   DNA 
   178  30.0   DNA 
   179  26.4   DNA 
   180  26.8   DNA 
   181  30.2   DNA 
   182  24.6   DNA 
   183  32.5   DNA 
   184  30.5   DNA 
   185  30.5   DNA 
   186  30.5   DNA 
   187  30.0   DNA 
   188  31.0   DNA 
   189  29.5   DNA 
   190  30.0   DNA 
   191  31.0   DNA 
   192  30.5   DNA 
   193  30.5   DNA 
   194  31.0   DNA 
   195  29.3   DNA 
   196  30.5   DNA 
   197  31.0   DNA 
   198  29.5   DNA 
   199  29.0   DNA 
   200  30.0   DNA 
   201  30.5   DNA 
   202  31.5   DNA 
   203  30.0   DNA 
   204  30.5   DNA 
   205  29.5   DNA 
   206  26.0   DNA 
   207  26.0   DNA 
   208  29.5   DNA 
   209  29.5   DNA 
   210  27.0   DNA 
   211  29.0   DNA 
   212  29.0   DNA 
   213  27.1   DNA 
   214  28.5   DNA 
   215  28.7   DNA 
   216  30.5   DNA 
   217  29.5   DNA 
   218  29.5   DNA 
   219  31.3   DNA 
   220  30.0   DNA 
   221  30.7   DNA 
   222  31.0   DNA 
   223  31.5   DNA 
   224  31.8   DNA 
   225  31.0   DNA 
   226  30.0   DNA 
   227  30.5   DNA 
   228  29.0   DNA 
   229  29.0   DNA 
   230  30.5   DNA 
   231  31.0   DNA 
   232  30.4   DNA 
   233  29.5   DNA 
   234  29.5   DNA 
   235  30.0   DNA 
   236  29.5   DNA 
   237  29.0   DNA 
   238  29.5   DNA 
   239  29.0   DNA 
   240  29.5   DNA 
   241  30.0   DNA 
   242  29.5   DNA 
   243  29.5   DNA 
   244  29.0   DNA 
   245  28.3   DNA 
   246  29.0   DNA 
   247  25.4   DNA 
   248  29.7   DNA 
   249  28.7   DNA 
   250  28.2   DNA 
   251  30.4   DNA 
   252  27.8   DNA 
   253  29.2   DNA 
   254  27.4   DNA 
   255  22.5   DNA 
   256  24.1   DNA 
   257  20.4   DNA 
   258  27.8   DNA 
   259  28.0   DNA 
   260  28.7   DNA 
   261  29.4   DNA 
   262  29.0   DNA 
   263  29.1   DNA 
   264  28.8   DNA 
   265  28.8   DNA 
   266  27.2   DNA 
   267  28.3   DNA 
   268  27.4   DNA 
   269  27.3   DNA 
   270  26.2   DNA 
   271  21.0   DNA 
   272  26.7   DNA 
   273  23.0   DNA 
   274  27.7   DNA 
   275  28.0   DNA 
   276  28.1   DNA 
   277  28.2   DNA 
   278  26.0   DNA 
   279  28.0   DNA 
   280  26.6   DNA 
   281  27.7   DNA 
   282  26.7   DNA 
   283  25.0   DNA 
   284  26.0   DNA 
   285  24.0   DNA 
   286  24.3   DNA 
   287  24.3   DNA 
   288  26.1   DNA 
   289  26.5   DNA 
   290  24.6   DNA 
   291  25.2   DNA 
   292  25.5   DNA 
   293  27.0   DNA 
   294  26.4   DNA 
   295  26.3   DNA 
   296  27.1   DNA 
   297  26.0   DNA 
   298  25.4   DNA 
   299  25.8   DNA 
   300  25.5   DNA 
   301  25.4   DNA 
   302  24.4   DNA 
   303  26.0   DNA 
   304  25.7   DNA 
   305  25.5   DNA 
   306  25.3   DNA 
   307  25.4   DNA 
   308  22.5   DNA 
   309  24.8   DNA 
   310  24.5   DNA 
   311  24.7   DNA 
   312  25.0   DNA 
   313  24.7   DNA 
   314  23.5   DNA 
   315  23.0   DNA 
   316  22.0   DNA 
   317  24.0   DNA 
   318  28.0   DNA 
   319  24.5   DNA 
   320  24.4   DNA 
   321  22.0   DNA 
   322  24.0   DNA 
   323  25.2   DNA 
   324  22.6   DNA 
   325  23.5   DNA 
   326  24.0   DNA 
   327  23.0   DNA 
   328  22.7   DNA 
   329  22.6   DNA 
   330  21.0   DNA 
   331  22.0   DNA 
   332  22.5   DNA 
   333  22.0   DNA 
   334  23.0   DNA 
   335  22.5   DNA 
   336  21.5   DNA 
   337  24.0   DNA 
   338  25.5   DNA 
   339  22.5   DNA 
   340  21.0   DNA 
   341  21.5   DNA 
   342  21.5   DNA 
   343  23.0   DNA 
   344  20.2   DNA 
   345  20.5   DNA 
   346  21.5   DNA 
   347  22.0   DNA 
   348  18.5   DNA 
   349  18.0   DNA 
   350  19.0   DNA 
   351  18.5   DNA 
   352  18.4   DNA 
   353  16.2   DNA 
   354  18.3   DNA 
   355  18.5   DNA 
   356  19.0   DNA 
   357  18.0   DNA 
   358  18.5   DNA 
   359  20.0   DNA 
   360  19.5   DNA 
   361  20.2   DNA 
   362  20.0   DNA 
   363  20.2   DNA 
   364  18.5   DNA 
   365  18.5   DNA 
