1974          Temperature for JANAKPUR AIRPORT        
        Tmax  Tmin
     1  22.7   8.7 
     2   DNA   DNA 
     3   DNA   DNA 
     4   DNA   DNA 
     5   DNA   DNA 
     6   DNA   DNA 
     7   DNA   DNA 
     8   DNA   DNA 
     9   DNA   DNA 
    10   DNA   DNA 
    11   DNA   DNA 
    12   DNA   DNA 
    13   DNA   DNA 
    14   DNA   DNA 
    15   DNA   DNA 
    16   DNA   DNA 
    17   DNA   DNA 
    18   DNA   DNA 
    19   DNA   DNA 
    20   DNA   DNA 
    21   DNA   DNA 
    22   DNA   DNA 
    23   DNA   DNA 
    24   DNA   DNA 
    25   DNA   DNA 
    26   DNA   DNA 
    27   DNA   DNA 
    28   DNA   DNA 
    29   DNA   DNA 
    30   DNA   DNA 
    31   DNA   DNA 
    32  23.0   6.0 
    33  24.0   6.0 
    34  25.0   7.0 
    35  27.0  11.0 
    36  27.0   6.0 
    37  24.0   4.0 
    38  21.0   3.0 
    39  23.0   4.0 
    40  21.0   4.0 
    41  22.0   2.0 
    42  20.0   5.0 
    43  26.0  11.0 
    44  25.0  10.0 
    45  24.0   8.0 
    46  26.0   8.0 
    47  26.0   9.0 
    48  26.0   8.0 
    49  28.0   8.0 
    50  28.0   9.0 
    51  28.0  10.0 
    52  28.0  11.0 
    53  29.0   9.0 
    54  31.0  11.0 
    55  32.0  11.0 
    56  29.0   8.0 
    57  30.0   8.0 
    58  28.0   7.0 
    59  28.0   7.0 
    60  29.0   9.0 
    61  30.0  11.0 
    62  29.0  11.0 
    63  29.0  11.0 
    64  30.0  14.0 
    65  29.0  10.0 
    66  31.0  12.0 
    67  32.0  13.0 
    68  34.0  14.0 
    69  31.0  12.0 
    70  32.0  12.0 
    71  31.0  11.0 
    72  32.0   9.0 
    73  33.0  12.0 
    74  34.0  11.0 
    75  33.0  11.0 
    76  35.0  11.0 
    77  29.0  10.0 
    78  32.0  11.0 
    79  32.0  13.0 
    80  33.0  15.0 
    81  33.0  15.0 
    82  34.0  17.0 
    83  30.0  17.0 
    84  23.0  16.0 
    85  28.0  14.0 
    86  28.0  16.0 
    87  29.0  17.0 
    88  30.0  19.0 
    89  26.0  17.0 
    90  30.0  16.0 
    91  31.0  18.0 
    92  30.0  21.0 
    93  31.0  20.0 
    94  32.0  21.0 
    95  32.0  17.0 
    96  35.0  17.0 
    97  35.0  17.0 
    98  35.0  17.0 
    99  35.0  20.0 
   100  31.0  16.0 
   101  33.0  17.0 
   102  32.0  19.0 
   103  33.0  21.0 
   104  33.0  21.0 
   105  35.0  20.0 
   106  35.0  21.0 
   107  36.0  22.0 
   108  32.0  21.0 
   109  37.0  20.0 
   110  39.0  22.0 
   111  36.0  20.0 
   112  34.0  25.0 
   113  38.0  22.0 
   114  40.0  24.0 
   115  39.0  25.0 
   116  39.0  23.0 
   117  35.0  24.0 
   118  35.0  21.0 
   119  34.0  20.0 
   120  33.0  19.0 
   121  32.0  20.0 
   122  32.0  21.0 
   123  33.0  22.0 
   124  34.0  23.0 
   125  32.0  23.0 
   126  38.0  22.0 
   127  36.0  23.0 
   128  35.0  24.0 
   129  32.0  25.0 
   130  29.0  23.0 
   131  30.0  21.0 
   132  32.0  21.0 
   133  32.0  23.0 
   134  31.0  20.0 
   135  33.0  22.0 
   136  32.0  19.0 
   137  35.0  21.0 
   138  33.0  18.0 
   139  33.0  21.0 
   140  33.0  18.0 
   141  33.0  23.0 
   142  33.0  19.0 
   143  37.0  22.0 
   144  38.0  23.0 
   145  40.0  24.0 
   146   DNA   DNA 
   147  37.0  25.0 
   148  38.0  26.0 
   149  38.0  25.0 
   150  38.0  25.0 
   151  38.0  26.0 
   152  36.0  23.0 
   153  38.0  22.0 
   154  40.0  24.0 
   155  38.0  26.0 
   156  32.0  22.0 
   157  30.0  20.0 
   158  32.0  20.0 
   159  34.0  21.0 
   160  34.0  23.0 
   161  35.0  24.0 
   162  34.0  25.0 
   163  37.0  25.0 
   164  37.0  26.0 
   165  36.0  27.0 
   166  37.0  26.0 
   167  36.0  27.0 
   168  33.0  25.0 
   169  33.0  23.0 
   170  32.0  25.0 
   171  31.0  23.0 
   172  32.0  22.0 
   173  34.0  21.0 
   174  34.0  22.0 
   175   DNA   DNA 
   176  33.0  22.0 
   177  33.0  25.0 
   178  34.0  26.0 
   179  34.0  25.0 
   180  34.0  25.0 
   181  31.0  25.0 
   182  36.0  21.0 
   183  28.0  21.0 
   184  30.0  23.0 
   185  31.0  22.0 
   186  30.0  23.0 
   187  32.0  24.0 
   188  32.0  24.0 
   189  33.0  25.0 
   190  33.0  25.0 
   191  34.0  25.0 
   192  34.0  26.0 
   193  34.0  25.0 
   194  33.0  25.0 
   195  32.0  25.0 
   196  31.0  23.0 
   197  33.0  24.0 
   198  29.0  24.0 
   199  28.0  22.0 
   200  32.0  24.0 
   201  31.0  24.0 
   202  32.0  25.0 
   203  33.0  24.0 
   204  30.0  24.0 
   205  32.0  24.0 
   206  29.0  23.0 
   207  30.0  23.0 
   208  30.0  23.0 
   209  30.0  24.0 
   210  27.0  23.0 
   211  28.0  22.0 
   212   DNA   DNA 
   213  31.0  25.0 
   214  28.0  22.0 
   215  30.0  23.0 
   216  32.0  24.0 
   217  29.0  23.0 
   218  30.0  22.0 
   219  31.0  22.0 
   220  33.0  25.0 
   221  33.0  26.0 
   222  34.0  25.0 
   223  33.0  26.0 
   224  34.0  26.0 
   225  36.0  26.0 
   226  35.0  23.0 
   227  35.0  23.0 
   228  33.0  26.0 
   229  34.0  26.0 
   230  34.0  26.0 
   231  34.0  23.0 
   232  29.0  24.0 
   233  29.0  22.0 
   234  30.0  23.0 
   235  33.0  24.0 
   236  32.0  23.0 
   237  33.0  25.0 
   238  33.0  24.0 
   239  29.0  23.0 
   240  29.0  23.0 
   241  29.0  23.0 
   242  28.0  23.0 
   243  29.0  23.0 
   244  32.0  24.0 
   245  33.0  23.0 
   246  33.0  23.0 
   247  32.0  23.0 
   248  32.0  22.0 
   249  32.0  22.0 
   250  33.0  23.0 
   251  34.0  25.0 
   252  29.0  22.0 
   253  31.0  24.0 
   254  31.0  24.0 
   255  32.0  23.0 
   256  32.0  23.0 
   257  30.0  23.0 
   258  30.0  22.0 
   259  31.0  22.0 
   260  30.0  22.0 
   261  30.0  23.0 
   262  31.0  21.0 
   263  29.0  21.0 
   264  28.0  21.0 
   265  31.0  22.0 
   266  31.0  23.0 
   267  31.0  22.0 
   268  32.0  23.0 
   269  34.0  23.0 
   270  34.0  22.0 
   271  32.0  24.0 
   272  31.0  23.0 
   273  31.0  23.0 
   274  33.0  24.0 
   275  32.0  23.0 
   276  33.0  23.0 
   277  32.0  23.0 
   278  31.0  22.0 
   279  33.0  22.0 
   280  32.0  22.0 
   281  33.0  23.0 
   282  33.0  23.0 
   283  33.0  23.0 
   284  34.0  23.0 
   285  34.0  23.0 
   286  33.0  23.0 
   287  34.0  20.0 
   288  33.0  23.0 
   289  33.0  23.0 
   290  33.0  23.0 
   291  33.0  23.0 
   292  32.0  22.0 
   293  32.0  21.0 
   294  31.0  21.0 
   295  32.0  20.0 
   296  32.0  21.0 
   297  25.0  21.0 
   298  29.0  20.0 
   299  30.0  20.0 
   300  30.0  26.0 
   301  30.0  22.0 
   302  30.0  16.0 
   303  31.0  15.0 
   304  31.0  16.0 
   305  31.0  16.0 
   306  32.0  25.0 
   307  31.0  16.0 
   308  30.0  14.0 
   309  30.0  14.0 
   310  30.0  13.0 
   311  31.0  13.0 
   312  31.0  13.0 
   313  30.0  13.0 
   314  31.0  14.0 
   315  30.0  14.0 
   316  30.0  14.0 
   317   DNA   DNA 
   318  29.0  14.0 
   319  30.0  14.0 
   320  30.0  12.0 
   321  30.0  13.0 
   322  31.0  12.0 
   323   DNA   DNA 
   324  30.0  11.0 
   325  30.0  15.0 
   326  28.0  13.0 
   327  29.0  11.0 
   328   DNA   DNA 
   329  29.0  10.0 
   330  30.0  10.0 
   331  31.0  11.0 
   332  29.0  10.0 
   333  27.0  14.0 
   334  26.0   9.0 
   335  26.0   7.0 
   336  25.0   7.0 
   337  25.0   7.0 
   338  24.0   7.0 
   339  25.0   8.0 
   340  24.0   8.0 
   341  22.0   4.0 
   342  23.0   5.0 
   343  23.0   6.0 
   344  23.0   6.0 
   345  23.0   5.0 
   346  22.0   4.0 
   347  23.0   5.0 
   348  22.0   5.0 
   349  23.0   6.0 
   350  21.0   8.0 
   351  19.0  11.0 
   352  23.0   7.0 
   353  22.0   6.0 
   354  22.0   4.0 
   355  19.0   4.0 
   356  20.0   5.0 
   357  23.0   3.0 
   358  23.0   4.0 
   359  24.0   4.0 
   360  23.0   4.0 
   361  24.0   5.0 
   362  24.0   5.0 
   363  24.0   4.0 
   364  23.0   5.0 
   365  22.0   5.0 
