1970          Temperature for JANAKPUR AIRPORT        
        Tmax  Tmin
     1   DNA   DNA 
     2   DNA   DNA 
     3   DNA   DNA 
     4   DNA   DNA 
     5   DNA   DNA 
     6   DNA   DNA 
     7   DNA   DNA 
     8   DNA   DNA 
     9   DNA   DNA 
    10   DNA   DNA 
    11   DNA   DNA 
    12   DNA   DNA 
    13   DNA   DNA 
    14  24.0  22.0 
    15  24.0  12.0 
    16  22.0  10.0 
    17  24.0   7.2 
    18  23.2   8.2 
    19  24.0   7.2 
    20  19.0  11.2 
    21  19.2  11.0 
    22  20.0   9.2 
    23  21.0  13.2 
    24  21.4   8.0 
    25  23.0   9.0 
    26  23.0  12.2 
    27  23.0  11.0 
    28  21.0   6.0 
    29  21.2   6.0 
    30  25.0   7.0 
    31  24.0  10.0 
    32  22.2   9.0 
    33  22.0   7.2 
    34  23.0   7.2 
    35  24.0   8.2 
    36  24.2  14.2 
    37  23.0   7.2 
    38  24.0   7.0 
    39  25.0   7.2 
    40  23.0   8.0 
    41  25.0   8.0 
    42  25.0   8.0 
    43  27.0   9.0 
    44  27.0  10.0 
    45  25.0   7.2 
    46  26.2   9.0 
    47  27.0  10.0 
    48  28.0  10.0 
    49  28.0  11.0 
    50  19.0  16.0 
    51  24.0  14.0 
    52  18.0  12.2 
    53  23.2  11.0 
    54  25.0  11.2 
    55  20.0  14.0 
    56  24.2  11.0 
    57  25.0  11.0 
    58  28.2  11.2 
    59  24.2  17.2 
    60  28.2  14.2 
    61  24.2  13.2 
    62  26.0  11.2 
    63  26.0   9.0 
    64  26.2  10.0 
    65  28.0  10.0 
    66  30.0  13.2 
    67  30.0  13.2 
    68  31.2  12.0 
    69  30.0  15.0 
    70  29.0  17.0 
    71  29.0  15.0 
    72  30.0  13.0 
    73  31.0  13.0 
    74  33.0  14.0 
    75  33.0  14.0 
    76  33.2  13.0 
    77  32.0  12.0 
    78  33.0  16.0 
    79  31.0  24.0 
    80  31.2  13.0 
    81  32.0  16.0 
    82  33.0  15.0 
    83  32.0  16.0 
    84  33.0  26.0 
    85  34.0  19.0 
    86  33.0  17.0 
    87  35.0  20.0 
    88  37.0  19.0 
    89  37.0  26.0 
    90  35.0   DNA 
    91  35.0  13.0 
    92  34.2  12.0 
    93  35.2  14.0 
    94  35.0  25.0 
    95  35.0  26.0 
    96  35.0  20.0 
    97  36.2   DNA 
    98  38.0  19.0 
    99  37.0   DNA 
   100  37.0   DNA 
   101  37.0   DNA 
   102  35.0  22.0 
   103  36.0  27.0 
   104  33.0  21.0 
   105  33.0  23.0 
   106  34.0  23.0 
   107  34.0  21.0 
   108  37.0  23.0 
   109  37.0  29.0 
   110  38.0  21.0 
   111  38.2  23.0 
   112  37.0  29.0 
   113  38.0  31.0 
   114  38.0  32.0 
   115  37.0  30.0 
   116  36.0  32.0 
   117  35.0  25.0 
   118  35.0  22.0 
   119  38.0  25.0 
   120   DNA   DNA 
   121  39.0  29.0 
   122  40.0  29.0 
   123  40.0  30.0 
   124  37.0  30.0 
   125  35.0  27.0 
   126  38.0  25.0 
   127  37.0  26.0 
   128  39.0  25.0 
   129  39.0  30.0 
   130  40.0  31.0 
   131  41.2  31.0 
   132  41.0  32.0 
   133  39.0  28.0 
   134  37.0  28.0 
   135  36.0  28.0 
   136  36.2  26.0 
   137  35.0  25.0 
   138  35.0  22.0 
   139  33.0  24.0 
   140  36.0  25.0 
   141  35.0  27.0 
   142  33.0  24.0 
   143  37.0  24.0 
   144  37.0  26.0 
   145  33.0  28.0 
   146  35.0  22.0 
   147  35.0  25.0 
   148  35.0  23.0 
   149  37.0  25.0 
   150  37.0  27.0 
   151  35.2  28.0 
   152  37.0  26.0 
   153  35.0  24.0 
   154  30.0  23.0 
   155  31.0  23.0 
   156  34.0  23.0 
   157  30.0  23.0 
   158  34.0  26.0 
   159  33.0  26.0 
   160  31.0  25.0 
   161  31.0  24.0 
   162  32.0  26.0 
   163  34.0  26.0 
   164  35.2  27.0 
   165  35.0  28.0 
   166  34.0  25.0 
   167  32.0  23.0 
   168  31.0  23.0 
   169  28.0  24.0 
   170  34.0  25.0 
   171  34.0  27.0 
   172  33.0  27.0 
   173  31.0  26.0 
   174  31.2  25.0 
   175  33.0  26.0 
   176  33.0  27.2 
   177  34.0  26.2 
   178  34.0  27.2 
   179  33.0  28.0 
   180  34.2  25.0 
   181  33.0  26.0 
   182  33.0  26.0 
   183  32.0  26.0 
   184  34.0  26.2 
   185  34.2  25.0 
   186  34.2  26.0 
   187  34.0  26.0 
   188  35.0  28.0 
   189  34.0  28.0 
   190  34.0  27.2 
   191  33.2  26.0 
   192  33.0  26.2 
   193  31.0  25.2 
   194  29.2  25.0 
   195  32.0  25.0 
   196  32.2  28.0 
   197  33.0  26.0 
   198  30.2  24.0 
   199  34.0  27.0 
   200  32.0  24.2 
   201  28.0  24.0 
   202  33.0  26.0 
   203  30.2  25.0 
   204  32.0  25.2 
   205  32.0  24.0 
   206  29.0  24.0 
   207   DNA   DNA 
   208   DNA   DNA 
   209  31.2  25.2 
   210  32.0  25.2 
   211  32.2  26.0 
   212  32.0  28.0 
   213  31.2  25.0 
   214  32.2  26.0 
   215  31.0  24.2 
   216  33.0  25.2 
   217  31.2  25.0 
   218  29.0  24.2 
   219  31.0  25.0 
   220  33.0  26.0 
   221  31.0  24.0 
   222  31.0  25.0 
   223  32.0  26.2 
   224  32.0  24.0 
   225  31.2  25.0 
   226  33.2  25.2 
   227  35.0  27.0 
   228  33.0  24.0 
   229  32.0  25.2 
   230  34.0  26.2 
   231  34.2  27.2 
   232  35.0  27.2 
   233  37.0  28.0 
   234  35.0  27.2 
   235  33.0  26.2 
   236  32.2  26.0 
   237  33.0  28.2 
   238  34.0  26.0 
   239  33.0  26.2 
   240  32.0  26.0 
   241  33.0  26.0 
   242   DNA   DNA 
   243   DNA   DNA 
   244   DNA   DNA 
   245   DNA   DNA 
   246   DNA   DNA 
   247   DNA   DNA 
   248   DNA   DNA 
   249  33.0  24.0 
   250  34.2  25.0 
   251  35.0  25.2 
   252  34.2  25.2 
   253  33.0  25.2 
   254  32.2  25.2 
   255  33.0  24.0 
   256  33.0  24.0 
   257  31.0  25.0 
   258  32.0  24.2 
   259  31.0  24.2 
   260  29.0  24.0 
   261  27.0  24.0 
   262  31.0  24.0 
   263  30.0  24.2 
   264  32.0  24.0 
   265  32.0  25.2 
   266  33.0  25.0 
   267  34.0  26.0 
   268  33.0  26.2 
   269  33.0  24.0 
   270  32.0  24.0 
   271  32.0  24.0 
   272  29.0  24.0 
   273  32.0  24.0 
   274  32.0  23.0 
   275  31.0  24.0 
   276  31.0  24.0 
   277  31.0  24.2 
   278  31.0  25.0 
   279  30.0  24.0 
   280  30.0  22.0 
   281  29.2  20.0 
   282  31.0  25.0 
   283  31.0  24.0 
   284  32.0  22.0 
   285  31.2  20.0 
   286  32.2  21.0 
   287  32.0  21.0 
   288  32.0  22.0 
   289  31.0  25.0 
   290  32.0  23.0 
   291  33.0  23.2 
   292  33.0  24.0 
   293  32.0  22.0 
   294  33.0  22.0 
   295  31.0  22.0 
   296  28.0  20.0 
   297  31.0  23.0 
   298  29.2  22.0 
   299  30.2  20.2 
   300  31.0  21.0 
   301  33.0  20.0 
   302  32.2  20.0 
   303  32.2  23.0 
   304  31.2  21.0 
   305  31.0  19.0 
   306  31.0  18.0 
   307  30.0  18.0 
   308  30.0  15.0 
   309  30.0  20.0 
   310  31.0  16.0 
   311  31.0  21.0 
   312  31.0  20.0 
   313  30.0  17.0 
   314  31.0  23.0 
   315  31.0  23.0 
   316  30.0  16.0 
   317  28.0  16.0 
   318  28.0  13.0 
   319  28.0  12.0 
   320  28.2  13.0 
   321  28.0  13.0 
   322  28.0  13.0 
   323  28.0  16.0 
   324  26.2  10.0 
   325  26.0  10.0 
   326  27.0  10.0 
   327  26.2  12.0 
   328  26.2  15.0 
   329  26.2  10.0 
   330  26.0  17.0 
   331  25.0  13.0 
   332  26.0  14.0 
   333  26.0  13.0 
   334  28.0   9.0 
   335  27.0   8.0 
   336  26.0   8.0 
   337  25.0   7.0 
   338  26.0   7.0 
   339  26.0   7.0 
   340  26.0   8.0 
   341  26.0   8.0 
   342  26.2   8.0 
   343  25.0  14.0 
   344  25.0   8.0 
   345  25.0   7.0 
   346  26.0   7.0 
   347  26.0   8.0 
   348  27.0   8.0 
   349  27.0  12.0 
   350  25.0   8.0 
   351  24.0   7.0 
   352  24.0   7.0 
   353  24.0   8.2 
   354  23.0   7.0 
   355  24.0   7.0 
   356  23.2   8.0 
   357  24.0   8.0 
   358  25.0   8.0 
   359  25.0   7.0 
   360  25.0   8.0 
   361  25.0   8.0 
   362  22.0   6.0 
   363  22.0   7.0 
   364  22.0   7.0 
   365  22.0   8.0 
