      1    0.0
      2    0.0
      3    0.0
      4    0.0
      5    0.0
      6    0.0
      7    0.0
      8    0.0
      9    0.0
     10    0.0
     11    0.0
     12    0.0
     13    0.0
     14    0.0
     15    0.0
     16    0.0
     17    0.0
     18    0.0
     19    0.0
     20    T  
     21    0.0
     22    T  
     23    0.0
     24    0.0
     25    0.0
     26    0.0
     27    0.0
     28    0.0
     29    0.0
     30    0.0
     31    0.0
     32    0.0
     33    0.0
     34    0.0
     35    0.0
     36    0.0
     37    0.0
     38    T  
     39    0.0
     40    0.0
     41    0.0
     42    0.0
     43    0.0
     44    0.0
     45    0.0
     46    0.0
     47    0.0
     48    0.0
     49    0.0
     50    0.0
     51    0.0
     52    0.0
     53    0.0
     54    0.0
     55    0.0
     56    0.0
     57    0.0
     58    0.0
     59    0.0
     60    0.0
     61    0.0
     62    0.0
     63    0.0
     64    0.0
     65    0.0
     66    0.0
     67    0.0
     68    0.0
     69    0.0
     70    0.0
     71    0.0
     72    0.0
     73    0.0
     74    0.0
     75    0.0
     76    0.0
     77    0.0
     78    0.0
     79    0.0
     80    0.0
     81    0.0
     82    0.0
     83    0.0
     84    0.0
     85    0.0
     86    0.0
     87    0.0
     88    0.0
     89    0.0
     90    0.0
     91    0.0
     92    0.0
     93    0.0
     94    0.0
     95    0.0
     96    0.0
     97    0.0
     98    0.0
     99    0.0
    100    0.0
    101    0.0
    102    0.0
    103    0.0
    104    0.0
    105    0.0
    106    0.0
    107    0.0
    108    0.0
    109    0.0
    110    0.0
    111    0.0
    112    0.0
    113   23.0
    114    0.0
    115    0.0
    116    0.0
    117    0.0
    118    0.0
    119    5.4
    120    0.0
    121    0.0
    122    0.0
    123   18.5
    124    0.0
    125    0.0
    126    0.0
    127    0.0
    128    0.0
    129    0.0
    130   75.3
    131    4.3
    132    0.0
    133   10.2
    134    0.0
    135    8.5
    136    0.0
    137    0.0
    138    0.0
    139    0.0
    140    6.4
    141    2.3
    142    0.0
    143    0.0
    144    0.0
    145    0.0
    146    0.0
    147    0.0
    148    T  
    149    0.0
    150    0.0
    151    0.0
    152    0.0
    153   23.5
    154   19.7
    155    8.8
    156    0.0
    157   56.2
    158    0.0
    159    0.0
    160    0.0
    161    0.0
    162    0.0
    163    0.0
    164    0.0
    165    0.0
    166   37.0
    167    9.1
    168    0.0
    169    0.0
    170   31.4
    171    0.0
    172    0.0
    173    0.0
    174    0.0
    175    0.0
    176    0.0
    177    0.0
    178    0.0
    179    0.0
    180   36.2
    181   41.3
    182   40.2
    183    0.0
    184    0.0
    185    0.0
    186    0.0
    187   24.0
    188   61.0
    189   31.2
    190    9.6
    191   19.7
    192    0.0
    193    0.0
    194    T  
    195    3.4
    196    0.0
    197    0.0
    198    0.0
    199    0.0
    200    0.0
    201   95.2
    202    1.0
    203    0.0
    204   12.3
    205   18.4
    206   24.5
    207   17.0
    208   12.2
    209  124.6
    210    0.0
    211    0.0
    212    0.0
    213    6.2
    214    0.7
    215    T  
    216    0.0
    217    0.0
    218    T  
    219    0.0
    220    0.0
    221    0.0
    222   15.5
    223    0.0
    224    0.0
    225  125.0
    226   12.8
    227    0.1
    228    0.0
    229    0.0
    230    1.7
    231   10.4
    232    0.0
    233    0.0
    234    T  
    235  135.8
    236   36.7
    237   25.4
    238   30.2
    239    0.0
    240    0.0
    241    0.0
    242   19.7
    243   41.5
    244    1.2
    245    0.0
    246   30.1
    247  162.5
    248  125.4
    249    0.0
    250    0.0
    251    0.0
    252    2.5
    253    3.7
    254    5.5
    255    0.0
    256    0.0
    257    1.4
    258    2.5
    259   14.7
    260  299.6
    261   45.1
    262    0.0
    263    0.0
    264   14.3
    265    0.0
    266    0.0
    267    0.0
    268   12.5
    269   85.6
    270    0.0
    271    3.0
    272    2.0
    273    2.5
    274    4.6
    275    0.0
    276    0.0
    277    0.0
    278    0.0
    279    0.0
    280    0.0
    281    0.0
    282    1.7
    283    3.5
    284    2.3
    285    0.0
    286    0.0
    287    0.0
    288    0.0
    289   15.0
    290   54.2
    291   41.5
    292    4.5
    293    0.0
    294    0.0
    295    0.0
    296    0.0
    297    0.0
    298    0.0
    299    0.0
    300    0.0
    301    0.0
    302    0.0
    303    0.0
    304    0.0
    305    0.0
    306    0.0
    307    0.0
    308    0.0
    309    0.0
    310    0.0
    311    0.0
    312    0.0
    313    0.0
    314    0.0
    315    0.0
    316    0.0
    317    0.0
    318    0.0
    319    0.0
    320    0.0
    321    0.0
    322    0.0
    323    0.0
    324    0.0
    325    0.0
    326    0.0
    327    0.0
    328    0.0
    329    0.0
    330    0.0
    331    0.0
    332    0.0
    333    0.0
    334    0.0
    335    0.0
    336    0.0
    337    0.0
    338    0.0
    339    0.0
    340    0.0
    341    0.0
    342    0.0
    343    0.0
    344    0.0
    345    0.0
    346    0.0
    347    0.0
    348    0.0
    349    0.0
    350    0.0
    351    0.0
    352    0.0
    353    0.0
    354    0.0
    355    0.0
    356    0.0
    357    0.0
    358    0.0
    359    0.0
    360   46.8
    361    0.0
    362    0.0
    363    0.0
    364    0.0
    365    0.0
