  1968   1   1     0  23.0   8.0   0.0     0     0
  1968   1   2     0  23.0   5.0   0.0     0     0
  1968   1   3     0  23.2   7.2   0.0     0     0
  1968   1   4     0  20.0   8.4   0.0     0     0
  1968   1   5     0  24.3   9.0   0.0     0     0
  1968   1   6     0  24.0   8.8   0.0     0     0
  1968   1   7     0  19.0  10.6   0.0     0     0
  1968   1   8     0  18.0   8.6   4.6     0     0
  1968   1   9     0  18.0   6.4   0.0     0     0
  1968   1  10     0  18.0   5.0   0.4     0     0
  1968   1  11     0  16.0  10.5   1.9     0     0
  1968   1  12     0  21.0   5.2     T     0     0
  1968   1  13     0  21.0   5.0   0.4     0     0
  1968   1  14     0  21.2  11.8     T     0     0
  1968   1  15     0  20.0   7.5  14.0     0     0
  1968   1  16     0  21.5   4.0     T     0     0
  1968   1  17     0  21.2   4.2   0.0     0     0
  1968   1  18     0  20.4   4.0   0.0     0     0
  1968   1  19     0  21.9   4.9   0.0     0     0
  1968   1  20     0  21.2   4.8   0.0     0     0
  1968   1  21     0  21.0   5.0   0.0     0     0
  1968   1  22     0  22.0   5.5   0.0     0     0
  1968   1  23     0  21.0  10.2   0.0     0     0
  1968   1  24     0  21.2   4.6   0.0     0     0
  1968   1  25     0   DNA   DNA   0.0     0     0
  1968   1  26     0  22.0   5.5   0.0     0     0
  1968   1  27     0  21.7   5.0   0.0     0     0
  1968   1  28     0  20.0   9.0   0.0     0     0
  1968   1  29     0  22.0  10.0   7.2     0     0
  1968   1  30     0  22.2   9.0  10.8     0     0
  1968   1  31     0  21.9  10.8   2.1     0     0
  1968   2   1     0  20.2   4.0     T     0     0
  1968   2   2     0  18.5   4.2     T     0     0
  1968   2   3     0  18.2   4.2   0.0     0     0
  1968   2   4     0  18.0   3.9   0.0     0     0
  1968   2   5     0  19.1   5.0   0.0     0     0
  1968   2   6     0  20.0   4.2   0.0     0     0
  1968   2   7     0  24.0   4.2   0.0     0     0
  1968   2   8     0  25.0   4.0   0.0     0     0
  1968   2   9     0  24.7   4.0   0.0     0     0
  1968   2  10     0  23.2   6.6   0.0     0     0
  1968   2  11     0  23.0   5.2   0.0     0     0
  1968   2  12     0  20.9   4.5   0.0     0     0
  1968   2  13     0  25.4   4.0   0.0     0     0
  1968   2  14     0  25.2   4.5   0.0     0     0
  1968   2  15     0  23.0   5.6   0.0     0     0
  1968   2  16     0  24.3   4.0   0.0     0     0
  1968   2  17     0  23.4   6.7   0.0     0     0
  1968   2  18     0  20.3   4.2   0.0     0     0
  1968   2  19     0  18.7   3.7   0.0     0     0
  1968   2  20     0  24.3   7.0  15.5     0     0
  1968   2  21     0  26.2   9.2   0.0     0     0
  1968   2  22     0  25.5   7.2   0.0     0     0
  1968   2  23     0  24.0   3.8   0.0     0     0
  1968   2  24     0  24.0   7.9   0.0     0     0
  1968   2  25     0  24.6   7.0   0.0     0     0
  1968   2  26     0  26.5   9.5   0.0     0     0
  1968   2  27     0  25.5   9.8   0.0     0     0
  1968   2  28     0  22.5  10.0   1.2     0     0
  1968   2  29     0  25.0   8.5   3.5     0     0
  1968   3   1     0  25.8   9.6   0.0     0     0
  1968   3   2     0  25.9  10.0   0.0     0     0
  1968   3   3     0  26.9  10.0   0.0     0     0
  1968   3   4     0  27.5  10.0   0.0     0     0
  1968   3   5     0  28.2  11.0   0.0     0     0
  1968   3   6     0  27.8  11.0   0.0     0     0
  1968   3   7     0  28.2  11.5   0.0     0     0
  1968   3   8     0  28.5  12.0   0.0     0     0
  1968   3   9     0  28.9  11.9   0.0     0     0
  1968   3  10     0  30.5  11.9   0.0     0     0
  1968   3  11     0  31.0  14.5   0.0     0     0
  1968   3  12     0  31.0  15.0   0.0     0     0
  1968   3  13     0  30.0  11.5   0.0     0     0
  1968   3  14     0  30.4  11.4   0.0     0     0
  1968   3  15     0  30.8  16.0   0.0     0     0
  1968   3  16     0  27.8  17.0   0.0     0     0
  1968   3  17     0  24.6  16.5   0.0     0     0
  1968   3  18     0  28.0  17.0   8.0     0     0
  1968   3  19     0  28.2  17.0   0.0     0     0
  1968   3  20     0   DNA   DNA   0.0     0     0
  1968   3  21     0  24.0  16.0     T     0     0
  1968   3  22     0  28.8  11.7   1.9     0     0
  1968   3  23     0  29.4  10.3   0.0     0     0
  1968   3  24     0  29.2  12.0   0.0     0     0
  1968   3  25     0  30.3  11.7   0.0     0     0
  1968   3  26     0  33.0  11.6   0.0     0     0
  1968   3  27     0  33.6  12.0   0.0     0     0
  1968   3  28     0  33.0  12.0   0.0     0     0
  1968   3  29     0  29.0  12.0   0.0     0     0
  1968   3  30     0  27.0   8.5   0.0     0     0
  1968   3  31     0  27.5   7.9   0.0     0     0
  1968   4   1     0  28.0   9.5   0.0     0     0
  1968   4   2     0  30.0   9.0   0.0     0     0
  1968   4   3     0  28.6  14.9   0.0     0     0
  1968   4   4     0  27.2  16.0   0.0     0     0
  1968   4   5     0  31.3  13.0   0.0     0     0
  1968   4   6     0  31.0  15.0   0.0     0     0
  1968   4   7     0  32.0  16.3   0.0     0     0
  1968   4   8     0  34.2  14.0   0.0     0     0
  1968   4   9     0  35.0  14.2   0.0     0     0
  1968   4  10     0  36.6  12.0   0.0     0     0
  1968   4  11     0  34.5  11.9   0.0     0     0
  1968   4  12     0  31.0  14.0   0.0     0     0
  1968   4  13     0  34.1  14.2   0.0     0     0
  1968   4  14     0  33.0  13.0   0.0     0     0
  1968   4  15     0  35.0  14.2   0.0     0     0
  1968   4  16     0  35.0  10.0   0.0     0     0
  1968   4  17     0  33.2  12.0   0.0     0     0
  1968   4  18     0  33.8   8.8   0.0     0     0
  1968   4  19     0  34.7   8.8   0.0     0     0
  1968   4  20     0  36.0  11.0   0.0     0     0
  1968   4  21     0  37.7  11.0   0.0     0     0
  1968   4  22     0  38.0  11.3   0.0     0     0
  1968   4  23     0  36.4  21.0   0.0     0     0
  1968   4  24     0  36.5  27.0   0.0     0     0
  1968   4  25     0  35.3  25.2   0.0     0     0
  1968   4  26     0  30.7  19.9   0.0     0     0
  1968   4  27     0  35.0  17.3   0.0     0     0
  1968   4  28     0  35.8  25.0   0.0     0     0
  1968   4  29     0  35.2  22.7   0.0     0     0
  1968   4  30     0  36.2  29.2   0.0     0     0
  1968   5   1     0  31.0  20.9   0.0     0     0
  1968   5   2     0  35.5  26.9   0.0     0     0
  1968   5   3     0  35.9  21.9   0.0     0     0
  1968   5   4     0  38.7  28.2   0.0     0     0
  1968   5   5     0  36.9  17.0   0.0     0     0
  1968   5   6     0  32.9  15.0   0.0     0     0
  1968   5   7     0  37.5  15.2   0.0     0     0
  1968   5   8     0  36.5  29.0   0.0     0     0
  1968   5   9     0   DNA   DNA   0.0     0     0
  1968   5  10     0  37.2  13.8   0.0     0     0
  1968   5  11     0   DNA   DNA   0.0     0     0
  1968   5  12     0  38.0  14.0   0.0     0     0
  1968   5  13     0  35.0  15.1   0.0     0     0
  1968   5  14     0  33.0  14.0   3.4     0     0
  1968   5  15     0  34.0  22.2   0.0     0     0
  1968   5  16     0  31.0  17.8   0.0     0     0
  1968   5  17     0  31.0  18.0  39.4     0     0
  1968   5  18     0   DNA   DNA   0.0     0     0
  1968   5  19     0   DNA   DNA  22.1     0     0
  1968   5  20     0  28.8  18.4   0.0     0     0
  1968   5  21     0  31.4  10.9   0.0     0     0
  1968   5  22     0  31.9  19.5   0.0     0     0
  1968   5  23     0  33.0  25.5   0.0     0     0
  1968   5  24     0  33.8  28.0   0.0     0     0
  1968   5  25     0  35.0  22.0   0.0     0     0
  1968   5  26     0  36.2  29.9   0.0     0     0
  1968   5  27     0  38.4  28.2   0.0     0     0
  1968   5  28     0  38.0  30.0   0.0     0     0
  1968   5  29     0  37.0  24.0   0.0     0     0
  1968   5  30     0  37.2  26.0   0.0     0     0
  1968   5  31     0   DNA   DNA   0.0     0     0
  1968   6   1     0  29.8  20.7   0.0     0     0
  1968   6   2     0  29.6  22.0   7.5     0     0
  1968   6   3     0  28.6  19.0  32.8     0     0
  1968   6   4     0  32.2  21.8   6.4     0     0
  1968   6   5     0  36.5  22.0   2.0     0     0
  1968   6   6     0  32.0  24.0   2.7     0     0
  1968   6   7     0  32.5  22.3  42.3     0     0
  1968   6   8     0   DNA   DNA   0.0     0     0
  1968   6   9     0  33.0  22.6   3.2     0     0
  1968   6  10     0  31.0  21.6   2.6     0     0
  1968   6  11     0  32.0  24.4  18.3     0     0
  1968   6  12     0  29.3  24.0   0.0     0     0
  1968   6  13     0  28.0  24.0   7.2     0     0
  1968   6  14     0   DNA   DNA   0.0     0     0
  1968   6  15     0  32.0  23.0  20.0     0     0
  1968   6  16     0  30.5  24.8  10.5     0     0
  1968   6  17     0  28.6  22.0   8.0     0     0
  1968   6  18     0  30.0  23.0   4.0     0     0
  1968   6  19     0  32.2  24.9   7.0     0     0
  1968   6  20     0   DNA   DNA   0.0     0     0
  1968   6  21     0   DNA   DNA   0.0     0     0
  1968   6  22     0  31.0  23.5  42.0     0     0
  1968   6  23     0  32.0  24.0  32.0     0     0
  1968   6  24     0  33.0  24.2  83.5     0     0
  1968   6  25     0  36.6  24.0   7.5     0     0
  1968   6  26     0  30.0  24.2  12.2     0     0
  1968   6  27     0   DNA   DNA   0.0     0     0
  1968   6  28     0   DNA   DNA   0.0     0     0
  1968   6  29     0  31.7  23.0   3.2     0     0
  1968   6  30     0  30.0  24.0   0.0     0     0
  1968   7   1     0  31.2  24.0   2.0     0     0
  1968   7   2     0  31.2  23.0   0.0     0     0
  1968   7   3     0  30.3  24.3  10.5     0     0
  1968   7   4     0  33.0  25.0   7.0     0     0
  1968   7   5     0  31.5  22.9  16.7     0     0
  1968   7   6     0  32.2  24.4  16.3     0     0
  1968   7   7     0  30.9  24.8   6.2     0     0
  1968   7   8     0  32.2  26.9  22.6     0     0
  1968   7   9     0  31.0  23.0  82.3     0     0
  1968   7  10     0  31.0  25.3   0.0     0     0
  1968   7  11     0  32.0  23.5   6.2     0     0
  1968   7  12     0   DNA   DNA  30.7     0     0
  1968   7  13     0  30.0  26.0  31.0     0     0
  1968   7  14     0  31.4  22.5  49.3     0     0
  1968   7  15     0  31.0  23.2   5.3     0     0
  1968   7  16     0  30.9  24.0  22.1     0     0
  1968   7  17     0  30.6  24.0  23.3     0     0
  1968   7  18     0  29.9  23.8  11.2     0     0
  1968   7  19     0  28.0  26.8  20.8     0     0
  1968   7  20     0  30.0  23.0   0.0     0     0
  1968   7  21     0   DNA   DNA   0.0     0     0
  1968   7  22     0  30.3  23.2  10.3     0     0
  1968   7  23     0  30.1  22.6  96.6     0     0
  1968   7  24     0  30.6  24.0  60.9     0     0
  1968   7  25     0  31.6  23.0   1.8     0     0
  1968   7  26     0  29.8  23.4  31.8     0     0
  1968   7  27     0  32.0  24.0   1.3     0     0
  1968   7  28     0  33.0  23.0  16.2     0     0
  1968   7  29     0  33.0  23.0  16.1     0     0
  1968   7  30     0  32.0  24.0  15.7     0     0
  1968   7  31     0  31.1  24.0   2.1     0     0
  1968   8   1     0  31.0  23.5  12.3     0     0
  1968   8   2     0  31.8  23.9  10.5     0     0
  1968   8   3     0  33.0  24.0  18.5     0     0
  1968   8   4     0  28.0  24.0   0.0     0     0
  1968   8   5     0   DNA   DNA   0.0     0     0
  1968   8   6     0   DNA   DNA   0.0     0     0
  1968   8   7     0   DNA   DNA   0.0     0     0
  1968   8   8     0  32.0  23.8  42.0     0     0
  1968   8   9     0   DNA   DNA  83.5     0     0
  1968   8  10     0  32.3  22.3   3.6     0     0
  1968   8  11     0  32.5  24.4  30.8     0     0
  1968   8  12     0  32.5  23.9  12.3     0     0
  1968   8  13     0  31.5  26.0   0.0     0     0
  1968   8  14     0  31.7  24.0  23.7     0     0
  1968   8  15     0  31.5  22.5  42.4     0     0
  1968   8  16     0  33.2  23.0  31.0     0     0
  1968   8  17     0   DNA   DNA  40.4     0     0
  1968   8  18     0   DNA   DNA  11.5     0     0
  1968   8  19     0  32.2  24.0   0.0     0     0
  1968   8  20     0  26.8  24.2  16.2     0     0
  1968   8  21     0  29.8  23.8  30.0     0     0
  1968   8  22     0  30.0  23.2     T     0     0
  1968   8  23     0  30.0  23.0   0.4     0     0
  1968   8  24     0  27.0  23.5   8.0     0     0
  1968   8  25     0  31.6  22.0  20.0     0     0
  1968   8  26     0  30.8  23.1     T     0     0
  1968   8  27     0  28.0  22.0 262.0     0     0
  1968   8  28     0  30.7  22.7  18.0     0     0
  1968   8  29     0  31.6  23.0  55.0     0     0
  1968   8  30     0  32.0  23.1  27.8     0     0
  1968   8  31     0  29.0  26.4     T     0     0
  1968   9   1     0  32.9  28.0     T     0     0
  1968   9   2     0  32.0  23.9   0.0     0     0
  1968   9   3     0  31.6  24.0  11.6     0     0
  1968   9   4     0  31.1  24.0     T     0     0
  1968   9   5     0  31.2  23.2     T     0     0
  1968   9   6     0  31.5  23.0   1.2     0     0
  1968   9   7     0  31.5  23.5     T     0     0
  1968   9   8     0  32.8  22.0  17.7     0     0
  1968   9   9     0  32.4  21.8   2.0     0     0
  1968   9  10     0  32.0  22.4   0.0     0     0
  1968   9  11     0  32.5  22.0  12.4     0     0
  1968   9  12     0  32.0  22.3   4.6     0     0
  1968   9  13     0  32.0  21.5  61.2     0     0
  1968   9  14     0  31.0  22.8  10.3     0     0
  1968   9  15     0  29.0  22.5  30.5     0     0
  1968   9  16     0  30.0  24.7     T     0     0
  1968   9  17     0  27.7  25.7   9.5     0     0
  1968   9  18     0  29.9  22.6  19.5     0     0
  1968   9  19     0  31.7  22.3     T     0     0
  1968   9  20     0  32.0  22.3     T     0     0
  1968   9  21     0  30.0  21.8  27.2     0     0
  1968   9  22     0  29.9  22.9     T     0     0
  1968   9  23     0  30.8  22.2  22.0     0     0
  1968   9  24     0  30.5  23.0     T     0     0
  1968   9  25     0  31.1  23.0     T     0     0
  1968   9  26     0  30.7  23.0   4.0     0     0
  1968   9  27     0  30.0  20.5     T     0     0
  1968   9  28     0  30.0  22.8   0.0     0     0
  1968   9  29     0  29.3  22.7   3.2     0     0
  1968   9  30     0  30.5  21.5   0.0     0     0
  1968  10   1     0  27.5  20.4     T     0     0
  1968  10   2     0  31.5  21.8     T     0     0
  1968  10   3     0   DNA   DNA     T     0     0
  1968  10   4     0  22.0  20.0   1.8     0     0
  1968  10   5     0  25.4  20.2  60.2     0     0
  1968  10   6     0  29.5  21.0   7.3     0     0
  1968  10   7     0  28.8  20.4     T     0     0
  1968  10   8     0  29.2  24.0  37.5     0     0
  1968  10   9     0  29.0  17.2     T     0     0
  1968  10  10     0  28.3  16.5   1.0     0     0
  1968  10  11     0  27.8  25.6   1.0     0     0
  1968  10  12     0  28.5  15.5   1.0     0     0
  1968  10  13     0   DNA   DNA   0.0     0     0
  1968  10  14     0  28.9  15.5   3.2     0     0
  1968  10  15     0  28.7  15.0     T     0     0
  1968  10  16     0  28.5  13.1   0.0     0     0
  1968  10  17     0  28.3  16.6   0.0     0     0
  1968  10  18     0  28.2  15.0   0.0     0     0
  1968  10  19     0  28.0  21.0  12.0     0     0
  1968  10  20     0  28.5  14.5   1.0     0     0
  1968  10  21     0  29.0  15.4     T     0     0
  1968  10  22     0  29.8  17.2   0.0     0     0
  1968  10  23     0  29.8  14.2   0.0     0     0
  1968  10  24     0  30.0  13.0   0.0     0     0
  1968  10  25     0  29.8  13.0   0.0     0     0
  1968  10  26     0  29.3  12.3   0.0     0     0
  1968  10  27     0  29.9  12.2   0.0     0     0
  1968  10  28     0  29.6  19.0   0.0     0     0
  1968  10  29     0  28.9  13.7   0.0     0     0
  1968  10  30     0  29.0  13.4   0.0     0     0
  1968  10  31     0  28.8  12.3   0.0     0     0
  1968  11   1     0  27.0  22.2   0.0     0     0
  1968  11   2     0  27.0  13.2   0.0     0     0
  1968  11   3     0  26.9  12.4   0.0     0     0
  1968  11   4     0  27.0  13.0   0.0     0     0
  1968  11   5     0  28.0  12.5   0.0     0     0
  1968  11   6     0  27.7  12.3   0.0     0     0
  1968  11   7     0  27.1  11.0   0.0     0     0
  1968  11   8     0  27.7  11.5   0.0     0     0
  1968  11   9     0  27.6  11.8   0.0     0     0
  1968  11  10     0  26.0  12.2   0.0     0     0
  1968  11  11     0  26.3  11.5   0.0     0     0
  1968  11  12     0  26.5  12.2   0.0     0     0
  1968  11  13     0  27.3  13.0   0.0     0     0
  1968  11  14     0  27.3  12.3   1.3     0     0
  1968  11  15     0  26.8  13.3   0.0     0     0
  1968  11  16     0  27.0  16.0   0.0     0     0
  1968  11  17     0  26.0  10.5   0.0     0     0
  1968  11  18     0  26.2   8.9   0.0     0     0
  1968  11  19     0  26.0   8.5   0.0     0     0
  1968  11  20     0  27.0   9.0   0.0     0     0
  1968  11  21     0  26.2  19.4   3.4     0     0
  1968  11  22     0  26.2  10.4   0.0     0     0
  1968  11  23     0  23.8  10.0   0.0     0     0
  1968  11  24     0   DNA   DNA   0.0     0     0
  1968  11  25     0   DNA   DNA   0.0     0     0
  1968  11  26     0   DNA   DNA   0.0     0     0
  1968  11  27     0  25.0  11.2   0.0     0     0
  1968  11  28     0  26.5  12.8   0.0     0     0
  1968  11  29     0  26.3   9.2   0.0     0     0
  1968  11  30     0  26.2  12.0   0.0     0     0
  1968  12   1     0  26.0  10.2   0.0     0     0
  1968  12   2     0  26.8   9.9   0.0     0     0
  1968  12   3     0  24.0   8.0   0.0     0     0
  1968  12   4     0  25.3   7.5   0.0     0     0
  1968  12   5     0  24.2   5.0   0.0     0     0
  1968  12   6     0  24.9   6.0   0.0     0     0
  1968  12   7     0   DNA   DNA   0.0     0     0
  1968  12   8     0  23.0   5.3   0.0     0     0
  1968  12   9     0  22.6   7.4   0.0     0     0
  1968  12  10     0  24.2   6.8   0.0     0     0
  1968  12  11     0  24.5   7.0   0.0     0     0
  1968  12  12     0  24.7   7.0   0.0     0     0
  1968  12  13     0  24.9   7.5   0.0     0     0
  1968  12  14     0  23.6   7.0   0.0     0     0
  1968  12  15     0  24.0   5.0   0.0     0     0
  1968  12  16     0  23.0   6.3   0.0     0     0
  1968  12  17     0  25.0   5.0   0.0     0     0
  1968  12  18     0  21.2   5.0   0.0     0     0
  1968  12  19     0  19.9  10.0   0.0     0     0
  1968  12  20     0  20.4   5.0   0.0     0     0
  1968  12  21     0  25.0   5.2   0.0     0     0
  1968  12  22     0  23.0   6.7   0.0     0     0
  1968  12  23     0  25.0   9.5   0.0     0     0
  1968  12  24     0  23.3   4.7   0.0     0     0
  1968  12  25     0  22.9   9.0   0.0     0     0
  1968  12  26     0  22.0   7.0   0.0     0     0
  1968  12  27     0  20.0  14.4   0.0     0     0
  1968  12  28     0  21.0   4.7   0.0     0     0
  1968  12  29     0  22.0   5.0   0.0     0     0
  1968  12  30     0   DNA   DNA   0.0     0     0
  1968  12  31     0   DNA   DNA   0.0     0     0
