  1983   1   1     0  18.8   8.6   0.0     0     0
  1983   1   2     0  18.2   6.0   0.0     0     0
  1983   1   3     0  18.8   3.2   0.0     0     0
  1983   1   4     0  20.0   4.8   0.0     0     0
  1983   1   5     0  20.6   2.8   0.0     0     0
  1983   1   6     0  20.0   4.2   0.0     0     0
  1983   1   7     0  20.0   4.4   0.0     0     0
  1983   1   8     0  19.4   2.0   0.0     0     0
  1983   1   9     0  19.6   2.4   0.0     0     0
  1983   1  10     0  19.4   3.6   0.0     0     0
  1983   1  11     0  18.8   2.6   0.0     0     0
  1983   1  12     0  20.4   4.2   0.0     0     0
  1983   1  13     0  20.2   3.8   0.0     0     0
  1983   1  14     0  19.6   2.8   0.0     0     0
  1983   1  15     0  20.2   2.6   0.0     0     0
  1983   1  16     0  21.6   2.8   0.0     0     0
  1983   1  17     0  20.6   4.6   0.0     0     0
  1983   1  18     0  21.4   3.6   0.0     0     0
  1983   1  19     0  21.4   2.2   0.0     0     0
  1983   1  20     0  21.8   3.0   0.0     0     0
  1983   1  21     0  23.4   3.8   0.0     0     0
  1983   1  22     0  24.2   4.6   0.0     0     0
  1983   1  23     0  22.2   6.2   0.0     0     0
  1983   1  24     0  23.2   3.6   0.0     0     0
  1983   1  25     0  22.8   5.0   0.0     0     0
  1983   1  26     0  24.0   6.4   0.0     0     0
  1983   1  27     0  22.4   7.2   0.0     0     0
  1983   1  28     0  13.4  10.0   4.0     0     0
  1983   1  29     0  20.4  12.6  22.5     0     0
  1983   1  30     0  22.4  10.0   0.0     0     0
  1983   1  31     0  20.4   6.4   0.0     0     0
  1983   2   1     0  22.8   3.2   0.0     0     0
  1983   2   2     0  18.6   3.6   0.0     0     0
  1983   2   3     0  18.6   3.8   0.0     0     0
  1983   2   4     0  19.2   2.6   0.0     0     0
  1983   2   5     0  19.0   4.6   0.0     0     0
  1983   2   6     0  19.8   4.6   0.0     0     0
  1983   2   7     0  21.2   4.6   0.0     0     0
  1983   2   8     0  20.4   5.4   0.0     0     0
  1983   2   9     0  22.4   3.8   0.0     0     0
  1983   2  10     0  23.4   5.0   0.0     0     0
  1983   2  11     0  23.4   6.4   0.0     0     0
  1983   2  12     0  23.2   6.4   0.0     0     0
  1983   2  13     0  22.4   9.6   0.0     0     0
  1983   2  14     0  25.6   9.2   0.0     0     0
  1983   2  15     0  27.6   9.0   0.0     0     0
  1983   2  16     0  27.2   9.4   0.0     0     0
  1983   2  17     0  26.4   7.4   0.0     0     0
  1983   2  18     0  27.4   8.6   0.0     0     0
  1983   2  19     0  27.6   7.6   0.0     0     0
  1983   2  20     0  23.4   8.6   0.0     0     0
  1983   2  21     0  23.6   8.8   0.0     0     0
  1983   2  22     0  23.8   7.6   0.0     0     0
  1983   2  23     0  24.2   7.0   0.0     0     0
  1983   2  24     0  24.0   8.2   0.0     0     0
  1983   2  25     0  25.2   6.6   0.0     0     0
  1983   2  26     0  25.2   8.6   0.0     0     0
  1983   2  27     0  22.6   7.6   0.0     0     0
  1983   2  28     0  23.8   8.0   0.0     0     0
  1983   3   1     0  24.6  10.0   0.0     0     0
  1983   3   2     0  25.6  10.2   0.0     0     0
  1983   3   3     0  27.4  10.4   0.0     0     0
  1983   3   4     0  27.8  11.2   0.0     0     0
  1983   3   5     0  25.6   8.0   0.0     0     0
  1983   3   6     0  25.2   7.0   0.0     0     0
  1983   3   7     0  26.2   9.8   0.0     0     0
  1983   3   8     0  25.6  10.0   0.0     0     0
  1983   3   9     0  26.8  11.0   0.0     0     0
  1983   3  10     0  29.8  12.0   0.0     0     0
  1983   3  11     0  31.6  12.8   0.0     0     0
  1983   3  12     0  32.6  11.4   0.0     0     0
  1983   3  13     0  28.4  12.2   0.0     0     0
  1983   3  14     0  27.6  11.4   0.0     0     0
  1983   3  15     0  28.6  12.4   0.0     0     0
  1983   3  16     0  28.4  12.2   2.6     0     0
  1983   3  17     0  27.4  12.6   0.0     0     0
  1983   3  18     0  28.6  13.4   0.0     0     0
  1983   3  19     0  30.6  14.8   2.0     0     0
  1983   3  20     0  31.2  15.4   0.3     0     0
  1983   3  21     0  28.2  13.6   1.5     0     0
  1983   3  22     0  25.6  11.8   0.0     0     0
  1983   3  23     0  26.0  16.6   0.0     0     0
  1983   3  24     0  26.8  10.6   0.0     0     0
  1983   3  25     0  28.6  11.4   0.0     0     0
  1983   3  26     0  31.4  15.2   0.0     0     0
  1983   3  27     0  33.0  12.2   0.0     0     0
  1983   3  28     0  33.0  12.2   0.0     0     0
  1983   3  29     0  31.4  10.6   0.0     0     0
  1983   3  30     0  31.6   9.8   0.0     0     0
  1983   3  31     0  31.6  10.2   0.0     0     0
  1983   4   1     0  33.0  10.2   0.0     0     0
  1983   4   2     0  33.4  14.6   0.0     0     0
  1983   4   3     0  34.2  14.0   0.0     0     0
  1983   4   4     0  33.4  16.4   0.0     0     0
  1983   4   5     0  34.4  15.2   0.0     0     0
  1983   4   6     0  34.2  15.6   0.0     0     0
  1983   4   7     0  33.4  15.8   0.0     0     0
  1983   4   8     0  34.2  17.4   0.0     0     0
  1983   4   9     0  34.2  17.2   0.0     0     0
  1983   4  10     0  35.2  16.6   0.0     0     0
  1983   4  11     0  31.4  14.6   2.6     0     0
  1983   4  12     0  31.8  12.0   0.0     0     0
  1983   4  13     0  27.6  17.8   1.0     0     0
  1983   4  14     0  24.4  15.8   1.0     0     0
  1983   4  15     0  23.4  16.2   0.5     0     0
  1983   4  16     0  22.2  17.2   2.4     0     0
  1983   4  17     0  28.2  16.2   2.2     0     0
  1983   4  18     0  31.4  18.0   0.0     0     0
  1983   4  19     0  30.4  14.0  14.2     0     0
  1983   4  20     0  31.6  14.4   0.0     0     0
  1983   4  21     0  31.0  15.2   0.0     0     0
  1983   4  22     0  32.0  15.8   0.0     0     0
  1983   4  23     0  31.8  17.2   0.0     0     0
  1983   4  24     0  30.2  17.6   2.3     0     0
  1983   4  25     0  30.6  19.0   0.0     0     0
  1983   4  26     0  31.8  19.4   0.0     0     0
  1983   4  27     0  30.0  22.2   2.8     0     0
  1983   4  28     0  30.4  18.6  15.1     0     0
  1983   4  29     0  30.2  20.8  15.4     0     0
  1983   4  30     0  30.2  20.2   1.0     0     0
  1983   5   1     0  31.4  18.8  17.5     0     0
  1983   5   2     0  31.4  17.0  12.5     0     0
  1983   5   3     0  30.0  21.0     T     0     0
  1983   5   4     0  30.4  22.2   0.5     0     0
  1983   5   5     0  32.0  22.4   0.6     0     0
  1983   5   6     0  32.2  19.6   6.3     0     0
  1983   5   7     0  31.8  20.2   3.0     0     0
  1983   5   8     0  31.8  22.2   0.5     0     0
  1983   5   9     0  29.8  20.8   2.0     0     0
  1983   5  10     0  30.4  22.0   0.0     0     0
  1983   5  11     0  30.2  21.0   0.0     0     0
  1983   5  12     0  27.0  22.2   1.3     0     0
  1983   5  13     0  27.4  20.2  10.0     0     0
  1983   5  14     0  30.6  21.0  31.4     0     0
  1983   5  15     0  29.8  21.4   4.7     0     0
  1983   5  16     0  30.6  21.0   0.5     0     0
  1983   5  17     0  30.4  21.0   1.0     0     0
  1983   5  18     0  33.0  19.6   5.5     0     0
  1983   5  19     0  32.2  22.2  14.3     0     0
  1983   5  20     0  32.0  22.2   0.0     0     0
  1983   5  21     0  32.4  22.2   0.0     0     0
  1983   5  22     0  30.4  19.8  30.1     0     0
  1983   5  23     0  30.2  19.8  42.0     0     0
  1983   5  24     0  30.2  19.4  11.0     0     0
  1983   5  25     0  29.6  20.6   1.1     0     0
  1983   5  26     0  32.4  19.0   2.2     0     0
  1983   5  27     0  33.6  21.4   0.0     0     0
  1983   5  28     0  33.0  21.6   0.0     0     0
  1983   5  29     0  33.6  20.2  49.8     0     0
  1983   5  30     0  34.2  23.0   0.0     0     0
  1983   5  31     0  34.6  21.6   0.0     0     0
  1983   6   1     0  35.4  23.0   0.0     0     0
  1983   6   2     0  34.6  24.6   0.0     0     0
  1983   6   3     0  33.8  22.4   6.0     0     0
  1983   6   4     0  33.2  25.0   3.3     0     0
  1983   6   5     0  35.0  25.2   0.0     0     0
  1983   6   6     0  34.6  25.0   0.0     0     0
  1983   6   7     0  35.0  24.0   0.0     0     0
  1983   6   8     0  33.4  25.0   0.0     0     0
  1983   6   9     0  31.0  17.4  11.0     0     0
  1983   6  10     0  31.0  19.4  48.0     0     0
  1983   6  11     0  30.0  20.0   7.3     0     0
  1983   6  12     0  32.6  20.6     T     0     0
  1983   6  13     0  34.4  21.6   3.8     0     0
  1983   6  14     0  31.4  24.2   0.0     0     0
  1983   6  15     0  31.2  20.0   3.2     0     0
  1983   6  16     0  33.6  22.0  30.2     0     0
  1983   6  17     0  34.2  22.8   0.0     0     0
  1983   6  18     0  34.8  22.8   0.0     0     0
  1983   6  19     0  36.6  23.0   0.0     0     0
  1983   6  20     0  35.6  29.2   0.0     0     0
  1983   6  21     0  36.2  24.2   0.0     0     0
  1983   6  22     0  33.6  25.2   0.0     0     0
  1983   6  23     0  33.2  24.6   2.8     0     0
  1983   6  24     0  31.4  22.2  21.0     0     0
  1983   6  25     0  33.0  25.6   0.0     0     0
  1983   6  26     0  31.0  25.0   0.3     0     0
  1983   6  27     0  31.2  23.8  22.8     0     0
  1983   6  28     0  29.4  24.6  15.7     0     0
  1983   6  29     0  31.6  23.4  44.0     0     0
  1983   6  30     0  32.4  24.2   1.5     0     0
  1983   7   1     0  33.6  24.6   4.2     0     0
  1983   7   2     0  29.6  23.6  29.0     0     0
  1983   7   3     0  24.6  23.2  25.5     0     0
  1983   7   4     0  30.2  23.6  56.6     0     0
  1983   7   5     0  31.2  23.2  14.2     0     0
  1983   7   6     0  29.6  22.6  98.2     0     0
  1983   7   7     0  31.8  23.2   6.2     0     0
  1983   7   8     0  31.6  21.2   1.6     0     0
  1983   7   9     0  31.2  20.8     T     0     0
  1983   7  10     0  31.6  19.6  20.6     0     0
  1983   7  11     0  31.6  21.4   2.2     0     0
  1983   7  12     0  32.2  20.4   2.8     0     0
  1983   7  13     0  32.8  21.2   0.4     0     0
  1983   7  14     0  33.2  20.6   3.4     0     0
  1983   7  15     0  31.4  21.4  59.2     0     0
  1983   7  16     0  26.4  18.4  83.6     0     0
  1983   7  17     0  28.6  20.2  89.2     0     0
  1983   7  18     0  30.8  21.2   4.5     0     0
  1983   7  19     0  32.0  24.2   3.5     0     0
  1983   7  20     0  31.2  23.6  19.5     0     0
  1983   7  21     0  31.6  24.8   2.1     0     0
  1983   7  22     0  30.4  25.0   1.7     0     0
  1983   7  23     0  33.4  25.6   5.7     0     0
  1983   7  24     0  31.2  23.6  45.0     0     0
  1983   7  25     0  29.8  24.2  15.5     0     0
  1983   7  26     0  30.0  23.2  18.1     0     0
  1983   7  27     0  29.2  22.0  44.5     0     0
  1983   7  28     0  30.0  23.2  52.5     0     0
  1983   7  29     0  30.6  24.0   4.3     0     0
  1983   7  30     0  30.2  24.2  24.7     0     0
  1983   7  31     0  29.6  25.4   0.6     0     0
  1983   8   1     0  31.4  25.6  11.3     0     0
  1983   8   2     0  32.2  23.4  43.7     0     0
  1983   8   3     0  32.2  23.2   4.6     0     0
  1983   8   4     0  26.2  23.2  80.3     0     0
  1983   8   5     0  28.0  22.4   4.3     0     0
  1983   8   6     0  31.6  22.4   3.2     0     0
  1983   8   7     0  32.4  24.4  11.0     0     0
  1983   8   8     0  32.2  24.2   2.8     0     0
  1983   8   9     0  32.2  24.0  13.2     0     0
  1983   8  10     0  30.0  23.6   0.7     0     0
  1983   8  11     0  31.2  23.6  11.1     0     0
  1983   8  12     0  30.8  23.4  12.0     0     0
  1983   8  13     0  30.2  23.8   9.6     0     0
  1983   8  14     0  30.2  23.2   1.0     0     0
  1983   8  15     0  30.6  23.8   0.0     0     0
  1983   8  16     0  32.2  24.2  10.5     0     0
  1983   8  17     0  32.4  24.4  12.5     0     0
  1983   8  18     0  32.4  24.2  19.5     0     0
  1983   8  19     0  32.0  24.4   2.5     0     0
  1983   8  20     0  31.4  23.6  31.2     0     0
  1983   8  21     0  31.2  23.6   1.6     0     0
  1983   8  22     0  31.4  23.4   2.4     0     0
  1983   8  23     0  27.8  22.4  59.2     0     0
  1983   8  24     0  31.2  22.4   1.2     0     0
  1983   8  25     0  28.6  23.2  13.2     0     0
  1983   8  26     0  31.0  24.2   6.0     0     0
  1983   8  27     0  31.8  24.0  24.2     0     0
  1983   8  28     0  31.4  24.2   0.3     0     0
  1983   8  29     0  30.6  23.6  31.3     0     0
  1983   8  30     0  31.2  24.0   2.3     0     0
  1983   8  31     0  30.8  24.4   2.4     0     0
  1983   9   1     0  29.8  22.4  17.3     0     0
  1983   9   2     0  30.6  25.6  18.6     0     0
  1983   9   3     0  31.6  23.6  29.7     0     0
  1983   9   4     0  31.4  25.0   1.2     0     0
  1983   9   5     0  31.4  25.4   3.4     0     0
  1983   9   6     0  30.2  23.4   4.9     0     0
  1983   9   7     0  30.2  23.6  60.2     0     0
  1983   9   8     0  30.2  23.2  19.6     0     0
  1983   9   9     0  30.2  24.0   1.6     0     0
  1983   9  10     0  30.8  24.2   0.0     0     0
  1983   9  11     0  31.0  23.0   6.2     0     0
  1983   9  12     0  31.0  23.6   1.8     0     0
  1983   9  13     0  31.2  23.0   0.0     0     0
  1983   9  14     0  30.6  23.2   0.0     0     0
  1983   9  15     0  30.6  23.6   0.5     0     0
  1983   9  16     0  31.6  22.6   2.5     0     0
  1983   9  17     0  30.4  22.0  44.2     0     0
  1983   9  18     0  28.2  25.0  36.0     0     0
  1983   9  19     0  30.6  23.6   1.2     0     0
  1983   9  20     0  29.6  23.6   6.8     0     0
  1983   9  21     0  30.2  23.0   1.6     0     0
  1983   9  22     0  27.4  22.6   4.7     0     0
  1983   9  23     0  31.2  23.2   2.4     0     0
  1983   9  24     0  31.2  22.4   1.2     0     0
  1983   9  25     0  31.2  21.0   3.0     0     0
  1983   9  26     0  30.8  21.2   8.2     0     0
  1983   9  27     0  31.0  20.8   0.2     0     0
  1983   9  28     0  30.2  25.6  39.3     0     0
  1983   9  29     0  31.4  23.2   3.0     0     0
  1983   9  30     0  32.2  23.4   0.5     0     0
  1983  10   1     0  31.0  21.4  10.5     0     0
  1983  10   2     0  30.0  21.6   0.0     0     0
  1983  10   3     0  26.6  20.8  37.5     0     0
  1983  10   4     0  32.0  20.0   0.5     0     0
  1983  10   5     0  31.4  21.6   0.7     0     0
  1983  10   6     0  28.4  20.1   1.3     0     0
  1983  10   7     0  30.0  21.2   3.2     0     0
  1983  10   8     0  31.0  21.0   0.3     0     0
  1983  10   9     0  31.0  21.0   0.0     0     0
  1983  10  10     0  29.4  20.0  23.0     0     0
  1983  10  11     0  30.2  20.0   0.2     0     0
  1983  10  12     0  30.4  18.0   0.3     0     0
  1983  10  13     0  29.6  19.8     T     0     0
  1983  10  14     0  31.2  18.6     T     0     0
  1983  10  15     0  30.0  18.2   0.0     0     0
  1983  10  16     0  31.6  19.0     T     0     0
  1983  10  17     0  29.0  16.6   0.0     0     0
  1983  10  18     0  30.0  17.6   0.0     0     0
  1983  10  19     0  30.4  17.0     T     0     0
  1983  10  20     0  30.6  18.0   0.0     0     0
  1983  10  21     0  29.2  18.2   0.0     0     0
  1983  10  22     0  29.6  18.2     T     0     0
  1983  10  23     0  29.4  15.4   0.0     0     0
  1983  10  24     0  29.0  15.6  41.5     0     0
  1983  10  25     0  26.6  14.3   0.0     0     0
  1983  10  26     0  26.6  15.0   0.0     0     0
  1983  10  27     0  27.2  13.0   0.0     0     0
  1983  10  28     0  26.8  12.2   0.0     0     0
  1983  10  29     0  28.6  11.6   0.0     0     0
  1983  10  30     0  29.8  13.2   0.0     0     0
  1983  10  31     0  29.8  11.4   0.0     0     0
  1983  11   1     0  28.4  14.2   0.0     0     0
  1983  11   2     0  28.4  14.6   0.0     0     0
  1983  11   3     0  27.8  15.8   0.0     0     0
  1983  11   4     0  27.6  13.0   0.0     0     0
  1983  11   5     0  27.8  12.6   0.0     0     0
  1983  11   6     0  27.4  12.0   0.0     0     0
  1983  11   7     0  27.4  13.4   0.0     0     0
  1983  11   8     0  27.4   9.5   0.0     0     0
  1983  11   9     0  27.6  10.0   0.0     0     0
  1983  11  10     0  27.8   9.6   0.0     0     0
  1983  11  11     0  26.8  11.4   0.0     0     0
  1983  11  12     0  26.8  10.8   0.0     0     0
  1983  11  13     0  26.2  11.2   0.0     0     0
  1983  11  14     0  26.2  10.4   0.0     0     0
  1983  11  15     0  27.0  11.8   0.0     0     0
  1983  11  16     0  26.4  12.4   0.0     0     0
  1983  11  17     0  25.6  11.2   0.0     0     0
  1983  11  18     0  26.2  10.6   0.0     0     0
  1983  11  19     0  25.2  10.2   0.0     0     0
  1983  11  20     0  25.2  11.0   0.0     0     0
  1983  11  21     0  25.4  10.2   0.0     0     0
  1983  11  22     0  26.2  10.4   0.0     0     0
  1983  11  23     0  25.6  10.2   0.0     0     0
  1983  11  24     0  26.2  10.2   0.0     0     0
  1983  11  25     0  25.4  12.4   0.0     0     0
  1983  11  26     0  25.4   8.4   0.0     0     0
  1983  11  27     0  26.0   8.0   0.0     0     0
  1983  11  28     0  25.8  12.4   0.0     0     0
  1983  11  29     0  24.4  10.8   0.0     0     0
  1983  11  30     0  24.2   8.4   0.0     0     0
  1983  12   1     0  24.2   7.6   0.0     0     0
  1983  12   2     0   DNA   8.2   0.0     0     0
  1983  12   3     0   DNA   8.2   0.0     0     0
  1983  12   4     0  20.4   7.8   0.0     0     0
  1983  12   5     0  22.5   6.2   0.0     0     0
  1983  12   6     0  20.5   6.2   0.0     0     0
  1983  12   7     0  21.0   6.2   0.0     0     0
  1983  12   8     0  21.0   5.8   0.0     0     0
  1983  12   9     0  20.0   7.8   0.0     0     0
  1983  12  10     0   DNA   5.4   0.0     0     0
  1983  12  11     0  20.2   5.4   0.0     0     0
  1983  12  12     0  20.0   5.4   0.0     0     0
  1983  12  13     0  21.2   5.4   0.0     0     0
  1983  12  14     0  21.2   6.6   0.0     0     0
  1983  12  15     0  21.0   6.0   0.0     0     0
  1983  12  16     0  21.0   6.2   0.0     0     0
  1983  12  17     0  21.2   6.4   0.0     0     0
  1983  12  18     0  21.8   6.6   0.0     0     0
  1983  12  19     0  21.0   8.0   0.0     0     0
  1983  12  20     0  21.2   6.4   0.0     0     0
  1983  12  21     0  21.2   7.0   0.0     0     0
  1983  12  22     0  20.0   6.4   0.0     0     0
  1983  12  23     0  20.0   6.2   0.0     0     0
  1983  12  24     0  21.0   6.0   0.0     0     0
  1983  12  25     0  20.0   6.6   0.0     0     0
  1983  12  26     0  19.3  11.0  15.3     0     0
  1983  12  27     0  19.0   9.2   0.0     0     0
  1983  12  28     0  18.2   4.8   0.0     0     0
  1983  12  29     0  21.0   8.2   0.0     0     0
  1983  12  30     0  21.2   5.4   0.0     0     0
  1983  12  31     0  20.0   2.4   0.0     0     0
