      1    6.2
      2    0.0
      3    0.0
      4    0.0
      5    0.0
      6    0.0
      7    0.0
      8    0.0
      9    0.0
     10    0.0
     11    0.0
     12   13.2
     13    0.0
     14    0.0
     15    0.0
     16    0.0
     17    0.0
     18    0.0
     19    0.0
     20    0.0
     21    0.0
     22    0.0
     23    0.0
     24    0.0
     25    0.0
     26    0.0
     27    0.0
     28    0.0
     29    0.0
     30    0.0
     31    0.0
     32    0.0
     33    9.1
     34    0.0
     35    4.6
     36    0.0
     37   11.0
     38    0.0
     39    0.0
     40    0.0
     41    5.0
     42    0.0
     43    0.0
     44    0.0
     45    0.0
     46    0.0
     47    6.0
     48    2.0
     49    7.5
     50    0.0
     51    0.0
     52    0.0
     53    0.0
     54    0.5
     55    0.0
     56    T  
     57    T  
     58    2.5
     59    4.0
     60    0.0
     61    4.0
     62    9.2
     63   11.0
     64    0.0
     65    T  
     66    3.5
     67    0.7
     68    5.2
     69    7.0
     70    7.0
     71    8.1
     72    4.0
     73    0.0
     74    5.0
     75    0.0
     76    0.0
     77    0.0
     78    0.0
     79    0.0
     80    0.0
     81    0.0
     82   12.2
     83    0.0
     84    0.0
     85   21.0
     86    0.0
     87    0.0
     88    0.0
     89    T  
     90    0.0
     91    0.0
     92   25.5
     93    1.5
     94    0.0
     95    0.0
     96    0.0
     97    0.0
     98    1.5
     99   16.0
    100    0.0
    101    0.0
    102    0.0
    103    0.0
    104    0.0
    105    0.0
    106    0.0
    107    0.0
    108    0.0
    109    4.0
    110    0.0
    111    0.0
    112    T  
    113    3.0
    114    1.5
    115   34.0
    116    1.0
    117    0.0
    118    T  
    119    2.5
    120   11.0
    121    4.5
    122    2.5
    123   29.0
    124   29.0
    125    6.5
    126    7.5
    127    6.0
    128   17.2
    129    1.3
    130    4.0
    131    0.5
    132    0.0
    133    0.0
    134    0.0
    135    0.0
    136    0.0
    137    0.0
    138    0.0
    139    0.0
    140    0.0
    141    0.0
    142    1.0
    143    2.3
    144    0.0
    145    0.0
    146    1.5
    147    7.0
    148    0.0
    149    0.3
    150    4.0
    151    0.5
    152    0.0
    153   21.0
    154    2.0
    155    0.0
    156    3.4
    157    8.0
    158    2.3
    159    0.0
    160   20.1
    161    2.3
    162   12.0
    163    0.0
    164   11.2
    165    0.0
    166    T  
    167   18.7
    168    1.0
    169    2.0
    170    0.0
    171    1.2
    172    0.5
    173    3.3
    174   15.5
    175   28.0
    176   11.6
    177    0.3
    178    0.0
    179    8.0
    180   23.0
    181    T  
    182   21.0
    183   34.8
    184    T  
    185   30.7
    186   23.8
    187   26.5
    188   13.6
    189   64.0
    190   28.5
    191   29.9
    192   93.7
    193    6.5
    194   44.0
    195    2.0
    196   48.5
    197    7.5
    198   58.0
    199   35.6
    200    8.0
    201   11.2
    202   37.0
    203   25.3
    204   30.1
    205   47.0
    206   39.1
    207   28.1
    208   17.0
    209   82.5
    210   31.6
    211   33.0
    212   37.0
    213   19.1
    214    2.0
    215   22.5
    216   31.6
    217   10.2
    218   29.0
    219    6.3
    220   16.7
    221   19.5
    222   32.0
    223   33.1
    224   65.5
    225   46.0
    226   82.5
    227   16.6
    228    0.2
    229   12.5
    230   32.6
    231    7.5
    232    3.0
    233   44.5
    234    9.2
    235   24.0
    236   36.0
    237    0.0
    238   44.5
    239    7.5
    240   27.6
    241   21.0
    242   18.5
    243    4.0
    244    3.0
    245   11.0
    246   46.7
    247   12.1
    248    0.6
    249   11.0
    250    3.0
    251   33.1
    252   30.3
    253    2.0
    254   24.0
    255    7.1
    256    9.0
    257    5.5
    258   32.0
    259    0.2
    260    0.3
    261    0.0
    262    0.3
    263    0.0
    264   21.5
    265    0.2
    266    4.1
    267    3.0
    268    T  
    269    0.0
    270    2.0
    271    0.0
    272   10.0
    273    0.0
    274    0.0
    275    0.0
    276    0.0
    277    0.0
    278    0.4
    279    0.0
    280    T  
    281    0.0
    282    2.5
    283    0.0
    284    0.0
    285    0.0
    286    0.0
    287    0.0
    288    0.0
    289    0.0
    290    0.0
    291    0.0
    292   52.1
    293   29.0
    294    0.0
    295    0.0
    296    0.0
    297    0.0
    298    T  
    299    0.0
    300    0.0
    301    0.0
    302    2.0
    303    0.0
    304    0.0
    305    0.0
    306    0.0
    307    0.0
    308    0.0
    309    0.0
    310    0.0
    311    0.0
    312    0.0
    313    0.0
    314    0.0
    315    0.0
    316    0.0
    317    0.0
    318    0.0
    319    0.0
    320    0.0
    321    0.0
    322    0.0
    323    0.0
    324    0.0
    325    0.0
    326    0.0
    327    0.0
    328    0.0
    329    0.0
    330    0.0
    331    0.0
    332    0.0
    333    0.0
    334    0.0
    335    0.0
    336    0.0
    337    0.0
    338    0.0
    339    0.0
    340    0.0
    341    0.0
    342    0.0
    343    0.0
    344    0.0
    345    0.0
    346   14.5
    347   17.0
    348    5.4
    349    0.0
    350    0.0
    351    0.0
    352    0.0
    353    0.0
    354    0.0
    355    0.0
    356    0.0
    357    0.0
    358    0.0
    359    0.0
    360    0.0
    361    0.0
    362    0.0
    363    0.0
    364    0.0
    365    0.0
