      1    0.0
      2    0.0
      3    0.0
      4    0.0
      5    0.0
      6    0.0
      7    0.0
      8    0.0
      9    0.0
     10    0.0
     11    0.0
     12    0.0
     13    0.0
     14    0.0
     15    0.0
     16    0.0
     17    0.0
     18    0.0
     19    0.0
     20    0.0
     21    0.0
     22    0.0
     23    0.0
     24    0.0
     25    0.0
     26    0.0
     27    0.0
     28    0.0
     29    0.0
     30    0.0
     31    0.0
     32    0.0
     33    0.0
     34    0.0
     35    0.0
     36    0.0
     37    0.0
     38    0.0
     39    0.0
     40    0.0
     41    0.0
     42    0.0
     43    0.0
     44    0.0
     45    0.0
     46    0.0
     47    0.0
     48    0.0
     49    0.0
     50    0.0
     51    0.0
     52    0.0
     53    0.0
     54    0.0
     55    0.0
     56    0.0
     57    0.0
     58    0.0
     59    0.0
     60    0.0
     61    0.0
     62    0.0
     63    0.0
     64    0.0
     65    0.0
     66    0.0
     67    0.0
     68    0.0
     69    0.0
     70    0.0
     71    0.0
     72    0.0
     73    0.0
     74    0.0
     75    0.0
     76    0.0
     77    6.0
     78    2.0
     79    8.1
     80    6.0
     81    1.0
     82   23.1
     83    1.0
     84   25.1
     85   12.0
     86   14.0
     87    0.0
     88    3.0
     89    0.0
     90    0.0
     91    4.0
     92    2.0
     93    0.0
     94    0.0
     95   13.0
     96    0.0
     97    0.0
     98    0.0
     99   10.1
    100   14.1
    101    0.0
    102    0.0
    103    0.0
    104    0.0
    105    4.0
    106    0.0
    107    3.0
    108    0.0
    109    0.0
    110    0.0
    111   15.0
    112    0.0
    113    0.0
    114    0.0
    115    0.0
    116    0.0
    117    0.0
    118    0.0
    119    0.0
    120    0.0
    121   40.0
    122    0.0
    123   14.0
    124    0.0
    125    7.0
    126    1.0
    127    0.0
    128    0.0
    129    0.0
    130    4.0
    131    0.0
    132    1.0
    133    3.0
    134    0.0
    135    2.0
    136    0.0
    137    0.0
    138    0.0
    139    0.0
    140    0.0
    141    0.0
    142   13.1
    143   36.1
    144    0.0
    145    6.5
    146   12.2
    147   23.5
    148    0.0
    149   23.0
    150    0.0
    151    4.1
    152    7.0
    153    0.0
    154    4.1
    155    0.0
    156    4.0
    157   13.0
    158    1.0
    159    0.0
    160    0.0
    161    0.0
    162   18.0
    163    2.0
    164    0.0
    165    4.2
    166    0.0
    167    0.0
    168    0.0
    169    0.0
    170    0.0
    171    0.0
    172    0.0
    173    0.0
    174    1.0
    175    5.2
    176   13.5
    177   15.3
    178   40.4
    179  239.6
    180    0.0
    181    0.0
    182   20.0
    183    0.0
    184    0.0
    185   20.0
    186   38.1
    187    0.1
    188    0.3
    189   33.1
    190   40.0
    191   60.1
    192   10.0
    193   19.0
    194   40.1
    195   21.0
    196   42.0
    197    0.0
    198   14.0
    199    0.0
    200   32.1
    201   25.0
    202   90.0
    203   30.0
    204   38.1
    205   20.0
    206   13.0
    207    5.1
    208   39.1
    209   42.2
    210   14.0
    211    5.0
    212    0.0
    213   27.3
    214    4.0
    215    3.1
    216    2.0
    217   30.1
    218   34.0
    219   15.0
    220   20.0
    221   39.2
    222   25.3
    223    0.0
    224   17.0
    225   25.1
    226   70.0
    227   39.1
    228   22.2
    229    5.3
    230    8.0
    231    7.1
    232    6.2
    233   10.0
    234    9.0
    235    3.0
    236   24.0
    237   29.1
    238   18.0
    239   13.3
    240   21.0
    241    3.0
    242   30.0
    243   40.0
    244    0.0
    245    2.0
    246    4.0
    247   16.0
    248    7.0
    249   34.1
    250   31.2
    251   37.1
    252   30.0
    253   51.3
    254    5.2
    255    0.0
    256    0.0
    257    0.0
    258    0.0
    259    0.0
    260    0.0
    261    0.0
    262    2.0
    263    0.0
    264    0.0
    265   29.1
    266   14.0
    267    0.0
    268    4.0
    269    6.1
    270    0.0
    271    3.0
    272    0.0
    273    6.0
    274    0.0
    275    0.0
    276    0.0
    277    3.0
    278    0.0
    279   39.2
    280   45.3
    281   20.1
    282    0.0
    283    0.0
    284   25.1
    285    0.0
    286    0.0
    287    0.0
    288    0.0
    289    0.0
    290    0.0
    291    0.0
    292    0.0
    293    2.0
    294    0.0
    295    0.0
    296    0.0
    297    0.0
    298    0.0
    299    0.0
    300    0.0
    301    0.0
    302    0.0
    303    0.0
    304    0.0
    305    0.0
    306    0.0
    307    0.0
    308    0.0
    309    0.0
    310    0.0
    311    0.0
    312    0.0
    313    0.0
    314    0.0
    315    0.0
    316    0.0
    317    4.0
    318    0.0
    319    0.0
    320    0.0
    321    0.0
    322    0.0
    323    0.0
    324    0.0
    325    0.0
    326    0.0
    327    0.0
    328    0.0
    329    0.0
    330    0.0
    331    0.0
    332    0.0
    333    0.0
    334    0.0
    335    0.0
    336    0.0
    337    0.0
    338    0.0
    339    0.0
    340    0.0
    341    0.0
    342    0.0
    343    0.0
    344    0.0
    345    0.0
    346    0.0
    347    0.0
    348    0.0
    349    0.0
    350    0.0
    351    0.0
    352    0.0
    353    0.0
    354    0.0
    355    0.0
    356    0.0
    357    0.0
    358    0.0
    359    0.0
    360    0.0
    361    0.0
    362    0.0
    363    0.0
    364    0.0
    365    0.0
