  1983   1   1     0  10.6  -4.0   0.0     0     0
  1983   1   2     0  14.5  -4.4   0.0     0     0
  1983   1   3     0  12.3  -7.8   0.0     0     0
  1983   1   4     0  12.1  -7.2   0.0     0     0
  1983   1   5     0  10.6  -5.8   0.0     0     0
  1983   1   6     0  13.0  -4.9   0.0     0     0
  1983   1   7     0  13.0  -2.2   0.0     0     0
  1983   1   8     0  13.2  -4.0   0.0     0     0
  1983   1   9     0  12.9  -7.5   0.0     0     0
  1983   1  10     0  10.6  -8.3   0.0     0     0
  1983   1  11     0  14.2  -6.9   0.0     0     0
  1983   1  12     0  14.0  -6.9   0.0     0     0
  1983   1  13     0  11.2  -4.5   0.0     0     0
  1983   1  14     0  10.9  -6.9   0.0     0     0
  1983   1  15     0  12.0  -7.6   0.0     0     0
  1983   1  16     0  14.2  -7.9   0.0     0     0
  1983   1  17     0  15.7  -3.9   0.0     0     0
  1983   1  18     0  15.6  -4.2   0.0     0     0
  1983   1  19     0  15.0  -5.9   0.0     0     0
  1983   1  20     0  15.6  -5.6   0.0     0     0
  1983   1  21     0  19.3  -5.2   0.0     0     0
  1983   1  22     0  20.0  -5.5   0.0     0     0
  1983   1  23     0  19.8  -3.5   0.0     0     0
  1983   1  24     0  17.2  -4.5   0.0     0     0
  1983   1  25     0  16.8  -5.2   0.0     0     0
  1983   1  26     0  16.6  -4.0   0.0     0     0
  1983   1  27     0  13.7   0.2   0.0     0     0
  1983   1  28     0  13.7   0.3   3.8     0     0
  1983   1  29     0   9.1  -1.4  29.0     0     0
  1983   1  30     0  14.0  -2.0   2.1     0     0
  1983   1  31     0   8.3  -5.6   0.0     0     0
  1983   2   1     0   8.4  -6.8   0.0     0     0
  1983   2   2     0   8.3  -6.6   0.0     0     0
  1983   2   3     0   9.3  -6.8   0.0     0     0
  1983   2   4     0   9.9  -6.8   0.0     0     0
  1983   2   5     0   9.9  -6.9   0.0     0     0
  1983   2   6     0  10.0  -6.2   0.0     0     0
  1983   2   7     0  10.0  -5.9   0.0     0     0
  1983   2   8     0  10.8  -5.2   0.0     0     0
  1983   2   9     0  10.7  -6.8   0.0     0     0
  1983   2  10     0  13.8  -5.9   0.0     0     0
  1983   2  11     0  14.6  -6.2   0.0     0     0
  1983   2  12     0  14.6  -5.0   0.0     0     0
  1983   2  13     0  14.5   1.0   0.0     0     0
  1983   2  14     0  10.6   0.6  12.6     0     0
  1983   2  15     0  13.2  -0.2   1.6     0     0
  1983   2  16     0  15.8  -2.5   0.0     0     0
  1983   2  17     0  15.7  -3.6   0.0     0     0
  1983   2  18     0  15.0  -0.5   0.0     0     0
  1983   2  19     0  15.9  -2.6   0.0     0     0
  1983   2  20     0  15.8  -3.5   0.0     0     0
  1983   2  21     0  14.4  -4.4   0.0     0     0
  1983   2  22     0  11.7  -5.4   0.0     0     0
  1983   2  23     0  15.8  -5.0   0.0     0     0
  1983   2  24     0  15.7  -2.1   0.0     0     0
  1983   2  25     0  13.0  -4.6   0.0     0     0
  1983   2  26     0  14.3  -4.0   0.0     0     0
  1983   2  27     0  13.7  -5.9   0.0     0     0
  1983   2  28     0  18.3  -2.9   0.0     0     0
  1983   3   1     0  18.1  -1.2   0.0     0     0
  1983   3   2     0  10.0   2.8   6.4     0     0
  1983   3   3     0  15.4   1.2   0.4     0     0
  1983   3   4     0  16.2  -2.4   0.0     0     0
  1983   3   5     0  16.2  -3.5   0.0     0     0
  1983   3   6     0  16.5  -4.5   0.0     0     0
  1983   3   7     0  19.8  -1.9   0.0     0     0
  1983   3   8     0  20.5   0.0   0.0     0     0
  1983   3   9     0  20.4   4.0   0.0     0     0
  1983   3  10     0  20.5   0.4   0.0     0     0
  1983   3  11     0  20.4  -0.2   0.0     0     0
  1983   3  12     0  19.5   0.2     T     0     0
  1983   3  13     0  20.5  -2.2   0.0     0     0
  1983   3  14     0  20.4  -0.6   0.0     0     0
  1983   3  15     0  18.4   1.7   0.0     0     0
  1983   3  16     0  16.4  -1.6   0.4     0     0
  1983   3  17     0  20.0   1.0   0.0     0     0
  1983   3  18     0  19.2   0.6   0.0     0     0
  1983   3  19     0  18.4   3.5   0.0     0     0
  1983   3  20     0  15.6   2.2   5.2     0     0
  1983   3  21     0  12.5  -1.8   1.0     0     0
  1983   3  22     0  12.5   0.2   3.4     0     0
  1983   3  23     0  16.2  -2.5   0.0     0     0
  1983   3  24     0  19.3  -2.0   0.0     0     0
  1983   3  25     0  19.1   1.2   0.0     0     0
  1983   3  26     0  17.9  -3.2   0.0     0     0
  1983   3  27     0  17.8   2.0   0.0     0     0
  1983   3  28     0  17.7   0.0   0.0     0     0
  1983   3  29     0  18.5  -2.8   0.0     0     0
  1983   3  30     0  19.8  -2.0   0.0     0     0
  1983   3  31     0  21.3   1.5   0.0     0     0
  1983   4   1     0  22.2   0.4   0.0     0     0
  1983   4   2     0  21.9   2.9   0.0     0     0
  1983   4   3     0  21.2   1.4   0.0     0     0
  1983   4   4     0  21.3   1.0   0.0     0     0
  1983   4   5     0  21.3   1.5   0.0     0     0
  1983   4   6     0  21.2   1.5   0.0     0     0
  1983   4   7     0  21.8   3.4   0.0     0     0
  1983   4   8     0  21.7   2.4   0.0     0     0
  1983   4   9     0  19.8   1.6   0.0     0     0
  1983   4  10     0  19.5   3.0   0.0     0     0
  1983   4  11     0  14.9   1.8   9.4     0     0
  1983   4  12     0  15.6   0.0   1.0     0     0
  1983   4  13     0  17.4   2.4   8.9     0     0
  1983   4  14     0  16.5   3.3   0.0     0     0
  1983   4  15     0  15.8   3.4   4.2     0     0
  1983   4  16     0  18.2   2.8   0.0     0     0
  1983   4  17     0  18.2   5.0   0.5     0     0
  1983   4  18     0  18.2   3.2  15.6     0     0
  1983   4  19     0  16.4  -1.5  32.4     0     0
  1983   4  20     0  17.6   0.5   3.2     0     0
  1983   4  21     0  20.0   1.4   0.0     0     0
  1983   4  22     0  20.0   2.4   0.0     0     0
  1983   4  23     0  19.4   3.5   3.4     0     0
  1983   4  24     0  20.6   2.2     T     0     0
  1983   4  25     0  20.5   8.0     T     0     0
  1983   4  26     0  21.8   4.0   0.0     0     0
  1983   4  27     0  21.9   8.5   9.4     0     0
  1983   4  28     0  21.7   3.0   1.0     0     0
  1983   4  29     0  23.2   6.2   0.0     0     0
  1983   4  30     0  23.2   6.0   0.5     0     0
  1983   5   1     0  20.5   5.8  14.6     0     0
  1983   5   2     0  20.8   6.6   7.8     0     0
  1983   5   3     0  21.5   4.2   5.1     0     0
  1983   5   4     0  24.5   6.4   0.0     0     0
  1983   5   5     0  24.4   7.8   0.0     0     0
  1983   5   6     0  22.9   5.3   0.0     0     0
  1983   5   7     0  22.8  10.2   0.0     0     0
  1983   5   8     0  25.1   7.0   0.0     0     0
  1983   5   9     0  24.9   9.0   0.0     0     0
  1983   5  10     0  22.3   6.6   4.2     0     0
  1983   5  11     0  21.6   9.6   9.8     0     0
  1983   5  12     0  18.6   7.8   2.1     0     0
  1983   5  13     0  21.3   4.5   0.0     0     0
  1983   5  14     0  22.1  11.5   0.0     0     0
  1983   5  15     0  22.6   8.5   2.0     0     0
  1983   5  16     0  22.7   5.7   0.0     0     0
  1983   5  17     0  22.5   9.5   0.0     0     0
  1983   5  18     0  22.8  10.5   0.0     0     0
  1983   5  19     0  22.8   7.5   2.0     0     0
  1983   5  20     0  22.8  10.5   2.1     0     0
  1983   5  21     0  22.0   9.0   0.0     0     0
  1983   5  22     0  20.8   8.2   6.7     0     0
  1983   5  23     0  19.0   7.0  16.4     0     0
  1983   5  24     0  20.3   8.9   4.6     0     0
  1983   5  25     0  21.5   4.5   1.5     0     0
  1983   5  26     0  22.5   5.5   0.0     0     0
  1983   5  27     0  23.7   7.3   0.0     0     0
  1983   5  28     0  23.7  10.2   0.0     0     0
  1983   5  29     0  23.2   7.0   7.5     0     0
  1983   5  30     0  24.2   7.9   0.0     0     0
  1983   5  31     0  25.2   7.0   0.0     0     0
  1983   6   1     0  22.8   7.8   0.0     0     0
  1983   6   2     0  27.1  11.9   0.0     0     0
  1983   6   3     0  27.0   8.0   5.2     0     0
  1983   6   4     0  27.3   9.0   0.0     0     0
  1983   6   5     0  27.5   9.4   0.0     0     0
  1983   6   6     0  27.4   9.0   0.0     0     0
  1983   6   7     0  26.6   6.9   0.0     0     0
  1983   6   8     0  26.9   8.2   0.0     0     0
  1983   6   9     0  26.9   9.4   0.1     0     0
  1983   6  10     0  22.2   8.0   8.0     0     0
  1983   6  11     0  22.2  11.1   0.3     0     0
  1983   6  12     0  21.5  10.6   5.1     0     0
  1983   6  13     0  24.2   8.4   0.0     0     0
  1983   6  14     0  24.2  12.0   0.3     0     0
  1983   6  15     0  23.9  11.8  16.6     0     0
  1983   6  16     0  23.8   9.8   3.5     0     0
  1983   6  17     0  24.9   8.4   0.0     0     0
  1983   6  18     0  25.5   9.6   0.0     0     0
  1983   6  19     0  25.6   9.8   0.0     0     0
  1983   6  20     0  25.7   8.9   0.0     0     0
  1983   6  21     0  27.6   9.4   0.0     0     0
  1983   6  22     0  27.6   8.9   0.0     0     0
  1983   6  23     0  27.6  12.6   0.0     0     0
  1983   6  24     0  27.2  10.5   0.0     0     0
  1983   6  25     0  26.6  12.9   0.0     0     0
  1983   6  26     0  26.6  12.6   7.3     0     0
  1983   6  27     0  20.8  12.6  13.5     0     0
  1983   6  28     0  22.5  15.0  10.5     0     0
  1983   6  29     0  24.3  15.0   2.9     0     0
  1983   6  30     0  25.5  16.8   0.0     0     0
  1983   7   1     0  26.8  16.0   1.2     0     0
  1983   7   2     0  26.7  16.2   1.7     0     0
  1983   7   3     0  20.4  15.0   7.4     0     0
  1983   7   4     0  23.2  14.5  13.6     0     0
  1983   7   5     0  23.3  12.5   0.0     0     0
  1983   7   6     0  22.8  13.2   1.5     0     0
  1983   7   7     0  24.5  14.5   2.8     0     0
  1983   7   8     0  25.5  13.0   0.0     0     0
  1983   7   9     0  26.4  12.8   0.0     0     0
  1983   7  10     0  26.3  13.0   3.8     0     0
  1983   7  11     0  24.3  12.8   7.3     0     0
  1983   7  12     0  25.2  11.9   5.4     0     0
  1983   7  13     0  26.5  16.0   0.0     0     0
  1983   7  14     0  26.6  15.0   1.4     0     0
  1983   7  15     0  27.6  15.9   0.0     0     0
  1983   7  16     0  27.6  16.5   0.0     0     0
  1983   7  17     0  26.4  15.6  13.8     0     0
  1983   7  18     0  25.5  16.2   0.0     0     0
  1983   7  19     0  25.9  16.2   1.8     0     0
  1983   7  20     0  25.7  15.4  18.5     0     0
  1983   7  21     0  22.7  15.8   2.6     0     0
  1983   7  22     0  26.6  17.2   0.0     0     0
  1983   7  23     0  26.8  17.2   1.8     0     0
  1983   7  24     0  25.5  16.0   1.7     0     0
  1983   7  25     0  25.4  16.2   3.5     0     0
  1983   7  26     0  21.4  16.0   5.1     0     0
  1983   7  27     0  21.5  15.5   3.7     0     0
  1983   7  28     0  21.5  15.5   3.4     0     0
  1983   7  29     0  25.6  16.0   2.4     0     0
  1983   7  30     0  26.3  17.4   0.0     0     0
  1983   7  31     0  26.7  17.9   0.0     0     0
  1983   8   1     0  27.6  17.8   0.0     0     0
  1983   8   2     0  25.5  16.1   0.0     0     0
  1983   8   3     0  26.3  16.2   0.0     0     0
  1983   8   4     0  26.5  16.2   0.0     0     0
  1983   8   5     0  26.5  16.4   0.0     0     0
  1983   8   6     0  26.9  16.2   7.0     0     0
  1983   8   7     0  24.9  15.0   4.7     0     0
  1983   8   8     0  26.5  14.6   1.0     0     0
  1983   8   9     0  26.6  15.6  15.8     0     0
  1983   8  10     0  26.4  15.0   3.8     0     0
  1983   8  11     0  25.6  15.5  12.1     0     0
  1983   8  12     0  25.4  15.6   5.5     0     0
  1983   8  13     0  24.7  14.1  20.3     0     0
  1983   8  14     0  24.7  14.6   2.0     0     0
  1983   8  15     0  24.5  15.6   2.2     0     0
  1983   8  16     0  24.0  15.2  13.8     0     0
  1983   8  17     0  25.0  15.6   9.0     0     0
  1983   8  18     0  24.9  15.2  22.3     0     0
  1983   8  19     0  24.3  15.4  15.3     0     0
  1983   8  20     0  24.1  16.2     T     0     0
  1983   8  21     0  24.5  16.5   0.5     0     0
  1983   8  22     0  24.9  16.0   0.7     0     0
  1983   8  23     0  24.6  16.0  12.0     0     0
  1983   8  24     0  25.2  15.0   2.8     0     0
  1983   8  25     0  25.1  16.2   7.2     0     0
  1983   8  26     0  23.3  14.0  11.2     0     0
  1983   8  27     0  23.3  15.2  11.8     0     0
  1983   8  28     0  24.7  15.1   2.1     0     0
  1983   8  29     0  24.0  16.4     T     0     0
  1983   8  30     0  24.8  15.6   7.4     0     0
  1983   8  31     0  25.9  17.2   0.8     0     0
  1983   9   1     0  25.9  17.4   1.0     0     0
  1983   9   2     0  25.1  14.2  12.8     0     0
  1983   9   3     0  25.2  13.8   2.8     0     0
  1983   9   4     0  25.1  15.2   4.5     0     0
  1983   9   5     0  24.6  15.2   9.0     0     0
  1983   9   6     0  24.9  15.0   0.0     0     0
  1983   9   7     0  25.1  14.0   0.0     0     0
  1983   9   8     0  25.4  14.0     T     0     0
  1983   9   9     0  25.3  14.7   1.3     0     0
  1983   9  10     0  23.2  14.4   5.7     0     0
  1983   9  11     0  21.6  13.8  19.6     0     0
  1983   9  12     0  24.2  12.5  25.8     0     0
  1983   9  13     0  24.2  14.0   0.0     0     0
  1983   9  14     0  23.9  14.0   0.0     0     0
  1983   9  15     0  24.0  13.0   0.0     0     0
  1983   9  16     0  24.0  13.2   2.2     0     0
  1983   9  17     0  24.2  13.2   2.0     0     0
  1983   9  18     0  24.2  14.6   2.5     0     0
  1983   9  19     0  21.3  13.0   5.0     0     0
  1983   9  20     0  21.8  13.0  33.5     0     0
  1983   9  21     0  23.6  12.5   1.7     0     0
  1983   9  22     0  23.5  12.0     T     0     0
  1983   9  23     0  23.7  13.0   5.0     0     0
  1983   9  24     0  22.4  13.0  12.3     0     0
  1983   9  25     0  22.4  12.0  14.2     0     0
  1983   9  26     0  23.2   8.8     T     0     0
  1983   9  27     0  23.4  11.6   0.0     0     0
  1983   9  28     0  24.9   9.2     T     0     0
  1983   9  29     0  25.8  11.8   0.0     0     0
  1983   9  30     0  23.8  12.2   0.0     0     0
  1983  10   1     0  24.4  10.0   0.0     0     0
  1983  10   2     0  23.7  10.6  10.2     0     0
  1983  10   3     0  21.2  10.5   0.6     0     0
  1983  10   4     0  21.5   7.6   5.8     0     0
  1983  10   5     0  26.4   6.0   0.2     0     0
  1983  10   6     0  26.4   5.5   0.0     0     0
  1983  10   7     0  26.3   5.6   0.0     0     0
  1983  10   8     0  24.4  11.0   0.0     0     0
  1983  10   9     0  23.9  11.0   0.0     0     0
  1983  10  10     0  22.6  10.5   0.0     0     0
  1983  10  11     0  16.0   9.0  27.5     0     0
  1983  10  12     0  17.8   8.2  36.5     0     0
  1983  10  13     0  20.9   7.6  20.4     0     0
  1983  10  14     0  20.9   8.0   0.0     0     0
  1983  10  15     0  19.3   4.4   2.8     0     0
  1983  10  16     0  18.9   2.9   0.0     0     0
  1983  10  17     0  19.0   2.9   0.0     0     0
  1983  10  18     0  18.9   6.0   0.0     0     0
  1983  10  19     0  19.7   5.2   0.0     0     0
  1983  10  20     0  19.6   5.5   0.0     0     0
  1983  10  21     0  19.9   2.5   0.0     0     0
  1983  10  22     0  19.8   1.6   0.0     0     0
  1983  10  23     0  19.4   3.5   0.0     0     0
  1983  10  24     0  18.6   5.2   8.3     0     0
  1983  10  25     0  17.6   1.2   0.0     0     0
  1983  10  26     0  18.2   1.6   0.0     0     0
  1983  10  27     0  18.1   3.2   0.0     0     0
  1983  10  28     0  18.2   3.4   0.0     0     0
  1983  10  29     0  19.2   1.3   0.0     0     0
  1983  10  30     0  19.1   0.9   0.0     0     0
  1983  10  31     0  19.2   0.9   0.0     0     0
  1983  11   1     0  19.2  -0.4   0.0     0     0
  1983  11   2     0  19.6   0.2   0.0     0     0
  1983  11   3     0  19.4  -1.0   0.0     0     0
  1983  11   4     0  18.4  -2.0   0.0     0     0
  1983  11   5     0  17.3  -1.2   0.0     0     0
  1983  11   6     0  17.2   0.0   0.0     0     0
  1983  11   7     0  18.8  -2.2   0.0     0     0
  1983  11   8     0  18.6  -2.4   0.0     0     0
  1983  11   9     0  19.3  -2.2   0.0     0     0
  1983  11  10     0  20.1  -2.1   0.0     0     0
  1983  11  11     0  20.0  -3.0   0.0     0     0
  1983  11  12     0  18.6  -3.4   0.0     0     0
  1983  11  13     0  18.7  -2.1   0.0     0     0
  1983  11  14     0  19.1  -2.2   0.0     0     0
  1983  11  15     0  19.1  -2.4   0.0     0     0
  1983  11  16     0  16.8  -2.0   0.0     0     0
  1983  11  17     0  16.4  -0.6   0.0     0     0
  1983  11  18     0  16.3  -2.8   0.0     0     0
  1983  11  19     0  15.9  -2.0   0.0     0     0
  1983  11  20     0  14.8  -2.2   0.0     0     0
  1983  11  21     0  14.5  -2.4   0.0     0     0
  1983  11  22     0  14.3  -0.9   0.0     0     0
  1983  11  23     0  17.4  -2.4   0.0     0     0
  1983  11  24     0  17.3  -2.2   0.0     0     0
  1983  11  25     0  16.1  -3.5   0.0     0     0
  1983  11  26     0  16.0  -3.8   0.0     0     0
  1983  11  27     0  15.9  -4.0   0.0     0     0
  1983  11  28     0  15.6  -4.4   0.0     0     0
  1983  11  29     0  14.7  -4.4   0.0     0     0
  1983  11  30     0  13.1  -4.3   0.0     0     0
  1983  12   1     0  13.8  -3.5   0.0     0     0
  1983  12   2     0  13.7  -4.5   0.0     0     0
  1983  12   3     0  13.4  -4.5   0.0     0     0
  1983  12   4     0  13.4  -4.8   0.0     0     0
  1983  12   5     0  15.5  -5.5   0.0     0     0
  1983  12   6     0  15.5  -6.8   0.0     0     0
  1983  12   7     0  16.8  -5.6   0.0     0     0
  1983  12   8     0  17.3  -5.1   0.0     0     0
  1983  12   9     0  17.1  -4.8   0.0     0     0
  1983  12  10     0  16.7  -5.8   0.0     0     0
  1983  12  11     0  16.5  -5.8   0.0     0     0
  1983  12  12     0  15.7  -6.2   0.1     0     0
  1983  12  13     0  15.4  -6.2   0.0     0     0
  1983  12  14     0  16.1  -3.8   0.0     0     0
  1983  12  15     0  16.1  -5.9   0.0     0     0
  1983  12  16     0  15.8  -5.6   0.0     0     0
  1983  12  17     0  15.5  -3.8   0.0     0     0
  1983  12  18     0  14.5  -5.2   0.0     0     0
  1983  12  19     0  14.3  -4.0   0.0     0     0
  1983  12  20     0  13.3  -6.2   0.0     0     0
  1983  12  21     0  13.8  -6.5   0.0     0     0
  1983  12  22     0  13.6  -7.6   0.0     0     0
  1983  12  23     0  13.2  -6.8   0.0     0     0
  1983  12  24     0  16.6  -8.0   0.0     0     0
  1983  12  25     0  16.5  -8.2   0.0     0     0
  1983  12  26     0  10.3  -6.6   9.2     0     0
  1983  12  27     0   7.8  -5.4   2.0     0     0
  1983  12  28     0  10.8  -6.2   0.0     0     0
  1983  12  29     0  12.1  -6.2   0.0     0     0
  1983  12  30     0  12.1  -7.4   0.0     0     0
  1983  12  31     0  11.9  -7.6   0.0     0     0
