  1963   1   1     0  11.8   2.4   0.0     0     0
  1963   1   2     0  12.2   2.4   0.0     0     0
  1963   1   3     0  13.0   3.2   0.0     0     0
  1963   1   4     0  12.2   4.7   0.0     0     0
  1963   1   5     0  13.8   4.0   0.0     0     0
  1963   1   6     0  15.5   3.2   0.0     0     0
  1963   1   7     0  14.2   3.5   0.0     0     0
  1963   1   8     0  14.5   3.0   0.0     0     0
  1963   1   9     0  14.2   DNA   0.0     0     0
  1963   1  10     0  14.8   2.3   0.0     0     0
  1963   1  11     0  13.3   3.3   0.0     0     0
  1963   1  12     0  14.7   4.1   0.0     0     0
  1963   1  13     0  13.7   2.5   0.0     0     0
  1963   1  14     0  13.1   3.1   0.0     0     0
  1963   1  15     0  15.5   4.4   0.0     0     0
  1963   1  16     0  10.3   2.7  17.2     0     0
  1963   1  17     0  12.4   3.5   0.0     0     0
  1963   1  18     0  12.5   2.3   0.0     0     0
  1963   1  19     0  11.7   2.6   0.0     0     0
  1963   1  20     0  13.9   3.2   0.0     0     0
  1963   1  21     0  14.7   3.5   0.0     0     0
  1963   1  22     0  16.8   4.5   0.0     0     0
  1963   1  23     0  16.8   4.4   0.0     0     0
  1963   1  24     0  13.7   4.3   0.0     0     0
  1963   1  25     0  15.4   4.2   0.0     0     0
  1963   1  26     0  15.7   5.4   0.0     0     0
  1963   1  27     0  15.5   6.2   0.0     0     0
  1963   1  28     0  14.5   5.3   0.4     0     0
  1963   1  29     0  14.6   4.1   0.0     0     0
  1963   1  30     0  14.7   3.6   0.0     0     0
  1963   1  31     0  14.2   3.4   0.0     0     0
  1963   2   1     0  14.8   4.2   0.0     0     0
  1963   2   2     0  15.9   DNA   0.0     0     0
  1963   2   3     0  15.9   5.2   0.0     0     0
  1963   2   4     0  16.3   5.0   0.0     0     0
  1963   2   5     0  17.0   5.5   0.0     0     0
  1963   2   6     0  16.7   DNA   0.0     0     0
  1963   2   7     0  15.5   8.0   0.0     0     0
  1963   2   8     0  15.6   7.7   0.0     0     0
  1963   2   9     0  16.5   6.7   0.0     0     0
  1963   2  10     0  17.3   6.0   0.0     0     0
  1963   2  11     0  16.3   5.2   0.0     0     0
  1963   2  12     0  15.7   7.1   0.0     0     0
  1963   2  13     0  14.2   5.3   0.0     0     0
  1963   2  14     0  16.8   7.4   0.0     0     0
  1963   2  15     0  13.6   6.5   0.0     0     0
  1963   2  16     0  15.8   6.4   0.0     0     0
  1963   2  17     0  17.4   8.2   2.2     0     0
  1963   2  18     0  18.1   7.4   0.0     0     0
  1963   2  19     0  18.6   6.7   0.0     0     0
  1963   2  20     0  19.1   6.8   0.0     0     0
  1963   2  21     0  18.1   6.2   0.0     0     0
  1963   2  22     0  17.7   6.8   0.0     0     0
  1963   2  23     0  19.2   6.5   0.0     0     0
  1963   2  24     0  18.5   7.5   0.0     0     0
  1963   2  25     0  18.3   5.4   6.1     0     0
  1963   2  26     0  18.5   6.5   0.0     0     0
  1963   2  27     0  16.6   6.6   0.0     0     0
  1963   2  28     0  18.6   7.3   0.0     0     0
  1963   3   1     0  19.3   7.7   0.0     0     0
  1963   3   2     0  18.3   5.4   0.0     0     0
  1963   3   3     0  17.2   8.6   0.0     0     0
  1963   3   4     0  19.2   9.5   0.0     0     0
  1963   3   5     0  19.1   7.6   0.8     0     0
  1963   3   6     0  15.0   6.1   6.6     0     0
  1963   3   7     0  16.9   6.3   5.2     0     0
  1963   3   8     0  17.3   8.3   0.6     0     0
  1963   3   9     0  18.1  10.6  23.8     0     0
  1963   3  10     0  15.4   8.3  13.4     0     0
  1963   3  11     0  11.2   6.6  24.0     0     0
  1963   3  12     0  11.5   6.6   0.0     0     0
  1963   3  13     0  16.3   6.9   0.0     0     0
  1963   3  14     0  16.5   7.2   0.0     0     0
  1963   3  15     0  17.5   8.4   0.0     0     0
  1963   3  16     0  18.5   9.0   0.0     0     0
  1963   3  17     0  19.2   9.3   0.0     0     0
  1963   3  18     0  19.7   7.8   0.0     0     0
  1963   3  19     0  19.9   7.3   0.0     0     0
  1963   3  20     0  18.9   6.6   0.0     0     0
  1963   3  21     0  19.2   7.0   0.0     0     0
  1963   3  22     0  19.3   9.8   0.0     0     0
  1963   3  23     0  20.3  11.3   0.0     0     0
  1963   3  24     0  21.6  11.4   0.6     0     0
  1963   3  25     0  21.8  11.6   6.2     0     0
  1963   3  26     0  16.2   6.6   0.0     0     0
  1963   3  27     0  20.1   7.9   0.0     0     0
  1963   3  28     0  20.4   8.0   0.0     0     0
  1963   3  29     0  19.2   8.6   0.0     0     0
  1963   3  30     0  21.4  10.3   0.0     0     0
  1963   3  31     0  23.4  12.0   0.0     0     0
  1963   4   1     0  23.5  12.2   0.0     0     0
  1963   4   2     0  23.3  11.2   0.0     0     0
  1963   4   3     0  22.9  11.4   0.0     0     0
  1963   4   4     0  22.9  11.0   0.0     0     0
  1963   4   5     0  22.2  10.0   0.2     0     0
  1963   4   6     0  23.3  11.4     T     0     0
  1963   4   7     0  23.3  13.0   0.0     0     0
  1963   4   8     0  23.3  12.3   0.0     0     0
  1963   4   9     0  24.1  12.0   0.1     0     0
  1963   4  10     0  21.0   8.0  27.4     0     0
  1963   4  11     0  18.6   7.9   0.2     0     0
  1963   4  12     0  19.3  11.0   0.0     0     0
  1963   4  13     0  20.5  12.9   0.0     0     0
  1963   4  14     0  22.0  12.0  14.4     0     0
  1963   4  15     0  21.7  12.2   1.4     0     0
  1963   4  16     0  18.0  11.3   3.6     0     0
  1963   4  17     0  17.7  11.4   2.0     0     0
  1963   4  18     0  20.9  13.3  23.2     0     0
  1963   4  19     0  20.9  11.0   8.0     0     0
  1963   4  20     0  22.9  11.4   0.2     0     0
  1963   4  21     0  23.3  10.6   0.0     0     0
  1963   4  22     0  22.5  11.4   0.0     0     0
  1963   4  23     0  23.3   9.8  18.6     0     0
  1963   4  24     0  22.0  10.1   2.4     0     0
  1963   4  25     0  19.3  11.6   1.0     0     0
  1963   4  26     0  21.6  12.0     T     0     0
  1963   4  27     0  19.3  10.4   1.8     0     0
  1963   4  28     0  20.4  12.6   1.6     0     0
  1963   4  29     0  20.2  13.4   1.0     0     0
  1963   4  30     0  20.9  12.6   7.4     0     0
  1963   5   1     0  19.8  10.4  13.2     0     0
  1963   5   2     0  21.5  10.1   1.4     0     0
  1963   5   3     0  18.8  10.6   0.0     0     0
  1963   5   4     0  19.3  11.2   4.0     0     0
  1963   5   5     0  17.3  10.6   0.0     0     0
  1963   5   6     0  21.3  11.4   0.0     0     0
  1963   5   7     0  22.1  14.0   0.0     0     0
  1963   5   8     0  22.0  13.8  25.8     0     0
  1963   5   9     0  22.1  13.2   8.8     0     0
  1963   5  10     0  22.3  14.8   0.1     0     0
  1963   5  11     0  22.9  14.4   1.5     0     0
  1963   5  12     0  22.8  13.2   4.4     0     0
  1963   5  13     0  22.8  13.4   6.8     0     0
  1963   5  14     0  22.1  14.0   6.4     0     0
  1963   5  15     0  23.3  15.3   0.6     0     0
  1963   5  16     0  22.8  17.1   0.8     0     0
  1963   5  17     0  24.1  15.2   1.1     0     0
  1963   5  18     0  24.7  13.4     T     0     0
  1963   5  19     0  24.3  13.8   0.0     0     0
  1963   5  20     0  24.1  15.2   0.0     0     0
  1963   5  21     0  21.0  13.4  14.2     0     0
  1963   5  22     0  20.7  12.4  14.3     0     0
  1963   5  23     0  22.3  13.4   4.2     0     0
  1963   5  24     0  22.7  15.0   0.6     0     0
  1963   5  25     0  23.5  13.4  10.0     0     0
  1963   5  26     0  21.7  13.2   3.7     0     0
  1963   5  27     0  18.1  12.3   2.0     0     0
  1963   5  28     0  22.9  14.1   0.0     0     0
  1963   5  29     0  22.5  16.0   0.0     0     0
  1963   5  30     0  20.6  14.0  50.6     0     0
  1963   5  31     0  17.9  15.3   5.2     0     0
  1963   6   1     0  22.1  17.2   5.9     0     0
  1963   6   2     0  24.8  16.2  11.6     0     0
  1963   6   3     0  24.8  18.5     T     0     0
  1963   6   4     0  25.5   DNA  68.2     0     0
  1963   6   5     0  25.8  14.8  60.0     0     0
  1963   6   6     0  24.8  16.2  14.2     0     0
  1963   6   7     0  24.5  15.9   5.4     0     0
  1963   6   8     0  23.6  18.0  12.2     0     0
  1963   6   9     0  24.4  14.8  25.5     0     0
  1963   6  10     0  24.4  16.2   3.4     0     0
  1963   6  11     0  24.1  16.6   7.0     0     0
  1963   6  12     0  22.5  16.5  17.2     0     0
  1963   6  13     0  23.9  16.4   7.4     0     0
  1963   6  14     0  23.8  15.3  25.4     0     0
  1963   6  15     0  24.9  16.7   4.2     0     0
  1963   6  16     0  22.5  16.8   6.6     0     0
  1963   6  17     0  24.2  17.6  24.0     0     0
  1963   6  18     0  24.9  17.4   3.2     0     0
  1963   6  19     0  23.9  16.9   8.4     0     0
  1963   6  20     0  23.2  16.4  28.2     0     0
  1963   6  21     0  24.5  16.9  32.7     0     0
  1963   6  22     0  23.5  16.9   6.8     0     0
  1963   6  23     0  24.5  16.3   0.0     0     0
  1963   6  24     0  24.7  16.4   0.0     0     0
  1963   6  25     0  24.9  17.4   0.0     0     0
  1963   6  26     0  25.6  18.3     T     0     0
  1963   6  27     0  25.6  18.2   7.2     0     0
  1963   6  28     0  26.1  17.4   8.4     0     0
  1963   6  29     0  22.6  17.2   7.5     0     0
  1963   6  30     0  19.5  16.8  66.5     0     0
  1963   7   1     0  20.9  17.3   4.2     0     0
  1963   7   2     0  22.8  17.0   7.8     0     0
  1963   7   3     0  25.0  17.9   0.4     0     0
  1963   7   4     0  25.7  18.0   0.5     0     0
  1963   7   5     0  26.4  19.6     T     0     0
  1963   7   6     0  25.5  18.2   5.4     0     0
  1963   7   7     0  25.9  19.2   4.2     0     0
  1963   7   8     0  25.8  18.4     T     0     0
  1963   7   9     0  25.5  18.6  28.4     0     0
  1963   7  10     0  25.7  18.1     T     0     0
  1963   7  11     0  26.0  18.3  48.4     0     0
  1963   7  12     0  24.7  17.5  33.4     0     0
  1963   7  13     0  22.9  16.6   3.4     0     0
  1963   7  14     0  24.7  18.0   2.2     0     0
  1963   7  15     0  24.3  18.4  15.0     0     0
  1963   7  16     0  24.0  18.2   7.4     0     0
  1963   7  17     0  25.8  18.6   0.0     0     0
  1963   7  18     0  26.6  18.0  17.4     0     0
  1963   7  19     0  24.5  16.9  21.8     0     0
  1963   7  20     0  19.9  16.8  27.5     0     0
  1963   7  21     0  19.7  17.0  47.8     0     0
  1963   7  22     0  20.2  16.4   6.0     0     0
  1963   7  23     0  25.8  18.4  12.6     0     0
  1963   7  24     0  25.1  18.0   6.8     0     0
  1963   7  25     0  25.3  18.2  25.6     0     0
  1963   7  26     0  24.9  18.0  34.2     0     0
  1963   7  27     0  24.2  16.8   5.5     0     0
  1963   7  28     0  25.2  18.1  12.6     0     0
  1963   7  29     0  26.5  17.6   9.0     0     0
  1963   7  30     0  25.6  17.1   5.1     0     0
  1963   7  31     0  24.2  17.4   0.1     0     0
  1963   8   1     0  24.8  18.0   1.0     0     0
  1963   8   2     0  24.9  18.1   5.2     0     0
  1963   8   3     0  21.5  17.3  48.8     0     0
  1963   8   4     0  24.8  18.2   1.8     0     0
  1963   8   5     0  24.1  18.0  16.2     0     0
  1963   8   6     0  24.6  17.2   8.2     0     0
  1963   8   7     0  23.5  17.3   7.0     0     0
  1963   8   8     0  24.3  18.0   0.5     0     0
  1963   8   9     0  26.7  17.5  18.6     0     0
  1963   8  10     0  25.9  17.2   7.4     0     0
  1963   8  11     0  24.4  18.2   1.2     0     0
  1963   8  12     0  24.4  18.0   4.5     0     0
  1963   8  13     0  24.9  18.0   7.4     0     0
  1963   8  14     0  26.9  17.9   2.7     0     0
  1963   8  15     0  26.1  17.6  23.0     0     0
  1963   8  16     0  26.2  17.2  35.6     0     0
  1963   8  17     0  24.2  19.8   0.0     0     0
  1963   8  18     0  27.3  18.1  47.4     0     0
  1963   8  19     0  24.1  17.2  45.2     0     0
  1963   8  20     0  24.1  17.4   1.4     0     0
  1963   8  21     0  24.2  16.8   6.8     0     0
  1963   8  22     0  24.8  16.8  16.7     0     0
  1963   8  23     0  24.5  17.3  15.8     0     0
  1963   8  24     0  24.6  17.4  61.2     0     0
  1963   8  25     0  20.3  17.0  11.4     0     0
  1963   8  26     0  26.1  17.6  17.3     0     0
  1963   8  27     0  25.5  17.4  15.4     0     0
  1963   8  28     0  23.5  18.0   0.2     0     0
  1963   8  29     0  25.3  18.4   0.0     0     0
  1963   8  30     0  25.4  16.9  10.6     0     0
  1963   8  31     0  25.4  17.4   6.6     0     0
  1963   9   1     0  25.0  16.2  11.6     0     0
  1963   9   2     0  25.3  16.8  26.3     0     0
  1963   9   3     0  25.3  16.8  11.4     0     0
  1963   9   4     0  24.9  17.0   8.8     0     0
  1963   9   5     0  25.8  16.8   0.0     0     0
  1963   9   6     0  26.2  14.8   2.2     0     0
  1963   9   7     0  25.8  17.0   1.8     0     0
  1963   9   8     0  25.7  17.2  12.8     0     0
  1963   9   9     0  24.9  17.1   0.0     0     0
  1963   9  10     0  27.4  16.4  11.0     0     0
  1963   9  11     0  27.9  17.8   0.0     0     0
  1963   9  12     0  26.7  17.4   0.9     0     0
  1963   9  13     0  25.8  16.7   1.8     0     0
  1963   9  14     0  26.0  18.3   0.6     0     0
  1963   9  15     0  25.5  17.0  18.6     0     0
  1963   9  16     0  25.1  17.4   3.0     0     0
  1963   9  17     0  23.8  16.0   2.0     0     0
  1963   9  18     0  24.4  15.4   0.0     0     0
  1963   9  19     0  27.0  17.6   0.2     0     0
  1963   9  20     0  24.4  17.0   2.4     0     0
  1963   9  21     0  24.9  16.6   0.0     0     0
  1963   9  22     0  23.3  16.1   0.0     0     0
  1963   9  23     0  23.5  16.6   0.0     0     0
  1963   9  24     0  23.1  15.0   0.0     0     0
  1963   9  25     0  24.4  14.8  15.6     0     0
  1963   9  26     0  23.9  13.4  45.8     0     0
  1963   9  27     0  21.4  15.1   2.1     0     0
  1963   9  28     0  17.8  13.2  31.5     0     0
  1963   9  29     0  16.5  12.6  60.8     0     0
  1963   9  30     0  21.1  13.8   1.2     0     0
  1963  10   1     0  23.1  16.1   0.1     0     0
  1963  10   2     0  22.8  13.1  25.0     0     0
  1963  10   3     0  15.2  12.1  31.6     0     0
  1963  10   4     0  18.9  13.0  13.4     0     0
  1963  10   5     0  23.0  13.5   0.0     0     0
  1963  10   6     0  23.7  13.6   0.0     0     0
  1963  10   7     0  23.5  12.8   2.0     0     0
  1963  10   8     0  22.1  15.6   0.2     0     0
  1963  10   9     0  22.9  14.5   0.0     0     0
  1963  10  10     0  22.2  13.4   0.6     0     0
  1963  10  11     0  22.8  11.4   0.0     0     0
  1963  10  12     0  23.2  13.2   0.0     0     0
  1963  10  13     0  22.8  12.3   0.0     0     0
  1963  10  14     0  21.1  12.0   0.0     0     0
  1963  10  15     0  21.3  13.5   0.0     0     0
  1963  10  16     0  21.6  13.3   0.0     0     0
  1963  10  17     0  20.4  14.1   0.0     0     0
  1963  10  18     0  20.3  15.8   0.0     0     0
  1963  10  19     0  20.9  13.9   0.0     0     0
  1963  10  20     0  21.8  13.5   0.0     0     0
  1963  10  21     0  22.5  13.0  10.6     0     0
  1963  10  22     0  20.3  12.5   0.0     0     0
  1963  10  23     0  19.1  11.6   0.0     0     0
  1963  10  24     0  18.5  11.6   3.5     0     0
  1963  10  25     0  19.3  11.3   1.2     0     0
  1963  10  26     0  21.4  10.4   0.0     0     0
  1963  10  27     0  19.6  11.3   0.0     0     0
  1963  10  28     0  21.6  11.2   0.0     0     0
  1963  10  29     0  17.1  10.4   0.0     0     0
  1963  10  30     0  21.0   9.8   0.0     0     0
  1963  10  31     0  20.4  10.3   4.0     0     0
  1963  11   1     0  16.4   9.6   1.6     0     0
  1963  11   2     0  18.5  10.6   3.6     0     0
  1963  11   3     0  13.9   8.2   0.5     0     0
  1963  11   4     0  14.5   7.2   9.4     0     0
  1963  11   5     0  12.2   5.4   4.4     0     0
  1963  11   6     0  16.3   6.5   0.0     0     0
  1963  11   7     0  18.7   7.6   0.0     0     0
  1963  11   8     0  18.9   7.1   0.0     0     0
  1963  11   9     0  17.9   6.9   0.0     0     0
  1963  11  10     0  18.1   7.0   0.0     0     0
  1963  11  11     0  18.1   7.4   0.0     0     0
  1963  11  12     0  18.4   8.5   0.0     0     0
  1963  11  13     0  17.5   8.6   0.0     0     0
  1963  11  14     0  17.8   7.4   0.0     0     0
  1963  11  15     0  17.2   8.7   2.8     0     0
  1963  11  16     0  12.0   8.2   0.1     0     0
  1963  11  17     0  16.1   8.3   0.0     0     0
  1963  11  18     0  15.5   6.6   0.0     0     0
  1963  11  19     0  16.3   6.8   0.0     0     0
  1963  11  20     0  18.1   6.4   0.0     0     0
  1963  11  21     0  16.9   8.4   0.0     0     0
  1963  11  22     0  17.7   8.7   0.0     0     0
  1963  11  23     0  17.9   8.7   0.0     0     0
  1963  11  24     0  17.6   7.8   0.0     0     0
  1963  11  25     0  17.6   7.8   0.0     0     0
  1963  11  26     0  18.1   7.8   0.0     0     0
  1963  11  27     0  18.4  10.5   0.2     0     0
  1963  11  28     0  18.8   9.8   0.0     0     0
  1963  11  29     0  18.4  10.2   0.0     0     0
  1963  11  30     0  17.6   9.2   0.0     0     0
  1963  12   1     0  16.3   9.4   0.8     0     0
  1963  12   2     0  15.0   7.7   0.0     0     0
  1963  12   3     0  15.6   8.0   0.0     0     0
  1963  12   4     0  18.1   9.3   0.0     0     0
  1963  12   5     0  16.0   9.4   0.2     0     0
  1963  12   6     0  16.9   8.5   0.0     0     0
  1963  12   7     0  18.1   8.2   0.0     0     0
  1963  12   8     0  16.1   8.2   0.0     0     0
  1963  12   9     0  14.2   7.6   0.4     0     0
  1963  12  10     0  16.8   6.7   0.0     0     0
  1963  12  11     0  16.1   6.5   0.0     0     0
  1963  12  12     0  16.8   7.6   0.0     0     0
  1963  12  13     0  16.5   7.3   0.0     0     0
  1963  12  14     0  16.3   6.2   0.2     0     0
  1963  12  15     0  14.2   4.3   7.8     0     0
  1963  12  16     0  14.4   5.7   0.0     0     0
  1963  12  17     0  13.9   6.3     T     0     0
  1963  12  18     0  13.6   5.1   0.0     0     0
  1963  12  19     0  16.8   5.4   0.0     0     0
  1963  12  20     0  16.8   5.3   0.0     0     0
  1963  12  21     0  15.8   5.5   0.0     0     0
  1963  12  22     0  15.7   6.0   0.0     0     0
  1963  12  23     0  14.6   5.7   0.0     0     0
  1963  12  24     0  13.0   4.3   0.0     0     0
  1963  12  25     0  11.8   5.4   0.0     0     0
  1963  12  26     0  13.3   4.2   0.0     0     0
  1963  12  27     0  15.5   6.5   0.0     0     0
  1963  12  28     0  20.3   5.9   0.0     0     0
  1963  12  29     0  17.1   4.6   0.0     0     0
  1963  12  30     0  14.6   3.4   0.0     0     0
  1963  12  31     0  12.3   5.1   0.0     0     0
