2003          Temperature for NAGARKOT                
        Tmax  Tmin
     1   4.8   1.3 
     2  14.2   5.0 
     3  16.8   3.5 
     4  13.4   3.8 
     5  13.2   5.2 
     6  17.0   4.8 
     7  15.0   3.6 
     8  13.3   1.5 
     9  12.5   0.7 
    10  15.0   1.4 
    11  14.0   1.8 
    12  14.5   1.7 
    13  15.0   4.5 
    14  12.2   1.8 
    15  16.4   2.5 
    16  16.8   5.0 
    17  15.4   4.2 
    18  17.2   5.5 
    19  18.8   6.3 
    20  16.7   5.6 
    21  15.5   4.0 
    22  12.7   2.1 
    23  13.0   2.0 
    24  12.2   1.5 
    25  12.4   1.4 
    26  13.3   3.0 
    27  13.0   1.5 
    28  13.5   3.2 
    29   6.0   3.0 
    30  11.8   1.7 
    31  12.5   2.8 
    32  13.3   2.8 
    33  10.7   3.5 
    34  15.5   2.8 
    35  15.2   5.5 
    36  15.8   4.2 
    37  14.4   3.0 
    38  11.4   3.5 
    39  14.6   4.5 
    40  14.0   3.5 
    41  14.8   3.5 
    42  15.2   2.4 
    43  14.3   3.4 
    44  15.6   2.8 
    45  13.5   1.4 
    46  12.7   2.5 
    47  13.2   3.6 
    48  13.0   4.5 
    49  16.5   6.0 
    50   5.2   3.4 
    51  14.2   1.3 
    52  14.4   2.0 
    53  14.5   3.7 
    54  14.7   4.5 
    55  17.0   4.8 
    56  15.4   4.8 
    57  14.4   5.0 
    58  15.0   3.5 
    59  16.2   6.6 
    60  18.0   7.3 
    61  17.0   8.4 
    62  18.7   8.4 
    63  17.8   7.6 
    64  18.7   6.0 
    65  17.5   5.7 
    66  17.2   2.8 
    67  14.5   2.3 
    68  16.0   3.0 
    69  19.0   4.7 
    70  20.0   7.2 
    71  16.5   4.0 
    72  15.5   2.8 
    73  17.6   5.2 
    74  15.4   6.4 
    75  18.0   6.0 
    76  18.0   5.0 
    77  18.8   6.2 
    78  18.0   7.0 
    79  18.5   5.8 
    80  16.2   6.8 
    81  18.4   8.1 
    82  20.5   8.4 
    83  19.4   5.5 
    84  19.6   6.5 
    85  20.0   6.8 
    86  18.2   6.5 
    87  21.0   9.5 
    88  18.0   9.8 
    89  20.4   7.0 
    90  20.5   9.8 
    91  21.5   8.8 
    92  22.2   8.8 
    93  22.5   9.7 
    94  23.7   8.0 
    95  23.5   8.0 
    96  22.5   9.0 
    97  24.5  10.5 
    98  24.6  10.5 
    99  25.7  11.5 
   100  26.6  11.3 
   101  24.5  11.8 
   102  24.4  11.6 
   103  25.0  12.5 
   104  25.5  10.5 
   105  24.0   9.0 
   106  25.3  14.2 
   107  22.0   7.5 
   108  25.8  12.0 
   109  25.9  12.5 
   110  23.0   7.4 
   111  24.5  13.0 
   112  24.4  11.2 
   113  25.0  12.5 
   114  22.2  13.0 
   115  22.5  13.0 
   116  22.4  14.5 
   117  23.8  10.0 
   118  23.5  10.8 
   119  20.0  11.0 
   120  20.2   9.5 
   121  20.3  10.0 
   122  19.5  10.0 
   123  26.0  12.0 
   124  23.2   6.7 
   125  24.0  10.0 
   126  25.2  11.4 
   127  23.0  12.5 
   128  23.3  13.6 
   129  23.5  12.5 
   130  22.0   7.8 
   131  21.2   9.8 
   132  20.6  15.8 
   133  23.0  11.7 
   134  20.6   9.5 
   135  23.2  10.4 
   136  23.4  11.4 
   137  25.3  13.4 
   138  25.2  12.9 
   139  23.3   9.2 
   140  22.2  10.2 
   141  23.7  12.5 
   142  20.7  13.2 
   143  20.4  11.5 
   144  22.8  12.4 
   145  23.2  12.0 
   146  24.4  12.4 
   147  26.2  13.7 
   148  21.8  14.2 
   149  27.2  14.5 
   150  27.8  15.0 
   151  25.8  14.5 
   152  24.0  15.0 
   153  24.5  14.5 
   154  26.8  12.7 
   155  22.0  11.4 
   156  22.2  11.5 
   157  22.0  12.7 
   158  22.4  13.3 
   159  20.3  13.2 
   160  22.1  12.7 
   161  24.0  17.4 
   162  23.4  13.5 
   163  25.5  15.0 
   164  24.8  13.9 
   165  21.3  12.1 
   166  23.7  13.2 
   167  20.7  14.2 
   168  24.5  14.0 
   169  24.4  14.2 
   170  24.2  15.2 
   171  20.8  15.0 
   172  23.2  15.0 
   173  23.4  15.0 
   174  21.3  15.0 
   175  19.5  14.8 
   176  22.5  14.8 
   177  24.8  15.8 
   178  22.2  15.4 
   179  20.0  15.5 
   180  24.2  15.0 
   181  23.8  14.0 
   182  20.5  14.8 
   183  21.5  14.7 
   184  25.0  14.8 
   185  18.8  15.5 
   186  20.8  14.5 
   187  22.4  15.0 
   188  23.7  15.0 
   189  22.2  15.0 
   190  18.7  15.5 
   191  18.3  14.0 
   192  24.2  14.5 
   193  22.2  15.2 
   194  21.0  14.8 
   195  22.4  15.2 
   196  28.5  15.2 
   197  24.0  14.7 
   198  23.0  15.5 
   199  22.0  15.5 
   200  23.0  15.0 
   201  20.5  15.3 
   202  21.4  14.8 
   203  24.4  15.7 
   204  24.4  16.2 
   205  27.7  14.0 
   206  24.5  15.7 
   207  25.0  15.0 
   208  24.5  15.2 
   209  24.5  15.3 
   210  22.7  16.2 
   211  21.0  16.4 
   212  21.0  15.0 
   213  22.4  14.5 
   214  20.5  15.5 
   215  20.6  14.7 
   216  23.5  14.9 
   217  25.5  15.5 
   218  25.5  15.2 
   219  25.7  15.6 
   220  24.5  15.0 
   221  25.4  15.5 
   222  25.3  15.8 
   223  22.7  15.6 
   224  21.8  15.7 
   225  24.5  15.8 
   226  25.5  15.4 
   227  25.5  15.8 
   228  24.3  15.6 
   229  24.0  16.2 
   230  17.5  15.4 
   231  17.3  14.5 
   232  19.7  14.5 
   233  24.3  14.8 
   234  24.5  15.8 
   235  22.0  17.8 
   236  24.5  14.7 
   237  21.5  15.0 
   238  24.3  18.2 
   239  25.4  14.0 
   240  23.4  15.6 
   241  23.6  15.0 
   242  22.5  15.0 
   243  22.6  15.6 
   244  23.6  14.0 
   245  22.8  15.0 
   246  23.0  15.2 
   247  22.8  14.6 
   248  24.2  13.5 
   249  23.5  13.7 
   250  23.5  14.0 
   251  23.6  14.6 
   252  23.2  15.0 
   253  26.0  14.5 
   254  24.7  14.3 
   255  25.0  14.2 
   256  23.5  15.0 
   257  25.0  14.4 
   258  22.5  14.4 
   259  24.0  13.0 
   260  22.6  14.7 
   261  22.0  14.4 
   262  24.0  14.2 
   263  24.2  15.0 
   264  21.6  14.6 
   265  21.8  14.3 
   266  22.6  14.2 
   267  17.6  11.4 
   268  24.0  13.5 
   269  24.7  13.0 
   270  22.5  13.0 
   271  21.6  13.0 
   272  22.5  13.5 
   273  19.0  12.2 
   274  23.6  14.0 
   275  22.8  15.0 
   276  23.0  15.2 
   277  22.8  14.6 
   278  24.2  13.5 
   279  23.5  13.7 
   280  23.5  14.0 
   281  23.6  14.6 
   282  23.2  15.0 
   283  26.0  14.5 
   284  24.7  14.3 
   285  25.0  14.2 
   286  23.5  15.0 
   287  25.0  14.4 
   288  22.5  14.4 
   289  24.0  13.0 
   290  22.6  14.7 
   291  22.0  14.4 
   292  24.0  14.2 
   293  24.2  15.0 
   294  21.6  14.6 
   295  21.2  14.3 
   296  22.6  14.2 
   297  17.6  11.4 
   298  24.0  12.5 
   299  25.0  13.0 
   300  22.5  13.0 
   301  21.6  13.0 
   302  22.5  13.5 
   303  19.0  12.2 
   304   DNA   DNA 
   305  23.5  12.5 
   306  23.4  13.6 
   307  23.2  12.5 
   308  24.3  11.7 
   309  24.1  10.2 
   310  22.2  10.7 
   311  22.0  10.6 
   312  18.5  12.0 
   313  18.5  12.5 
   314  19.5  12.0 
   315  22.6  10.5 
   316  24.5  10.6 
   317  22.6  10.5 
   318  24.0  11.0 
   319  24.9  14.2 
   320  22.0  10.0 
   321  20.3  11.4 
   322  22.4  11.0 
   323  21.5  11.2 
   324  21.3  11.0 
   325  22.0  11.6 
   326  22.2   8.4 
   327  22.4   7.5 
   328  18.0   9.4 
   329  15.5   9.0 
   330  15.5   9.4 
   331  17.6  10.4 
   332  22.0  10.5 
   333  21.0   8.8 
   334  20.6   9.0 
   335  12.4   4.8 
   336  14.0   5.5 
   337  13.5   6.0 
   338  14.2   5.6 
   339  11.5   5.4 
   340   9.2   5.6 
   341  13.7   5.7 
   342  15.0   7.0 
   343  13.8   5.6 
   344  11.5   6.2 
   345  14.8   6.2 
   346  15.5   5.2 
   347  17.5   6.0 
   348  16.2   5.5 
   349  14.5   5.0 
   350  10.2   4.5 
   351  14.5   5.0 
   352  14.0   5.0 
   353  14.5   6.0 
   354  14.8   DNA 
   355  14.6   DNA 
   356  13.5   DNA 
   357  13.0   DNA 
   358  14.5   5.0 
   359  12.5   5.0 
   360  12.0   1.9 
   361  10.5   1.4 
   362   3.6   0.0 
   363   9.8   3.6 
   364  12.7   1.5 
   365  12.0   5.0 
