2002          Temperature for NAGARKOT                
        Tmax  Tmin
     1  13.0   0.8 
     2  16.4   3.0 
     3  14.8   3.2 
     4  15.2   2.8 
     5  15.0   4.5 
     6  13.0   3.0 
     7  15.5   4.0 
     8  14.5   6.0 
     9  14.4   4.3 
    10  14.0   3.3 
    11  14.3   2.0 
    12  14.8   3.2 
    13  14.7   1.5 
    14  13.0   2.7 
    15  14.3   5.0 
    16  10.0   3.0 
    17  12.7   2.7 
    18  12.7   4.7 
    19  14.5   4.5 
    20   8.6   4.0 
    21  14.0   2.6 
    22  13.4   2.3 
    23  13.8   1.5 
    24  11.7   0.7 
    25  12.4   0.0 
    26   9.4   0.5 
    27  12.0   2.0 
    28   5.2   1.0 
    29  10.8   1.5 
    30  12.4   1.0 
    31  11.6   1.3 
    32  12.7   1.4 
    33  15.4   2.5 
    34  14.5   2.6 
    35  14.9   1.6 
    36  14.4   2.7 
    37  14.5   4.5 
    38  17.2   6.8 
    39  14.0   6.5 
    40  15.6   4.5 
    41  17.0   5.5 
    42  16.5   7.5 
    43  18.0   2.0 
    44  16.2   5.6 
    45  26.0   6.0 
    46  17.8   4.7 
    47  18.5   5.2 
    48  18.0   6.4 
    49  17.8   6.8 
    50  18.0   6.0 
    51  18.5   6.0 
    52  17.8   6.2 
    53  18.7   5.0 
    54  16.2   6.0 
    55  19.5   7.8 
    56  10.5   3.0 
    57  16.4   3.5 
    58  17.4   3.6 
    59  15.6   4.5 
    60  16.5   5.5 
    61  17.5   5.0 
    62  11.4   5.6 
    63  17.4   4.6 
    64  17.6   5.7 
    65  18.2   3.8 
    66  17.4   5.2 
    67  18.4   6.0 
    68  19.5   6.0 
    69  20.5   8.2 
    70  20.4   8.8 
    71  21.7   8.8 
    72  22.0   9.7 
    73  19.6  10.0 
    74  21.4   8.0 
    75  20.3   6.2 
    76  21.0   7.5 
    77  18.8   7.4 
    78  22.5   8.5 
    79  23.0  13.2 
    80  20.3  10.4 
    81  20.6   9.0 
    82  22.2   8.0 
    83  22.4   9.2 
    84  19.6   6.7 
    85  22.2  11.8 
    86  20.5   5.5 
    87  22.8   8.7 
    88  22.0   8.8 
    89  19.5   8.5 
    90  16.0   7.8 
    91  21.8   8.8 
    92  20.6   5.5 
    93  16.5   3.5 
    94  20.0   7.5 
    95  18.8   8.5 
    96  21.5  10.3 
    97  21.4  11.5 
    98  21.5  11.5 
    99  22.6   9.5 
   100  22.0   8.0 
   101  22.5   7.0 
   102  20.0   6.5 
   103  22.0   8.7 
   104  20.6  10.5 
   105  21.5  10.8 
   106  22.5  11.8 
   107  25.0  13.3 
   108  26.4  13.0 
   109  26.9  13.8 
   110  25.8  13.5 
   111  25.6  13.2 
   112  24.0   7.7 
   113  19.8  10.2 
   114  20.8  10.0 
   115  23.6  11.0 
   116  23.4   5.7 
   117  22.6   9.4 
   118  23.3  10.0 
   119  23.5  10.2 
   120  20.2   7.0 
   121  22.6  10.2 
   122  23.8  11.0 
   123  19.5  10.4 
   124  21.8  10.5 
   125  23.0  11.6 
   126  22.3  11.5 
   127  22.0   9.8 
   128  21.8  12.8 
   129  20.7  13.5 
   130  16.5  12.5 
   131  21.2  10.5 
   132  23.8  12.6 
   133  24.8  15.5 
   134  23.7  12.5 
   135  22.0  15.0 
   136  21.5  12.8 
   137  19.2  14.7 
   138  16.0  13.5 
   139  23.6  11.7 
   140  25.6  14.6 
   141  25.8  12.8 
   142  25.6  15.5 
   143  25.0  14.4 
   144  24.0  11.0 
   145  21.6  10.0 
   146  19.5  10.4 
   147  16.7   9.6 
   148  18.7  10.7 
   149  20.5  10.8 
   150  20.0  11.5 
   151  21.3  11.5 
   152  22.6  12.9 
   153  24.2  13.5 
   154  23.3  14.0 
   155  24.6  13.8 
   156  22.8  12.0 
   157  22.8  13.4 
   158  21.0  13.5 
   159  23.7  14.8 
   160  25.5  15.8 
   161  25.2  13.8 
   162  24.5  13.7 
   163  20.6  15.0 
   164  21.5  15.0 
   165  23.5  15.0 
   166  20.3  14.0 
   167  24.8  14.4 
   168  23.4  15.0 
   169  23.4  15.0 
   170  23.4  11.5 
   171  25.0  15.7 
   172  24.0  13.0 
   173  24.5  13.0 
   174  22.6  15.3 
   175  24.4  15.7 
   176  25.4  16.0 
   177  24.1  15.8 
   178  23.6  15.0 
   179  21.7  14.8 
   180  25.7  16.5 
   181  20.5  15.9 
   182  22.0  15.7 
   183  19.5  16.0 
   184  21.0  16.8 
   185  21.6  15.6 
   186  19.0  16.0 
   187  21.8  16.3 
   188  25.5  16.4 
   189  24.2  15.0 
   190  24.2  16.5 
   191  22.3  14.5 
   192  20.7  15.0 
   193  24.5  14.6 
   194  25.3  15.4 
   195  23.8  12.5 
   196  23.5  14.4 
   197  25.0  16.4 
   198  25.5  18.5 
   199  25.3  14.5 
   200  23.8  16.0 
   201  21.6  16.0 
   202  19.0  15.6 
   203  17.7  15.8 
   204  19.3  15.0 
   205  23.4  15.0 
   206  21.5  14.0 
   207  22.7  15.8 
   208  22.7  15.5 
   209  23.0  14.5 
   210  25.5  15.5 
   211  22.0  14.5 
   212  23.8  15.5 
   213  21.0  15.0 
   214  21.6  15.3 
   215  25.0  15.0 
   216  25.3  14.5 
   217  22.8  14.2 
   218  25.5  13.7 
   219  26.5  13.8 
   220  24.6  15.5 
   221  23.4  15.5 
   222  20.3   5.8 
   223  20.0  15.3 
   224  21.0  16.0 
   225  22.0  15.4 
   226  23.6  15.5 
   227  23.0  15.5 
   228  24.8  15.4 
   229  22.6  14.5 
   230  23.6  15.7 
   231  25.4  15.3 
   232  19.5  15.2 
   233  19.8  15.0 
   234  21.5  14.0 
   235  23.8  12.7 
   236  22.7  14.6 
   237  24.8  14.3 
   238  22.8  14.5 
   239  23.8  15.4 
   240  25.7  15.8 
   241  26.3  14.5 
   242  23.7  13.5 
   243  25.6  15.0 
   244  25.0  15.0 
   245  24.8  15.0 
   246  24.3  14.6 
   247  20.5  14.5 
   248  22.2  13.5 
   249  23.4  14.0 
   250  24.0  13.5 
   251  24.4  14.4 
   252  25.7  15.2 
   253  23.2  12.5 
   254  22.5  14.3 
   255  18.5  14.0 
   256  24.8  13.7 
   257  24.1  13.0 
   258  24.8  13.8 
   259  21.0  12.8 
   260  18.0  13.5 
   261  18.2  13.3 
   262  22.3  12.5 
   263  24.0  13.6 
   264  25.5  14.0 
   265  20.5  12.0 
   266  22.6  16.2 
   267  17.8  13.0 
   268  18.6  13.5 
   269  15.2  13.5 
   270  21.3  11.4 
   271  19.4  13.7 
   272  21.0  14.2 
   273  24.5  13.4 
   274  24.5  13.5 
   275  22.7  14.0 
   276  22.0  12.5 
   277  22.3  12.5 
   278  22.8  13.2 
   279  22.7  12.7 
   280  23.5  13.5 
   281  22.5   9.7 
   282  20.0   9.3 
   283  23.2  10.0 
   284  20.7  11.5 
   285  22.0  11.0 
   286  21.8  12.0 
   287  22.3  13.0 
   288  22.7  10.4 
   289  19.8  10.9 
   290  20.0  11.0 
   291  21.9   9.5 
   292  19.8  10.4 
   293  21.4   9.2 
   294  19.7  10.0 
   295  18.4  10.0 
   296  19.8   9.4 
   297  19.8   9.2 
   298  20.1   9.2 
   299  20.5   8.8 
   300  19.4   7.4 
   301  18.7   7.6 
   302  19.2   6.8 
   303  20.7   8.0 
   304  20.2   7.8 
   305  19.5   7.8 
   306  19.8   6.8 
   307  19.0   6.9 
   308  19.2   6.8 
   309  20.2   7.9 
   310  19.8   8.5 
   311  19.1   8.0 
   312  17.8   9.5 
   313  20.4  11.0 
   314  19.7   8.3 
   315  19.8   8.6 
   316  19.8   8.7 
   317  13.3   6.5 
   318  16.4   6.5 
   319  16.8   7.2 
   320  17.3   7.5 
   321  19.2   7.5 
   322  18.6   7.1 
   323  19.0   7.5 
   324  17.5   4.8 
   325  16.4   6.5 
   326  19.7   7.8 
   327  15.5   7.2 
   328  18.2   6.6 
   329  14.0   6.6 
   330  18.2   6.7 
   331  17.8   7.0 
   332  19.7   7.5 
   333  20.0   7.5 
   334  17.8   7.8 
   335  18.4   5.5 
   336  17.8   5.6 
   337  17.7   5.7 
   338  15.4   5.8 
   339  15.0   5.0 
   340  16.6   4.2 
   341  19.8   7.4 
   342  18.0   5.4 
   343  14.6   4.5 
   344  15.7   6.0 
   345  16.2   3.8 
   346  16.5   5.4 
   347  17.6   5.0 
   348  15.7   5.0 
   349  15.5   4.4 
   350  15.5   4.8 
   351  13.8   4.4 
   352  14.5   4.2 
   353  13.2   3.5 
   354  13.6   3.8 
   355  14.5   3.3 
   356  11.8   3.4 
   357  13.4   1.8 
   358  12.5   3.4 
   359  13.4   2.4 
   360  12.5   2.2 
   361  12.5   2.4 
   362  10.7   2.5 
   363  10.2   1.5 
   364  13.5   0.4 
   365   9.0   1.2 
