1996          Temperature for NAGARKOT                
        Tmax  Tmin
     1  14.4   2.5 
     2  14.8   2.3 
     3   6.6   2.8 
     4  12.0   1.2 
     5  13.8   2.0 
     6  13.6   1.7 
     7  15.0   2.7 
     8  14.0   2.5 
     9  15.0   2.5 
    10  15.0   1.0 
    11  12.5   1.4 
    12  12.8   1.0 
    13  13.0   1.8 
    14  12.2   1.5 
    15   5.5   0.3 
    16   6.8   0.0 
    17  11.5   1.5 
    18  13.0   0.5 
    19   8.7   0.3 
    20  11.5   0.4 
    21  11.5   1.6 
    22  11.0   1.7 
    23  12.5   2.5 
    24  14.0   2.2 
    25  14.8   2.3 
    26  13.0   1.8 
    27  14.8   1.8 
    28  16.3   5.0 
    29  19.0   6.7 
    30  15.5   4.0 
    31  14.4   2.8 
    32  15.2   3.2 
    33  16.4   3.5 
    34  14.5   3.5 
    35  17.0   3.0 
    36  17.4   5.0 
    37  12.0   4.7 
    38  12.5   4.2 
    39  16.6   5.2 
    40  16.2   2.0 
    41  15.2   3.7 
    42  13.0   2.3 
    43  15.2   0.8 
    44  16.0   3.2 
    45  17.7   4.0 
    46  15.0   4.4 
    47  15.8   3.4 
    48  17.2   4.3 
    49  16.6   3.9 
    50  15.3   5.4 
    51  15.4   2.8 
    52  15.0   3.0 
    53  15.3   2.4 
    54  18.0   3.5 
    55  17.4   6.0 
    56  16.3   6.7 
    57   9.0   4.4 
    58  15.5   4.5 
    59  17.2   3.7 
    60  18.0   6.3 
    61  18.3   5.5 
    62  20.2   7.0 
    63  19.4   7.4 
    64  17.0   5.3 
    65  19.7   6.3 
    66  20.3   7.0 
    67  20.0   6.0 
    68  17.6   5.5 
    69  21.0   6.3 
    70  17.7   8.5 
    71  18.1   4.2 
    72  18.2   9.5 
    73  19.4  10.0 
    74  21.5   9.0 
    75  21.3  10.3 
    76  21.4  10.2 
    77  23.2  11.5 
    78  21.7  10.4 
    79  20.8  10.2 
    80  22.0   9.6 
    81  23.2   8.4 
    82  18.5   8.0 
    83  22.5   6.6 
    84  21.7   8.0 
    85  21.5   5.4 
    86  14.4   7.5 
    87  22.2   8.0 
    88  19.0  10.2 
    89  22.3  10.0 
    90  23.2  10.5 
    91  23.5   8.0 
    92  21.5   7.2 
    93  22.3   7.5 
    94  20.8   8.1 
    95  22.5   6.0 
    96  23.2   8.9 
    97  22.2   9.2 
    98  24.2  12.0 
    99  21.5   8.0 
   100  26.2  11.4 
   101  25.5  10.0 
   102  25.0   9.3 
   103  25.8  10.8 
   104  25.2  11.5 
   105  25.5  12.0 
   106  25.8  12.4 
   107  26.9  13.7 
   108  23.5   9.5 
   109  25.3  10.0 
   110  27.2  13.5 
   111  26.0  14.6 
   112  24.5  14.0 
   113  26.2  13.0 
   114  25.0  12.6 
   115  22.4   8.4 
   116   DNA   8.2 
   117  20.5   7.0 
   118  19.5  10.2 
   119  21.0  11.3 
   120  21.0  12.4 
   121  24.0  12.4 
   122  22.0  11.4 
   123  19.9  10.0 
   124  23.7  13.0 
   125  25.8  13.8 
   126  26.2  14.1 
   127  27.2  14.5 
   128  25.5  12.5 
   129  24.5  13.0 
   130  26.0  12.4 
   131  26.6  13.3 
   132  25.5  12.0 
   133  22.6   9.8 
   134  23.7  10.4 
   135  23.6  13.6 
   136  25.0  10.8 
   137  22.7  11.2 
   138  24.2   9.3 
   139  24.7  12.5 
   140  25.0  12.2 
   141  24.4  13.2 
   142  24.6  13.2 
   143  24.0  11.4 
   144  24.5  15.0 
   145  26.6  14.3 
   146  26.5  15.0 
   147  26.0  16.8 
   148  27.5  15.4 
   149  26.4  16.4 
   150  26.8  13.8 
   151  25.2  10.8 
   152  19.0  12.7 
   153  21.8  13.2 
   154  19.4   8.7 
   155  22.1   9.7 
   156  21.4  10.4 
   157  21.5  10.4 
   158  22.0   8.5 
   159  21.3  12.0 
   160  22.9  13.4 
   161  24.0  14.0 
   162  24.4  15.4 
   163  23.0  13.3 
   164  22.2  14.7 
   165  24.0  15.0 
   166  25.4  15.5 
   167  23.7  14.4 
   168  21.8  15.7 
   169  24.1  15.5 
   170  22.2  15.8 
   171  24.5  16.5 
   172  25.3  15.4 
   173  23.0  14.7 
   174  22.0  16.3 
   175  20.5  16.4 
   176  18.6  16.4 
   177  21.6  15.7 
   178  22.0  16.4 
   179  21.7  15.4 
   180  21.0  16.2 
   181  20.8  15.6 
   182  17.8  15.4 
   183  23.5  15.0 
   184  23.0  14.8 
   185  24.8  15.3 
   186  23.0  16.7 
   187  23.7  15.2 
   188  23.3  15.8 
   189  22.0  16.4 
   190  23.3  16.0 
   191  21.8  16.3 
   192  21.0  16.0 
   193  19.0  16.4 
   194  19.9  16.4 
   195  21.0  15.7 
   196  17.5  15.5 
   197  20.4  15.5 
   198  20.0  15.8 
   199  19.7  16.0 
   200  19.0  16.0 
   201  21.5  16.0 
   202  22.7  16.3 
   203  22.4  15.3 
   204  23.5  16.0 
   205  21.8  16.3 
   206  22.3  16.7 
   207  25.3  15.4 
   208   DNA  16.8 
   209  23.0  16.0 
   210  20.5  16.0 
   211  19.5  16.4 
   212  24.5  15.4 
   213  25.0  16.8 
   214  24.3  15.5 
   215  24.7  15.9 
   216  21.6  15.8 
   217  24.0  16.0 
   218  23.0  16.5 
   219  21.3  15.6 
   220  20.0  16.4 
   221  21.3  16.0 
   222  22.2  16.0 
   223  24.5  15.9 
   224  21.2  15.4 
   225  20.0  16.0 
   226  19.4  15.7 
   227  18.9  15.5 
   228  20.6  15.9 
   229  19.8  14.8 
   230  22.5  14.6 
   231  22.8  15.0 
   232  22.7  15.5 
   233  24.5  15.5 
   234  24.9  14.8 
   235  21.6  14.8 
   236  22.0  15.2 
   237  23.5  15.0 
   238  24.6  16.0 
   239  24.7  16.5 
   240  25.3  14.0 
   241  23.2  14.0 
   242  23.3  15.0 
   243  22.7  15.3 
   244  20.4  15.0 
   245  20.2  15.2 
   246  18.1  14.8 
   247  20.6  15.3 
   248  21.6  15.6 
   249  24.5  15.0 
   250  22.5  14.4 
   251  20.5  14.6 
   252  21.0  14.8 
   253  20.6  15.0 
   254  21.5  14.7 
   255  20.7  15.4 
   256  20.0  15.4 
   257  22.1  14.5 
   258  23.8  14.4 
   259  24.5  13.2 
   260  25.0  15.9 
   261  22.7  15.5 
   262  22.8  14.0 
   263  24.0  12.5 
   264  23.8  12.4 
   265  25.4  14.4 
   266  22.5  15.2 
   267  23.0  15.0 
   268  22.2  15.5 
   269  18.8  15.4 
   270  21.5  15.2 
   271  23.3  14.7 
   272  21.4  14.3 
   273  20.0  13.7 
   274  22.9  14.0 
   275  24.0  13.8 
   276  24.5  12.9 
   277  23.5  13.2 
   278  18.5  13.7 
   279  17.8  11.3 
   280  18.0  12.6 
   281  22.7  12.7 
   282  20.7  11.7 
   283  21.8  10.5 
   284  19.5   9.5 
   285  21.5   9.7 
   286  21.2  10.5 
   287  22.3   9.6 
   288  21.4  11.0 
   289  22.0  10.0 
   290  21.0   8.8 
   291  21.5   9.8 
   292  22.4  10.2 
   293  24.0  10.2 
   294  22.1  11.5 
   295  24.4  11.0 
   296  21.0   9.4 
   297  20.2  10.8 
   298  21.4  10.4 
   299  21.4  12.0 
   300  18.3  11.5 
   301  22.0  10.5 
   302  17.8  11.6 
   303  17.0  10.5 
   304  21.6  11.3 
   305  17.0  10.0 
   306  22.0  11.4 
   307  22.8  11.5 
   308  20.5  10.2 
   309  21.1  10.0 
   310  22.4  10.0 
   311  21.0  10.2 
   312  20.0   9.5 
   313   DNA   8.0 
   314  20.4   7.4 
   315  20.4   7.8 
   316  18.7   8.0 
   317  20.0   8.0 
   318  19.7   7.6 
   319  18.5   7.4 
   320  17.7   7.5 
   321  16.8   7.7 
   322  18.0   6.8 
   323  19.0   6.4 
   324  17.8   6.8 
   325  17.6   7.4 
   326  16.0   7.0 
   327  17.3   7.2 
   328  20.3   5.5 
   329  15.6   5.3 
   330  17.0   5.3 
   331  14.6   5.7 
   332  15.0   4.9 
   333  16.0   4.4 
   334  14.5   3.6 
   335  15.3   3.7 
   336  16.5   3.0 
   337  16.0   3.8 
   338  17.8   4.0 
   339  17.2   4.5 
   340  16.8   6.2 
   341  17.0   5.6 
   342  16.5   4.0 
   343  17.0   4.3 
   344  20.5   4.4 
   345  14.0   3.5 
   346  16.0   3.6 
   347  14.2   4.2 
   348  12.4   3.2 
   349  14.4   3.4 
   350  12.8   4.0 
   351  16.5   4.5 
   352  15.7   4.3 
   353  15.7   3.8 
   354  16.4   3.4 
   355  16.6   3.6 
   356  14.8   4.0 
   357  14.8   3.4 
   358  16.4   2.6 
   359  15.6   3.0 
   360  16.2   3.2 
   361  14.4   4.4 
   362  14.4   3.4 
   363  13.6   2.5 
   364   DNA   3.4 
   365  15.0   3.0 
   366  16.8   3.4 
