2011          Temperature for NAGARKOT                
        Tmax  Tmin
     1  16.5   3.5 
     2  12.5   2.0 
     3  11.5   2.0 
     4  10.5   2.7 
     5  13.5   2.5 
     6  14.0   2.9 
     7  13.5   3.0 
     8  15.5   3.4 
     9  15.5   3.0 
    10  12.0   1.5 
    11  10.4   1.7 
    12  13.5   2.4 
    13  12.5   1.5 
    14  12.0   3.0 
    15  15.0   4.2 
    16   8.0   0.9 
    17  11.0   1.5 
    18  11.0   1.5 
    19  10.0   0.5 
    20   9.8   0.3 
    21   9.5   1.0 
    22  11.0   1.5 
    23  11.5   2.0 
    24  14.5   2.8 
    25  14.0   4.4 
    26  13.5   4.5 
    27  14.5   2.7 
    28  14.0   3.0 
    29  14.2   3.3 
    30  14.5   3.5 
    31  14.5   2.8 
    32  12.0   3.6 
    33  12.5   4.5 
    34  15.0   4.8 
    35  18.5   6.9 
    36  16.5   6.2 
    37  17.5   5.6 
    38  17.9   7.0 
    39  17.0   8.5 
    40  18.4   6.0 
    41  18.5   6.2 
    42  17.0   6.5 
    43  13.0   5.5 
    44  15.5   6.5 
    45  17.5   7.0 
    46  16.0   6.3 
    47  15.0   5.0 
    48  16.0   2.2 
    49  16.0   2.0 
    50  15.2   3.0 
    51  14.0   3.5 
    52  14.0   4.0 
    53  14.8   3.2 
    54  17.5   4.8 
    55  18.0   5.3 
    56  12.5   5.4 
    57  13.0   4.0 
    58  15.0   5.0 
    59  19.0   4.5 
    60  19.2   6.5 
    61  20.2   7.7 
    62  21.3   8.0 
    63  17.5   9.0 
    64  20.0   7.5 
    65  21.0   8.5 
    66  22.5   9.5 
    67  21.5   9.3 
    68  21.5   6.5 
    69  21.5   6.5 
    70  18.8   7.5 
    71  18.5   6.3 
    72  18.5   7.0 
    73  18.2   7.0 
    74  22.5   7.5 
    75  23.0   9.3 
    76  23.5   8.5 
    77  15.5   7.5 
    78  20.5   9.5 
    79  21.0  11.5 
    80  20.0   6.4 
    81  23.8   9.5 
    82  23.0  10.2 
    83  21.5  10.8 
    84  22.0  10.2 
    85  21.5  10.5 
    86  21.5  10.0 
    87  21.5   7.5 
    88  15.0   7.8 
    89  19.5   8.5 
    90  20.0   8.4 
    91  20.0   7.5 
    92  21.5   9.0 
    93  22.0  10.0 
    94  22.7   6.5 
    95  22.0   8.3 
    96  21.5   8.5 
    97  22.5   9.0 
    98  22.5  10.8 
    99  23.0  11.2 
   100  23.0   9.4 
   101  22.5   8.7 
   102  21.5  11.6 
   103  22.5   8.2 
   104  21.5  10.5 
   105  22.7   9.5 
   106  22.8  10.9 
   107  23.0  12.5 
   108  23.7  13.0 
   109  20.5  13.0 
   110  22.0   9.5 
   111  23.2  11.0 
   112  23.8  10.5 
   113  23.4  10.5 
   114  22.5  12.2 
   115  21.5  11.5 
   116  21.0   7.5 
   117  22.5  11.0 
   118  24.0  12.0 
   119  20.2  11.0 
   120  16.5  13.2 
   121  21.5  11.9 
   122  22.0  10.5 
   123  20.0  12.5 
   124  21.5  12.5 
   125  21.0  12.5 
   126  22.7  13.0 
   127  22.5  11.5 
   128  20.0  11.5 
   129  21.0  10.4 
   130  21.5  13.4 
   131  21.5  12.0 
   132  21.8  10.0 
   133  21.5  13.2 
   134  21.0  12.5 
   135  24.0  13.5 
   136  25.0  14.5 
   137  21.0  12.6 
   138  20.5  11.5 
   139  21.0  12.5 
   140  21.0  10.7 
   141  21.0  10.7 
   142  23.8  13.5 
   143  23.8  13.5 
   144  24.3  13.0 
   145  21.0  14.5 
   146  20.0  15.7 
   147  22.8  14.5 
   148  22.5  12.3 
   149  22.0  13.4 
   150  19.5  14.0 
   151  20.2  12.5 
   152  21.5  13.2 
   153  23.5  14.5 
   154  24.5  14.0 
   155  25.5  14.0 
   156  25.0  14.0 
   157  24.5  14.8 
   158  21.0  11.0 
   159  21.5  13.0 
   160  21.5  14.4 
   161  21.5  14.0 
   162  20.0  13.5 
   163  22.0  14.0 
   164  21.5  14.7 
   165  23.0  14.1 
   166  21.5  15.0 
   167  24.0  14.4 
   168  22.0  16.0 
   169  19.0  15.4 
   170  18.5  15.5 
   171  22.0  15.5 
   172  23.8  15.8 
   173  24.0  15.0 
   174  24.5  16.0 
   175  23.5  15.0 
   176  22.0  15.3 
   177  22.0  16.0 
   178  22.5  15.0 
   179  20.5  15.4 
   180  20.0  15.5 
   181  17.5  15.5 
   182  19.6  15.0 
   183  21.0  15.5 
   184  21.0  15.2 
   185  19.0  15.5 
   186  19.5  15.7 
   187  19.8  14.6 
   188  18.5  15.5 
   189  21.5  15.0 
   190  21.5  15.0 
   191  22.0  15.5 
   192  22.0  15.8 
   193  22.0  15.5 
   194  20.5  16.5 
   195  20.5  16.0 
   196  22.5  15.9 
   197  21.5  15.0 
   198  22.5  14.8 
   199  23.0  15.2 
   200  21.0  16.5 
   201  21.0  16.0 
   202  23.5  16.4 
   203  21.5  17.0 
   204  21.5  15.7 
   205  22.0  15.5 
   206  21.8  15.5 
   207  21.0  15.5 
   208  18.0  15.5 
   209  20.5  15.5 
   210  20.2  16.0 
   211  21.5  16.0 
   212  22.5  16.5 
   213  24.0  16.0 
   214  20.0  16.8 
   215  23.0  15.6 
   216  22.5  15.9 
   217  21.5  16.0 
   218  21.5  15.9 
   219  22.0  15.5 
   220  22.0  16.0 
   221  21.5  16.9 
   222  21.5  16.0 
   223  21.5  15.4 
   224  21.0  14.5 
   225  23.0  16.0 
   226  21.5  15.5 
   227  21.5  14.5 
   228  21.0  15.7 
   229  18.5  15.2 
   230  19.5  15.0 
   231  19.5  15.0 
   232  21.5  14.5 
   233  24.5  16.0 
   234  22.0  15.5 
   235  22.5  15.2 
   236  22.0  16.0 
   237  21.5  15.4 
   238  22.5  14.9 
   239  25.0  15.0 
   240  23.5  14.2 
   241  23.5  14.3 
   242  23.0  15.5 
   243  24.0  14.5 
   244  23.0  15.5 
   245  22.0  15.3 
   246  21.5  15.0 
   247  22.5  15.5 
   248  22.8  15.5 
   249  21.0  16.0 
   250  20.0  15.4 
   251  20.0  15.4 
   252  22.0  16.0 
   253  21.8  15.7 
   254  21.8  14.8 
   255  23.0  15.0 
   256  21.5  16.0 
   257  20.0  15.5 
   258  20.5  14.8 
   259  21.5  15.0 
   260  21.5  14.6 
   261  21.8  15.3 
   262  21.5  14.5 
   263  18.0  15.0 
   264  18.5  15.0 
   265  22.0  14.0 
   266  20.5  15.2 
   267  19.0  15.0 
   268  19.0  14.8 
   269  18.5  11.5 
   270  19.0  12.2 
   271  19.0  14.0 
   272  21.0  13.8 
   273  22.5  13.5 
   274  22.0  15.0 
   275  22.5  13.4 
   276  22.5  12.4 
   277  21.5  12.0 
   278  22.0  12.5 
   279  23.0  13.8 
   280  23.0  13.5 
   281  22.5  12.5 
   282  22.4  12.5 
   283  22.4  12.4 
   284  21.8  12.0 
   285  24.0  12.5 
   286  23.5  13.0 
   287  23.0  13.0 
   288  23.0  12.8 
   289  23.0  12.9 
   290  19.5  12.4 
   291  21.5  12.0 
   292  21.5  11.4 
   293  21.5  11.0 
   294  20.5  10.7 
   295  19.5   9.5 
   296  19.5   9.5 
   297  20.5   9.5 
   298  20.8  10.2 
   299  20.5   9.5 
   300  21.0   8.0 
   301  18.0   9.0 
   302  17.5   6.4 
   303  19.0   5.2 
   304  18.5   5.4 
   305  19.0   5.0 
   306  11.0   4.5 
   307  11.0   5.5 
   308  14.5   5.0 
   309  11.5   5.5 
   310  14.8   4.8 
   311  15.0   5.0 
   312  18.5   5.0 
   313  18.8   7.3 
   314  18.0  11.8 
   315  18.0   6.0 
   316  16.5   6.4 
   317  14.5   6.5 
   318  15.5   4.5 
   319  16.0   4.4 
   320  10.0   3.5 
   321   9.5   4.0 
   322  11.0   4.0 
   323  16.5   5.0 
   324  14.6   5.5 
   325  15.0   5.4 
   326  16.0   5.5 
   327  19.0   5.4 
   328  17.5   6.0 
   329  17.0   6.0 
   330  17.5   5.0 
   331  17.5   4.0 
   332  14.5   3.3 
   333  13.5   3.8 
   334  17.0   4.0 
   335  19.5   6.2 
   336  17.0   5.0 
   337  14.0   4.5 
   338  10.0   3.5 
   339  12.0   4.0 
   340  13.5   4.4 
   341  15.0   4.2 
   342  17.0   4.5 
   343  16.5   3.4 
   344  13.0   3.3 
   345  11.0   1.5 
   346  11.0   1.0 
   347  12.2   2.0 
   348   8.5   0.5 
   349  10.0  -7.5 
   350  12.5   1.0 
   351  10.0   0.5 
   352  11.0   0.5 
   353  13.5   0.5 
   354  13.0   0.4 
   355  14.0   1.5 
   356  13.0   1.5 
   357  15.0   1.0 
   358  16.1   3.0 
   359  14.5   2.5 
   360  13.5   1.0 
   361  13.8   1.5 
   362  14.0   1.5 
   363  13.5   2.4 
   364  14.0   2.4 
   365  13.0   3.0 
