1981          Temperature for NAGARKOT                
        Tmax  Tmin
     1  14.0   4.2 
     2  10.2   4.8 
     3  12.1   4.9 
     4  11.0   2.4 
     5   8.0   2.8 
     6  10.0   1.7 
     7   7.0   0.6 
     8  10.5  -1.0 
     9  11.1  -0.8 
    10  12.0  -0.6 
    11  10.0   0.1 
    12  11.5   1.7 
    13  10.5   0.4 
    14  10.5   3.2 
    15  12.3   4.4 
    16  15.6   6.2 
    17  17.6   6.0 
    18  12.0   6.2 
    19  11.6   1.6 
    20  11.4   3.0 
    21  11.4   4.4 
    22   9.1   3.2 
    23   8.8   2.2 
    24   5.8   1.7 
    25  10.5   1.5 
    26  10.5   2.2 
    27  12.0   2.4 
    28  12.6   2.4 
    29  12.5   3.6 
    30  13.0   4.0 
    31  11.5   2.2 
    32  12.0   3.2 
    33  12.3   2.0 
    34  13.0   2.6 
    35  12.2   4.0 
    36  14.0   6.4 
    37  12.5   7.6 
    38  13.5   2.8 
    39  14.2   4.6 
    40  14.0   2.4 
    41   8.5   0.8 
    42   8.0   1.2 
    43   7.5   2.7 
    44  10.2   3.5 
    45  12.9   3.5 
    46  14.5   6.5 
    47  16.0   6.5 
    48  16.3   7.5 
    49  17.0   7.2 
    50  16.0   5.9 
    51  16.0   7.1 
    52  16.5   6.4 
    53  16.9   6.9 
    54  17.5   7.2 
    55  16.9   8.3 
    56  17.0   9.0 
    57  17.5  10.0 
    58  17.6   7.3 
    59  10.4   6.6 
    60  15.9   5.1 
    61  16.6   7.2 
    62  17.1   4.7 
    63  17.7   5.9 
    64  16.2   6.5 
    65  18.9   8.1 
    66  16.3   5.7 
    67  17.8   8.6 
    68  17.6   8.8 
    69  17.0   6.8 
    70  17.0   7.3 
    71  16.9   7.4 
    72  15.3   6.8 
    73  16.9   7.2 
    74  17.8   7.9 
    75   9.0   6.4 
    76  15.0   5.4 
    77  18.0   7.0 
    78  18.5   8.2 
    79  17.2   7.4 
    80  20.0   8.6 
    81  18.0   7.4 
    82  20.5   8.4 
    83  19.0   8.6 
    84  17.5   6.8 
    85  16.5   5.0 
    86  12.5   4.8 
    87  13.5   7.4 
    88  14.5   7.8 
    89  11.5   7.6 
    90  15.3   7.6 
    91  15.6   6.0 
    92  17.7   6.7 
    93  18.1   8.6 
    94  19.0  10.8 
    95  19.2   7.8 
    96  20.3   9.4 
    97  22.0   7.8 
    98  20.5  10.4 
    99  19.5  10.8 
   100  19.5  10.6 
   101  21.1  10.1 
   102  18.3   8.0 
   103  16.5  10.4 
   104  19.8  10.8 
   105  19.8  11.4 
   106  16.0  10.0 
   107  18.0   8.4 
   108  18.0   4.4 
   109  18.7   8.4 
   110  16.0   9.6 
   111  18.0  10.2 
   112  19.8  11.2 
   113  21.0  11.2 
   114  19.5  11.0 
   115  20.7  12.8 
   116  13.5  10.0 
   117  20.5   9.2 
   118  19.7  11.5 
   119  19.8  11.2 
   120  19.5  13.0 
   121  21.1  12.0 
   122  20.5  12.9 
   123  20.0  12.0 
   124  23.3  11.5 
   125  23.0  13.0 
   126  16.4  11.7 
   127  21.0  11.3 
   128  21.8  11.0 
   129  20.8  12.5 
   130  20.0  12.6 
   131  19.8  13.0 
   132  22.0  11.6 
   133  19.2  11.8 
   134  22.0  13.8 
   135  20.8   9.8 
   136  21.1  11.6 
   137  22.5  10.2 
   138  22.5  12.9 
   139  20.6  13.0 
   140  22.5  14.4 
   141  20.5  13.4 
   142  23.5  12.5 
   143  19.5  10.8 
   144  20.0  11.2 
   145  21.2  12.0 
   146  22.0  13.4 
   147  20.2  12.4 
   148  20.0   9.4 
   149  21.5  12.8 
   150  19.6  11.6 
   151  22.4  13.4 
   152  21.5  13.4 
   153  20.4  13.4 
   154  23.5  15.8 
   155  23.0  14.4 
   156  23.5   9.4 
   157  21.5  13.8 
   158  21.2  14.2 
   159  23.0  14.2 
   160  22.0  14.2 
   161  22.0  14.6 
   162  23.4  15.0 
   163  24.7  16.0 
   164  25.0  17.2 
   165  27.5  15.4 
   166  23.3  16.6 
   167  24.4  15.0 
   168  24.0  14.6 
   169  22.5  14.2 
   170  22.3  15.2 
   171  24.0  15.8 
   172  23.0  15.0 
   173  22.8  16.0 
   174  23.0  15.8 
   175  24.0  15.8 
   176  24.5  15.6 
   177  20.5  15.4 
   178  19.2  15.8 
   179  17.7  15.6 
   180  19.8  15.6 
   181  22.0  15.2 
   182  20.2  15.0 
   183  23.7  15.8 
   184  20.6  16.4 
   185  21.5  15.8 
   186  19.2  15.6 
   187  23.5  16.2 
   188  24.8  16.4 
   189  24.8  16.0 
   190  22.5  16.1 
   191  21.3  16.0 
   192  21.3  16.9 
   193  21.2  14.9 
   194  22.3  14.7 
   195  23.0  14.5 
   196  20.6  16.0 
   197  22.0  16.0 
   198  23.2  15.2 
   199  21.8  15.2 
   200  23.0  15.8 
   201  23.0  15.6 
   202  24.3  15.6 
   203  25.0  15.2 
   204  24.8  14.6 
   205  24.0  15.2 
   206  22.5  15.8 
   207  20.6  15.8 
   208  18.2  15.8 
   209  22.0  15.6 
   210  23.0  16.0 
   211  20.4  15.8 
   212  22.5  16.4 
   213  24.2  15.8 
   214  22.2  15.4 
   215  22.5  14.4 
   216  24.0  14.4 
   217  23.0  15.4 
   218  25.6  15.0 
   219  24.0  15.4 
   220  21.4  16.4 
   221  24.2  16.0 
   222  23.0  16.0 
   223  21.5  16.2 
   224  20.5  15.2 
   225  23.6  15.8 
   226  22.2  16.2 
   227  23.5  16.2 
   228  23.5  16.2 
   229  24.0  15.4 
   230  20.0  15.8 
   231  17.5  16.6 
   232  21.3  15.0 
   233  23.5  15.4 
   234  22.3  16.0 
   235  22.0  15.2 
   236  22.1  15.4 
   237  19.6  12.6 
   238  21.8  13.4 
   239  23.6  15.0 
   240  22.2  15.8 
   241  21.5  15.4 
   242  20.8  15.8 
   243  19.7  14.6 
   244  21.5  15.6 
   245  23.0  15.6 
   246  21.0  13.4 
   247  22.5  14.2 
   248  21.5  15.0 
   249  21.2  13.6 
   250  23.0  14.0 
   251  22.0  14.1 
   252  19.6  14.4 
   253  18.0  14.4 
   254  22.6  14.0 
   255  20.0  14.8 
   256  22.7  14.0 
   257  18.0  13.6 
   258  17.2  13.6 
   259  21.0  13.4 
   260  20.4  14.0 
   261  22.2  13.2 
   262  19.2  13.4 
   263  21.0  12.2 
   264  20.0  13.0 
   265  21.5  14.2 
   266  22.2  14.8 
   267  26.2  16.0 
   268  24.5  16.2 
   269  23.3  15.6 
   270  21.3  14.6 
   271  21.5  14.6 
   272  18.3  12.8 
   273  20.6  12.2 
   274  20.0  13.6 
   275  21.2  12.4 
   276  20.7  12.8 
   277  20.7  12.2 
   278  21.3  12.4 
   279  21.0  12.4 
   280  20.3  12.2 
   281  20.8  12.8 
   282  19.5  12.0 
   283  19.3  11.0 
   284  19.5  11.6 
   285  19.3  11.2 
   286  22.0  10.8 
   287  21.5  12.0 
   288  19.6  11.0 
   289  18.7  11.6 
   290  21.0  10.6 
   291  21.3  10.4 
   292  22.5  10.6 
   293  19.5  11.4 
   294  18.7  10.8 
   295  19.0  11.2 
   296  19.5  11.0 
   297  21.5  11.4 
   298  19.6  11.0 
   299  14.5  10.2 
   300  17.5   8.6 
   301  18.3  11.2 
   302  16.8   8.8 
   303  16.6   8.0 
   304  17.8   9.2 
   305  18.6   9.6 
   306  18.5   9.8 
   307  18.0  11.2 
   308  17.0  10.4 
   309  16.4   9.4 
   310  17.7   7.8 
   311  14.2   8.5 
   312  18.0   8.4 
   313  18.2   8.2 
   314  17.0   7.8 
   315  17.0   6.0 
   316  16.8   6.8 
   317  14.5   6.4 
   318  14.8   3.6 
   319  15.4   6.7 
   320  17.8   6.9 
   321  18.4   6.7 
   322  17.5   7.8 
   323  15.2   8.8 
   324  16.0   6.2 
   325  16.0   6.0 
   326  17.6   4.8 
   327  15.0   5.2 
   328  15.5   8.4 
   329  15.0   5.4 
   330  14.2   4.2 
   331  14.8   4.6 
   332  14.5   4.4 
   333  13.8   5.0 
   334  14.5   4.8 
   335  14.8   3.8 
   336  14.8   4.4 
   337  15.5   6.4 
   338  14.5   6.0 
   339  14.0   5.0 
   340  14.8   4.4 
   341  13.5   5.4 
   342  14.5   5.2 
   343  14.0   4.0 
   344  15.5   5.8 
   345  12.2   5.0 
   346  13.0   3.8 
   347  11.5   4.4 
   348  11.5   3.8 
   349  12.0   3.8 
   350  11.5   2.2 
   351  12.2   1.4 
   352  10.6   2.0 
   353  11.0   1.2 
   354  11.5   1.8 
   355  10.0   2.0 
   356  13.5   2.4 
   357  13.3   3.2 
   358  11.0   2.8 
   359  12.0   2.6 
   360  11.7   5.2 
   361  11.5   3.4 
   362  13.5   3.6 
   363  11.5   4.0 
   364  11.0   2.2 
   365  11.5   3.2 
