      1    0.0
      2    0.0
      3    0.0
      4    0.0
      5    0.0
      6    0.0
      7    0.0
      8    0.0
      9    0.0
     10    0.0
     11    0.0
     12    0.0
     13    0.0
     14    0.0
     15    0.0
     16    0.0
     17    0.2
     18    0.0
     19    0.0
     20   12.2
     21    9.4
     22    0.1
     23    0.0
     24    0.0
     25    0.0
     26    0.0
     27    0.0
     28    0.0
     29    0.0
     30    0.0
     31    0.0
     32    0.0
     33    0.0
     34    0.0
     35    0.2
     36    0.0
     37    0.0
     38    0.0
     39    0.0
     40    0.0
     41    0.0
     42    0.0
     43    0.0
     44    0.0
     45    0.0
     46    0.0
     47    0.0
     48    0.0
     49    0.0
     50    0.0
     51    0.2
     52    0.0
     53    0.0
     54    0.0
     55    6.2
     56    0.0
     57    0.0
     58    0.0
     59    2.1
     60    0.0
     61    0.0
     62    0.0
     63    2.1
     64    0.0
     65    0.0
     66    0.0
     67    0.0
     68    0.0
     69    0.0
     70    0.0
     71    0.0
     72    0.0
     73    1.4
     74    0.0
     75    0.0
     76    0.0
     77    0.0
     78    0.0
     79    0.0
     80    0.0
     81    0.0
     82    0.0
     83    0.0
     84    0.0
     85    0.0
     86    0.0
     87    0.0
     88    0.0
     89   11.3
     90    0.2
     91    0.0
     92   13.2
     93    0.0
     94   19.0
     95    0.4
     96    0.0
     97    6.2
     98    0.1
     99    0.2
    100    1.0
    101    0.1
    102    0.2
    103    0.0
    104    0.2
    105    8.0
    106    0.0
    107    0.0
    108    0.0
    109    0.0
    110    0.0
    111    0.0
    112    0.0
    113   28.1
    114    0.0
    115    0.0
    116   11.2
    117   19.0
    118    7.3
    119    9.2
    120    8.0
    121    4.1
    122    2.4
    123    0.0
    124    0.0
    125    0.0
    126    0.0
    127    0.0
    128   14.2
    129   12.3
    130    0.0
    131    0.0
    132    0.0
    133    0.0
    134    0.0
    135    0.0
    136    0.0
    137    0.0
    138    0.0
    139    0.0
    140   13.0
    141   10.0
    142    0.0
    143    0.0
    144    0.0
    145    2.0
    146    1.1
    147    2.4
    148   12.4
    149    0.0
    150    1.2
    151    0.0
    152    0.0
    153    0.0
    154    0.0
    155   12.4
    156    0.2
    157    0.0
    158    0.0
    159    0.1
    160    0.0
    161    6.2
    162    2.0
    163    0.0
    164    0.0
    165    0.0
    166    2.3
    167    2.2
    168    0.0
    169   19.1
    170    1.3
    171    0.0
    172    0.0
    173   26.2
    174   39.4
    175   20.0
    176    7.2
    177   27.3
    178   22.2
    179   18.2
    180   20.0
    181   33.2
    182   62.3
    183    0.0
    184    1.4
    185    9.1
    186   22.2
    187   36.2
    188    5.3
    189   42.2
    190   39.2
    191    1.3
    192   19.1
    193    9.2
    194    0.4
    195   14.2
    196    0.0
    197    4.4
    198   39.2
    199    4.2
    200   16.2
    201   16.1
    202    6.2
    203    9.2
    204   34.0
    205   16.2
    206    6.2
    207    0.0
    208   11.2
    209   26.2
    210   10.2
    211   25.3
    212    1.1
    213    0.1
    214   10.1
    215   24.2
    216   14.3
    217   32.2
    218   20.1
    219    0.0
    220    4.2
    221    3.2
    222   50.0
    223    6.1
    224   18.0
    225   18.2
    226   36.4
    227   22.0
    228   12.0
    229   15.1
    230   70.1
    231    7.3
    232   25.3
    233    4.0
    234    1.3
    235    0.0
    236    2.1
    237    1.2
    238    0.1
    239    0.0
    240    0.0
    241    0.0
    242    0.1
    243    0.0
    244    0.0
    245    0.0
    246    0.0
    247    0.0
    248    4.1
    249   14.2
    250    8.1
    251    2.0
    252    0.0
    253    0.0
    254    0.0
    255    4.1
    256    2.3
    257    6.1
    258    9.2
    259   32.2
    260    0.2
    261    0.1
    262    0.0
    263    0.0
    264   18.2
    265    0.0
    266    0.0
    267    0.0
    268    0.1
    269    0.0
    270    0.0
    271    0.0
    272    0.0
    273    0.0
    274    0.0
    275    0.0
    276    0.0
    277   15.2
    278    0.0
    279    0.0
    280    0.0
    281    0.0
    282    0.0
    283    9.3
    284    0.0
    285    0.0
    286    2.2
    287    0.0
    288    0.0
    289    0.0
    290    0.0
    291    0.0
    292    0.0
    293    0.0
    294    0.0
    295    1.4
    296    0.0
    297    0.1
    298    0.0
    299    0.0
    300    0.0
    301    0.0
    302    0.0
    303    4.2
    304    1.3
    305    0.0
    306    0.0
    307    0.0
    308    0.0
    309    0.0
    310    0.0
    311    0.0
    312    0.0
    313    0.0
    314    0.0
    315    0.0
    316    0.0
    317    0.0
    318    0.0
    319    0.0
    320    0.0
    321    0.0
    322    0.0
    323    0.1
    324    0.1
    325    0.0
    326    0.0
    327    0.0
    328    0.0
    329    0.0
    330    3.1
    331    1.1
    332    0.0
    333    0.0
    334    0.0
    335    7.0
    336   10.2
    337    0.0
    338    0.0
    339    0.0
    340    0.0
    341    0.0
    342    0.0
    343   10.1
    344   33.2
    345   18.2
    346    0.0
    347    0.0
    348    0.0
    349   12.2
    350    0.0
    351    0.0
    352    0.0
    353    0.0
    354    0.0
    355    0.0
    356    0.0
    357    0.0
    358    0.0
    359    0.0
    360    0.0
    361    0.0
    362    0.0
    363    0.0
    364    0.0
    365    0.0
