      1    0.0
      2    0.0
      3    0.0
      4    0.0
      5    0.0
      6    0.0
      7    0.0
      8    0.0
      9    4.0
     10    0.3
     11    0.0
     12    0.0
     13    0.0
     14    0.0
     15    0.0
     16    0.0
     17    0.0
     18    1.2
     19    0.3
     20    0.0
     21    0.0
     22    0.0
     23    0.0
     24    0.0
     25    0.0
     26    0.0
     27    0.0
     28    0.0
     29    0.0
     30    0.0
     31    0.0
     32    0.0
     33    0.0
     34    0.0
     35    0.0
     36    0.0
     37    7.4
     38    0.0
     39    0.0
     40    0.0
     41    0.0
     42    0.0
     43    0.0
     44    0.0
     45    0.0
     46    0.0
     47   10.0
     48   10.2
     49    0.0
     50    0.0
     51    0.0
     52    0.0
     53    0.0
     54    8.4
     55    3.1
     56    0.0
     57    0.0
     58    0.0
     59    0.0
     60    0.0
     61    0.0
     62    0.0
     63    0.0
     64    0.0
     65    0.0
     66    0.0
     67    1.3
     68    0.0
     69    0.0
     70    0.0
     71    0.0
     72    0.0
     73    0.0
     74    0.0
     75    0.0
     76    0.0
     77    0.0
     78    0.0
     79    0.0
     80    0.0
     81    0.0
     82    0.0
     83    0.0
     84    0.0
     85    3.0
     86   34.0
     87    0.0
     88    0.0
     89    4.0
     90    0.0
     91    0.0
     92    0.0
     93    0.0
     94    0.0
     95    0.0
     96    0.0
     97    0.0
     98    0.0
     99    0.0
    100    0.0
    101    0.0
    102    0.0
    103    0.0
    104    0.0
    105    0.0
    106    0.0
    107    7.4
    108    0.0
    109    0.0
    110    0.0
    111    0.0
    112    0.0
    113    0.0
    114    0.0
    115    0.0
    116    0.0
    117    0.0
    118    0.3
    119    0.0
    120    0.0
    121    0.0
    122    0.0
    123    0.0
    124    0.0
    125    0.0
    126    0.0
    127    0.0
    128    0.0
    129    0.0
    130    0.0
    131   16.3
    132    0.0
    133    5.3
    134    0.0
    135   24.3
    136    1.4
    137   13.0
    138    1.0
    139    0.0
    140    0.0
    141    0.0
    142    0.0
    143    0.0
    144    0.0
    145    0.0
    146    0.0
    147    0.0
    148    0.0
    149    0.0
    150    0.0
    151    0.0
    152    0.0
    153    0.0
    154   60.0
    155   90.0
    156   14.0
    157   12.0
    158    5.2
    159    1.4
    160    7.0
    161    3.4
    162   49.2
    163   30.0
    164   72.0
    165    1.2
    166   11.0
    167   11.0
    168   28.0
    169   55.0
    170    5.0
    171   24.3
    172    1.4
    173   14.0
    174    3.0
    175   19.3
    176   12.0
    177    2.1
    178   12.4
    179   33.4
    180    0.0
    181    0.4
    182    4.3
    183    1.4
    184    6.4
    185    3.0
    186    0.2
    187    5.4
    188   15.2
    189   29.2
    190    5.2
    191   22.2
    192   48.2
    193    2.4
    194    0.0
    195   26.2
    196    0.2
    197    0.0
    198   11.4
    199   73.4
    200    0.1
    201    9.3
    202    2.0
    203    4.2
    204    1.2
    205    0.2
    206    1.1
    207    1.0
    208    0.0
    209    7.0
    210    8.0
    211    0.3
    212   38.1
    213    8.3
    214   21.1
    215    3.2
    216    1.4
    217    3.0
    218    0.0
    219   13.1
    220    5.3
    221    2.1
    222    0.3
    223    0.4
    224    1.3
    225   33.3
    226    8.1
    227    4.1
    228   50.2
    229    0.1
    230    6.0
    231    5.3
    232   51.1
    233    5.1
    234    2.1
    235   30.4
    236   14.4
    237    0.3
    238   14.4
    239    4.4
    240    1.1
    241   16.3
    242   24.0
    243    0.3
    244    0.0
    245    0.0
    246    0.1
    247    2.1
    248    1.3
    249    4.2
    250    0.3
    251    0.2
    252    1.0
    253    0.0
    254    0.0
    255    0.0
    256    0.0
    257    0.0
    258    0.0
    259   13.1
    260    0.3
    261   24.2
    262   11.3
    263    5.3
    264    0.0
    265    0.1
    266    0.0
    267    0.0
    268    0.3
    269    0.0
    270    7.1
    271    0.0
    272    0.2
    273    6.0
    274    3.1
    275    0.0
    276    0.0
    277   10.2
    278    0.0
    279    0.0
    280    0.0
    281    0.0
    282    0.0
    283    0.0
    284   20.2
    285    0.2
    286    0.0
    287    0.0
    288    0.0
    289    0.0
    290    0.0
    291    0.0
    292    0.0
    293    0.0
    294    0.0
    295    0.0
    296    0.0
    297    0.0
    298    0.0
    299    0.0
    300    0.0
    301    0.0
    302    0.0
    303    0.0
    304    0.0
    305    0.0
    306    0.0
    307    0.0
    308    0.0
    309    0.0
    310    0.0
    311    0.0
    312    0.0
    313    0.0
    314   48.4
    315   34.4
    316    0.0
    317    0.0
    318    0.0
    319    0.0
    320    0.0
    321    0.0
    322    0.0
    323    0.0
    324    0.0
    325    0.0
    326    0.0
    327    0.0
    328    0.0
    329    0.0
    330    0.2
    331    7.2
    332    0.0
    333    0.0
    334    0.0
    335    0.0
    336    0.0
    337    0.0
    338    0.0
    339    0.0
    340    0.0
    341    0.0
    342    0.0
    343    0.0
    344   48.4
    345   34.4
    346    0.0
    347    0.0
    348    0.0
    349    0.0
    350    0.0
    351    0.0
    352    0.0
    353    0.0
    354    0.0
    355    0.0
    356    0.0
    357    0.0
    358    0.0
    359    0.0
    360    0.0
    361    0.0
    362    0.0
    363    0.0
    364    0.0
    365    0.0
