      1    0.0
      2    0.0
      3    0.0
      4    0.0
      5    0.0
      6    0.0
      7    0.0
      8    0.0
      9    0.0
     10    0.0
     11    0.0
     12    0.0
     13    0.0
     14    0.0
     15    0.0
     16    0.0
     17    0.0
     18    0.0
     19    0.0
     20    0.0
     21    0.0
     22    0.0
     23    0.0
     24    0.0
     25    0.0
     26    0.0
     27    0.0
     28    0.0
     29    0.0
     30    0.2
     31    0.0
     32    0.0
     33    0.0
     34    0.0
     35    0.0
     36    0.0
     37    0.0
     38    0.0
     39    0.0
     40    0.0
     41    0.0
     42    0.0
     43    0.0
     44    0.0
     45    0.0
     46    0.0
     47    0.0
     48    0.0
     49    0.0
     50    0.0
     51    0.0
     52    0.0
     53    0.1
     54    0.0
     55    0.0
     56   18.2
     57    3.3
     58    0.0
     59    0.0
     60    0.0
     61    0.0
     62    0.0
     63    0.0
     64    0.0
     65   20.2
     66    1.0
     67    0.0
     68    0.0
     69    0.0
     70    0.0
     71    0.0
     72    0.1
     73    0.0
     74    0.0
     75    0.0
     76    0.0
     77    0.0
     78    2.2
     79    0.0
     80    0.0
     81    0.0
     82    0.0
     83    5.3
     84    1.3
     85    0.0
     86    0.0
     87    0.0
     88    3.1
     89   32.1
     90    4.1
     91    0.0
     92    0.0
     93    0.0
     94    1.2
     95    3.2
     96   23.2
     97    0.0
     98    0.0
     99    0.0
    100    0.0
    101    0.0
    102    0.0
    103    0.0
    104    0.0
    105    0.0
    106    0.0
    107    0.0
    108    0.0
    109    1.2
    110   18.3
    111    0.0
    112    0.0
    113    0.0
    114    0.0
    115    0.0
    116    7.2
    117    6.0
    118    0.0
    119    0.0
    120    0.0
    121    0.0
    122   12.2
    123    7.0
    124   11.3
    125   55.1
    126   59.0
    127    4.2
    128   14.2
    129    0.0
    130    0.0
    131    0.0
    132    3.4
    133    0.0
    134    0.0
    135   28.3
    136   22.3
    137    0.0
    138    0.0
    139    0.1
    140   14.0
    141    0.0
    142    6.2
    143    0.0
    144   19.3
    145    0.0
    146    0.0
    147    4.3
    148   19.0
    149    1.4
    150    0.0
    151    0.0
    152    0.0
    153    0.0
    154    0.0
    155    3.2
    156    0.0
    157    0.0
    158    0.0
    159    0.0
    160    0.0
    161    0.0
    162    0.0
    163    0.0
    164    0.0
    165    1.3
    166   15.2
    167   22.2
    168    0.0
    169    0.0
    170   25.1
    171   22.3
    172   50.0
    173   12.4
    174   39.4
    175    5.3
    176    3.2
    177   15.1
    178    5.2
    179    8.3
    180    5.3
    181    2.4
    182   41.2
    183   32.1
    184    7.2
    185    2.4
    186    4.1
    187    2.1
    188   11.2
    189   43.4
    190   46.3
    191    2.3
    192    0.0
    193   15.1
    194    4.1
    195    2.1
    196   13.2
    197    4.3
    198   24.2
    199    4.1
    200   18.2
    201    2.3
    202   14.3
    203    6.2
    204    2.1
    205   30.1
    206   34.1
    207    4.2
    208    5.1
    209    3.0
    210    1.2
    211   12.2
    212    0.3
    213   21.2
    214    1.4
    215   10.1
    216   21.2
    217    9.0
    218    1.4
    219   29.1
    220    4.1
    221   26.2
    222   14.2
    223   11.0
    224    2.1
    225   68.0
    226    2.2
    227   24.0
    228    2.0
    229   23.0
    230    7.2
    231   44.0
    232    0.2
    233   64.1
    234   12.0
    235   11.0
    236    0.3
    237   19.1
    238   13.1
    239   59.3
    240    0.0
    241    0.0
    242    0.2
    243   21.2
    244   28.3
    245    5.3
    246   19.1
    247    0.0
    248    9.1
    249    9.0
    250    7.1
    251    2.1
    252    0.0
    253    9.1
    254    1.2
    255    0.0
    256    0.0
    257    0.0
    258    0.0
    259    0.0
    260    0.0
    261    2.1
    262    0.0
    263    0.0
    264    0.0
    265    3.4
    266    0.3
    267    0.0
    268    1.2
    269    0.0
    270    0.0
    271    2.1
    272    0.2
    273    0.1
    274    3.1
    275    0.3
    276   20.4
    277    4.3
    278    0.3
    279    0.0
    280    0.0
    281    0.0
    282    0.0
    283    0.0
    284    0.0
    285    0.0
    286    0.0
    287    0.0
    288    0.0
    289    0.0
    290    0.0
    291    0.0
    292    8.1
    293    0.0
    294    0.0
    295    0.0
    296    0.0
    297    0.0
    298    0.0
    299    0.0
    300    0.0
    301    0.0
    302    0.0
    303    0.0
    304    0.0
    305    0.0
    306    0.0
    307    0.0
    308    0.0
    309    0.0
    310    0.0
    311    0.0
    312    0.0
    313    0.0
    314    0.0
    315    0.0
    316    0.0
    317    0.0
    318    0.0
    319    0.0
    320    0.0
    321    0.1
    322    6.1
    323    0.3
    324    0.0
    325    0.0
    326    0.0
    327    0.0
    328    0.0
    329    0.0
    330    0.0
    331    0.0
    332    0.0
    333    0.0
    334    0.0
    335    0.0
    336    0.0
    337    0.0
    338    0.0
    339    0.0
    340    0.0
    341    0.0
    342    0.0
    343    0.0
    344    0.0
    345    0.0
    346    0.0
    347    0.0
    348    0.0
    349    0.0
    350    0.0
    351    0.0
    352    0.0
    353    0.0
    354    0.0
    355    0.0
    356    0.0
    357    0.0
    358    0.0
    359    0.0
    360    0.0
    361    0.0
    362    0.0
    363    0.0
    364    0.0
    365    0.0
