      1    0.0
      2    0.0
      3    0.0
      4    0.0
      5    0.0
      6    0.0
      7    0.0
      8    0.0
      9    0.0
     10    0.0
     11    0.0
     12    0.0
     13    0.0
     14    0.0
     15    0.0
     16    0.0
     17    0.0
     18    0.0
     19    0.0
     20    0.0
     21    0.0
     22    0.0
     23    0.0
     24    0.0
     25    0.0
     26    0.0
     27    0.0
     28    0.0
     29    0.0
     30    0.0
     31    0.0
     32    0.0
     33    0.0
     34    2.0
     35    0.0
     36    0.0
     37    0.0
     38    0.0
     39    0.0
     40    0.0
     41    0.0
     42   15.3
     43    0.0
     44    0.0
     45    0.0
     46    0.0
     47    0.0
     48    0.0
     49    0.0
     50    0.0
     51    0.0
     52    0.0
     53    0.0
     54    0.0
     55    6.7
     56    0.7
     57   15.0
     58   10.2
     59   16.5
     60    0.0
     61    0.0
     62    0.0
     63    0.0
     64    0.0
     65    0.0
     66    0.0
     67    0.0
     68    0.0
     69    0.0
     70    0.0
     71    0.0
     72    0.0
     73    0.0
     74    0.0
     75    0.0
     76    0.0
     77    0.0
     78   10.8
     79    6.2
     80    6.3
     81    0.0
     82    4.6
     83    5.3
     84   23.4
     85   32.5
     86    5.7
     87    0.0
     88   38.5
     89   22.1
     90   12.3
     91   22.0
     92   24.2
     93   16.4
     94   21.3
     95   11.4
     96   17.3
     97    0.0
     98    5.3
     99   22.5
    100    0.0
    101    0.0
    102    0.0
    103    0.0
    104    0.0
    105   20.5
    106   15.9
    107   10.1
    108    0.0
    109    0.0
    110    4.4
    111   67.5
    112    T  
    113    0.0
    114    0.0
    115    0.0
    116    0.0
    117    0.0
    118    0.0
    119    0.0
    120   23.1
    121    0.0
    122   53.0
    123    0.0
    124    1.2
    125    9.6
    126    0.0
    127   16.1
    128    T  
    129    0.0
    130    7.0
    131    8.7
    132   10.8
    133   10.0
    134    0.0
    135    0.0
    136    2.6
    137    0.0
    138    0.0
    139    1.6
    140    0.0
    141   11.5
    142   17.6
    143    2.4
    144    4.1
    145    4.0
    146   24.4
    147    0.0
    148   15.3
    149    0.0
    150   29.0
    151    2.1
    152    T  
    153    T  
    154    T  
    155    1.0
    156    7.5
    157    5.0
    158    0.0
    159   10.0
    160    0.0
    161    0.0
    162   35.1
    163    0.0
    164    5.2
    165    T  
    166    T  
    167    2.5
    168    0.0
    169    0.0
    170    0.0
    171    4.8
    172    7.6
    173    0.0
    174    4.4
    175    T  
    176    1.1
    177   31.6
    178   28.3
    179    3.0
    180    7.5
    181   43.2
    182   64.5
    183    4.8
    184    0.0
    185   13.3
    186    0.0
    187   10.8
    188   10.4
    189    2.0
    190   51.2
    191   42.0
    192   41.1
    193    2.0
    194    1.0
    195   57.0
    196    0.0
    197   18.2
    198   60.3
    199   50.1
    200   14.4
    201    0.0
    202   80.2
    203    3.4
    204    9.1
    205    2.9
    206   41.5
    207   76.4
    208   61.0
    209   21.0
    210    1.2
    211    9.7
    212   13.1
    213    3.3
    214    2.4
    215   31.2
    216    8.9
    217   33.5
    218   20.7
    219   21.5
    220    8.9
    221   19.9
    222    2.3
    223    T  
    224   42.0
    225   44.2
    226    0.0
    227   26.9
    228   17.3
    229   25.5
    230   14.4
    231    2.3
    232   42.5
    233   11.2
    234    4.5
    235   60.7
    236   37.0
    237    1.5
    238    6.7
    239   45.0
    240    1.6
    241   99.0
    242   28.7
    243    0.0
    244   11.6
    245    0.0
    246   17.0
    247   20.6
    248   44.0
    249   30.0
    250    5.1
    251   23.4
    252   11.4
    253    0.0
    254    0.0
    255    0.0
    256    0.0
    257    0.0
    258   21.0
    259   11.0
    260    0.0
    261    6.1
    262   15.0
    263    1.0
    264    0.0
    265   22.0
    266    1.5
    267    6.1
    268   28.3
    269    0.0
    270    9.2
    271    2.3
    272    0.0
    273    0.0
    274    0.0
    275    T  
    276    2.1
    277    T  
    278   66.0
    279  141.9
    280   47.5
    281    7.5
    282    0.0
    283    3.0
    284    0.0
    285    0.0
    286    0.0
    287    0.0
    288    0.0
    289    0.0
    290    0.0
    291    0.0
    292    T  
    293    0.0
    294    0.0
    295    0.0
    296    0.0
    297    0.0
    298    0.0
    299    0.0
    300    0.0
    301    0.0
    302    0.0
    303    0.0
    304    0.0
    305    0.0
    306    0.0
    307    0.0
    308    0.0
    309    0.0
    310    0.0
    311    0.0
    312    T  
    313    0.0
    314    0.0
    315    0.0
    316    0.0
    317    0.0
    318    0.0
    319    0.0
    320    0.0
    321    0.0
    322    0.0
    323    0.0
    324    0.0
    325    0.0
    326    0.0
    327    0.0
    328    0.0
    329    0.0
    330    0.0
    331    0.0
    332    0.0
    333    0.0
    334    0.0
    335    0.0
    336    0.0
    337    0.0
    338    0.0
    339    0.0
    340    0.0
    341    0.0
    342    0.0
    343    0.0
    344    0.0
    345    0.0
    346    0.0
    347    0.0
    348    0.0
    349    0.0
    350    0.0
    351    T  
    352    0.0
    353    0.0
    354    0.0
    355    0.0
    356    0.0
    357    0.0
    358    9.5
    359    0.0
    360    0.0
    361    0.0
    362    0.0
    363    0.0
    364   18.5
    365    T  
