      1    0.0
      2    0.0
      3    0.0
      4    0.0
      5    0.0
      6    0.0
      7    0.0
      8    0.0
      9    0.0
     10    0.0
     11    2.0
     12    8.0
     13    3.3
     14    7.2
     15    0.0
     16    0.0
     17    0.0
     18    0.0
     19    1.0
     20    0.0
     21    0.0
     22    7.6
     23   14.4
     24    1.5
     25   16.8
     26    0.0
     27    0.0
     28    0.0
     29    0.0
     30    3.8
     31    5.6
     32    0.0
     33    0.0
     34    0.0
     35    0.0
     36    0.0
     37   14.4
     38    0.0
     39    0.0
     40    0.0
     41    0.0
     42    4.2
     43    0.0
     44    0.0
     45    0.0
     46    0.7
     47    0.0
     48    0.0
     49    0.0
     50    0.0
     51    0.0
     52    0.0
     53   25.5
     54    0.0
     55    9.8
     56    0.3
     57    0.0
     58    0.0
     59    4.5
     60    5.9
     61    0.0
     62    0.0
     63    0.0
     64    0.0
     65    0.0
     66   12.2
     67    0.0
     68    3.5
     69    0.0
     70    5.3
     71    4.8
     72    1.3
     73    0.0
     74    0.0
     75   32.5
     76    8.3
     77    0.0
     78    0.0
     79    9.7
     80   21.0
     81   19.9
     82    0.0
     83    0.0
     84    0.0
     85    0.1
     86   18.4
     87    0.0
     88    0.5
     89    6.0
     90   27.2
     91   21.3
     92    2.3
     93    1.1
     94    0.0
     95   13.2
     96    0.0
     97    0.7
     98    0.0
     99    0.0
    100    0.3
    101    1.0
    102   11.2
    103    5.4
    104    0.9
    105   12.3
    106   19.8
    107   31.9
    108   47.9
    109    0.0
    110    8.1
    111    0.0
    112    0.7
    113   50.9
    114   12.5
    115    0.0
    116   10.2
    117    0.0
    118    0.0
    119    0.0
    120    6.9
    121    7.2
    122    0.0
    123   16.5
    124    0.4
    125    3.8
    126    0.0
    127    1.2
    128   33.5
    129    2.3
    130    0.0
    131    2.1
    132    1.0
    133    1.3
    134    0.0
    135   11.5
    136   11.6
    137   13.2
    138    0.0
    139    0.0
    140    0.0
    141    8.2
    142    2.4
    143   17.8
    144    0.3
    145    0.0
    146    0.0
    147   39.7
    148   15.6
    149    4.0
    150    1.5
    151    0.0
    152    0.3
    153    3.7
    154    2.4
    155    8.0
    156    7.2
    157    7.5
    158    0.0
    159   18.7
    160    4.5
    161    1.0
    162    4.1
    163    0.0
    164    1.9
    165    5.3
    166    7.2
    167    2.2
    168   29.5
    169   40.0
    170    1.0
    171    1.3
    172   17.5
    173    1.3
    174    5.5
    175    8.0
    176    8.3
    177   12.1
    178   17.4
    179   27.0
    180   33.4
    181   60.5
    182   10.8
    183   24.9
    184    8.2
    185   17.7
    186   40.5
    187   28.5
    188    5.5
    189   39.8
    190    3.9
    191   15.4
    192    0.2
    193   76.3
    194   39.4
    195   32.4
    196    1.5
    197   42.2
    198   19.8
    199   14.1
    200   46.3
    201   22.5
    202   21.0
    203   34.3
    204   23.6
    205   63.9
    206    4.7
    207   45.5
    208   77.2
    209   79.1
    210   38.0
    211   14.0
    212   45.6
    213   45.5
    214   73.3
    215   75.8
    216   45.3
    217   15.5
    218   46.5
    219   10.8
    220   14.9
    221    0.3
    222   23.8
    223   13.6
    224   11.2
    225   25.4
    226   14.5
    227   17.5
    228   34.6
    229   37.0
    230   15.2
    231   43.7
    232   42.2
    233    1.7
    234   17.5
    235   33.3
    236   29.9
    237    1.5
    238    3.4
    239    5.2
    240    5.9
    241    3.4
    242   19.5
    243   47.6
    244   28.5
    245   22.0
    246   14.3
    247    0.0
    248    6.6
    249   34.3
    250   43.7
    251   16.0
    252   36.0
    253   51.9
    254    2.0
    255    1.6
    256    2.2
    257    6.1
    258    8.1
    259    5.5
    260   12.7
    261   65.5
    262    4.8
    263   29.3
    264    5.8
    265    0.0
    266    0.0
    267    0.0
    268    5.7
    269    0.2
    270   14.7
    271    7.0
    272   79.6
    273   19.8
    274    0.0
    275    9.6
    276    0.6
    277   28.3
    278    0.0
    279    0.0
    280    0.0
    281    0.0
    282    0.4
    283    0.0
    284    0.0
    285    0.0
    286    1.1
    287    0.0
    288    0.0
    289    0.0
    290    0.0
    291    0.0
    292    0.0
    293    0.0
    294    0.0
    295    0.0
    296    0.0
    297    0.0
    298    0.0
    299    2.3
    300    4.5
    301    0.0
    302    0.0
    303    0.0
    304    0.0
    305    0.0
    306    0.0
    307    0.6
    308   18.3
    309    0.1
    310    0.0
    311   17.4
    312   30.4
    313    0.0
    314    7.2
    315    1.0
    316    1.2
    317    7.5
    318   18.5
    319    0.0
    320    0.0
    321    0.0
    322    0.0
    323    0.0
    324    0.0
    325    0.0
    326    0.0
    327    0.0
    328    0.0
    329    0.0
    330    0.0
    331    0.0
    332    0.0
    333    0.0
    334    0.0
    335    0.0
    336    0.0
    337    0.0
    338    0.0
    339    0.0
    340    0.0
    341    0.0
    342    0.0
    343    0.0
    344    0.0
    345    0.0
    346    0.0
    347    0.0
    348    0.0
    349    0.0
    350    0.0
    351    0.0
    352    0.0
    353    0.0
    354    0.0
    355    0.0
    356    0.0
    357    0.0
    358    0.0
    359    0.0
    360    0.0
    361    0.0
    362    0.0
    363    0.0
    364    0.0
    365    0.0
