      1    0.0
      2    0.0
      3    0.0
      4    0.0
      5    0.0
      6    0.0
      7    0.0
      8    0.0
      9    0.0
     10    4.2
     11    1.1
     12    T  
     13    0.0
     14    0.0
     15    0.0
     16    0.0
     17   10.0
     18   22.0
     19    4.1
     20    0.3
     21    0.0
     22    7.0
     23    9.6
     24    5.0
     25    9.6
     26    T  
     27    T  
     28    T  
     29    0.0
     30    0.0
     31   20.0
     32    T  
     33    0.0
     34    0.0
     35    0.0
     36    0.0
     37    0.0
     38    T  
     39    0.0
     40    0.0
     41    0.0
     42    6.2
     43    0.0
     44    0.0
     45    0.0
     46   18.5
     47    1.0
     48    0.0
     49    0.0
     50    0.0
     51    0.0
     52    0.0
     53    4.5
     54    0.0
     55    0.0
     56    0.0
     57    0.0
     58   15.4
     59    1.2
     60    2.8
     61    0.0
     62    0.0
     63    0.0
     64    0.0
     65    0.0
     66    0.0
     67    7.2
     68    0.0
     69    0.0
     70    2.9
     71    6.4
     72    0.0
     73    0.0
     74    0.0
     75    4.8
     76    0.0
     77    2.3
     78   28.0
     79   20.2
     80   14.0
     81    0.0
     82    0.0
     83    4.4
     84    0.0
     85    0.0
     86   15.2
     87    2.8
     88    0.0
     89    0.0
     90    0.0
     91    0.0
     92    0.0
     93    0.0
     94    0.0
     95    2.6
     96   12.4
     97    2.7
     98   10.2
     99    0.4
    100    0.0
    101    0.0
    102    0.0
    103    0.0
    104    0.0
    105    0.0
    106    1.3
    107    0.0
    108    0.0
    109    1.3
    110    0.0
    111    0.0
    112    0.0
    113    4.6
    114    6.9
    115   30.4
    116    T  
    117    T  
    118   34.4
    119   24.8
    120    8.4
    121    1.1
    122    8.4
    123    3.6
    124    1.5
    125    0.3
    126    5.9
    127    9.4
    128    1.5
    129   22.1
    130    4.0
    131    4.0
    132   10.0
    133   21.0
    134    1.0
    135   26.0
    136   38.3
    137    0.0
    138   90.0
    139    T  
    140    T  
    141    T  
    142   27.5
    143   44.0
    144   12.4
    145    7.3
    146    0.0
    147    4.4
    148    0.0
    149    0.0
    150    5.0
    151    6.4
    152    0.0
    153    6.2
    154   12.6
    155    0.0
    156    0.2
    157   26.8
    158    0.0
    159    0.0
    160    0.0
    161    0.0
    162    2.6
    163   10.6
    164    8.6
    165    0.0
    166    0.0
    167   22.1
    168   14.9
    169    6.3
    170   16.9
    171    2.8
    172   26.0
    173   17.4
    174   58.4
    175    0.0
    176   44.4
    177   85.8
    178   68.3
    179   16.2
    180   10.0
    181   22.7
    182   80.2
    183    8.5
    184   20.7
    185   16.8
    186   46.8
    187    6.3
    188   40.2
    189   59.2
    190   96.8
    191   15.8
    192   10.7
    193   10.2
    194   76.0
    195   14.2
    196   12.1
    197   74.6
    198    2.9
    199   36.0
    200   10.8
    201   58.2
    202   24.2
    203    5.2
    204   18.1
    205   30.4
    206   25.3
    207   80.5
    208    0.8
    209   13.0
    210    0.0
    211   48.4
    212   30.3
    213    0.0
    214    0.0
    215    0.0
    216   34.0
    217   56.9
    218   23.9
    219   24.9
    220    4.4
    221    6.4
    222    0.6
    223    9.1
    224   60.0
    225    0.2
    226   43.6
    227   34.8
    228   30.9
    229    0.0
    230    0.0
    231   96.0
    232    0.0
    233   12.1
    234   20.0
    235   30.6
    236   26.0
    237   22.7
    238   70.3
    239   14.2
    240    2.4
    241    0.0
    242    0.0
    243   20.7
    244    0.0
    245   24.0
    246   16.1
    247   16.3
    248    8.1
    249    0.0
    250    0.0
    251   60.4
    252    0.0
    253    0.0
    254    0.0
    255    0.0
    256    0.0
    257    5.7
    258   10.1
    259    0.0
    260    0.0
    261    4.2
    262    6.8
    263    0.0
    264   80.6
    265   40.0
    266    0.0
    267   20.3
    268   10.1
    269    3.0
    270    2.5
    271    2.1
    272    0.0
    273    1.3
    274    0.0
    275    0.0
    276    0.0
    277    0.0
    278   21.0
    279   20.0
    280   15.1
    281    0.0
    282    0.0
    283    0.0
    284    0.0
    285    0.0
    286    0.0
    287    0.0
    288    0.0
    289    0.0
    290    0.0
    291   40.0
    292   80.2
    293   34.4
    294   26.0
    295    0.0
    296    0.0
    297    0.0
    298   44.4
    299    0.0
    300    0.0
    301    0.0
    302    0.0
    303    2.8
    304    0.0
    305    1.2
    306    1.4
    307    0.0
    308    0.0
    309    0.0
    310    0.0
    311    0.0
    312    0.0
    313    0.0
    314    0.0
    315    0.0
    316    0.0
    317    0.0
    318    0.0
    319    0.0
    320    0.0
    321    0.0
    322    0.0
    323    0.0
    324    0.0
    325    0.0
    326    0.0
    327    0.0
    328    0.0
    329    0.0
    330    0.0
    331    0.0
    332    0.0
    333    0.0
    334    0.0
    335    0.0
    336    0.0
    337    0.0
    338    0.0
    339    0.0
    340    0.0
    341    0.0
    342    0.0
    343    0.0
    344    0.0
    345    0.0
    346    0.0
    347    0.0
    348    0.0
    349    0.0
    350    0.0
    351    0.0
    352    0.0
    353    0.0
    354    0.0
    355    0.0
    356    0.0
    357    0.0
    358    0.0
    359    0.0
    360    0.0
    361    0.0
    362    0.0
    363    0.0
    364    0.0
    365    0.0
