2009          Temperature for NEPALGUNJ (REG.OFF.)    
        Tmax  Tmin
     1  17.9   9.0 
     2  16.9  10.0 
     3  12.0   8.0 
     4  16.0   7.0 
     5  20.9   6.5 
     6  23.0   9.3 
     7  23.0  11.0 
     8  23.0  12.5 
     9  24.0   9.5 
    10  25.0  11.0 
    11  24.5  10.0 
    12  22.0   9.0 
    13  23.5   6.0 
    14  24.0   7.0 
    15  24.5   7.5 
    16  23.0  12.0 
    17  25.5  12.0 
    18  26.0  11.0 
    19  28.0  11.0 
    20  20.0   9.5 
    21  21.0  10.0 
    22  23.0   9.5 
    23  21.0  12.5 
    24  21.0  12.5 
    25  24.5  14.5 
    26  26.0  14.0 
    27  26.0  14.5 
    28  24.5  10.5 
    29  22.0  11.0 
    30  22.5   8.6 
    31  22.0   6.0 
    32  22.0   9.5 
    33  24.0   9.5 
    34  24.5  10.0 
    35  26.0  10.0 
    36  28.5  11.5 
    37  28.5  12.0 
    38  28.0  10.0 
    39  26.0  11.0 
    40  27.0  10.5 
    41  28.0  12.0 
    42  28.0  16.0 
    43  26.0  12.0 
    44  22.0  10.3 
    45  26.0  11.0 
    46  28.0  14.0 
    47  26.0  10.8 
    48  27.5  10.0 
    49  28.0  11.0 
    50  27.0  10.5 
    51  29.0  12.0 
    52  30.0  14.0 
    53  29.0  12.5 
    54  30.0  12.5 
    55  30.0  14.6 
    56  30.0  14.6 
    57  28.0  13.0 
    58  28.0  12.0 
    59  27.0  11.0 
    60  28.0  14.5 
    61  30.5  14.5 
    62  32.0  15.0 
    63  33.0  16.0 
    64  32.0  15.5 
    65  33.0  15.3 
    66  31.9  15.0 
    67  33.0  15.0 
    68  32.5  14.0 
    69  30.0  12.5 
    70  30.0  13.0 
    71  30.0  15.0 
    72  33.0  15.5 
    73  33.5  15.5 
    74  34.5  15.0 
    75  34.5  15.5 
    76  35.0  16.0 
    77  34.6  17.5 
    78  33.5  19.0 
    79  31.0  17.0 
    80  33.0  16.0 
    81  34.0  16.0 
    82  35.5  17.0 
    83  30.5  17.0 
    84  31.5  15.0 
    85  31.9  14.5 
    86  34.0  20.0 
    87  34.0  19.0 
    88  34.0  19.0 
    89  34.0  17.0 
    90  35.0  17.5 
    91  35.5  18.5 
    92  36.5  19.0 
    93  37.5  19.5 
    94  35.5  18.0 
    95  34.0  18.0 
    96  38.0  20.0 
    97  37.5  22.5 
    98  34.0  18.5 
    99  33.0  17.5 
   100  36.0  16.0 
   101  37.5  19.0 
   102  38.0  21.0 
   103  39.5  20.5 
   104  39.0  22.5 
   105  39.5  22.5 
   106  39.0  23.5 
   107  38.0  21.0 
   108  38.0  20.5 
   109  40.0  21.0 
   110  40.0  24.8 
   111  39.0  26.0 
   112  39.5  22.0 
   113  39.0  21.5 
   114  40.0  18.5 
   115  40.0  19.0 
   116  39.0  18.0 
   117  39.0  19.0 
   118  40.0  23.0 
   119  39.8  26.0 
   120  40.8  27.5 
   121  41.0  28.0 
   122  38.0  28.0 
   123  36.0  20.6 
   124  37.0  24.5 
   125  40.0  25.5 
   126  37.5  24.5 
   127  39.5  22.0 
   128  39.0  21.0 
   129  39.5  22.0 
   130  40.0  23.0 
   131  36.0  20.0 
   132  35.0  21.0 
   133  34.0  21.0 
   134  35.0  24.0 
   135  37.5  25.0 
   136  38.5  24.0 
   137  36.9  27.0 
   138  38.5  28.0 
   139  39.0  30.0 
   140  37.0  27.5 
   141  39.0  27.0 
   142  39.0  26.0 
   143  35.0  22.5 
   144  37.0  26.5 
   145  35.0  22.0 
   146  38.0  24.0 
   147  36.5  26.5 
   148  36.5  24.5 
   149  33.5  26.0 
   150  32.5  25.5 
   151  30.0  20.0 
   152  35.0  21.0 
   153  37.0  25.5 
   154  36.9  22.0 
   155  35.0  29.0 
   156  36.0  28.0 
   157  33.5  22.5 
   158  37.5  25.5 
   159  40.0  24.5 
   160  41.0  22.5 
   161  39.9  23.0 
   162  38.0  27.0 
   163  38.5  28.5 
   164  37.5  27.5 
   165  39.7  26.5 
   166  40.8  26.0 
   167  40.0  27.0 
   168  39.8  26.0 
   169  40.9  25.0 
   170  42.0  25.0 
   171  42.2  25.5 
   172  42.0  25.5 
   173  42.0  26.0 
   174  41.0  29.5 
   175  38.7  30.0 
   176  40.0  28.5 
   177  39.0  31.0 
   178  35.8  28.0 
   179  30.0  24.0 
   180  30.5  25.0 
   181  33.8  26.0 
   182  34.0  26.0 
   183  35.6  26.5 
   184  36.0  26.5 
   185  33.0  22.5 
   186  34.5  27.0 
   187  34.7  28.0 
   188  35.0  28.0 
   189  35.2  28.5 
   190  35.5  27.5 
   191  35.0  28.5 
   192  35.0  28.0 
   193  32.0  28.0 
   194  34.0  26.5 
   195  37.5  27.0 
   196  37.0  26.5 
   197  35.0  27.0 
   198  35.5  26.0 
   199  37.5  27.5 
   200  35.0  26.5 
   201  35.9  25.0 
   202  36.0  24.5 
   203  34.5  28.0 
   204  33.9  28.0 
   205  34.0  27.0 
   206  35.5  28.0 
   207  34.9  29.0 
   208  29.0  26.0 
   209  28.0  25.5 
   210  32.0  25.5 
   211  34.0  25.5 
   212  33.0  25.5 
   213  34.5  27.0 
   214  34.0  26.0 
   215  34.0  27.0 
   216  33.0  27.0 
   217  33.0  28.0 
   218  28.0  26.0 
   219  31.0  25.5 
   220  34.0  25.5 
   221  34.0  24.5 
   222  31.0  25.0 
   223  33.5  26.0 
   224  35.9  27.5 
   225  32.9  26.0 
   226  29.5  26.0 
   227  32.0  26.5 
   228  28.0  25.5 
   229  28.0  24.6 
   230  26.2  24.5 
   231  30.5  24.5 
   232  34.0  25.5 
   233  31.0  24.5 
   234  34.0  25.5 
   235  34.5  25.0 
   236  32.0  24.5 
   237  31.9  26.0 
   238  33.2  25.5 
   239  32.9  25.5 
   240  33.0  26.5 
   241  33.5  27.0 
   242  33.3  27.5 
   243  31.0  25.0 
   244  34.0  26.5 
   245  33.0  26.0 
   246  28.0  23.6 
   247  34.9  25.5 
   248  32.0  24.5 
   249  30.0  25.0 
   250  29.8  24.0 
   251  33.9  26.0 
   252  32.5  25.5 
   253  32.0  24.5 
   254  27.0  24.0 
   255  31.5  25.0 
   256  32.0  25.0 
   257  33.0  25.5 
   258  33.0  25.5 
   259  33.0  25.0 
   260  34.0  25.5 
   261  34.0  26.0 
   262  34.0  26.5 
   263  35.0  26.5 
   264  33.5  26.5 
   265  32.5  25.6 
   266  30.5  23.5 
   267  32.0  24.0 
   268  32.5  26.0 
   269  34.0  25.0 
   270  34.5  25.0 
   271  35.0  26.0 
   272  36.0  26.0 
   273  35.0  26.0 
   274  36.0  26.5 
   275  34.0  25.5 
   276  34.0  26.0 
   277  30.0  23.5 
   278  32.5  25.0 
   279  25.5  24.0 
   280  25.0  24.0 
   281  30.0  23.5 
   282  31.0  22.6 
   283  31.9  23.0 
   284  32.0  21.5 
   285  32.0  23.0 
   286  32.0  19.5 
   287  31.0  19.0 
   288  32.0  19.0 
   289  32.0  20.0 
   290  31.5  19.5 
   291  31.0  19.0 
   292  30.0  19.3 
   293  30.5  17.0 
   294  30.0  17.0 
   295  31.0  17.5 
   296  30.5  19.0 
   297  30.0  17.0 
   298  30.5  16.0 
   299  30.0  16.0 
   300  30.0  16.0 
   301  31.0  17.0 
   302  31.0  17.0 
   303  30.0  17.0 
   304  30.0  18.5 
   305  30.0  19.0 
   306  31.0  19.0 
   307  31.0  19.0 
   308  31.0  19.0 
   309  30.6  17.5 
   310  31.0  17.0 
   311  30.0  15.0 
   312  29.5  15.0 
   313  27.0  16.0 
   314  28.0  15.5 
   315  27.0  15.6 
   316  23.0  18.5 
   317  26.5  19.0 
   318  28.5  19.0 
   319  28.0  20.0 
   320  26.8  19.0 
   321  25.0  18.0 
   322  27.0  18.0 
   323  25.5  13.0 
   324  25.0  11.0 
   325  25.0  11.0 
   326  26.0  12.0 
   327  26.0  11.5 
   328  25.5  11.5 
   329  26.0  12.0 
   330  25.0  11.0 
   331  25.0  12.0 
   332  26.0  13.0 
   333  25.5  14.0 
   334  25.8  13.0 
   335  26.0  14.0 
   336  25.0  14.0 
   337  25.5  13.6 
   338  25.5  13.5 
   339  26.0  12.5 
   340  25.5  12.0 
   341  25.0  10.5 
   342  25.0  10.5 
   343  25.0  10.5 
   344  25.0  11.0 
   345  25.0  12.0 
   346  25.0  12.0 
   347  24.0  14.0 
   348  25.0  11.0 
   349  19.5  12.5 
   350  24.5  12.0 
   351  25.0  11.0 
   352  26.0  11.0 
   353  24.0  10.5 
   354  23.0   8.5 
   355  22.5   8.5 
   356  21.5   9.0 
   357  21.0   6.5 
   358  21.0   8.0 
   359  20.0   7.0 
   360  21.5   6.5 
   361  21.0   7.0 
   362  21.0   6.0 
   363  22.0   6.0 
   364  25.0   9.0 
   365  12.5   6.0 
