2001          Temperature for NEPALGUNJ (REG.OFF.)    
        Tmax  Tmin
     1  22.5  12.0 
     2  19.5  13.0 
     3  16.0  13.0 
     4  15.0  11.5 
     5  12.5  10.3 
     6  15.0  10.5 
     7  20.0   4.5 
     8  20.0   5.5 
     9  20.0   4.6 
    10  11.0   6.5 
    11  15.0   9.0 
    12  16.0   6.0 
    13  20.0   4.6 
    14  18.0   5.0 
    15  23.0   6.0 
    16  23.0   6.5 
    17  23.0   6.0 
    18  23.5   6.5 
    19  24.0   7.0 
    20  25.0   8.0 
    21  26.0   8.6 
    22  24.0  12.0 
    23  24.0  10.0 
    24  20.0   8.0 
    25  19.0   5.5 
    26  22.0   6.0 
    27  22.0   8.0 
    28  23.5   8.0 
    29  24.0   9.5 
    30  24.0  10.0 
    31  23.0  12.0 
    32  27.5  12.5 
    33  24.0   8.0 
    34  22.5   6.5 
    35  23.5   8.0 
    36  25.0   8.5 
    37  25.0   7.5 
    38  24.0   8.0 
    39  23.0   7.8 
    40  23.5   8.0 
    41  26.0   8.0 
    42  26.5   9.0 
    43  27.0   9.5 
    44  27.0   9.0 
    45  27.0   9.5 
    46  25.0  14.0 
    47  27.5  13.0 
    48  29.5  12.5 
    49  29.0  13.0 
    50  29.0  13.3 
    51  27.0  12.0 
    52  28.0  12.5 
    53  29.5  13.0 
    54  29.5  13.5 
    55  28.5  13.5 
    56  27.0  14.0 
    57  28.0  14.0 
    58  27.5  12.0 
    59  28.0  13.5 
    60  29.5  13.5 
    61  28.0  10.0 
    62  29.5  10.0 
    63  29.0  12.5 
    64  28.0  13.5 
    65  28.0  12.0 
    66  29.0  13.5 
    67  30.0  12.5 
    68  30.5  13.0 
    69  31.0  13.0 
    70  31.0  13.5 
    71  31.0  15.0 
    72  32.0  15.0 
    73  29.0  15.0 
    74  32.0  15.0 
    75  32.0  15.5 
    76  32.0  14.0 
    77  33.5  14.0 
    78  34.0  14.6 
    79  31.0  17.5 
    80  34.0  19.0 
    81  33.0  20.5 
    82  32.5  15.5 
    83  33.0  15.0 
    84  34.0  15.0 
    85  34.0  16.0 
    86  34.0  16.5 
    87  35.0  18.0 
    88  36.0  20.0 
    89  36.0  21.5 
    90  35.0  20.0 
    91  34.0  17.5 
    92  33.0  17.5 
    93  35.0  17.5 
    94  37.0  18.0 
    95  38.0  17.5 
    96  38.0  19.5 
    97  38.0  19.5 
    98  37.0  18.5 
    99  41.0  20.5 
   100  41.0  20.0 
   101  41.0  20.0 
   102  40.0  21.5 
   103  33.0  26.5 
   104  35.0  21.0 
   105  33.5  23.6 
   106  35.0  20.5 
   107  30.5  21.0 
   108  35.0  19.5 
   109  35.0  20.5 
   110  35.0  21.5 
   111  35.0  20.5 
   112  37.5  18.0 
   113  38.7  20.0 
   114  39.0  22.0 
   115  41.0  23.0 
   116  41.0  23.0 
   117  41.0  24.0 
   118  42.0  22.5 
   119  40.0  27.5 
   120  38.0  27.0 
   121  37.0  26.5 
   122  35.0  22.5 
   123  36.0  25.0 
   124  33.5  21.0 
   125  32.0  24.5 
   126  36.0  26.5 
   127  37.0  27.0 
   128  34.0  27.0 
   129  37.0  21.0 
   130  36.0  26.0 
   131  35.0  27.0 
   132  36.0  27.0 
   133  37.0  28.0 
   134  37.0  22.5 
   135  35.0  25.0 
   136  33.0  20.6 
   137  30.0  23.0 
   138  34.0  22.5 
   139  35.0  25.5 
   140  35.0  24.0 
   141  35.0  25.5 
   142  36.0  24.5 
   143  38.0  26.5 
   144  39.0  26.5 
   145  40.0  27.5 
   146  36.5  26.5 
   147  34.5  22.5 
   148  36.5  25.5 
   149  36.0  27.5 
   150  35.0  24.0 
   151  36.5  26.5 
   152  32.6  27.5 
   153  30.0  24.5 
   154  31.0  25.0 
   155  31.5  22.5 
   156  33.0  26.0 
   157  35.0  26.0 
   158  34.0  27.0 
   159  35.0  26.0 
   160  36.5  26.5 
   161  36.0  26.5 
   162  37.0  27.5 
   163  38.0  28.5 
   164  37.0  30.0 
   165  36.0  29.0 
   166  36.0  27.5 
   167  35.0  26.5 
   168  36.0  26.5 
   169  33.0  26.5 
   170  33.0  25.5 
   171  33.5  25.0 
   172  31.0  25.0 
   173  31.0  27.0 
   174  29.0  26.5 
   175  34.0  26.5 
   176  29.0  26.0 
   177  30.0  26.0 
   178  32.0  25.0 
   179  35.0  26.6 
   180  34.0  27.0 
   181  35.0  26.5 
   182  34.5  26.0 
   183  35.0  28.0 
   184  33.5  27.0 
   185  36.0  27.5 
   186  35.0  26.0 
   187  37.0  27.5 
   188  35.5  27.5 
   189  36.5  27.0 
   190  37.0  29.0 
   191  35.0  28.5 
   192  35.0  28.0 
   193  34.0  28.5 
   194  33.0  28.5 
   195  33.0  26.0 
   196  28.0  25.5 
   197  30.0  25.0 
   198  31.5  25.5 
   199  35.0  26.5 
   200  34.0  27.0 
   201  31.5  27.0 
   202  35.0  27.5 
   203  34.5  26.5 
   204  35.6  27.5 
   205  34.5  27.5 
   206  34.0  27.5 
   207  35.0  28.5 
   208  33.0  27.5 
   209  32.0  26.7 
   210  27.5  26.0 
   211  33.0  25.5 
   212  31.0  26.5 
   213  33.0  26.5 
   214  31.0  25.5 
   215  33.0  26.5 
   216  34.0  26.5 
   217  35.0  28.0 
   218  34.0  28.5 
   219  35.0  28.0 
   220  30.5  28.3 
   221  33.0  26.5 
   222  35.5  26.5 
   223  35.0  27.5 
   224  35.0  28.0 
   225  31.0  25.5 
   226  35.0  27.0 
   227  35.0  27.5 
   228  35.0  27.0 
   229  34.0  27.6 
   230  32.0  27.0 
   231  31.0  26.0 
   232  35.0  26.6 
   233  32.6  27.5 
   234  33.5  27.0 
   235  32.0  25.0 
   236  32.0  25.0 
   237  33.5  25.0 
   238  33.5  26.0 
   239  34.0  27.0 
   240  34.5  28.0 
   241  31.0  25.5 
   242  34.0  24.0 
   243  34.5  26.0 
   244  31.5  26.0 
   245  31.3  26.5 
   246  31.0  25.5 
   247  34.0  26.5 
   248  32.5  25.5 
   249  32.0  23.0 
   250  33.0  25.5 
   251  33.0  25.6 
   252  33.0  24.5 
   253  34.0  25.0 
   254  29.8  26.0 
   255  33.5  25.5 
   256  28.0  24.3 
   257  33.0  24.5 
   258  33.0  24.5 
   259  34.0  26.0 
   260  33.0  24.5 
   261  34.0  24.0 
   262  33.5  24.2 
   263  34.0  25.0 
   264  34.5  25.0 
   265  34.5  25.5 
   266  35.0  26.0 
   267  34.0  26.5 
   268  34.5  26.5 
   269  34.0  25.0 
   270  34.0  24.5 
   271  33.5  25.0 
   272  33.0  26.0 
   273  34.0  26.0 
   274  32.0  25.5 
   275  30.0  24.0 
   276  32.0  23.5 
   277  29.5  25.0 
   278  31.0  24.5 
   279  33.0  24.5 
   280  32.0  25.5 
   281  32.0  25.5 
   282  33.5  23.5 
   283  34.0  23.5 
   284  33.5  22.5 
   285  34.0  22.5 
   286  33.5  23.5 
   287  33.0  22.0 
   288  33.0  20.5 
   289  33.0  19.0 
   290  31.0  20.0 
   291  31.5  19.5 
   292  31.0  20.0 
   293  30.5  21.0 
   294  31.0  21.0 
   295  32.0  21.0 
   296  32.0  21.5 
   297  31.0  21.0 
   298  32.0  21.0 
   299  32.0  20.0 
   300  32.0  20.6 
   301  32.0  20.0 
   302  32.5  19.5 
   303  33.0  19.5 
   304  32.5  20.0 
   305  31.0  20.0 
   306  30.0  21.5 
   307  31.0  22.0 
   308  31.0  20.0 
   309  31.5  17.5 
   310  30.0  17.5 
   311  29.0  18.0 
   312  29.0  15.5 
   313  29.0  14.5 
   314  29.0  14.0 
   315  30.0  14.0 
   316  30.0  13.5 
   317  30.0  15.0 
   318  30.0  15.0 
   319  30.0  15.0 
   320  30.0  15.5 
   321  28.0  15.0 
   322  28.0  15.5 
   323  28.0  15.0 
   324  28.0  15.0 
   325  28.0  15.5 
   326  26.5  15.0 
   327  27.0  14.0 
   328  26.5  14.5 
   329  26.5  13.0 
   330  26.0  13.5 
   331  27.0  14.0 
   332  25.0  15.0 
   333  25.0  12.0 
   334  24.5  11.5 
   335  23.0  10.6 
   336  24.0  10.0 
   337  24.0  11.5 
   338  24.0  12.0 
   339  24.0  11.5 
   340  25.0  12.5 
   341  22.5  12.0 
   342  20.0  11.5 
   343  19.6  13.5 
   344  24.0  13.0 
   345  24.0  13.0 
   346  22.0  12.0 
   347  19.0  13.5 
   348  19.8  13.3 
   349  18.0  12.0 
   350  19.5  11.6 
   351  15.5  11.0 
   352  16.0  12.5 
   353  22.5  12.5 
   354  14.0  11.5 
   355  18.0  11.0 
   356  24.0  11.3 
   357  26.0   9.5 
   358  25.5   9.5 
   359  25.0   9.5 
   360  24.5  10.0 
   361  24.0   9.0 
   362  24.0   8.5 
   363  24.0   8.5 
   364  23.5   8.0 
   365  15.5   8.5 
