1973          Temperature for KHAJURA (NEPALGANJ)     
        Tmax  Tmin
     1   DNA   DNA 
     2   DNA   DNA 
     3   DNA   DNA 
     4   DNA   DNA 
     5   DNA   DNA 
     6   DNA   DNA 
     7   DNA   DNA 
     8   DNA   DNA 
     9   DNA   DNA 
    10  23.7   8.2 
    11  23.7  10.0 
    12  20.8  11.7 
    13  21.5  12.8 
    14  19.8  12.0 
    15  19.9   5.0 
    16  17.8   4.0 
    17  20.0   5.0 
    18  20.8   5.0 
    19  21.5   7.8 
    20  22.0   7.9 
    21  20.2  14.5 
    22  22.0   7.0 
    23  13.5   5.0 
    24  18.9   7.9 
    25  20.6   6.0 
    26  21.7   5.0 
    27  23.8   9.2 
    28  16.2  10.0 
    29  20.0   9.0 
    30  21.0   7.4 
    31  21.2  10.2 
    32  23.5   7.6 
    33  23.0   7.8 
    34  22.8   9.9 
    35  25.0   9.9 
    36  24.6   8.6 
    37  23.5   7.7 
    38  23.4   6.8 
    39  23.1  11.2 
    40  25.4   8.2 
    41  25.8   7.8 
    42  25.8   8.9 
    43  25.8   8.8 
    44  25.6   9.6 
    45  26.0  11.6 
    46  27.8  10.9 
    47  28.5  11.0 
    48  27.0  11.2 
    49  27.4  10.0 
    50  27.1   8.8 
    51  29.0   9.7 
    52  27.5   8.0 
    53  27.4   8.6 
    54  27.9  15.8 
    55  25.2  10.5 
    56  28.8  11.8 
    57  27.6  16.2 
    58   DNA   DNA 
    59  24.5   9.5 
    60  25.8  12.0 
    61  26.6  10.8 
    62  26.2   9.2 
    63  26.2   7.0 
    64  26.9   9.0 
    65  25.7  10.6 
    66  25.4  14.3 
    67  21.9  12.0 
    68  27.5  13.3 
    69  29.5  14.9 
    70  30.5  16.2 
    71  24.8  12.0 
    72  26.9   9.4 
    73  27.5   8.4 
    74  28.8   8.1 
    75  29.8   8.9 
    76  29.8   8.8 
    77  31.0  10.4 
    78  31.8  10.0 
    79  32.6  10.0 
    80  32.6  13.2 
    81  31.6  11.0 
    82  32.2  11.4 
    83  33.1  13.0 
    84  35.0  15.0 
    85  35.2  15.7 
    86  35.6  15.6 
    87  36.2  15.7 
    88  37.1  16.7 
    89  38.2  17.5 
    90  38.4  16.0 
    91  36.4  17.0 
    92  35.9  15.0 
    93  34.8  13.6 
    94  36.0  13.9 
    95  37.2  13.0 
    96  37.7  20.4 
    97  37.8  17.0 
    98  37.2  16.0 
    99  37.2  16.2 
   100  37.4  11.0 
   101  38.2  18.4 
   102  39.2  20.0 
   103  39.7  17.0 
   104  37.7  21.0 
   105  38.5  20.2 
   106  37.5  14.4 
   107  35.7  17.5 
   108  36.0  16.2 
   109  38.0  18.2 
   110  39.9  20.0 
   111  39.8  19.5 
   112  40.0  22.4 
   113  38.0  22.0 
   114  38.5  23.0 
   115  37.0  26.6 
   116  38.5  26.7 
   117  39.5  25.1 
   118  39.4  20.6 
   119  39.5  22.2 
   120  39.8  23.5 
   121  37.5  29.1 
   122  38.2  25.4 
   123  35.0  20.3 
   124  36.0  25.9 
   125  38.0  25.0 
   126  39.1  28.0 
   127  39.9  28.6 
   128  39.5  27.5 
   129  40.0  27.7 
   130  34.5  20.0 
   131  37.0  23.0 
   132  37.0  23.5 
   133  37.0  24.2 
   134  37.5  29.0 
   135  37.0   DNA 
   136  33.8   DNA 
   137  33.8  20.2 
   138  35.5  21.7 
   139  36.2  20.5 
   140  37.1  22.4 
   141  36.9  24.4 
   142  36.6  24.8 
   143  36.7  26.9 
   144  37.5  27.9 
   145  37.5  28.2 
   146  37.1  28.0 
   147  37.5  28.5 
   148  38.0  22.4 
   149  37.5  22.2 
   150  35.0  22.5 
   151  37.4  23.0 
   152  39.5  22.2 
   153  38.2  22.0 
   154  39.6  23.7 
   155  40.8  28.0 
   156  40.7  15.5 
   157  38.0  29.0 
   158  37.5  28.2 
   159  37.4  23.2 
   160  35.0  23.0 
   161  37.0  23.0 
   162  36.5  23.5 
   163  36.6  23.5 
   164  26.8  23.2 
   165  29.5  23.8 
   166  29.2  23.6 
   167  29.1  24.4 
   168  29.2  23.8 
   169  28.5  24.2 
   170  29.5  24.2 
   171  29.5  22.0 
   172  30.6  25.8 
   173  31.8  26.0 
   174  33.0  26.0 
   175  34.4  26.4 
   176  32.8  24.2 
   177  31.2  24.4 
   178  30.5  26.0 
   179  31.9  24.4 
   180  30.7  25.0 
   181  31.8  26.4 
   182  34.8  27.4 
   183  35.2  28.0 
   184  35.9  28.1 
   185  33.8  27.7 
   186  33.9  26.4 
   187  36.5  27.0 
   188  34.6  28.2 
   189  34.7  27.2 
   190  34.8  27.2 
   191  36.1  28.0 
   192  36.0  28.0 
   193  36.4  26.6 
   194  36.3  27.5 
   195  35.5  26.2 
   196  34.4  26.5 
   197  34.8  26.2 
   198  35.5  26.4 
   199  32.9  23.0 
   200  35.2  27.4 
   201  30.3  23.0 
   202  32.8  27.0 
   203  32.9  27.0 
   204  32.5  26.9 
   205  32.5  26.0 
   206  32.0  24.8 
   207  30.2  26.0 
   208  32.5  26.0 
   209  30.4  23.0 
   210  29.8  25.5 
   211  29.8  26.0 
   212   DNA   DNA 
   213  28.2  20.2 
   214  32.0  25.5 
   215  31.5  26.4 
   216  31.2  25.2 
   217  30.0  25.1 
   218  32.5  25.2 
   219  31.8  26.2 
   220  32.0  25.5 
   221  32.5  25.5 
   222  33.0  31.0 
   223  27.0  24.8 
   224  29.4  23.8 
   225  29.3  23.0 
   226  32.0  25.4 
   227  31.9  25.4 
   228  33.0  25.0 
   229  34.0  25.2 
   230  30.4  24.0 
   231  32.8  24.3 
   232  34.0  26.0 
   233  34.2  26.0 
   234  35.8  25.7 
   235  35.9  25.7 
   236  35.8  26.8 
   237  34.8  26.1 
   238  34.0  24.2 
   239  35.0  20.0 
   240  34.7  21.0 
   241  34.5  22.0 
   242  32.6  20.6 
   243  33.5  24.6 
   244  31.7  25.4 
   245  31.9  24.5 
   246  31.8  25.4 
   247  33.2  26.5 
   248  32.8  25.3 
   249  32.4  25.0 
   250  32.7  26.2 
   251   DNA   DNA 
   252  33.8  25.9 
   253  31.2  25.2 
   254  31.0  25.9 
   255  31.1  28.4 
   256  30.0  25.4 
   257   DNA  25.0 
   258  30.0  26.5 
   259  31.0  24.4 
   260  31.0  23.4 
   261  31.1  23.4 
   262  33.5  25.5 
   263  34.1  25.4 
   264  34.4  25.4 
   265  32.1  23.0 
   266  32.0  25.6 
   267  30.8  23.2 
   268  28.0  24.4 
   269  28.1  23.0 
   270  30.5  23.0 
   271  31.8  23.4 
   272  31.6  24.8 
   273  30.2  23.5 
   274  31.2  23.4 
   275  25.1  23.4 
   276  25.0  21.8 
   277  25.1  22.4 
   278  29.0  22.8 
   279  29.5  23.4 
   280  30.0  22.4 
   281  30.4  20.4 
   282  30.8  24.5 
   283  31.5  21.0 
   284  31.7  20.8 
   285  31.9  21.4 
   286  31.6   DNA 
   287  31.6  23.2 
   288  30.5  20.1 
   289  31.2  20.4 
   290  31.0  20.8 
   291  30.9  20.0 
   292  31.0  20.0 
   293  31.1  16.4 
   294  31.6  15.0 
   295  31.5  15.6 
   296  31.6  16.4 
   297  31.8  17.0 
   298  28.4  17.4 
   299  29.1  16.6 
   300  29.9  17.0 
   301  29.9  17.1 
   302  28.8  16.5 
   303  29.8  16.2 
   304  29.5  16.2 
   305  29.2  15.8 
   306  26.6  17.0 
   307  27.9  18.4 
   308  27.7  13.4 
   309  28.4  15.0 
   310  28.5  12.4 
   311  28.0  13.4 
   312  28.4  12.2 
   313  28.1  13.4 
   314   DNA   DNA 
   315  28.4  11.8 
   316  28.3   DNA 
   317  27.8   DNA 
   318  27.5   DNA 
   319  28.4   DNA 
   320  28.6  10.7 
   321  29.7  10.5 
   322  28.4  11.0 
   323  27.5  11.2 
   324   DNA  10.5 
   325   DNA  10.9 
   326  27.0   9.7 
   327  27.0  10.0 
   328  27.0   8.6 
   329   DNA   8.2 
   330  21.9   9.0 
   331  26.8   8.9 
   332  26.2   9.7 
   333   DNA   9.3 
   334  25.9  10.2 
   335  25.8  11.8 
   336  25.9  10.0 
   337  26.1  10.2 
   338  25.8   9.0 
   339  25.8   9.0 
   340  25.5   5.1 
   341  25.5   7.5 
   342  25.6   7.8 
   343  25.4   9.5 
   344  25.6   7.8 
   345  22.3   7.0 
   346  24.2   7.0 
   347  23.4   7.2 
   348  22.0   4.2 
   349  23.8   4.8 
   350  23.8   7.8 
   351  19.6   7.8 
   352   DNA   9.0 
   353   DNA  10.8 
   354  22.0   5.0 
   355  23.1   4.2 
   356  22.4   3.5 
   357  21.4   1.8 
   358  22.1   3.6 
   359  22.5   3.8 
   360  22.4   3.5 
   361  22.2   4.2 
   362  22.8   4.0 
   363  22.0   3.2 
   364  21.6   2.0 
   365  23.2   4.0 
