2005          Temperature for KHAJURA (NEPALGANJ)     
        Tmax  Tmin
     1  19.8  11.4 
     2  24.8   8.4 
     3  24.8   7.5 
     4  24.8   7.0 
     5   DNA   6.0 
     6   DNA   5.6 
     7   DNA   6.8 
     8  18.0   7.6 
     9  19.0   3.6 
    10  18.6   8.0 
    11  21.8   7.6 
    12  21.8   4.5 
    13  20.0   5.0 
    14  22.2   5.5 
    15  22.0   7.0 
    16  21.8   9.5 
    17  24.8  13.0 
    18  20.0  12.5 
    19  21.2   7.0 
    20  20.8   5.4 
    21  17.8   6.5 
    22  18.2   9.8 
    23  18.2  12.4 
    24  20.2  10.5 
    25   DNA  10.2 
    26   DNA  10.5 
    27   DNA   8.0 
    28  20.2  10.5 
    29  23.4   9.0 
    30  25.5   9.5 
    31  17.0  13.4 
    32  21.4  13.0 
    33  15.5  11.0 
    34  18.0   8.8 
    35  20.8   8.6 
    36  23.5   7.8 
    37  21.8  12.2 
    38  23.5  12.4 
    39  22.0  12.8 
    40  25.2  11.0 
    41  27.2  10.0 
    42  28.0  15.8 
    43  28.2  13.0 
    44  26.8  15.6 
    45  24.8  13.8 
    46  22.8  13.4 
    47  26.6  13.8 
    48  27.0  12.2 
    49  25.4  12.8 
    50  29.8  12.2 
    51  28.5  13.5 
    52  27.5  10.5 
    53  24.8  13.0 
    54  25.4  10.5 
    55  25.8   9.5 
    56  27.2  13.4 
    57  26.8  11.6 
    58  26.5   9.4 
    59  30.4  11.6 
    60  31.0  15.4 
    61  31.2  13.8 
    62  31.5  14.2 
    63  30.5  16.5 
    64  27.8  19.2 
    65  32.0  15.0 
    66  31.0  13.0 
    67  30.2  16.4 
    68  31.0  15.4 
    69  28.5  14.8 
    70  28.4  18.0 
    71  29.0  12.8 
    72  31.0  13.4 
    73  31.0  14.6 
    74  32.0  14.6 
    75  32.8  16.2 
    76  33.2  17.8 
    77  33.4   DNA 
    78  33.5  19.8 
    79  33.0  16.2 
    80  32.5  17.5 
    81  32.4  19.2 
    82  31.5  14.2 
    83  31.2  13.5 
    84  30.4  11.6 
    85  31.8  12.6 
    86  33.4  14.6 
    87  34.4  15.8 
    88  34.5  14.5 
    89  34.5  15.5 
    90  33.0  17.2 
    91  33.8  12.4 
    92  35.0  13.6 
    93  35.0  14.2 
    94  34.8  16.5 
    95  34.6  17.2 
    96  36.5  18.5 
    97  39.0  20.2 
    98  36.8  25.5 
    99  36.8  22.4 
   100  36.0  16.4 
   101  33.8  15.0 
   102  34.8  17.5 
   103  36.2   DNA 
   104  37.8  15.0 
   105  39.6  17.0 
   106  40.0  16.8 
   107  37.5  17.5 
   108  38.2  15.0 
   109  38.2  15.4 
   110  39.0  17.5 
   111  38.2  18.8 
   112  38.4  20.2 
   113  38.8  22.8 
   114  40.5  24.0 
   115  38.8  23.5 
   116   DNA  21.5 
   117   DNA  20.0 
   118  36.8  24.2 
   119  37.4  19.2 
   120   DNA  20.0 
   121  33.5  18.5 
   122  33.5   DNA 
   123  33.8  19.8 
   124  28.5  23.4 
   125  33.0  20.4 
   126  31.4  22.2 
   127  33.5  20.6 
   128  34.2  22.8 
   129  37.2  23.8 
   130  36.4  22.2 
   131  36.0  18.2 
   132  37.8  17.4 
   133  39.5  19.4 
   134   DNA  25.8 
   135  38.8  21.5 
   136  39.8  21.0 
   137  39.8  22.8 
   138  38.2  23.8 
   139  39.0  24.5 
   140  39.4  22.6 
   141  38.4  25.2 
   142  38.8  27.3 
   143  39.6  27.5 
   144  40.6  26.5 
   145  42.0  21.0 
   146  42.5  21.0 
   147  42.2  23.4 
   148   DNA  22.8 
   149  42.2  21.0 
   150   DNA  24.5 
   151  42.0  25.8 
   152  41.2  21.8 
   153  42.0  20.5 
   154  42.6  22.0 
   155  42.0  25.2 
   156  38.5  26.6 
   157  40.8  26.0 
   158  37.0  23.6 
   159  39.8  25.5 
   160  41.3  22.8 
   161  42.2  25.6 
   162  43.2  25.0 
   163  43.0  26.4 
   164  42.8  23.5 
   165  43.5  25.2 
   166  43.0  24.8 
   167  42.8  25.0 
   168  43.5  24.6 
   169  44.0  25.4 
   170  43.5  29.5 
   171  41.8  30.6 
   172  39.4  27.8 
   173  33.8  25.4 
   174  31.8  24.2 
   175  33.5  24.6 
   176  35.0  27.5 
   177  36.8  28.4 
   178  36.8  27.2 
   179  35.5  27.8 
   180  35.4  28.8 
   181  35.5  26.8 
   182  35.5  29.0 
   183  35.4  26.8 
   184  33.5  26.4 
   185  34.8  26.4 
   186  34.2  27.0 
   187  33.2  27.5 
   188  36.8  26.6 
   189  38.2  27.4 
   190  33.0  25.4 
   191  28.8  26.4 
   192  31.4  24.6 
   193  30.0  25.0 
   194  30.5  26.4 
   195  32.4  25.8 
   196  32.4  26.8 
   197  32.4  25.6 
   198  26.2  24.6 
   199  25.0  24.5 
   200  32.8  24.6 
   201  29.5  24.8 
   202  32.0  25.3 
   203  31.5  26.2 
   204  32.4  27.2 
   205  35.0  27.2 
   206  34.8  27.5 
   207  35.4  27.8 
   208  35.2  28.0 
   209  31.8  27.8 
   210  35.0  27.4 
   211  36.2  26.8 
   212  36.2  28.2 
   213  35.4  27.8 
   214  35.8  27.6 
   215  35.4  28.4 
   216  35.4  28.4 
   217  33.8  27.4 
   218  28.4  24.8 
   219  33.5  25.2 
   220  34.2  25.5 
   221  33.8  27.2 
   222  33.8  27.2 
   223  33.0  27.5 
   224  34.4  27.8 
   225  33.8  26.8 
   226  34.6  27.5 
   227  31.0  25.8 
   228  33.6  26.2 
   229  33.8  27.6 
   230  34.4  27.2 
   231  29.0  26.5 
   232  30.0  25.3 
   233  31.5  26.0 
   234  29.6  26.8 
   235  28.5  26.6 
   236  31.5  25.6 
   237  33.2  25.3 
   238  34.2  25.8 
   239  34.4  27.2 
   240  32.8  24.6 
   241  34.0  26.3 
   242  34.5  25.8 
   243  35.4  27.2 
   244  36.0  27.5 
   245  36.3  27.8 
   246  36.8  28.4 
   247  35.0  26.8 
   248  31.8  26.5 
   249  33.0  25.6 
   250  33.8  26.0 
   251  35.2  26.2 
   252  35.8  27.3 
   253  35.5  25.6 
   254  34.8  26.0 
   255  34.8  25.6 
   256  34.4  26.3 
   257  31.0  26.8 
   258  31.8  26.2 
   259   DNA  24.8 
   260   DNA  22.6 
   261   DNA  22.8 
   262  34.8  27.0 
   263  35.8  25.5 
   264  33.8  25.6 
   265  33.0  25.5 
   266  32.2  26.5 
   267  32.6  24.5 
   268  29.8  25.0 
   269  30.8  24.6 
   270  33.0  24.2 
   271  32.8  25.5 
   272  33.6  24.8 
   273  33.8  25.4 
   274  33.8  24.4 
   275  33.8  24.2 
   276  31.0  25.0 
   277  30.4  23.2 
   278  32.2  24.2 
   279  32.4  23.6 
   280  32.1  23.8 
   281  32.8  23.4 
   282  32.8  22.5 
   283  32.4  23.0 
   284  33.6  22.8 
   285  32.8  22.4 
   286  32.8  21.6 
   287  32.6  21.6 
   288  33.2  19.5 
   289  32.8  18.8 
   290  32.4  18.3 
   291  32.0  18.4 
   292  30.6  20.5 
   293  29.2  18.6 
   294  27.0  18.4 
   295  27.8  20.8 
   296  29.8  19.0 
   297  30.4  20.2 
   298  30.0  19.4 
   299  29.2  18.8 
   300  29.4  19.2 
   301  29.8  18.8 
   302  29.6  18.2 
   303  29.2  18.0 
   304  29.5  17.0 
   305   DNA  16.4 
   306   DNA  15.3 
   307  29.8  15.2 
   308   DNA  14.5 
   309  28.8  13.4 
   310  29.8  12.4 
   311  30.0  11.6 
   312  30.4  11.8 
   313  30.0  12.5 
   314  28.8  12.2 
   315  28.0  13.0 
   316  28.2  13.2 
   317  27.2  13.0 
   318  28.2  13.5 
   319  28.2  13.6 
   320  28.5  13.8 
   321  27.8  12.6 
   322  26.8  11.0 
   323  27.8  11.4 
   324  27.5  12.5 
   325  28.5  13.0 
   326  27.8  11.8 
   327  28.0  13.4 
   328  27.8  12.0 
   329   DNA   DNA 
   330  26.8  10.5 
   331  26.4   9.8 
   332  27.4   9.4 
   333  25.8   8.6 
   334   DNA   8.5 
   335   DNA   DNA 
   336  26.8   8.5 
   337  23.8   6.0 
   338  22.8   5.4 
   339  21.8   5.0 
   340  24.8   7.8 
   341  26.6   7.8 
   342  26.0   8.8 
   343  26.5   9.4 
   344  25.5   9.0 
   345  26.0   7.0 
   346  24.0   6.0 
   347  22.8   4.8 
   348  24.0   5.0 
   349  25.5   7.0 
   350  26.2   8.0 
   351  26.8   7.5 
   352  24.8   7.2 
   353  24.8   7.2 
   354  24.8   8.2 
   355  25.8   7.8 
   356  25.4   9.2 
   357  20.4  10.0 
   358  16.4   8.4 
   359  24.0   6.5 
   360  23.0   6.8 
   361  23.4   6.3 
   362  28.4   8.5 
   363  23.6   6.4 
   364  24.0   8.5 
   365  25.2   7.6 
