1982          Temperature for KHAJURA (NEPALGANJ)     
        Tmax  Tmin
     1   DNA   DNA 
     2   DNA   DNA 
     3   DNA   DNA 
     4   DNA   DNA 
     5   DNA   DNA 
     6   DNA   DNA 
     7   DNA   DNA 
     8   DNA   DNA 
     9   DNA   DNA 
    10   DNA   DNA 
    11   DNA   DNA 
    12   DNA   DNA 
    13   DNA   DNA 
    14   DNA   DNA 
    15   DNA   DNA 
    16   DNA   DNA 
    17   DNA   DNA 
    18   DNA   DNA 
    19   DNA   DNA 
    20   DNA   DNA 
    21   DNA   DNA 
    22   DNA   DNA 
    23   DNA   DNA 
    24   DNA   DNA 
    25   DNA   DNA 
    26   DNA   DNA 
    27   DNA   DNA 
    28   DNA   DNA 
    29   DNA   DNA 
    30   DNA   DNA 
    31   DNA   DNA 
    32   DNA   DNA 
    33   DNA   DNA 
    34   DNA   DNA 
    35   DNA   DNA 
    36   DNA   DNA 
    37   DNA   DNA 
    38   DNA   DNA 
    39   DNA   DNA 
    40   DNA   DNA 
    41   DNA   DNA 
    42   DNA   DNA 
    43   DNA   DNA 
    44   DNA   DNA 
    45   DNA   DNA 
    46   DNA   DNA 
    47   DNA   DNA 
    48   DNA   DNA 
    49   DNA   DNA 
    50   DNA   DNA 
    51   DNA   DNA 
    52   DNA   DNA 
    53   DNA   DNA 
    54   DNA   DNA 
    55   DNA   DNA 
    56   DNA   DNA 
    57   DNA   DNA 
    58   DNA   DNA 
    59   DNA   DNA 
    60   DNA   DNA 
    61   DNA   DNA 
    62  24.0   DNA 
    63  22.5   DNA 
    64  19.0   DNA 
    65  17.0   DNA 
    66  22.5   DNA 
    67  24.5   DNA 
    68  25.5  10.6 
    69  26.0  11.2 
    70  28.5  14.4 
    71  22.0  12.0 
    72  27.0  11.8 
    73  27.0   9.0 
    74  27.0  12.8 
    75  30.0  13.8 
    76  29.5  11.6 
    77  31.0  16.0 
    78  31.0  14.6 
    79  32.0  13.8 
    80  33.0  14.6 
    81  33.0  16.4 
    82  30.0  17.4 
    83  29.0  17.0 
    84  27.5  15.0 
    85  29.0  13.2 
    86  30.0  13.0 
    87  30.0  13.0 
    88  32.0  12.0 
    89  32.0  15.4 
    90  32.0  17.8 
    91  34.0  19.0 
    92  30.5  13.0 
    93  34.5  15.2 
    94  35.0  15.0 
    95  33.0  19.2 
    96  37.5  21.0 
    97  37.0  22.6 
    98  37.5  12.0 
    99  35.0  14.0 
   100  36.0  14.4 
   101  36.5  16.4 
   102  36.5  17.0 
   103  36.5  16.2 
   104  36.0  18.0 
   105  36.0  18.4 
   106  35.0  21.0 
   107  34.0  23.8 
   108  33.0  18.8 
   109  34.0  15.4 
   110  33.0  16.0 
   111  34.5  19.8 
   112  36.5  17.8 
   113  37.0  17.4 
   114  37.0  19.0 
   115  37.0  21.6 
   116  29.0  21.0 
   117  32.0  19.6 
   118  35.0  17.0 
   119  33.0  18.0 
   120  35.0  18.6 
   121  36.0  18.0 
   122  39.0  18.5 
   123  39.0  21.8 
   124  35.5  18.8 
   125  38.0  20.6 
   126  39.0  22.0 
   127  39.5  22.6 
   128  39.0  23.2 
   129  39.5  22.0 
   130  31.0  23.0 
   131  35.0  19.8 
   132  28.5  19.8 
   133  28.0  18.8 
   134  31.0  18.0 
   135  32.0  18.0 
   136  32.5  18.4 
   137  33.5  17.8 
   138  35.5  19.0 
   139  36.5  20.8 
   140  37.0  22.2 
   141  36.0  22.6 
   142  35.0  21.2 
   143  36.0  19.4 
   144  38.0  20.8 
   145  39.5  21.0 
   146  40.5  24.6 
   147  40.5  24.8 
   148  40.5  24.8 
   149  39.5  24.0 
   150  39.7  24.0 
   151  40.0  24.2 
   152  40.0  25.0 
   153  40.0  20.2 
   154  40.0  20.2 
   155  40.0  29.0 
   156  27.0  24.0 
   157  37.0  25.0 
   158  37.0  25.0 
   159  35.0  27.0 
   160  35.0  26.0 
   161  35.0  23.0 
   162  35.0  23.0 
   163  36.5  25.0 
   164  32.0  23.0 
   165  32.0  24.2 
   166  31.4  26.0 
   167  33.0  26.0 
   168  33.0  22.0 
   169  32.4  22.2 
   170  34.0  25.0 
   171  35.0  24.4 
   172  37.0  23.0 
   173  37.0  23.2 
   174  38.4  22.4 
   175  34.5  21.3 
   176  35.0  25.3 
   177  36.5  25.8 
   178  37.1  24.0 
   179  30.2  23.2 
   180  33.3  24.4 
   181  30.0  23.2 
   182  33.5  25.3 
   183  36.5  27.2 
   184  36.5  28.1 
   185  38.0  27.3 
   186  37.2  28.0 
   187  36.5  28.0 
   188  36.5  28.0 
   189  37.0  33.0 
   190  38.0  28.2 
   191  35.0  30.0 
   192  30.0  24.6 
   193  32.0  23.0 
   194  34.0  26.0 
   195  30.2  26.2 
   196  34.0  26.6 
   197  35.5  27.4 
   198  36.0  27.4 
   199  33.5  28.0 
   200  28.0  24.2 
   201  32.5  24.2 
   202  34.0  26.8 
   203  33.0  26.8 
   204  33.0  26.8 
   205  32.0  26.8 
   206  29.0  26.0 
   207  31.0  25.4 
   208  33.0  26.2 
   209  34.5  26.0 
   210  34.0  27.6 
   211  34.5  27.2 
   212  35.0  25.2 
   213  33.0  25.0 
   214  35.0  25.3 
   215  33.1  25.0 
   216  33.0  25.4 
   217  34.1  23.0 
   218  34.5  24.2 
   219  35.0  27.2 
   220  35.0  24.0 
   221  33.0  27.8 
   222  34.5  26.4 
   223  40.0  27.6 
   224  35.0  27.4 
   225  35.0  24.8 
   226  35.0  23.0 
   227  34.0  27.2 
   228  34.8  26.4 
   229  34.5  28.2 
   230  35.0  27.2 
   231  33.0  26.4 
   232  33.0  28.0 
   233  33.0  26.0 
   234  34.0  26.0 
   235  33.0  28.0 
   236  31.0  25.0 
   237  32.0  26.2 
   238  32.0  24.0 
   239  32.0  24.0 
   240  32.0  24.0 
   241  32.0  24.0 
   242  30.5  24.6 
   243  30.5  24.6 
   244  33.0  24.0 
   245  33.0  23.8 
   246  32.5  25.8 
   247  32.0  27.6 
   248  34.0  26.0 
   249  33.0  27.0 
   250  33.0  25.4 
   251  34.0  25.4 
   252  36.0  26.2 
   253  33.0  27.0 
   254  25.0  23.4 
   255  24.0  22.4 
   256  29.0  22.0 
   257  32.0  24.4 
   258  33.0  23.6 
   259  32.0  25.4 
   260   DNA  24.2 
   261  33.0   DNA 
   262  33.0  24.8 
   263  34.0  23.4 
   264  33.0   DNA 
   265  34.0  21.4 
   266  34.0  22.0 
   267  32.0  20.0 
   268  31.2  19.0 
   269  31.0  20.0 
   270  32.0  19.0 
   271  33.0  19.8 
   272  32.8  20.4 
   273  32.0  18.4 
   274  32.0  17.2 
   275  32.0  17.8 
   276  32.0  16.4 
   277  29.0  17.2 
   278  32.0  18.0 
   279  32.0  18.2 
   280  31.5  18.0 
   281  32.0  18.4 
   282  31.5  20.2 
   283  25.0  17.2 
   284  26.8  16.0 
   285  31.0  17.2 
   286  31.5  17.4 
   287  31.5  17.8 
   288  31.5  17.6 
   289  31.5  17.4 
   290  31.5  18.4 
   291  31.5  17.3 
   292  31.5  17.3 
   293  32.0  17.6 
   294  30.5  19.2 
   295  30.5  17.4 
   296  28.0  16.6 
   297  31.0  16.6 
   298  31.4  13.4 
   299  31.4  13.4 
   300  31.0  13.4 
   301  30.0  13.6 
   302  29.5  12.0 
   303  29.5  11.2 
   304  30.0  10.6 
   305  29.0  11.4 
   306  29.5  10.4 
   307  30.0  10.4 
   308  27.5  10.2 
   309  27.5   9.2 
   310  28.0  12.5 
   311  28.5  11.4 
   312   DNA   DNA 
   313  20.5  15.0 
   314  25.5  10.4 
   315  25.0  12.8 
   316  25.0  10.0 
   317  26.0  11.2 
   318  28.0  14.2 
   319  28.0  13.0 
   320  28.0  13.8 
   321  28.0  14.0 
   322  29.6  13.2 
   323  28.0  14.0 
   324  26.0  17.8 
   325  28.0  15.2 
   326  28.0  12.6 
   327  25.0  10.0 
   328  24.0   8.8 
   329  27.0   9.0 
   330  25.5   9.2 
   331  23.5   7.2 
   332  23.0   8.2 
   333  23.0   4.8 
   334  23.5   5.8 
   335  24.0   6.8 
   336  25.0   6.6 
   337  25.0   7.8 
   338  23.0   5.8 
   339  22.5   6.0 
   340  21.5   5.0 
   341  23.0   5.4 
   342  19.0   6.4 
   343  24.0   6.8 
   344  24.0   7.4 
   345  21.0   7.2 
   346  22.5   9.0 
   347  23.5   7.8 
   348  24.0   9.4 
   349  24.0   9.0 
   350  23.0   6.8 
   351  24.0   5.2 
   352  23.0   6.0 
   353  23.0   6.6 
   354  24.0   5.8 
   355  24.0   7.0 
   356  23.0   7.2 
   357  25.0   8.2 
   358  23.0   6.6 
   359  22.0   5.0 
   360  23.0   5.0 
   361  24.0   6.0 
   362  18.0   7.2 
   363  21.5  10.0 
   364  19.5   6.1 
   365  19.0   5.2 
