      1    0.0
      2    0.0
      3    0.0
      4    0.0
      5    0.0
      6    0.0
      7    0.0
      8    0.0
      9    0.0
     10    0.0
     11    0.0
     12    0.0
     13    0.0
     14    0.0
     15    0.0
     16    0.0
     17    0.0
     18    0.0
     19    0.0
     20    0.0
     21    0.0
     22    0.0
     23    4.6
     24    6.8
     25    0.0
     26    0.0
     27    0.0
     28    0.0
     29    0.0
     30    0.0
     31    0.0
     32    0.0
     33    0.0
     34    0.0
     35    0.0
     36    0.0
     37    0.0
     38    0.0
     39    0.0
     40    0.0
     41    0.0
     42    0.0
     43    0.0
     44    0.0
     45    0.0
     46    0.0
     47    0.0
     48    0.0
     49    0.0
     50    0.0
     51    0.0
     52    0.0
     53    0.0
     54    0.0
     55    0.0
     56    0.0
     57    0.0
     58    0.0
     59    0.0
     60    0.0
     61    0.0
     62    0.0
     63    0.0
     64    0.0
     65    0.0
     66    0.0
     67    0.0
     68    0.0
     69    0.0
     70    0.0
     71    0.0
     72    0.0
     73    0.0
     74    0.0
     75   11.9
     76    0.0
     77    0.0
     78    2.5
     79    0.0
     80    0.0
     81    0.0
     82    0.0
     83    0.0
     84    0.0
     85    0.0
     86    0.0
     87    0.0
     88    0.0
     89    0.0
     90    0.0
     91    0.0
     92    0.0
     93    0.0
     94    0.0
     95    0.0
     96    0.0
     97    0.0
     98   11.7
     99    0.0
    100    0.0
    101    0.0
    102    0.0
    103    0.0
    104    5.1
    105    0.0
    106    0.0
    107    0.0
    108    0.0
    109    0.0
    110    0.0
    111    0.0
    112    0.0
    113    0.0
    114    0.0
    115    0.0
    116   10.2
    117    9.4
    118    2.3
    119   39.4
    120    0.0
    121    0.0
    122    6.4
    123    7.4
    124   64.8
    125    4.3
    126    0.0
    127    0.0
    128    0.0
    129    0.0
    130    0.0
    131    0.0
    132    0.0
    133    0.0
    134    0.0
    135    0.0
    136    0.0
    137    0.0
    138    4.6
    139    3.8
    140    7.6
    141   10.4
    142    0.0
    143   20.5
    144    2.5
    145   18.0
    146    2.8
    147    5.1
    148    0.0
    149    0.0
    150    0.0
    151    0.0
    152    0.0
    153   25.4
    154    0.0
    155   25.4
    156   24.1
    157    9.1
    158    0.0
    159   27.9
    160   13.0
    161    4.1
    162   27.7
    163    0.0
    164   60.2
    165    1.0
    166    0.0
    167    0.0
    168    0.0
    169    0.0
    170   14.0
    171   12.7
    172   11.2
    173    2.3
    174   22.6
    175   10.4
    176    9.6
    177    5.3
    178   49.5
    179   19.0
    180   19.7
    181   16.5
    182    0.0
    183   20.3
    184    4.3
    185    3.1
    186    4.8
    187    3.6
    188    0.0
    189   18.0
    190    3.8
    191   11.4
    192    7.9
    193    0.0
    194   12.7
    195   96.0
    196   13.5
    197   54.1
    198   15.2
    199    7.1
    200    6.6
    201    6.4
    202    5.6
    203    6.6
    204    0.0
    205   15.2
    206   26.9
    207   64.3
    208   32.5
    209   42.9
    210   29.0
    211    0.0
    212   59.9
    213   15.5
    214   28.7
    215   35.0
    216   44.2
    217    0.0
    218   25.9
    219   91.7
    220   14.0
    221    2.5
    222    8.9
    223   13.2
    224   27.9
    225  102.1
    226   78.0
    227   49.8
    228   19.2
    229   54.6
    230    2.5
    231    0.0
    232    0.0
    233    0.0
    234   14.2
    235   61.0
    236   44.4
    237   12.7
    238   38.1
    239    0.0
    240   19.2
    241   29.5
    242    0.0
    243    0.0
    244    0.0
    245   12.7
    246   50.8
    247    6.1
    248    0.0
    249    0.0
    250    0.0
    251    8.9
    252   35.6
    253   34.5
    254   12.7
    255   18.7
    256   18.0
    257   10.7
    258    9.6
    259    6.6
    260   17.8
    261   21.7
    262    0.0
    263    8.6
    264    2.5
    265    7.4
    266   10.2
    267    0.0
    268   11.4
    269    0.0
    270    0.0
    271   21.8
    272   35.6
    273   66.0
    274   12.7
    275    2.5
    276    0.0
    277    0.0
    278    0.0
    279    0.0
    280    0.0
    281  126.0
    282    8.1
    283    0.0
    284    0.0
    285    0.0
    286    0.0
    287    0.0
    288    0.0
    289    0.0
    290    0.0
    291    0.0
    292    0.0
    293    0.0
    294    0.0
    295    0.0
    296    0.0
    297    0.0
    298    0.0
    299    0.0
    300    0.0
    301    0.0
    302    0.0
    303    0.0
    304    0.0
    305    0.0
    306    0.0
    307    0.0
    308    0.0
    309    0.0
    310    0.0
    311    0.0
    312    0.0
    313    0.0
    314    0.0
    315    0.0
    316    0.0
    317    0.0
    318    0.0
    319    0.0
    320    0.0
    321    0.0
    322    0.0
    323    0.0
    324    0.0
    325    0.0
    326    0.0
    327    0.0
    328    0.0
    329    0.0
    330    0.0
    331    0.0
    332    0.0
    333    0.0
    334   15.2
    335    1.3
    336    0.0
    337    0.0
    338    0.0
    339    0.0
    340    0.0
    341    0.0
    342    0.0
    343    0.0
    344    0.0
    345    0.0
    346    0.0
    347    0.0
    348    0.0
    349    0.0
    350    0.0
    351    0.0
    352    6.4
    353    0.0
    354    0.0
    355    0.0
    356    0.0
    357    0.0
    358    0.0
    359    0.0
    360    0.0
    361    0.0
    362    0.0
    363    0.0
    364    0.0
    365    0.0
