      1    0.0
      2    0.0
      3    0.0
      4    0.0
      5    0.0
      6    0.0
      7    0.0
      8    0.0
      9    0.0
     10    0.0
     11    0.0
     12    0.0
     13    0.0
     14    0.0
     15    0.0
     16    0.0
     17   18.0
     18    9.4
     19    0.0
     20    0.0
     21    0.0
     22    0.0
     23    0.0
     24    0.0
     25    0.0
     26    0.0
     27    0.0
     28    0.0
     29    0.0
     30    0.0
     31    0.0
     32    0.0
     33    0.0
     34    0.0
     35    0.0
     36    0.0
     37    0.0
     38    0.0
     39    0.0
     40    0.0
     41    0.0
     42    0.0
     43    0.0
     44    0.0
     45    0.0
     46    0.0
     47    0.0
     48    0.0
     49    0.0
     50    5.0
     51    8.1
     52    0.9
     53    0.0
     54    0.0
     55    0.0
     56    0.0
     57    0.0
     58    0.0
     59    0.0
     60    0.0
     61    0.0
     62    0.0
     63    0.0
     64    0.0
     65    0.0
     66    0.0
     67    0.0
     68    0.0
     69    0.0
     70    0.0
     71    0.0
     72    0.0
     73    0.0
     74    0.0
     75    0.0
     76    0.0
     77    0.0
     78    0.0
     79    0.0
     80    0.0
     81    0.0
     82    0.0
     83    0.0
     84    0.0
     85    0.0
     86    0.0
     87    8.0
     88    0.0
     89    0.0
     90    0.0
     91    0.0
     92    T  
     93    0.0
     94    0.0
     95    0.0
     96    0.0
     97    0.0
     98    0.0
     99    0.0
    100    0.0
    101    0.0
    102    8.0
    103    5.1
    104    0.0
    105    0.0
    106    0.0
    107    0.0
    108    0.0
    109    7.4
    110    0.0
    111    0.0
    112    0.0
    113    4.7
    114    0.0
    115    0.0
    116   12.0
    117    0.0
    118    0.0
    119    0.0
    120    0.0
    121    0.0
    122    0.0
    123    0.0
    124    0.0
    125    0.0
    126    0.0
    127   13.4
    128   19.0
    129   24.3
    130    0.0
    131    0.0
    132    0.0
    133    0.0
    134   51.0
    135    3.4
    136    0.0
    137    0.0
    138    0.0
    139    0.0
    140    0.0
    141    0.0
    142    0.0
    143    0.0
    144    0.0
    145    0.0
    146   18.0
    147    0.0
    148    0.0
    149    0.0
    150    7.5
    151    0.0
    152    0.0
    153    0.0
    154    0.0
    155    4.4
    156   45.1
    157    0.0
    158    6.7
    159    1.6
    160    0.0
    161    9.5
    162    0.0
    163   31.0
    164    0.0
    165   34.1
    166   75.0
    167    0.0
    168   19.3
    169   57.0
    170    1.4
    171    7.0
    172   12.3
    173   90.0
    174    0.0
    175   24.3
    176   19.4
    177    0.0
    178   23.4
    179   45.1
    180   17.0
    181  105.0
    182   14.4
    183    8.5
    184    0.0
    185    0.0
    186   45.0
    187    0.0
    188    0.0
    189   16.5
    190    0.0
    191   24.0
    192   16.4
    193    4.3
    194   22.9
    195   78.0
    196   19.8
    197    0.0
    198    0.0
    199    7.9
    200    0.0
    201    0.0
    202   17.0
    203   43.5
    204   31.4
    205    9.1
    206    4.6
    207   18.3
    208   35.0
    209   38.4
    210   31.0
    211   29.1
    212   27.0
    213    4.3
    214   19.7
    215    0.0
    216   24.4
    217    9.5
    218   11.9
    219    6.7
    220    0.0
    221   26.0
    222   22.3
    223    0.0
    224    0.0
    225   44.0
    226    0.0
    227    1.7
    228   22.4
    229   36.5
    230   38.0
    231   34.1
    232    0.0
    233   19.4
    234   17.0
    235    0.0
    236    0.0
    237   45.6
    238   11.1
    239    0.0
    240    0.0
    241   19.4
    242   28.0
    243   40.5
    244    1.6
    245   28.9
    246   24.5
    247   17.0
    248   38.4
    249    0.0
    250   19.4
    251   33.0
    252   56.3
    253   11.0
    254   28.5
    255   76.3
    256   18.2
    257    0.0
    258   29.0
    259   10.1
    260    4.4
    261  113.6
    262   14.0
    263    9.4
    264    0.0
    265    0.0
    266    0.0
    267    0.0
    268    0.0
    269    0.0
    270    0.0
    271    0.0
    272    0.0
    273    0.0
    274    0.0
    275    0.0
    276    0.0
    277    0.0
    278    0.0
    279    0.0
    280    0.0
    281    0.0
    282    0.0
    283    0.0
    284    0.0
    285    0.0
    286    0.0
    287    0.0
    288    9.4
    289   15.0
    290    0.0
    291    0.0
    292    0.0
    293    0.0
    294    0.0
    295    0.0
    296    0.0
    297    0.0
    298    0.0
    299    0.0
    300    0.0
    301    0.0
    302    0.0
    303    0.0
    304    0.0
    305    0.0
    306    0.0
    307    0.0
    308    0.0
    309    0.0
    310    0.0
    311    0.0
    312    0.0
    313    0.0
    314    0.0
    315    0.0
    316    0.0
    317    0.0
    318    0.0
    319    0.0
    320    0.0
    321    0.0
    322    0.0
    323    0.0
    324    0.0
    325    0.0
    326    0.0
    327    0.0
    328    0.0
    329    0.0
    330    0.0
    331    0.0
    332    0.0
    333    0.0
    334    0.0
    335    0.0
    336    0.0
    337    0.0
    338    0.0
    339    0.0
    340    0.0
    341    0.0
    342    0.0
    343    0.0
    344    0.0
    345    0.0
    346    0.0
    347    0.0
    348    0.0
    349    0.0
    350    0.0
    351    0.0
    352    0.0
    353    0.0
    354    0.0
    355    0.0
    356    0.0
    357    0.0
    358    0.0
    359    0.0
    360    0.0
    361    0.0
    362    0.0
    363    0.0
    364    0.0
    365    0.0
    366    0.0
