      1    0.0
      2    0.0
      3    0.0
      4    0.0
      5    0.0
      6    0.0
      7    0.0
      8    0.0
      9    0.0
     10    0.0
     11    0.0
     12    0.0
     13    0.0
     14    0.0
     15    0.0
     16    0.0
     17    0.0
     18    0.0
     19    0.0
     20    0.0
     21    0.0
     22    0.0
     23    0.0
     24    1.2
     25    0.0
     26    0.0
     27    0.0
     28    0.0
     29    0.0
     30    0.0
     31    0.0
     32    0.0
     33    0.0
     34    0.0
     35    0.0
     36    0.0
     37    0.0
     38    0.0
     39    0.0
     40    0.0
     41    0.0
     42    0.0
     43    0.0
     44    0.0
     45    0.0
     46    0.0
     47    0.0
     48    7.8
     49    0.0
     50    0.0
     51    0.0
     52    0.0
     53    0.0
     54    0.0
     55    0.0
     56    0.0
     57    0.0
     58    0.0
     59    0.0
     60    0.0
     61    0.0
     62    0.0
     63    0.0
     64    0.0
     65    0.0
     66    0.0
     67    0.0
     68    0.0
     69    0.0
     70    0.0
     71    0.0
     72    0.0
     73    0.0
     74    0.0
     75    0.0
     76    0.0
     77    0.0
     78    0.0
     79    0.0
     80    0.0
     81    0.0
     82    0.0
     83    0.0
     84    0.0
     85    0.0
     86    0.0
     87    0.0
     88    0.0
     89    0.0
     90    0.0
     91   15.5
     92    0.0
     93    0.0
     94    0.0
     95    5.0
     96    0.0
     97    0.0
     98   17.5
     99    0.0
    100    2.0
    101    0.0
    102    0.0
    103    0.0
    104    0.0
    105   21.0
    106    0.0
    107    0.0
    108    0.0
    109    0.0
    110   16.8
    111    0.0
    112   12.5
    113    0.0
    114    0.0
    115    0.0
    116    0.0
    117    0.0
    118    0.0
    119    0.0
    120    8.7
    121   11.3
    122    7.2
    123    2.3
    124    0.0
    125    0.0
    126    0.0
    127    4.5
    128    3.2
    129    0.0
    130    0.0
    131   25.0
    132   13.4
    133   18.5
    134    0.0
    135    0.0
    136    2.5
    137    0.0
    138    3.9
    139   10.3
    140    0.0
    141    0.0
    142    T  
    143    6.8
    144   10.3
    145    5.4
    146    0.0
    147    0.0
    148    0.0
    149   18.5
    150   14.3
    151    8.2
    152   13.1
    153   25.0
    154   29.5
    155    0.0
    156    0.0
    157   48.0
    158   16.3
    159    0.0
    160   36.8
    161   15.0
    162   27.3
    163   18.8
    164    5.5
    165   38.3
    166    0.0
    167    0.0
    168   22.5
    169   20.5
    170   15.1
    171    5.1
    172   10.3
    173   32.5
    174   51.5
    175    4.5
    176   12.0
    177    4.5
    178    0.0
    179   16.8
    180   33.2
    181   36.0
    182   11.5
    183   15.4
    184    9.7
    185   24.3
    186   17.5
    187    4.2
    188   22.9
    189    7.8
    190    0.0
    191    3.2
    192    0.0
    193   32.3
    194   35.4
    195    7.1
    196    0.0
    197   14.3
    198   18.6
    199    7.7
    200    0.0
    201    0.0
    202    8.9
    203   24.3
    204    3.0
    205    4.5
    206    6.9
    207   17.8
    208   30.2
    209    3.2
    210    4.2
    211   17.2
    212   12.2
    213   12.5
    214    5.5
    215    9.7
    216    6.0
    217   20.2
    218    8.5
    219    0.0
    220    T  
    221   22.2
    222   13.0
    223   28.8
    224   32.0
    225   16.4
    226    5.5
    227    3.0
    228    8.5
    229    2.2
    230    0.0
    231    0.0
    232    0.0
    233   16.0
    234    4.5
    235    2.0
    236    7.9
    237   17.7
    238   16.0
    239    9.2
    240    2.2
    241    0.0
    242    0.0
    243    3.2
    244    2.5
    245    3.9
    246    0.0
    247    0.0
    248    8.9
    249    2.3
    250    7.8
    251    0.0
    252    0.0
    253    0.0
    254    0.5
    255    1.5
    256    9.7
    257    0.0
    258    0.0
    259    0.0
    260    0.0
    261    0.0
    262    0.0
    263    0.0
    264    0.0
    265   11.5
    266   12.8
    267    9.3
    268    0.0
    269   10.4
    270   23.3
    271   21.5
    272   12.3
    273   14.1
    274    0.0
    275    5.4
    276    3.1
    277    0.0
    278    2.9
    279    0.0
    280    0.0
    281    0.0
    282    0.0
    283    0.0
    284    0.0
    285    0.0
    286    0.0
    287    0.0
    288    0.0
    289    0.0
    290    0.0
    291    0.0
    292    0.0
    293    0.0
    294    0.0
    295    0.0
    296    0.0
    297    0.0
    298    0.0
    299    0.0
    300    0.0
    301    0.0
    302    0.0
    303    0.0
    304    0.0
    305    0.0
    306    0.0
    307    0.0
    308    0.0
    309    0.0
    310    0.0
    311    0.0
    312    0.0
    313    0.0
    314    0.0
    315    0.0
    316    0.0
    317    0.0
    318    0.0
    319    0.0
    320    0.0
    321    0.0
    322    0.0
    323    0.0
    324    0.0
    325    0.0
    326    0.0
    327    0.0
    328    0.0
    329    0.0
    330    0.0
    331    0.0
    332    0.0
    333    0.0
    334    0.0
    335    0.0
    336    0.0
    337    0.0
    338    0.0
    339    0.0
    340    0.0
    341    0.0
    342    0.0
    343    0.0
    344    0.0
    345    0.0
    346    0.0
    347    0.0
    348    0.0
    349    0.0
    350    0.0
    351    0.0
    352    0.0
    353    0.0
    354    0.0
    355    0.0
    356    0.0
    357    0.0
    358    0.0
    359    0.0
    360    0.0
    361    0.0
    362    0.0
    363    0.0
    364    0.0
    365    0.0
