  1992   1   1     0  16.4   2.8   0.0     0     0
  1992   1   2     0  16.4   2.3   0.0     0     0
  1992   1   3     0  16.8   5.5   0.0     0     0
  1992   1   4     0  18.2   3.4   0.0     0     0
  1992   1   5     0  18.2   4.0   0.0     0     0
  1992   1   6     0  18.4   5.0   0.0     0     0
  1992   1   7     0  20.0   5.5   0.0     0     0
  1992   1   8     0  19.0   5.9   0.0     0     0
  1992   1   9     0  19.5   6.2   0.0     0     0
  1992   1  10     0  19.5   5.4   0.0     0     0
  1992   1  11     0  16.0   6.0   0.0     0     0
  1992   1  12     0  16.6   7.2   8.7     0     0
  1992   1  13     0  19.0   5.6   0.0     0     0
  1992   1  14     0  19.5   7.8   0.0     0     0
  1992   1  15     0  19.5   6.6   0.0     0     0
  1992   1  16     0  19.6   5.8   0.0     0     0
  1992   1  17     0  20.0   4.6   0.2     0     0
  1992   1  18     0  18.4   8.0   0.0     0     0
  1992   1  19     0  17.5  10.2   0.0     0     0
  1992   1  20     0  18.8   8.0   0.0     0     0
  1992   1  21     0  17.5   9.5   0.0     0     0
  1992   1  22     0  19.0  10.0   1.6     0     0
  1992   1  23     0  19.5   5.9   0.0     0     0
  1992   1  24     0  20.0   6.9   0.0     0     0
  1992   1  25     0  20.0   7.0   0.0     0     0
  1992   1  26     0  20.0  11.1   0.0     0     0
  1992   1  27     0  21.0   9.8   0.0     0     0
  1992   1  28     0  21.0   8.4   0.0     0     0
  1992   1  29     0  21.8   8.9   0.0     0     0
  1992   1  30     0  24.5  10.2   0.0     0     0
  1992   1  31     0  18.0  12.6   2.2     0     0
  1992   2   1     0  21.0   8.5   1.5     0     0
  1992   2   2     0  20.0  10.5   0.0     0     0
  1992   2   3     0  19.0   7.0   6.3     0     0
  1992   2   4     0  19.5   5.5   0.0     0     0
  1992   2   5     0  19.0   7.2   0.0     0     0
  1992   2   6     0  19.5   9.5   0.0     0     0
  1992   2   7     0  12.8  10.9  13.4     0     0
  1992   2   8     0  16.6   9.0   3.2     0     0
  1992   2   9     0  19.7   5.9   0.0     0     0
  1992   2  10     0  20.0   7.4   0.0     0     0
  1992   2  11     0  19.8  10.9   0.0     0     0
  1992   2  12     0  20.0   9.0   0.3     0     0
  1992   2  13     0  14.0  10.5   0.0     0     0
  1992   2  14     0  21.5   6.7   0.0     0     0
  1992   2  15     0  21.1   9.0   0.0     0     0
  1992   2  16     0  20.9   9.6   0.0     0     0
  1992   2  17     0  20.8   7.4   0.0     0     0
  1992   2  18     0  19.2   5.6   0.0     0     0
  1992   2  19     0  21.0   5.6   0.0     0     0
  1992   2  20     0  20.5   8.0   0.0     0     0
  1992   2  21     0  21.2   7.0   0.0     0     0
  1992   2  22     0  22.2   7.0   0.0     0     0
  1992   2  23     0  22.0   7.5   0.0     0     0
  1992   2  24     0  20.0   6.5   0.0     0     0
  1992   2  25     0  20.0   4.2   0.0     0     0
  1992   2  26     0  21.0   6.1   0.0     0     0
  1992   2  27     0  18.1   8.4   0.0     0     0
  1992   2  28     0  21.5   7.5   0.0     0     0
  1992   2  29     0  22.6   8.5   0.0     0     0
  1992   3   1     0  24.1  10.0   0.0     0     0
  1992   3   2     0  24.7  11.2   0.0     0     0
  1992   3   3     0  25.2  12.0   0.0     0     0
  1992   3   4     0  26.0  10.6   0.0     0     0
  1992   3   5     0  26.0  12.0   0.0     0     0
  1992   3   6     0  26.5  11.8   0.0     0     0
  1992   3   7     0  26.5  11.4   0.0     0     0
  1992   3   8     0  26.7  11.0   0.0     0     0
  1992   3   9     0  26.3  11.0   0.0     0     0
  1992   3  10     0  26.3  11.4   0.0     0     0
  1992   3  11     0  27.2  10.3   0.0     0     0
  1992   3  12     0  27.2  11.0   0.0     0     0
  1992   3  13     0  28.0  12.6   0.0     0     0
  1992   3  14     0  28.8  13.6   0.0     0     0
  1992   3  15     0  28.2  13.2   0.0     0     0
  1992   3  16     0  27.0   9.7     T     0     0
  1992   3  17     0  26.8  12.2   0.0     0     0
  1992   3  18     0  25.9  12.8   0.0     0     0
  1992   3  19     0  27.6  11.8   0.0     0     0
  1992   3  20     0  28.5  13.7   0.0     0     0
  1992   3  21     0  29.1  13.0   0.5     0     0
  1992   3  22     0  31.0  15.4   0.0     0     0
  1992   3  23     0  28.5  16.0   0.0     0     0
  1992   3  24     0  31.0  13.0   0.0     0     0
  1992   3  25     0  30.5  14.7   0.0     0     0
  1992   3  26     0  31.7  15.0   0.0     0     0
  1992   3  27     0  32.6  14.5   0.0     0     0
  1992   3  28     0  32.0  15.0   0.0     0     0
  1992   3  29     0  35.0  17.0   0.0     0     0
  1992   3  30     0  31.0  16.5   0.0     0     0
  1992   3  31     0  32.0  13.6   0.0     0     0
  1992   4   1     0  30.2  12.6     T     0     0
  1992   4   2     0  29.4  12.9   0.0     0     0
  1992   4   3     0  31.0  13.5   0.0     0     0
  1992   4   4     0  30.2  14.2   0.0     0     0
  1992   4   5     0  31.0  12.9   0.0     0     0
  1992   4   6     0  31.0  15.0   0.0     0     0
  1992   4   7     0  32.3  15.0   0.0     0     0
  1992   4   8     0  33.2  15.6   0.0     0     0
  1992   4   9     0  33.3  15.4   0.0     0     0
  1992   4  10     0  35.5  17.0   0.0     0     0
  1992   4  11     0  36.0  17.5   0.0     0     0
  1992   4  12     0  36.8  16.4   0.0     0     0
  1992   4  13     0  37.0  16.3   0.0     0     0
  1992   4  14     0  36.0  17.0   0.0     0     0
  1992   4  15     0  35.1  13.5   0.0     0     0
  1992   4  16     0  33.6  13.0   0.0     0     0
  1992   4  17     0  33.1  14.6   0.0     0     0
  1992   4  18     0  32.9  17.0   0.0     0     0
  1992   4  19     0  32.3  13.2   4.4     0     0
  1992   4  20     0  34.0  16.8   0.0     0     0
  1992   4  21     0  34.0  16.9   0.0     0     0
  1992   4  22     0  37.4  18.5   0.0     0     0
  1992   4  23     0  35.0  17.8   0.0     0     0
  1992   4  24     0  34.0  13.2   0.0     0     0
  1992   4  25     0  33.4  16.4   0.0     0     0
  1992   4  26     0  34.5  14.9   0.0     0     0
  1992   4  27     0  31.4  17.0   7.2     0     0
  1992   4  28     0  31.2  16.5   0.5     0     0
  1992   4  29     0  30.5  17.0   8.4     0     0
  1992   4  30     0  26.0  16.3  33.4     0     0
  1992   5   1     0  27.5  16.8  20.4     0     0
  1992   5   2     0  29.5  13.0  12.9     0     0
  1992   5   3     0  27.4  16.8   8.8     0     0
  1992   5   4     0  24.5  16.8  19.5     0     0
  1992   5   5     0  28.5  11.7  18.5     0     0
  1992   5   6     0  30.4  16.0   2.8     0     0
  1992   5   7     0  31.0  15.6  18.4     0     0
  1992   5   8     0  31.5  17.0   0.0     0     0
  1992   5   9     0  31.1  18.0   1.0     0     0
  1992   5  10     0  30.5  16.5   3.3     0     0
  1992   5  11     0  31.7  17.9   7.8     0     0
  1992   5  12     0  31.4  17.9   0.4     0     0
  1992   5  13     0  33.0  18.0   0.0     0     0
  1992   5  14     0  29.5  18.5   0.0     0     0
  1992   5  15     0  28.5  18.4  10.8     0     0
  1992   5  16     0  31.3  19.0   0.0     0     0
  1992   5  17     0  30.2  17.5  12.8     0     0
  1992   5  18     0  30.6  16.3   1.8     0     0
  1992   5  19     0  33.0  18.2   0.0     0     0
  1992   5  20     0  30.8  17.7   0.0     0     0
  1992   5  21     0  29.7  13.6   7.2     0     0
  1992   5  22     0  26.5  16.2   0.0     0     0
  1992   5  23     0  28.5  17.2  14.8     0     0
  1992   5  24     0  28.7  19.6     T     0     0
  1992   5  25     0  22.8  16.8   4.4     0     0
  1992   5  26     0  28.4  17.2   0.2     0     0
  1992   5  27     0  29.5  16.8  29.2     0     0
  1992   5  28     0  28.5  19.0  26.8     0     0
  1992   5  29     0  28.7  20.9     T     0     0
  1992   5  30     0  31.0  16.7  25.2     0     0
  1992   5  31     0  32.5  20.8   0.0     0     0
  1992   6   1     0  32.7  17.9   0.0     0     0
  1992   6   2     0  33.0  16.4   0.0     0     0
  1992   6   3     0  33.0  19.0   0.0     0     0
  1992   6   4     0  33.4  21.5   0.0     0     0
  1992   6   5     0  33.7  20.5   0.0     0     0
  1992   6   6     0  32.2  17.3   9.0     0     0
  1992   6   7     0  31.6  20.6  17.0     0     0
  1992   6   8     0  29.7  18.7  12.9     0     0
  1992   6   9     0  30.5  19.0   0.0     0     0
  1992   6  10     0  29.6  18.7   2.8     0     0
  1992   6  11     0  31.7  18.3   0.0     0     0
  1992   6  12     0  31.1  20.2   6.3     0     0
  1992   6  13     0  28.2  15.7  17.2     0     0
  1992   6  14     0  31.3  21.0   0.0     0     0
  1992   6  15     0  31.0  19.8  14.4     0     0
  1992   6  16     0  32.0  22.0   0.0     0     0
  1992   6  17     0  33.0  22.7   0.0     0     0
  1992   6  18     0  32.0  23.0   0.0     0     0
  1992   6  19     0  31.6  19.7  86.0     0     0
  1992   6  20     0  31.6  20.8  12.7     0     0
  1992   6  21     0  31.1  21.8  61.8     0     0
  1992   6  22     0  30.6  22.5   2.8     0     0
  1992   6  23     0  29.5  21.0 128.4     0     0
  1992   6  24     0  30.6  22.5   0.0     0     0
  1992   6  25     0  30.8  21.0  13.0     0     0
  1992   6  26     0  30.4  22.9   7.0     0     0
  1992   6  27     0  29.6  21.8  20.0     0     0
  1992   6  28     0  31.1  20.5  19.4     0     0
  1992   6  29     0  31.0  20.3  30.0     0     0
  1992   6  30     0  30.5  21.2   8.4     0     0
  1992   7   1     0  31.2  21.0   6.8     0     0
  1992   7   2     0  31.0   DNA   0.2     0     0
  1992   7   3     0  30.5  19.0  26.5     0     0
  1992   7   4     0  31.7  20.6  25.4     0     0
  1992   7   5     0  31.3  22.0  23.5     0     0
  1992   7   6     0  30.9  21.0  65.8     0     0
  1992   7   7     0  30.3  21.5  43.6     0     0
  1992   7   8     0  30.5  21.7   0.5     0     0
  1992   7   9     0  30.6  20.9 135.5     0     0
  1992   7  10     0  30.6  20.8  74.2     0     0
  1992   7  11     0  29.0  21.8   1.6     0     0
  1992   7  12     0  29.2  21.4  22.6     0     0
  1992   7  13     0  25.5  21.6  16.2     0     0
  1992   7  14     0  29.2  21.3  42.2     0     0
  1992   7  15     0  26.3  22.0   0.0     0     0
  1992   7  16     0  28.1  22.2   4.4     0     0
  1992   7  17     0  29.9  20.8  44.2     0     0
  1992   7  18     0  31.0  20.9  24.4     0     0
  1992   7  19     0  29.5  21.0  16.3     0     0
  1992   7  20     0  29.5  21.7   8.6     0     0
  1992   7  21     0  30.5  22.7   0.8     0     0
  1992   7  22     0  30.0  22.0  33.0     0     0
  1992   7  23     0  29.5  21.5   0.8     0     0
  1992   7  24     0  29.5  21.5  79.0     0     0
  1992   7  25     0  31.2  22.5   9.2     0     0
  1992   7  26     0  31.5  22.0   0.0     0     0
  1992   7  27     0  30.8  22.0   0.5     0     0
  1992   7  28     0  29.0  23.0     T     0     0
  1992   7  29     0  31.7  22.2   0.0     0     0
  1992   7  30     0  29.0  23.5   0.6     0     0
  1992   7  31     0  27.5  22.0  87.2     0     0
  1992   8   1     0  26.5  21.0 108.6     0     0
  1992   8   2     0  29.5  22.0   7.2     0     0
  1992   8   3     0  30.0  21.5  26.0     0     0
  1992   8   4     0  29.3  21.9   5.1     0     0
  1992   8   5     0  29.6  22.5   0.0     0     0
  1992   8   6     0  29.7  22.0  67.2     0     0
  1992   8   7     0  29.7  21.0 148.1     0     0
  1992   8   8     0  31.0  22.6   1.3     0     0
  1992   8   9     0  30.6  23.0   0.0     0     0
  1992   8  10     0  29.8  22.8   0.0     0     0
  1992   8  11     0  31.6  22.8   0.2     0     0
  1992   8  12     0  30.7  22.6   0.0     0     0
  1992   8  13     0  30.8  20.9   0.8     0     0
  1992   8  14     0  31.6  22.5   0.0     0     0
  1992   8  15     0  28.2  21.0 113.8     0     0
  1992   8  16     0  29.5  22.6   2.0     0     0
  1992   8  17     0  29.6  22.3  28.4     0     0
  1992   8  18     0  30.0  22.0   1.8     0     0
  1992   8  19     0  31.7  21.5   0.4     0     0
  1992   8  20     0  31.0  21.5  16.0     0     0
  1992   8  21     0  31.1  21.6  20.2     0     0
  1992   8  22     0  28.2  20.4  42.0     0     0
  1992   8  23     0  29.2  21.5  43.8     0     0
  1992   8  24     0  27.7  21.3 109.6     0     0
  1992   8  25     0  28.6  21.3  29.4     0     0
  1992   8  26     0  29.1  21.3   1.8     0     0
  1992   8  27     0  30.7  20.6  18.6     0     0
  1992   8  28     0  30.5  22.0   0.0     0     0
  1992   8  29     0  32.0  21.8   6.4     0     0
  1992   8  30     0  32.0  23.5   0.0     0     0
  1992   8  31     0  31.3  23.5   0.0     0     0
  1992   9   1     0  32.7  22.4   9.6     0     0
  1992   9   2     0  32.5  22.7   0.0     0     0
  1992   9   3     0  32.0  21.0   0.3     0     0
  1992   9   4     0  31.0  23.5   0.0     0     0
  1992   9   5     0  31.5  21.5   0.0     0     0
  1992   9   6     0  30.3  22.0   1.8     0     0
  1992   9   7     0  31.1  21.3   0.0     0     0
  1992   9   8     0  30.5  21.4   7.0     0     0
  1992   9   9     0  30.7  22.0   0.6     0     0
  1992   9  10     0  31.4  20.0  16.4     0     0
  1992   9  11     0  31.0  21.5   0.0     0     0
  1992   9  12     0  30.6  21.5   1.5     0     0
  1992   9  13     0  26.6  21.5  15.6     0     0
  1992   9  14     0  29.1  20.3  22.1     0     0
  1992   9  15     0  28.5  21.0  15.4     0     0
  1992   9  16     0  29.0  21.0  15.0     0     0
  1992   9  17     0  29.6  21.0     T     0     0
  1992   9  18     0  29.8  19.5   0.3     0     0
  1992   9  19     0  30.0  21.0   0.0     0     0
  1992   9  20     0  30.1  19.0   0.0     0     0
  1992   9  21     0  30.1  20.0   0.0     0     0
  1992   9  22     0  30.6  21.0   0.0     0     0
  1992   9  23     0  30.3  19.0   0.0     0     0
  1992   9  24     0  30.5  18.9   0.0     0     0
  1992   9  25     0  29.6  18.4   0.0     0     0
  1992   9  26     0  29.6  18.5  31.0     0     0
  1992   9  27     0  30.0  19.5  67.8     0     0
  1992   9  28     0  27.5  19.8  82.4     0     0
  1992   9  29     0  22.5  20.0  97.2     0     0
  1992   9  30     0  24.5  19.7  12.5     0     0
  1992  10   1     0  28.0  20.5   1.8     0     0
  1992  10   2     0  29.2  19.7   0.0     0     0
  1992  10   3     0  28.2  18.6   0.0     0     0
  1992  10   4     0  28.4  18.5  26.8     0     0
  1992  10   5     0  28.2  15.7  34.8     0     0
  1992  10   6     0  27.6  15.5   0.2     0     0
  1992  10   7     0  28.1  16.7   0.0     0     0
  1992  10   8     0  28.4  17.0   0.0     0     0
  1992  10   9     0  29.2  17.3   0.0     0     0
  1992  10  10     0  29.0  17.7   0.0     0     0
  1992  10  11     0  26.2  20.2   0.0     0     0
  1992  10  12     0  22.5  19.0  16.2     0     0
  1992  10  13     0  27.6  18.5  12.6     0     0
  1992  10  14     0  28.0  18.0   3.4     0     0
  1992  10  15     0  29.6  20.6  11.3     0     0
  1992  10  16     0  23.2  19.0  43.4     0     0
  1992  10  17     0  26.6  18.4  50.1     0     0
  1992  10  18     0  26.0  18.5   9.9     0     0
  1992  10  19     0  26.8  17.0   0.0     0     0
  1992  10  20     0  27.1  17.0   1.6     0     0
  1992  10  21     0  27.3  15.6  23.8     0     0
  1992  10  22     0  26.0  15.5   0.0     0     0
  1992  10  23     0  26.1  14.0   0.0     0     0
  1992  10  24     0  25.5  15.2   0.0     0     0
  1992  10  25     0  25.5  15.0   0.0     0     0
  1992  10  26     0  24.4  12.0  10.2     0     0
  1992  10  27     0  25.2  11.0   0.0     0     0
  1992  10  28     0  25.7  12.6   0.0     0     0
  1992  10  29     0  27.6  12.8   0.0     0     0
  1992  10  30     0  27.1  12.4   0.0     0     0
  1992  10  31     0  27.4  12.8   0.0     0     0
  1992  11   1     0  27.0  12.4   0.0     0     0
  1992  11   2     0  26.5  12.8   0.0     0     0
  1992  11   3     0  26.1  12.8   0.0     0     0
  1992  11   4     0  25.6  11.7   0.0     0     0
  1992  11   5     0  25.5  11.0   0.0     0     0
  1992  11   6     0  24.5  11.4   0.0     0     0
  1992  11   7     0  23.5  10.5   0.0     0     0
  1992  11   8     0  25.5  11.6   0.0     0     0
  1992  11   9     0  25.6  11.2   0.0     0     0
  1992  11  10     0  25.9  11.6   0.0     0     0
  1992  11  11     0  24.5  15.3   0.0     0     0
  1992  11  12     0  25.0  12.6   0.0     0     0
  1992  11  13     0  25.1  12.0   0.0     0     0
  1992  11  14     0  25.0  12.0   0.0     0     0
  1992  11  15     0  25.5  12.4   0.0     0     0
  1992  11  16     0  24.7  10.2   0.0     0     0
  1992  11  17     0  24.7  10.8   0.0     0     0
  1992  11  18     0  24.5  11.7   0.0     0     0
  1992  11  19     0  23.3  11.8   0.0     0     0
  1992  11  20     0  24.3  12.5   0.0     0     0
  1992  11  21     0  24.1  12.8   0.0     0     0
  1992  11  22     0  24.4  12.3   0.0     0     0
  1992  11  23     0  21.8  13.0   2.4     0     0
  1992  11  24     0  21.9   7.8   0.0     0     0
  1992  11  25     0  22.6   9.0   0.0     0     0
  1992  11  26     0  22.0   8.5   0.0     0     0
  1992  11  27     0  23.1   8.2   0.0     0     0
  1992  11  28     0  22.5   8.3   0.0     0     0
  1992  11  29     0  22.4   8.6   0.0     0     0
  1992  11  30     0  22.4   9.4   0.0     0     0
  1992  12   1     0  23.3   9.2   0.0     0     0
  1992  12   2     0  21.3   8.6   0.2     0     0
  1992  12   3     0  20.1   9.5  13.4     0     0
  1992  12   4     0  20.0   7.6   7.0     0     0
  1992  12   5     0  19.6   7.4   5.6     0     0
  1992  12   6     0  20.4   7.8   0.0     0     0
  1992  12   7     0  22.0   6.5   0.0     0     0
  1992  12   8     0  21.0   5.6   0.0     0     0
  1992  12   9     0  19.0   6.9   0.0     0     0
  1992  12  10     0  20.1   6.5   0.0     0     0
  1992  12  11     0  21.2   9.9   0.0     0     0
  1992  12  12     0  22.5   6.5   0.0     0     0
  1992  12  13     0  21.1   6.8   0.0     0     0
  1992  12  14     0  18.5   7.5   0.0     0     0
  1992  12  15     0  18.8   7.4   0.0     0     0
  1992  12  16     0  20.2   6.5   0.0     0     0
  1992  12  17     0  20.5   6.5   0.0     0     0
  1992  12  18     0  19.4   6.3   0.0     0     0
  1992  12  19     0  20.0   6.5   0.0     0     0
  1992  12  20     0  20.3   6.9   0.0     0     0
  1992  12  21     0  19.6   7.5   0.0     0     0
  1992  12  22     0  20.0   7.0   0.0     0     0
  1992  12  23     0  20.8   7.0   0.0     0     0
  1992  12  24     0  22.0   4.6   0.0     0     0
  1992  12  25     0  20.2   5.0   0.0     0     0
  1992  12  26     0  19.2   5.0   0.0     0     0
  1992  12  27     0  19.5   7.9   0.0     0     0
  1992  12  28     0  18.7   8.0   0.0     0     0
  1992  12  29     0  18.8   5.8   0.0     0     0
  1992  12  30     0  18.3   7.4   0.0     0     0
  1992  12  31     0  17.6   9.0   0.0     0     0
