  2009   1   1     0  20.2   7.0   0.0     0     0
  2009   1   2     0  19.8   6.5   0.0     0     0
  2009   1   3     0  20.0   6.5   0.0     0     0
  2009   1   4     0  20.2   6.8   0.0     0     0
  2009   1   5     0  20.3   6.5   0.0     0     0
  2009   1   6     0  20.5   6.4   0.0     0     0
  2009   1   7     0  22.6   6.5   0.0     0     0
  2009   1   8     0  21.6   5.5   0.0     0     0
  2009   1   9     0  21.6   6.5   0.0     0     0
  2009   1  10     0  21.8   6.5   0.0     0     0
  2009   1  11     0  21.5   7.0   0.0     0     0
  2009   1  12     0  22.0   9.0   0.0     0     0
  2009   1  13     0  21.0   9.5   0.0     0     0
  2009   1  14     0  21.5   8.0   0.0     0     0
  2009   1  15     0  21.8   8.3   0.0     0     0
  2009   1  16     0  21.7   8.0   0.0     0     0
  2009   1  17     0  22.5   8.0   0.0     0     0
  2009   1  18     0  23.2   9.0   0.0     0     0
  2009   1  19     0  23.0   8.5   0.0     0     0
  2009   1  20     0  23.0   8.7   0.0     0     0
  2009   1  21     0  20.2  13.5   0.0     0     0
  2009   1  22     0  23.5   9.4   0.0     0     0
  2009   1  23     0  23.7   9.5   0.0     0     0
  2009   1  24     0  21.5  10.4   0.0     0     0
  2009   1  25     0  23.1  12.2   0.0     0     0
  2009   1  26     0  24.5  11.4   0.0     0     0
  2009   1  27     0  24.5  11.0   0.0     0     0
  2009   1  28     0  23.8  10.0   0.0     0     0
  2009   1  29     0  18.4   9.6   0.0     0     0
  2009   1  30     0  22.0   7.8   0.0     0     0
  2009   1  31     0  23.5   8.5   0.0     0     0
  2009   2   1     0  23.5   9.0   0.0     0     0
  2009   2   2     0  21.7  12.5   0.0     0     0
  2009   2   3     0  21.7   9.3   0.0     0     0
  2009   2   4     0  23.5   8.8   0.0     0     0
  2009   2   5     0  24.5   9.0   0.0     0     0
  2009   2   6     0  25.2   9.0   0.0     0     0
  2009   2   7     0  25.3   9.5   0.0     0     0
  2009   2   8     0  25.4   9.6   0.0     0     0
  2009   2   9     0  24.4  10.0   0.0     0     0
  2009   2  10     0  26.1  10.0   0.0     0     0
  2009   2  11     0  24.0  12.0   0.0     0     0
  2009   2  12     0  25.7   9.5   0.0     0     0
  2009   2  13     0  25.6   9.9   0.0     0     0
  2009   2  14     0  26.2  10.4   0.0     0     0
  2009   2  15     0  27.2  10.8   0.0     0     0
  2009   2  16     0  27.0  10.6   0.0     0     0
  2009   2  17     0  26.6  10.8   0.0     0     0
  2009   2  18     0  27.2  11.5   0.0     0     0
  2009   2  19     0  27.5  11.3   0.0     0     0
  2009   2  20     0  27.0  12.0   0.0     0     0
  2009   2  21     0  26.6  11.5   0.0     0     0
  2009   2  22     0  27.5  11.5   0.0     0     0
  2009   2  23     0  26.6  12.2   0.0     0     0
  2009   2  24     0  26.6  11.5   0.0     0     0
  2009   2  25     0  27.8  12.5   0.0     0     0
  2009   2  26     0  27.1  12.0   0.0     0     0
  2009   2  27     0  26.7  11.5   0.0     0     0
  2009   2  28     0  25.7  11.0   0.0     0     0
  2009   3   1     0  26.8   9.5   0.0     0     0
  2009   3   2     0  24.2  11.0   0.0     0     0
  2009   3   3     0  27.2  12.0   0.0     0     0
  2009   3   4     0  27.4  12.2   0.0     0     0
  2009   3   5     0  28.6  12.2   0.0     0     0
  2009   3   6     0  29.5  14.4   0.0     0     0
  2009   3   7     0  29.6  14.4   0.0     0     0
  2009   3   8     0  30.5  14.3   0.0     0     0
  2009   3   9     0  27.5  13.9   0.0     0     0
  2009   3  10     0  30.6  12.3   0.0     0     0
  2009   3  11     0  29.0  12.3   0.0     0     0
  2009   3  12     0  30.3  10.6   0.0     0     0
  2009   3  13     0  29.4  11.0   0.0     0     0
  2009   3  14     0  30.6  11.5   0.0     0     0
  2009   3  15     0  28.2  13.0   0.0     0     0
  2009   3  16     0  28.7  13.0   0.0     0     0
  2009   3  17     0  28.7  12.4   1.6     0     0
  2009   3  18     0  30.5  13.0   0.0     0     0
  2009   3  19     0  30.0  12.0   0.0     0     0
  2009   3  20     0  27.1  12.0     T     0     0
  2009   3  21     0  23.1  12.0   5.3     0     0
  2009   3  22     0  29.7  12.5   0.0     0     0
  2009   3  23     0  29.6  13.0   0.0     0     0
  2009   3  24     0  31.0  10.7   0.0     0     0
  2009   3  25     0  30.0  13.0   0.0     0     0
  2009   3  26     0  28.5  14.5   5.0     0     0
  2009   3  27     0  27.9  10.5  12.5     0     0
  2009   3  28     0  27.5  15.3   0.0     0     0
  2009   3  29     0  28.5  14.9   0.9     0     0
  2009   3  30     0  28.0  14.8     T     0     0
  2009   3  31     0  29.5  13.0   0.0     0     0
  2009   4   1     0  29.5  13.0   0.5     0     0
  2009   4   2     0  29.1  16.0   0.0     0     0
  2009   4   3     0  29.4  16.2   4.2     0     0
  2009   4   4     0  29.9  16.4     T     0     0
  2009   4   5     0  29.6  16.6   0.4     0     0
  2009   4   6     0  30.4  18.2   2.5     0     0
  2009   4   7     0  32.4  15.8   0.0     0     0
  2009   4   8     0  32.2  15.5   0.0     0     0
  2009   4   9     0  31.1  16.0   0.0     0     0
  2009   4  10     0  30.5  10.5   0.5     0     0
  2009   4  11     0  32.6  15.0   0.0     0     0
  2009   4  12     0  32.7  17.4   0.0     0     0
  2009   4  13     0  32.6  18.8   0.0     0     0
  2009   4  14     0  33.2  19.8   0.0     0     0
  2009   4  15     0  34.0  19.5   0.0     0     0
  2009   4  16     0  33.6  19.2   7.1     0     0
  2009   4  17     0  32.5  16.5   8.4     0     0
  2009   4  18     0  32.6  16.0   8.4     0     0
  2009   4  19     0  32.6  18.4   0.0     0     0
  2009   4  20     0  32.2  20.4   0.0     0     0
  2009   4  21     0  30.7  20.0   9.4     0     0
  2009   4  22     0  32.6  18.2   0.0     0     0
  2009   4  23     0  33.4  17.0   4.2     0     0
  2009   4  24     0  35.0  18.4   0.0     0     0
  2009   4  25     0  34.0  18.0   0.0     0     0
  2009   4  26     0  33.0  18.2   0.0     0     0
  2009   4  27     0  32.6  19.0   0.0     0     0
  2009   4  28     0  32.4  18.4   0.0     0     0
  2009   4  29     0  32.2  18.5   0.0     0     0
  2009   4  30     0  31.4  20.5   0.0     0     0
  2009   5   1     0  31.0  18.8  30.8     0     0
  2009   5   2     0  32.0  22.0   0.0     0     0
  2009   5   3     0  30.0  17.0   7.8     0     0
  2009   5   4     0  31.0  18.5   0.0     0     0
  2009   5   5     0  32.3  18.0   1.1     0     0
  2009   5   6     0  32.4  17.5  16.2     0     0
  2009   5   7     0  34.0  19.0   0.0     0     0
  2009   5   8     0  34.4  19.4   0.0     0     0
  2009   5   9     0  33.0  18.4   0.0     0     0
  2009   5  10     0  33.0  19.0   0.0     0     0
  2009   5  11     0  28.0  18.2   1.8     0     0
  2009   5  12     0  28.1  16.4  10.5     0     0
  2009   5  13     0  29.2  15.6   3.4     0     0
  2009   5  14     0  30.6  17.0   0.0     0     0
  2009   5  15     0  29.0  18.5   4.7     0     0
  2009   5  16     0  31.6  18.0   7.5     0     0
  2009   5  17     0  29.5  20.0   3.5     0     0
  2009   5  18     0  32.1  19.5   4.7     0     0
  2009   5  19     0  31.3  22.3   6.2     0     0
  2009   5  20     0  31.0  19.0  32.5     0     0
  2009   5  21     0  33.1  21.4   0.0     0     0
  2009   5  22     0  31.2  20.5  41.5     0     0
  2009   5  23     0  28.2  20.2  16.6     0     0
  2009   5  24     0  32.5  20.0     T     0     0
  2009   5  25     0  27.7  21.5   0.0     0     0
  2009   5  26     0  30.8  20.0   1.4     0     0
  2009   5  27     0  30.1  19.0  35.6     0     0
  2009   5  28     0  31.6  19.8   0.0     0     0
  2009   5  29     0  30.0  19.7  20.8     0     0
  2009   5  30     0  31.0  20.0   0.0     0     0
  2009   5  31     0  24.4  19.2  13.6     0     0
  2009   6   1     0  31.7  18.5   0.6     0     0
  2009   6   2     0  32.0  20.0  11.8     0     0
  2009   6   3     0  31.5  21.0   3.1     0     0
  2009   6   4     0  29.4  22.4  27.8     0     0
  2009   6   5     0  28.9  20.1  47.4     0     0
  2009   6   6     0  29.2  20.5  12.5     0     0
  2009   6   7     0  32.4  20.4   0.0     0     0
  2009   6   8     0  32.6  20.5   0.0     0     0
  2009   6   9     0  33.1  19.5   4.0     0     0
  2009   6  10     0  32.5  21.0     T     0     0
  2009   6  11     0  31.5  18.5   1.2     0     0
  2009   6  12     0  31.3  20.5   0.0     0     0
  2009   6  13     0  31.1  20.5   4.5     0     0
  2009   6  14     0  32.4  19.0   1.4     0     0
  2009   6  15     0  33.0  21.8   0.0     0     0
  2009   6  16     0  33.0  20.8  15.5     0     0
  2009   6  17     0  33.0  21.0   8.6     0     0
  2009   6  18     0  33.0  23.0   0.0     0     0
  2009   6  19     0  33.8  23.1   0.0     0     0
  2009   6  20     0  34.0  23.0   0.0     0     0
  2009   6  21     0  33.6  23.3   0.0     0     0
  2009   6  22     0  31.9  22.8  21.2     0     0
  2009   6  23     0  31.8  23.4   1.0     0     0
  2009   6  24     0  29.0  22.5  41.8     0     0
  2009   6  25     0  33.0  22.5   0.4     0     0
  2009   6  26     0  31.1  23.4   0.0     0     0
  2009   6  27     0  27.7  22.0 247.7     0     0
  2009   6  28     0  24.8  22.0  38.5     0     0
  2009   6  29     0  31.5  22.2  36.5     0     0
  2009   6  30     0  31.8  22.5  83.8     0     0
  2009   7   1     0  31.4  22.0  51.3     0     0
  2009   7   2     0  30.6  22.0  44.5     0     0
  2009   7   3     0  31.5  23.0  11.0     0     0
  2009   7   4     0  31.0  21.0  18.5     0     0
  2009   7   5     0  30.5  22.5   0.5     0     0
  2009   7   6     0  31.2  21.5  92.7     0     0
  2009   7   7     0  31.5  22.5   8.5     0     0
  2009   7   8     0  32.5  23.4   3.7     0     0
  2009   7   9     0  32.6  23.5   2.1     0     0
  2009   7  10     0  32.4  24.0   0.0     0     0
  2009   7  11     0  31.4  22.8   1.5     0     0
  2009   7  12     0  27.0  23.0  27.4     0     0
  2009   7  13     0  30.8  22.0  31.5     0     0
  2009   7  14     0  34.0  23.3   0.0     0     0
  2009   7  15     0  31.7  22.5  72.0     0     0
  2009   7  16     0  32.6  23.9   0.3     0     0
  2009   7  17     0  32.0  23.4   0.5     0     0
  2009   7  18     0  32.5  22.5   0.2     0     0
  2009   7  19     0  32.2  23.0  11.0     0     0
  2009   7  20     0  33.6  23.0   0.0     0     0
  2009   7  21     0  33.6  24.8   0.0     0     0
  2009   7  22     0  31.9  22.8   1.5     0     0
  2009   7  23     0  32.7  24.0   1.6     0     0
  2009   7  24     0  33.0  24.4   0.0     0     0
  2009   7  25     0  33.6  24.5   0.2     0     0
  2009   7  26     0  26.6  22.5 121.2     0     0
  2009   7  27     0  24.2  22.6  38.5     0     0
  2009   7  28     0  26.0  21.6 141.0     0     0
  2009   7  29     0  30.6  22.2   7.5     0     0
  2009   7  30     0  29.3  22.2  13.3     0     0
  2009   7  31     0  31.5  22.8  60.7     0     0
  2009   8   1     0  31.0  23.0  49.6     0     0
  2009   8   2     0  33.0  24.0   0.1     0     0
  2009   8   3     0  32.1  24.3   0.0     0     0
  2009   8   4     0  32.6  24.0  14.8     0     0
  2009   8   5     0  32.1  23.5 107.8     0     0
  2009   8   6     0  33.3  23.5  29.5     0     0
  2009   8   7     0  27.5  22.5  10.1     0     0
  2009   8   8     0  32.2  23.1   0.4     0     0
  2009   8   9     0  33.0  23.8   1.1     0     0
  2009   8  10     0  27.0  21.8  38.5     0     0
  2009   8  11     0  32.7  22.8  12.4     0     0
  2009   8  12     0  32.6  24.5   0.0     0     0
  2009   8  13     0  30.0  23.1 140.1     0     0
  2009   8  14     0  26.4  23.0  67.7     0     0
  2009   8  15     0  31.5  22.0  42.0     0     0
  2009   8  16     0  30.4  22.4  15.6     0     0
  2009   8  17     0  27.2  21.9  38.4     0     0
  2009   8  18     0  27.1  21.8  13.1     0     0
  2009   8  19     0  31.6  21.0  19.3     0     0
  2009   8  20     0  29.5  22.2  18.4     0     0
  2009   8  21     0  31.0  21.5  64.0     0     0
  2009   8  22     0  31.4  21.8  13.7     0     0
  2009   8  23     0  31.8  21.5   3.1     0     0
  2009   8  24     0  29.0  21.2 130.6     0     0
  2009   8  25     0  31.6  21.5  42.0     0     0
  2009   8  26     0  29.6  21.3  50.3     0     0
  2009   8  27     0  31.0  21.5   8.3     0     0
  2009   8  28     0  30.4  22.4   1.8     0     0
  2009   8  29     0  31.8  23.5   0.0     0     0
  2009   8  30     0  31.9  23.4   0.0     0     0
  2009   8  31     0  28.6  21.4  93.5     0     0
  2009   9   1     0  32.1  21.5     T     0     0
  2009   9   2     0  31.2  21.5  37.0     0     0
  2009   9   3     0  31.9  22.5   0.0     0     0
  2009   9   4     0  32.4  22.0   0.0     0     0
  2009   9   5     0  29.6  21.2   4.0     0     0
  2009   9   6     0  26.0  21.0   7.7     0     0
  2009   9   7     0  25.0  21.0   8.0     0     0
  2009   9   8     0  29.2  21.0   1.6     0     0
  2009   9   9     0  28.9  21.2   0.2     0     0
  2009   9  10     0  29.0  20.5  18.4     0     0
  2009   9  11     0  30.6  21.9   1.5     0     0
  2009   9  12     0  30.7  19.5   0.5     0     0
  2009   9  13     0  31.6  22.0   0.0     0     0
  2009   9  14     0  31.7  22.2   0.0     0     0
  2009   9  15     0  31.3  22.9   0.0     0     0
  2009   9  16     0  31.1  20.5   0.0     0     0
  2009   9  17     0  31.5  20.2   9.7     0     0
  2009   9  18     0  31.5  21.5  23.7     0     0
  2009   9  19     0  30.8  20.6  34.8     0     0
  2009   9  20     0  29.5  20.5  43.2     0     0
  2009   9  21     0  28.7  21.0  44.5     0     0
  2009   9  22     0  29.3  20.0  57.2     0     0
  2009   9  23     0  28.6  20.8   7.5     0     0
  2009   9  24     0  29.5  21.5   0.0     0     0
  2009   9  25     0  30.3  21.5     T     0     0
  2009   9  26     0  30.2  20.4   0.0     0     0
  2009   9  27     0  31.8  21.4   0.0     0     0
  2009   9  28     0  31.5  19.5   0.0     0     0
  2009   9  29     0  31.7  19.5   1.3     0     0
  2009   9  30     0  31.2  20.0   1.7     0     0
  2009  10   1     0  31.8  21.5   0.0     0     0
  2009  10   2     0  32.0  19.5   0.0     0     0
  2009  10   3     0  28.0  21.8   0.0     0     0
  2009  10   4     0  27.6  21.0     T     0     0
  2009  10   5     0  29.9  21.5   0.5     0     0
  2009  10   6     0  23.8  21.2   2.5     0     0
  2009  10   7     0  19.7  19.0 127.1     0     0
  2009  10   8     0  24.7  18.5  89.6     0     0
  2009  10   9     0  29.0  18.0   0.5     0     0
  2009  10  10     0  29.6  18.2   0.0     0     0
  2009  10  11     0  28.6  15.5     T     0     0
  2009  10  12     0  28.1  16.9   0.0     0     0
  2009  10  13     0  28.0  16.0   0.0     0     0
  2009  10  14     0  29.0  17.0   0.0     0     0
  2009  10  15     0  29.4  16.6   0.0     0     0
  2009  10  16     0  29.2  16.5   0.0     0     0
  2009  10  17     0  29.0  17.0   0.0     0     0
  2009  10  18     0  28.7  17.2   0.0     0     0
  2009  10  19     0  28.5  16.0   0.0     0     0
  2009  10  20     0  28.0  15.0   0.0     0     0
  2009  10  21     0  27.5  14.6   0.0     0     0
  2009  10  22     0  27.6  16.0   0.0     0     0
  2009  10  23     0  27.6  15.6   0.0     0     0
  2009  10  24     0  27.2  15.0   0.0     0     0
  2009  10  25     0  27.5  16.3   0.0     0     0
  2009  10  26     0  27.0  16.0   0.0     0     0
  2009  10  27     0  26.9  14.8   0.0     0     0
  2009  10  28     0  27.1  15.5   0.0     0     0
  2009  10  29     0  27.2  14.8   0.0     0     0
  2009  10  30     0  27.0  15.8   0.0     0     0
  2009  10  31     0  26.6  15.5   0.0     0     0
  2009  11   1     0  27.0  13.2   0.0     0     0
  2009  11   2     0  27.7  13.0   0.0     0     0
  2009  11   3     0  28.8  11.8   0.0     0     0
  2009  11   4     0  26.6  10.5   0.0     0     0
  2009  11   5     0  26.9  11.5   0.0     0     0
  2009  11   6     0  26.7  11.0   0.0     0     0
  2009  11   7     0  26.1  11.5   0.0     0     0
  2009  11   8     0  26.1  11.5   0.0     0     0
  2009  11   9     0  25.6  12.4   0.0     0     0
  2009  11  10     0  25.1  11.4   0.0     0     0
  2009  11  11     0  21.6  13.6   0.0     0     0
  2009  11  12     0  20.0  14.2     T     0     0
  2009  11  13     0  24.6  15.4   0.0     0     0
  2009  11  14     0  24.1  14.6   0.0     0     0
  2009  11  15     0  22.0  16.0   0.0     0     0
  2009  11  16     0  22.0  16.7   0.0     0     0
  2009  11  17     0  25.5  16.0   0.0     0     0
  2009  11  18     0  23.6  14.5     T     0     0
  2009  11  19     0  23.5  14.0   0.0     0     0
  2009  11  20     0  22.3  13.5   0.0     0     0
  2009  11  21     0  22.5  11.5   0.0     0     0
  2009  11  22     0  23.5  10.0   0.0     0     0
  2009  11  23     0  23.4   9.6   0.0     0     0
  2009  11  24     0  23.0  10.5   0.0     0     0
  2009  11  25     0  23.0   9.5   0.0     0     0
  2009  11  26     0  22.5   9.5   0.0     0     0
  2009  11  27     0  22.2   9.5   0.0     0     0
  2009  11  28     0  23.3   9.0   0.0     0     0
  2009  11  29     0  23.0  10.0   0.0     0     0
  2009  11  30     0  23.0  10.0   0.0     0     0
  2009  12   1     0  23.0   9.6   0.0     0     0
  2009  12   2     0  22.9  12.4   0.0     0     0
  2009  12   3     0  23.1  12.6   0.0     0     0
  2009  12   4     0  23.7  11.6   0.0     0     0
  2009  12   5     0  23.9  13.0   0.0     0     0
  2009  12   6     0  22.6  11.5   0.0     0     0
  2009  12   7     0  22.0  11.5   0.0     0     0
  2009  12   8     0  21.7  10.2   0.0     0     0
  2009  12   9     0  22.0  10.6   0.0     0     0
  2009  12  10     0  21.3   9.7   0.0     0     0
  2009  12  11     0  22.1   9.2   0.0     0     0
  2009  12  12     0  21.0   9.5   0.0     0     0
  2009  12  13     0  19.9  11.0   0.0     0     0
  2009  12  14     0  20.6   8.0   0.0     0     0
  2009  12  15     0  20.6   9.5   0.0     0     0
  2009  12  16     0  22.0   9.1   0.0     0     0
  2009  12  17     0  23.4   9.7   0.0     0     0
  2009  12  18     0  23.0  11.5   0.0     0     0
  2009  12  19     0  22.5  10.5   0.0     0     0
  2009  12  20     0  21.4   9.0   0.0     0     0
  2009  12  21     0  21.0   8.7   0.0     0     0
  2009  12  22     0  21.5   7.5   0.0     0     0
  2009  12  23     0  21.6  10.5   0.0     0     0
  2009  12  24     0  20.9   9.3   0.0     0     0
  2009  12  25     0  20.6   6.8   1.0     0     0
  2009  12  26     0  19.4   7.4   0.0     0     0
  2009  12  27     0  19.6   8.3   0.0     0     0
  2009  12  28     0  20.5   8.0   0.0     0     0
  2009  12  29     0  19.4   7.2   0.0     0     0
  2009  12  30     0  18.1   7.8   0.0     0     0
  2009  12  31     0  18.9   8.4   3.4     0     0
