  2011   1   1     0  18.5   5.7   3.2     0     0
  2011   1   2     0  18.8   5.1   0.0     0     0
  2011   1   3     0  18.8   5.3   0.0     0     0
  2011   1   4     0  20.4   5.5   0.0     0     0
  2011   1   5     0  20.6   5.0   0.0     0     0
  2011   1   6     0  20.8   5.1   0.0     0     0
  2011   1   7     0  20.8   5.2   0.0     0     0
  2011   1   8     0  21.1   5.5   0.0     0     0
  2011   1   9     0  21.8   5.5   0.0     0     0
  2011   1  10     0  19.5   4.5   0.0     0     0
  2011   1  11     0  19.4   4.6   0.0     0     0
  2011   1  12     0  19.4   4.0   0.0     0     0
  2011   1  13     0  19.6   4.2   0.0     0     0
  2011   1  14     0  21.6   3.5   0.0     0     0
  2011   1  15     0  20.0   5.5   0.0     0     0
  2011   1  16     0  18.2   6.5   0.2     0     0
  2011   1  17     0  15.6   5.5  15.8     0     0
  2011   1  18     0  15.2   7.0   0.0     0     0
  2011   1  19     0  15.4   5.8   0.0     0     0
  2011   1  20     0  14.5   6.5   0.0     0     0
  2011   1  21     0  17.6   6.6   0.0     0     0
  2011   1  22     0  17.2   5.5   0.0     0     0
  2011   1  23     0  18.4   6.5   0.0     0     0
  2011   1  24     0  19.4   5.9   0.0     0     0
  2011   1  25     0  19.8   5.6   0.0     0     0
  2011   1  26     0  20.5   6.0   0.0     0     0
  2011   1  27     0  21.1   5.6   0.0     0     0
  2011   1  28     0  20.0   6.5   0.0     0     0
  2011   1  29     0  21.4   6.6   0.0     0     0
  2011   1  30     0  21.5   6.5   0.0     0     0
  2011   1  31     0  22.5   7.5   0.0     0     0
  2011   2   1     0  22.6   7.0   0.0     0     0
  2011   2   2     0  21.0   6.8   0.0     0     0
  2011   2   3     0  25.2   7.4   0.0     0     0
  2011   2   4     0  24.5   7.8   0.0     0     0
  2011   2   5     0  24.0   8.0   0.0     0     0
  2011   2   6     0  24.5   9.0   0.0     0     0
  2011   2   7     0  25.7   7.8   0.0     0     0
  2011   2   8     0  26.6  11.5   0.0     0     0
  2011   2   9     0  26.2   9.4   0.0     0     0
  2011   2  10     0  25.0   9.0   0.0     0     0
  2011   2  11     0  24.2  10.0   0.0     0     0
  2011   2  12     0  23.0  10.4   0.0     0     0
  2011   2  13     0  23.8  13.4   0.0     0     0
  2011   2  14     0  24.6  10.4   0.0     0     0
  2011   2  15     0  20.0  10.5   0.0     0     0
  2011   2  16     0  13.4  11.0  22.7     0     0
  2011   2  17     0  20.6   6.5   4.8     0     0
  2011   2  18     0  22.4   6.5   0.0     0     0
  2011   2  19     0  22.1   9.0   0.0     0     0
  2011   2  20     0  22.6   7.5   0.0     0     0
  2011   2  21     0  23.4  10.0   0.0     0     0
  2011   2  22     0  23.4   8.5   0.0     0     0
  2011   2  23     0  25.3   9.5   0.0     0     0
  2011   2  24     0  25.6  10.0   0.0     0     0
  2011   2  25     0  24.8  10.4   0.0     0     0
  2011   2  26     0  24.2   8.0   4.8     0     0
  2011   2  27     0  24.3   7.5   0.0     0     0
  2011   2  28     0  25.0   8.6   0.0     0     0
  2011   3   1     0  26.4   9.4   0.0     0     0
  2011   3   2     0  28.1  10.4   0.0     0     0
  2011   3   3     0  29.4  11.5   0.0     0     0
  2011   3   4     0  25.4  10.5   9.2     0     0
  2011   3   5     0  27.5  11.0   0.0     0     0
  2011   3   6     0  28.7  10.5   0.0     0     0
  2011   3   7     0  28.6  12.0   0.0     0     0
  2011   3   8     0  27.2  12.6   0.0     0     0
  2011   3   9     0  26.2  11.8   0.0     0     0
  2011   3  10     0  27.4  11.4   0.0     0     0
  2011   3  11     0  27.5  10.6   0.0     0     0
  2011   3  12     0  27.4  10.0   1.3     0     0
  2011   3  13     0  27.4  11.0   0.0     0     0
  2011   3  14     0  27.6  11.8   0.0     0     0
  2011   3  15     0  28.4  12.8   0.0     0     0
  2011   3  16     0  29.5  13.8   0.0     0     0
  2011   3  17     0  28.2  12.0   0.0     0     0
  2011   3  18     0  22.5  11.6   0.0     0     0
  2011   3  19     0  27.9  13.0   0.0     0     0
  2011   3  20     0  29.0  16.6   0.0     0     0
  2011   3  21     0  28.6  12.8   2.2     0     0
  2011   3  22     0  30.8  13.8   0.0     0     0
  2011   3  23     0  30.5  14.0   0.0     0     0
  2011   3  24     0  30.6  15.0   0.0     0     0
  2011   3  25     0  31.2  13.0   0.0     0     0
  2011   3  26     0  30.8  13.8   0.0     0     0
  2011   3  27     0  25.0  15.5   1.0     0     0
  2011   3  28     0  26.8  13.8   0.6     0     0
  2011   3  29     0  25.8  16.4   3.2     0     0
  2011   3  30     0  27.1  13.3   5.1     0     0
  2011   3  31     0  27.5  12.0   5.3     0     0
  2011   4   1     0  28.4  12.5   4.8     0     0
  2011   4   2     0  30.2  12.8   2.0     0     0
  2011   4   3     0  28.6  13.2   5.7     0     0
  2011   4   4     0  29.9  15.4   0.0     0     0
  2011   4   5     0  30.0  13.0   0.0     0     0
  2011   4   6     0  29.5  12.0   0.0     0     0
  2011   4   7     0  31.4  13.0   0.0     0     0
  2011   4   8     0  32.6  14.4   0.0     0     0
  2011   4   9     0  31.9  14.0   0.0     0     0
  2011   4  10     0  31.0  15.0     T     0     0
  2011   4  11     0  32.5  15.0   0.0     0     0
  2011   4  12     0  30.0  14.5     T     0     0
  2011   4  13     0  23.7  14.5  26.7     0     0
  2011   4  14     0  29.1  12.1   2.4     0     0
  2011   4  15     0  29.5  12.6   0.0     0     0
  2011   4  16     0  31.0  15.0   0.0     0     0
  2011   4  17     0  32.5  16.5   0.0     0     0
  2011   4  18     0  29.5  15.5  55.0     0     0
  2011   4  19     0  27.5  16.1   0.4     0     0
  2011   4  20     0  30.0  13.0  13.3     0     0
  2011   4  21     0  30.8  15.5   0.0     0     0
  2011   4  22     0  31.0  14.0   0.0     0     0
  2011   4  23     0  30.6  13.5   0.0     0     0
  2011   4  24     0  32.3  16.0   0.0     0     0
  2011   4  25     0  29.5  16.0   0.0     0     0
  2011   4  26     0  30.2  15.3   0.0     0     0
  2011   4  27     0  32.4  16.4   0.0     0     0
  2011   4  28     0  32.3  17.8   0.0     0     0
  2011   4  29     0  29.7  18.0   7.4     0     0
  2011   4  30     0  28.0  17.5  44.2     0     0
  2011   5   1     0  31.2  16.0   3.2     0     0
  2011   5   2     0  29.5  15.8   2.0     0     0
  2011   5   3     0  31.2  15.0  60.8     0     0
  2011   5   4     0  32.2  16.0   0.0     0     0
  2011   5   5     0  32.0  18.5   1.2     0     0
  2011   5   6     0  32.2  18.0   0.0     0     0
  2011   5   7     0  28.0  16.5  17.2     0     0
  2011   5   8     0  30.0  18.0   0.0     0     0
  2011   5   9     0  30.9  17.5   0.0     0     0
  2011   5  10     0  30.6  18.5  13.1     0     0
  2011   5  11     0  29.8  17.0  35.4     0     0
  2011   5  12     0  31.4  17.2  40.8     0     0
  2011   5  13     0  31.4  19.5   2.1     0     0
  2011   5  14     0  32.4  18.5   0.0     0     0
  2011   5  15     0  32.2  18.0   9.6     0     0
  2011   5  16     0  32.4  19.5   0.0     0     0
  2011   5  17     0  32.8  18.0   0.0     0     0
  2011   5  18     0  32.1  16.9   0.3     0     0
  2011   5  19     0  30.0  16.5  26.2     0     0
  2011   5  20     0  31.1  18.6   1.5     0     0
  2011   5  21     0  29.0  18.8   4.1     0     0
  2011   5  22     0  29.4  18.0   3.0     0     0
  2011   5  23     0  31.2  18.4   6.7     0     0
  2011   5  24     0  31.9  19.0   6.9     0     0
  2011   5  25     0  30.5  20.6   7.8     0     0
  2011   5  26     0  27.2  20.0  40.0     0     0
  2011   5  27     0  32.0  19.4     T     0     0
  2011   5  28     0  31.8  19.6   0.0     0     0
  2011   5  29     0  30.8  21.5   0.0     0     0
  2011   5  30     0  29.3  19.8   2.5     0     0
  2011   5  31     0  30.8  19.0   0.0     0     0
  2011   6   1     0  30.6  18.8   5.1     0     0
  2011   6   2     0  31.3  20.0   3.4     0     0
  2011   6   3     0  32.2  19.3  11.0     0     0
  2011   6   4     0  32.0  17.5  19.0     0     0
  2011   6   5     0  32.5  18.8   1.2     0     0
  2011   6   6     0  31.6  16.5  41.0     0     0
  2011   6   7     0  26.6  18.4  18.2     0     0
  2011   6   8     0  29.7  19.0   0.7     0     0
  2011   6   9     0  29.2  18.8   0.0     0     0
  2011   6  10     0  31.2  19.5   6.6     0     0
  2011   6  11     0  31.6  20.5   1.3     0     0
  2011   6  12     0  31.6  20.2   0.0     0     0
  2011   6  13     0  31.6  19.5  37.8     0     0
  2011   6  14     0  31.7  19.8  43.0     0     0
  2011   6  15     0  31.3  19.4  28.6     0     0
  2011   6  16     0  32.6  20.6   3.1     0     0
  2011   6  17     0  29.8  21.0   6.8     0     0
  2011   6  18     0  28.4  20.6  63.4     0     0
  2011   6  19     0  27.0  20.7   3.4     0     0
  2011   6  20     0  31.6  20.4   3.7     0     0
  2011   6  21     0  32.5  21.0   0.0     0     0
  2011   6  22     0  33.0  21.6   8.7     0     0
  2011   6  23     0  33.0  21.8   0.0     0     0
  2011   6  24     0  32.6  23.4   0.0     0     0
  2011   6  25     0  31.0  20.4  45.4     0     0
  2011   6  26     0  33.0  21.2   0.0     0     0
  2011   6  27     0  32.1  21.0  13.0     0     0
  2011   6  28     0  31.0  20.5  36.4     0     0
  2011   6  29     0  28.8  21.0  35.4     0     0
  2011   6  30     0  25.4  20.5  38.7     0     0
  2011   7   1     0  25.8  20.2  87.2     0     0
  2011   7   2     0  31.5  20.5  34.0     0     0
  2011   7   3     0  30.0  20.8  40.1     0     0
  2011   7   4     0  29.6  20.6  83.5     0     0
  2011   7   5     0  29.5  21.5  44.0     0     0
  2011   7   6     0  30.4  21.0  25.6     0     0
  2011   7   7     0  26.0  21.5   1.5     0     0
  2011   7   8     0  30.8  20.4  18.4     0     0
  2011   7   9     0  32.4  21.0  20.1     0     0
  2011   7  10     0  31.9  21.8   7.8     0     0
  2011   7  11     0  32.7  22.5     T     0     0
  2011   7  12     0  30.8  23.0   0.7     0     0
  2011   7  13     0  30.0  21.5  38.0     0     0
  2011   7  14     0  30.2  21.0  29.3     0     0
  2011   7  15     0  31.1  21.0  74.3     0     0
  2011   7  16     0  31.6  21.0  43.0     0     0
  2011   7  17     0  31.7  21.4  20.6     0     0
  2011   7  18     0  32.3  22.8   0.4     0     0
  2011   7  19     0  31.9  22.6   0.1     0     0
  2011   7  20     0  25.6  21.5 168.2     0     0
  2011   7  21     0  32.0  21.5  16.8     0     0
  2011   7  22     0  31.5  22.0   0.5     0     0
  2011   7  23     0  28.9  21.0  28.5     0     0
  2011   7  24     0  30.5  21.5   0.0     0     0
  2011   7  25     0  32.4  21.5   0.0     0     0
  2011   7  26     0  29.4  21.5   0.0     0     0
  2011   7  27     0  24.6  21.5   6.8     0     0
  2011   7  28     0  28.1  20.5  99.7     0     0
  2011   7  29     0  28.4  21.4  24.0     0     0
  2011   7  30     0  30.5  21.5  74.6     0     0
  2011   7  31     0  29.6  21.2  53.5     0     0
  2011   8   1     0  30.8  21.5  28.9     0     0
  2011   8   2     0  29.8  22.0  18.0     0     0
  2011   8   3     0  31.8  21.0  29.3     0     0
  2011   8   4     0  30.4  21.5  31.2     0     0
  2011   8   5     0  31.0  22.6     T     0     0
  2011   8   6     0  31.7  21.5 113.8     0     0
  2011   8   7     0  32.6  21.6  15.0     0     0
  2011   8   8     0  30.6  20.0  58.2     0     0
  2011   8   9     0  32.0  21.0   3.6     0     0
  2011   8  10     0  32.5  21.4  35.8     0     0
  2011   8  11     0  29.6  21.5   8.6     0     0
  2011   8  12     0  29.0  20.8   7.5     0     0
  2011   8  13     0  32.5  21.0   0.0     0     0
  2011   8  14     0  30.5  21.0  41.8     0     0
  2011   8  15     0  31.0  21.5   2.6     0     0
  2011   8  16     0  30.4  21.5   1.6     0     0
  2011   8  17     0  26.9  20.5  68.1     0     0
  2011   8  18     0  30.5  20.0  31.4     0     0
  2011   8  19     0  26.2  20.0   7.0     0     0
  2011   8  20     0  32.0  19.5  21.2     0     0
  2011   8  21     0  32.0  20.1   0.0     0     0
  2011   8  22     0  26.8  20.3   4.5     0     0
  2011   8  23     0  25.8  20.3  80.1     0     0
  2011   8  24     0  32.0  20.8   2.2     0     0
  2011   8  25     0  30.2  20.0  44.5     0     0
  2011   8  26     0  32.0  20.8   3.1     0     0
  2011   8  27     0  32.3  19.9  32.4     0     0
  2011   8  28     0  32.5  21.8   0.0     0     0
  2011   8  29     0  32.0  22.4   0.0     0     0
  2011   8  30     0  32.8  21.8   0.0     0     0
  2011   8  31     0  32.8  22.0   0.0     0     0
  2011   9   1     0  33.0  21.2   9.6     0     0
  2011   9   2     0  32.0  20.0  10.2     0     0
  2011   9   3     0  32.5  21.0   0.3     0     0
  2011   9   4     0  32.6  22.4   0.0     0     0
  2011   9   5     0  32.5  21.0   0.0     0     0
  2011   9   6     0  32.0  21.8   0.0     0     0
  2011   9   7     0  29.5  20.0 124.4     0     0
  2011   9   8     0  30.5  21.0  16.7     0     0
  2011   9   9     0  32.8  21.0   4.5     0     0
  2011   9  10     0  32.8  21.0   7.5     0     0
  2011   9  11     0  32.8  21.0   9.6     0     0
  2011   9  12     0  32.5  21.5   7.4     0     0
  2011   9  13     0  32.8  21.5   0.5     0     0
  2011   9  14     0  30.8  20.0  41.2     0     0
  2011   9  15     0  32.0  20.6   0.0     0     0
  2011   9  16     0  32.0  20.0   0.8     0     0
  2011   9  17     0  32.6  20.8   0.0     0     0
  2011   9  18     0  32.0  20.6  63.2     0     0
  2011   9  19     0  30.5  19.6 111.0     0     0
  2011   9  20     0  25.8  20.6   4.3     0     0
  2011   9  21     0  28.8  19.8  10.0     0     0
  2011   9  22     0  31.4  20.4   0.0     0     0
  2011   9  23     0  30.5  20.5   0.0     0     0
  2011   9  24     0  25.7  19.3  61.4     0     0
  2011   9  25     0  28.4  19.4  31.5     0     0
  2011   9  26     0  29.8  18.5  11.5     0     0
  2011   9  27     0  29.8  19.5   2.6     0     0
  2011   9  28     0  29.8  18.0  18.2     0     0
  2011   9  29     0  30.4  19.0     T     0     0
  2011   9  30     0  31.4  20.0   2.7     0     0
  2011  10   1     0  30.2  19.0   0.0     0     0
  2011  10   2     0  29.5  17.8   0.0     0     0
  2011  10   3     0  30.1  17.8   3.3     0     0
  2011  10   4     0  30.0  17.8   0.0     0     0
  2011  10   5     0  30.6  19.2   0.7     0     0
  2011  10   6     0  30.5  18.5   0.0     0     0
  2011  10   7     0  30.4  18.0   0.0     0     0
  2011  10   8     0  30.2  17.5  28.5     0     0
  2011  10   9     0  29.4  17.2   0.1     0     0
  2011  10  10     0  30.4  17.6   0.0     0     0
  2011  10  11     0  30.3  17.5   0.0     0     0
  2011  10  12     0  30.1  18.2   0.0     0     0
  2011  10  13     0  30.2  19.0   0.0     0     0
  2011  10  14     0  30.1  19.0   0.0     0     0
  2011  10  15     0  29.7  19.4   0.0     0     0
  2011  10  16     0  29.0  18.0   0.0     0     0
  2011  10  17     0  29.0  16.7   0.0     0     0
  2011  10  18     0  28.5  16.5   0.0     0     0
  2011  10  19     0  28.6  16.0   0.0     0     0
  2011  10  20     0  27.2  14.8   0.0     0     0
  2011  10  21     0  28.6  15.9   8.9     0     0
  2011  10  22     0  27.0  11.8  29.4     0     0
  2011  10  23     0  26.9  13.5   0.0     0     0
  2011  10  24     0  27.5  16.0   0.0     0     0
  2011  10  25     0  27.6  15.3   0.0     0     0
  2011  10  26     0  26.5  13.5   0.0     0     0
  2011  10  27     0  26.7  11.5   0.6     0     0
  2011  10  28     0  26.3  14.4   0.0     0     0
  2011  10  29     0  26.0  13.5   0.0     0     0
  2011  10  30     0  25.1  13.2   0.0     0     0
  2011  10  31     0  26.3  14.3   0.0     0     0
  2011  11   1     0  24.0  12.1  10.5     0     0
  2011  11   2     0  23.2  13.1     T     0     0
  2011  11   3     0  22.2  14.0  16.8     0     0
  2011  11   4     0  23.5  14.5   5.4     0     0
  2011  11   5     0  21.2  13.0  25.3     0     0
  2011  11   6     0  22.5  12.5   9.6     0     0
  2011  11   7     0  22.5  13.0  23.5     0     0
  2011  11   8     0  24.8  10.0   0.0     0     0
  2011  11   9     0  26.2   9.6   0.0     0     0
  2011  11  10     0  25.8   9.0   0.0     0     0
  2011  11  11     0  22.5  12.0   0.0     0     0
  2011  11  12     0  23.0  14.0   0.0     0     0
  2011  11  13     0  22.0  14.6   4.0     0     0
  2011  11  14     0  21.7  14.0  13.2     0     0
  2011  11  15     0  21.6  12.3   0.3     0     0
  2011  11  16     0  20.8  12.0  24.4     0     0
  2011  11  17     0  21.0  12.0   0.7     0     0
  2011  11  18     0  20.0  12.4   0.0     0     0
  2011  11  19     0  21.9  11.2   0.0     0     0
  2011  11  20     0  23.3  10.5   0.0     0     0
  2011  11  21     0  24.3   9.9   0.0     0     0
  2011  11  22     0  24.1   9.5   0.0     0     0
  2011  11  23     0  24.6   9.1   0.0     0     0
  2011  11  24     0  24.4   9.0   0.0     0     0
  2011  11  25     0  24.0  10.1   0.0     0     0
  2011  11  26     0  24.0   9.9   0.0     0     0
  2011  11  27     0  24.0   8.9   0.0     0     0
  2011  11  28     0  23.0   9.4   0.0     0     0
  2011  11  29     0  22.8   9.5   0.0     0     0
  2011  11  30     0  23.0   9.4   0.0     0     0
  2011  12   1     0  23.6   8.0   0.0     0     0
  2011  12   2     0  23.8   8.0   0.0     0     0
  2011  12   3     0  20.4  10.5   0.0     0     0
  2011  12   4     0  22.2  11.8   0.0     0     0
  2011  12   5     0  21.2   9.9   0.0     0     0
  2011  12   6     0  21.4   9.5   0.0     0     0
  2011  12   7     0  22.0   7.5   0.0     0     0
  2011  12   8     0  21.8   7.5   0.0     0     0
  2011  12   9     0  22.0   7.4   0.0     0     0
  2011  12  10     0  21.3   9.2   0.0     0     0
  2011  12  11     0  18.3   7.4   0.0     0     0
  2011  12  12     0  19.1   7.4   0.0     0     0
  2011  12  13     0  19.2   5.2   0.0     0     0
  2011  12  14     0  18.8   4.0   0.0     0     0
  2011  12  15     0  19.5   4.0   0.0     0     0
  2011  12  16     0  19.8   4.5   0.0     0     0
  2011  12  17     0  19.5   3.9   0.0     0     0
  2011  12  18     0  20.5   6.0   0.0     0     0
  2011  12  19     0  20.5   4.0   0.0     0     0
  2011  12  20     0  19.6   4.0   0.0     0     0
  2011  12  21     0  20.4   3.6   0.0     0     0
  2011  12  22     0  19.6   4.0   0.0     0     0
  2011  12  23     0  19.4   4.0   0.0     0     0
  2011  12  24     0  22.5   3.5   0.0     0     0
  2011  12  25     0  21.4   2.8   0.0     0     0
  2011  12  26     0  21.0   3.3   0.0     0     0
  2011  12  27     0  21.2   3.6   0.0     0     0
  2011  12  28     0  21.5   3.7   0.0     0     0
  2011  12  29     0  21.2   4.0   0.0     0     0
  2011  12  30     0  21.2   3.8   0.0     0     0
  2011  12  31     0  21.5   3.7   0.0     0     0
