      1    0.0
      2    0.0
      3    0.0
      4    0.0
      5    0.0
      6    0.0
      7    0.0
      8    0.0
      9    0.0
     10    0.0
     11    0.0
     12    0.0
     13    0.0
     14    0.0
     15    0.0
     16    0.0
     17    0.1
     18    0.0
     19    0.7
     20    0.0
     21    0.0
     22    0.0
     23    0.0
     24    0.0
     25   25.0
     26   50.0
     27   25.0
     28   10.0
     29    0.0
     30    0.0
     31    0.0
     32    0.0
     33    0.0
     34    0.0
     35    0.0
     36    0.0
     37    0.0
     38    0.0
     39    0.0
     40    0.0
     41    0.0
     42    0.0
     43    0.0
     44    0.5
     45    5.0
     46    0.0
     47    0.0
     48   40.0
     49   10.0
     50    0.0
     51    0.0
     52    0.0
     53   20.0
     54    5.0
     55    0.0
     56   50.0
     57   25.0
     58    0.0
     59   20.0
     60   10.0
     61   30.0
     62   40.0
     63    0.0
     64    0.0
     65   20.0
     66   10.0
     67    0.0
     68    1.0
     69    6.0
     70    0.0
     71   50.0
     72   25.0
     73    0.0
     74    0.0
     75    0.0
     76    4.0
     77    0.0
     78    4.5
     79    0.0
     80    0.0
     81    0.0
     82    0.0
     83    0.0
     84    0.0
     85    0.0
     86    0.0
     87    0.0
     88    0.0
     89    0.0
     90   10.0
     91    0.0
     92    0.0
     93   20.0
     94    1.0
     95   20.0
     96   25.0
     97    5.0
     98    0.0
     99    0.0
    100    0.0
    101    0.0
    102    0.0
    103    0.0
    104    0.0
    105    0.0
    106    0.0
    107    0.0
    108    0.0
    109    0.0
    110    1.2
    111    0.4
    112    0.0
    113    0.0
    114    0.0
    115    0.0
    116    0.0
    117   12.0
    118   10.0
    119   20.0
    120    5.0
    121   15.0
    122   20.0
    123    5.0
    124   25.0
    125    2.5
    126    8.0
    127   11.0
    128    0.0
    129    0.0
    130   25.0
    131    0.0
    132    0.0
    133    0.0
    134    0.0
    135   20.5
    136   30.0
    137   24.0
    138    0.0
    139   25.0
    140    0.0
    141   10.0
    142   20.0
    143    0.0
    144    0.0
    145   20.0
    146    8.5
    147    7.5
    148    2.5
    149   18.0
    150   28.5
    151    6.5
    152   37.0
    153   17.5
    154   31.5
    155    9.4
    156   25.0
    157   13.4
    158   11.0
    159   12.4
    160   13.5
    161   20.0
    162    1.5
    163   30.0
    164   10.0
    165   20.0
    166   28.5
    167   31.5
    168   99.5
    169   13.5
    170   21.5
    171    0.0
    172    0.0
    173    8.4
    174   25.0
    175   50.0
    176   20.0
    177    5.0
    178   50.0
    179   25.0
    180   50.0
    181   51.5
    182   27.5
    183    7.5
    184   21.0
    185    9.4
    186    0.0
    187   11.0
    188    8.5
    189   13.5
    190    0.0
    191    3.5
    192    0.0
    193    0.0
    194    0.0
    195    0.0
    196    0.0
    197   20.0
    198    0.0
    199    0.0
    200    0.0
    201    0.0
    202   20.5
    203    4.6
    204   25.0
    205    5.5
    206   10.0
    207   20.0
    208   20.0
    209   50.0
    210   11.0
    211    9.5
    212   20.0
    213   24.5
    214   42.5
    215   28.0
    216   56.0
    217   37.0
    218   50.0
    219   45.7
    220   55.0
    221   23.5
    222    5.0
    223   30.5
    224   10.0
    225   20.4
    226    9.0
    227   55.5
    228    5.5
    229    0.0
    230    0.0
    231    0.0
    232    0.0
    233    0.0
    234    0.0
    235    0.0
    236    0.0
    237    0.0
    238    0.0
    239    0.0
    240    0.0
    241    0.0
    242    0.0
    243    0.0
    244    0.0
    245    0.0
    246    0.0
    247    0.0
    248    0.0
    249    0.0
    250    0.0
    251    0.0
    252    0.0
    253    0.0
    254    0.0
    255    0.0
    256    0.0
    257    0.0
    258    0.0
    259    0.0
    260   20.0
    261   25.0
    262    8.5
    263    4.5
    264    0.0
    265    0.0
    266    0.0
    267    0.0
    268    0.0
    269    0.0
    270    0.0
    271    0.0
    272    0.0
    273    0.0
    274    0.0
    275    0.0
    276    0.0
    277    0.0
    278    0.0
    279    0.0
    280    0.0
    281    0.0
    282    0.0
    283    0.0
    284    0.0
    285    0.2
    286   20.0
    287   30.0
    288   10.0
    289    8.0
    290    0.0
    291    0.0
    292    0.0
    293   20.0
    294   10.0
    295    0.0
    296    0.0
    297    0.0
    298   20.0
    299   10.0
    300    0.0
    301    0.0
    302    0.0
    303    0.0
    304    0.0
    305    0.0
    306   40.0
    307    0.0
    308    1.0
    309    0.0
    310    0.0
    311    0.8
    312    0.0
    313    4.0
    314    0.0
    315    0.0
    316    0.0
    317    3.0
    318    0.0
    319    0.0
    320    0.0
    321    0.0
    322    0.0
    323    0.0
    324    0.0
    325    0.0
    326    0.0
    327    0.0
    328    0.0
    329    0.0
    330    0.0
    331    0.0
    332    0.0
    333    0.0
    334    0.0
    335    0.0
    336    0.0
    337    0.0
    338    3.5
    339    0.0
    340    0.0
    341    0.0
    342    0.0
    343    0.0
    344    0.0
    345    0.0
    346    0.0
    347    1.0
    348    0.0
    349    0.0
    350    0.0
    351    0.0
    352    0.0
    353    0.0
    354    0.0
    355    0.0
    356    0.0
    357    0.0
    358    0.0
    359    0.0
    360    0.0
    361    0.0
    362    1.4
    363    0.0
    364    0.0
    365    0.0
