      1    0.0
      2    0.0
      3    0.0
      4    0.0
      5    0.0
      6    0.0
      7    0.0
      8    0.0
      9    0.0
     10    0.0
     11    0.0
     12    0.0
     13    0.0
     14    0.0
     15    0.0
     16    0.0
     17    0.0
     18    0.0
     19    0.0
     20    0.0
     21    0.0
     22    0.0
     23    0.0
     24    0.0
     25    0.0
     26    0.0
     27    0.0
     28    0.0
     29    0.0
     30    0.0
     31    0.0
     32    0.0
     33    0.0
     34    0.0
     35    0.0
     36    2.5
     37    0.0
     38   16.0
     39    3.6
     40   27.5
     41    0.0
     42    0.0
     43   28.0
     44    2.2
     45   28.0
     46   16.5
     47   11.0
     48    6.5
     49   10.6
     50    0.0
     51    0.0
     52    0.0
     53    0.0
     54    0.0
     55    0.0
     56   43.5
     57   31.5
     58   47.9
     59    0.0
     60    1.5
     61    7.0
     62   41.0
     63    0.0
     64    5.0
     65    7.0
     66    0.0
     67    0.0
     68    0.0
     69    0.0
     70    0.0
     71    1.0
     72    3.0
     73    3.0
     74    0.0
     75    0.0
     76    0.0
     77    0.0
     78    0.0
     79    0.0
     80    0.0
     81   26.5
     82    0.0
     83    0.0
     84    0.0
     85    0.0
     86    2.5
     87    0.0
     88    0.0
     89    0.0
     90    0.0
     91    0.0
     92    0.0
     93   14.0
     94   10.0
     95    3.5
     96    2.0
     97   10.0
     98    7.5
     99    0.0
    100   36.5
    101    2.0
    102    0.0
    103    0.0
    104    0.0
    105    0.0
    106    0.0
    107    7.0
    108    0.0
    109    7.0
    110    9.5
    111   11.0
    112    6.0
    113   41.5
    114    2.5
    115    0.0
    116    0.0
    117   19.0
    118    0.0
    119    0.0
    120    2.5
    121    0.0
    122    0.0
    123    0.0
    124    9.0
    125    0.0
    126    0.0
    127    2.5
    128   26.0
    129    2.5
    130    2.5
    131    8.5
    132   24.0
    133    0.0
    134    0.0
    135    0.0
    136    0.0
    137    0.0
    138    0.0
    139    3.0
    140    7.5
    141   41.5
    142  176.0
    143   68.0
    144    0.0
    145    3.0
    146   42.0
    147    0.0
    148    8.0
    149   18.0
    150    5.0
    151    6.0
    152   62.5
    153   21.5
    154   28.0
    155   31.0
    156   35.5
    157   34.0
    158    2.5
    159   20.0
    160   54.0
    161    8.0
    162   26.5
    163    0.0
    164   44.9
    165   27.5
    166   81.9
    167    6.1
    168  105.9
    169  122.0
    170  163.0
    171  116.5
    172    1.6
    173   25.0
    174   23.0
    175   89.0
    176   37.0
    177    1.5
    178   82.0
    179    0.0
    180    1.5
    181   20.0
    182    3.0
    183    4.5
    184   30.0
    185   23.0
    186    7.0
    187   30.0
    188    0.0
    189    6.0
    190    0.0
    191    6.0
    192    0.0
    193   21.0
    194   26.5
    195   31.0
    196    9.5
    197   24.0
    198   10.0
    199    3.0
    200   26.0
    201    0.0
    202   37.0
    203    8.5
    204   37.5
    205   52.5
    206    8.5
    207    6.0
    208   26.0
    209   50.9
    210   26.4
    211   34.5
    212    3.0
    213   40.2
    214   19.3
    215   24.6
    216    2.1
    217   22.0
    218    0.0
    219    9.5
    220   10.0
    221    4.0
    222    9.2
    223   17.0
    224    5.0
    225   26.0
    226   11.0
    227   22.0
    228   10.0
    229   53.3
    230    8.0
    231   38.0
    232    1.0
    233    1.0
    234   51.0
    235    0.0
    236   19.5
    237    0.0
    238    0.0
    239   40.2
    240   23.0
    241   13.0
    242   43.0
    243   13.9
    244    7.0
    245   50.0
    246   36.0
    247   42.0
    248   90.0
    249   52.0
    250   28.0
    251   41.0
    252  122.0
    253    0.0
    254   12.0
    255   39.0
    256   13.0
    257    2.0
    258   69.0
    259   23.0
    260   10.0
    261   23.5
    262    0.0
    263    0.0
    264    0.0
    265    0.0
    266    0.0
    267    0.0
    268   25.0
    269    6.0
    270    7.0
    271   25.0
    272   34.0
    273    9.9
    274    9.0
    275    0.0
    276    0.0
    277    0.0
    278    0.0
    279    0.0
    280    0.0
    281    0.0
    282    0.0
    283   16.0
    284   46.0
    285    0.0
    286    0.0
    287    0.0
    288    0.0
    289    0.0
    290   15.0
    291    0.0
    292    0.0
    293    0.0
    294    0.0
    295   13.0
    296    0.0
    297    0.0
    298    0.0
    299    0.0
    300    0.0
    301    0.0
    302    0.0
    303    0.0
    304    9.5
    305    0.0
    306    4.0
    307    0.0
    308    0.0
    309    0.0
    310    0.0
    311    0.0
    312    0.0
    313    0.0
    314    0.0
    315   16.0
    316    0.0
    317    0.0
    318    0.0
    319    0.0
    320    0.0
    321   DNA   
    322   DNA   
    323   DNA   
    324   DNA   
    325   DNA   
    326   DNA   
    327   DNA   
    328   DNA   
    329   DNA   
    330   DNA   
    331   DNA   
    332   DNA   
    333   DNA   
    334   DNA   
    335   DNA   
    336   DNA   
    337   DNA   
    338   DNA   
    339   DNA   
    340   DNA   
    341   DNA   
    342   DNA   
    343   DNA   
    344   DNA   
    345   DNA   
    346   DNA   
    347   DNA   
    348   DNA   
    349   DNA   
    350    0.0
    351    0.0
    352    0.0
    353    0.0
    354    0.0
    355    0.0
    356    0.0
    357    0.0
    358    0.0
    359    0.0
    360    0.0
    361    0.0
    362    0.0
    363    0.0
    364    0.0
    365    0.0
