      1   10.0
      2   30.0
      3   80.0
      4    0.0
      5    0.0
      6    0.0
      7    0.0
      8    0.0
      9    1.0
     10    0.0
     11    7.0
     12    0.0
     13    0.0
     14    0.0
     15    0.0
     16    0.5
     17    0.0
     18    0.0
     19    0.7
     20    0.0
     21    0.0
     22    0.0
     23    0.0
     24    0.0
     25   25.0
     26    9.0
     27   25.0
     28   10.0
     29    0.0
     30    0.0
     31    0.0
     32    0.0
     33    0.0
     34    0.0
     35    0.0
     36    0.0
     37    0.0
     38    0.0
     39    0.0
     40    0.0
     41    0.0
     42    0.0
     43    0.0
     44    0.0
     45    0.0
     46    0.0
     47    0.0
     48    0.0
     49    0.0
     50    0.0
     51    0.0
     52    0.0
     53    0.0
     54    0.0
     55    0.0
     56    0.0
     57    4.8
     58    9.5
     59   11.4
     60   18.5
     61    7.9
     62    0.0
     63   12.5
     64    0.0
     65    0.0
     66    6.4
     67    0.0
     68    0.0
     69    0.0
     70    0.0
     71    0.0
     72    0.0
     73    0.0
     74    0.0
     75   20.0
     76   37.4
     77   29.9
     78    0.0
     79   31.1
     80    0.0
     81    0.0
     82    0.0
     83    0.0
     84    0.0
     85    0.0
     86    0.0
     87    0.0
     88    0.0
     89    0.0
     90    0.0
     91    0.0
     92    3.5
     93    0.0
     94    0.0
     95    7.5
     96   37.5
     97    0.0
     98   13.5
     99    0.0
    100    0.0
    101    0.0
    102    0.0
    103    0.0
    104    0.0
    105    0.0
    106    0.0
    107    0.0
    108    0.0
    109    0.0
    110    0.0
    111    0.0
    112   25.0
    113    0.0
    114    0.0
    115    0.0
    116    0.0
    117    4.0
    118    5.0
    119   20.0
    120   11.0
    121    0.0
    122   13.5
    123    0.0
    124    0.0
    125    2.4
    126    0.0
    127   12.5
    128   28.5
    129   11.5
    130   35.5
    131    0.0
    132    4.5
    133    7.5
    134    2.0
    135   30.0
    136   20.0
    137    0.0
    138   20.0
    139   10.0
    140    0.0
    141   25.5
    142   19.5
    143    3.5
    144   42.0
    145   75.0
    146   50.0
    147   28.0
    148   29.5
    149   20.5
    150   17.5
    151   31.5
    152    4.2
    153   18.5
    154   31.1
    155   51.5
    156   48.4
    157    0.0
    158   20.0
    159   10.0
    160    5.0
    161    5.5
    162   10.0
    163   21.1
    164   18.5
    165   20.5
    166   30.0
    167   50.0
    168   61.1
    169    0.0
    170   20.0
    171   30.0
    172    8.5
    173    0.0
    174    0.0
    175    0.0
    176    0.0
    177    0.0
    178   18.5
    179   83.5
    180   35.1
    181    8.4
    182   23.4
    183   18.5
    184    0.0
    185    6.4
    186    8.6
    187   25.0
    188   80.0
    189   50.0
    190   25.0
    191    4.0
    192   50.0
    193   20.0
    194    0.0
    195   30.0
    196    7.5
    197   50.0
    198    6.0
    199   25.0
    200   10.0
    201   20.0
    202   10.0
    203    5.0
    204   10.0
    205   50.0
    206    7.5
    207   20.0
    208    8.5
    209    0.0
    210   30.0
    211   21.5
    212   50.0
    213   21.0
    214   11.5
    215    8.5
    216   10.0
    217   20.0
    218   10.0
    219   20.0
    220   25.0
    221   25.0
    222   50.0
    223   80.0
    224   20.0
    225   10.0
    226    0.0
    227   10.0
    228    0.0
    229   20.0
    230    0.0
    231   21.0
    232   35.5
    233    9.5
    234    0.0
    235   19.5
    236   21.1
    237    8.5
    238   34.4
    239   22.5
    240   40.5
    241   19.5
    242    0.0
    243   11.5
    244   21.1
    245    8.5
    246    0.0
    247   24.5
    248   12.5
    249   21.0
    250    9.5
    251   18.5
    252   13.5
    253    0.0
    254   19.5
    255   31.1
    256   18.5
    257   27.5
    258   41.0
    259   39.0
    260    7.8
    261   23.5
    262   34.5
    263   41.0
    264   32.5
    265   27.5
    266    9.4
    267   21.5
    268   34.5
    269   27.5
    270    7.4
    271   31.0
    272   19.0
    273   31.0
    274    8.5
    275   33.5
    276   21.1
    277   19.5
    278   30.0
    279    8.5
    280   14.4
    281   25.5
    282   43.5
    283    8.5
    284   21.0
    285   11.5
    286    0.0
    287    9.4
    288   31.0
    289    2.5
    290    0.0
    291    0.0
    292    0.0
    293    0.0
    294    0.0
    295    0.0
    296    0.0
    297    0.0
    298    0.0
    299    0.0
    300    0.0
    301    0.0
    302    0.0
    303    0.0
    304    0.0
    305    0.0
    306    0.0
    307    0.0
    308    0.0
    309    0.0
    310    6.5
    311    0.0
    312    0.0
    313    0.0
    314    0.0
    315    0.0
    316    0.0
    317    0.0
    318    0.0
    319    0.0
    320    2.0
    321   50.0
    322    0.0
    323    0.0
    324    0.0
    325    0.0
    326    0.0
    327    0.0
    328    0.0
    329    0.0
    330    0.0
    331    8.5
    332    0.0
    333    0.0
    334    0.0
    335    0.0
    336   20.0
    337    5.0
    338   20.0
    339    5.0
    340   20.0
    341    5.0
    342   10.0
    343    0.0
    344    0.0
    345    0.0
    346    0.0
    347    0.0
    348    0.0
    349    0.0
    350    0.0
    351    0.0
    352    0.0
    353    0.0
    354    0.0
    355    0.0
    356    0.0
    357    0.0
    358    0.0
    359    0.0
    360    0.0
    361    0.0
    362    0.0
    363    0.0
    364    0.0
    365    0.0
