      1    0.0
      2    0.0
      3    0.0
      4    0.0
      5    0.0
      6    0.0
      7    0.0
      8    0.0
      9    0.0
     10    0.0
     11    0.0
     12    0.0
     13    0.0
     14    0.0
     15    0.0
     16    0.0
     17    0.0
     18    0.0
     19    0.0
     20    0.0
     21    0.0
     22    0.0
     23    0.0
     24    0.0
     25    0.0
     26    0.0
     27    0.0
     28    0.0
     29    0.0
     30    0.0
     31    0.0
     32    0.0
     33    0.0
     34    0.0
     35    0.0
     36    0.0
     37    0.0
     38    0.0
     39    0.0
     40    0.0
     41    0.0
     42    0.0
     43    0.0
     44    0.0
     45    0.0
     46    0.0
     47    0.0
     48    0.0
     49    0.0
     50    0.0
     51    0.0
     52    0.0
     53    0.0
     54    0.0
     55    0.0
     56    0.0
     57    0.0
     58    0.0
     59    0.0
     60    0.0
     61    0.0
     62    0.0
     63    0.0
     64    0.0
     65    0.0
     66    0.0
     67    0.0
     68    0.0
     69    0.0
     70    0.0
     71    0.0
     72    0.0
     73   42.2
     74    4.6
     75    5.2
     76    3.8
     77    0.0
     78    0.0
     79    0.0
     80   42.2
     81   18.4
     82   25.0
     83   64.2
     84    0.0
     85    0.0
     86    5.2
     87    0.0
     88    0.0
     89    0.0
     90    0.0
     91    0.0
     92    0.0
     93    0.0
     94    0.0
     95    0.0
     96    0.0
     97    0.0
     98    0.0
     99    0.0
    100    0.0
    101    0.0
    102    0.0
    103    0.0
    104   37.8
    105    8.2
    106    0.0
    107    0.0
    108    0.2
    109   38.1
    110   47.4
    111    0.0
    112    0.0
    113    0.0
    114    0.0
    115    0.0
    116    0.0
    117    0.0
    118    0.0
    119    0.0
    120    0.0
    121   48.0
    122    0.0
    123    0.0
    124    T  
    125    0.0
    126    0.0
    127    4.0
    128   22.2
    129    0.0
    130   23.4
    131    0.0
    132    0.0
    133   30.4
    134    0.0
    135    0.0
    136   10.0
    137   22.6
    138   18.3
    139   28.4
    140    0.0
    141    0.0
    142    0.0
    143   11.2
    144    0.0
    145   32.4
    146    0.0
    147   44.2
    148   54.3
    149   35.2
    150   62.4
    151  130.3
    152    0.0
    153    0.0
    154    0.0
    155  100.3
    156    0.0
    157   74.7
    158   42.3
    159    0.0
    160    2.5
    161   32.2
    162    0.0
    163    5.2
    164    6.4
    165    3.2
    166   28.4
    167   35.6
    168   12.0
    169    0.0
    170    0.0
    171   75.6
    172   86.2
    173   95.6
    174   14.5
    175   20.0
    176   24.2
    177    0.0
    178    0.0
    179    0.0
    180   22.5
    181    0.0
    182   14.5
    183   18.0
    184   25.0
    185    0.0
    186    0.0
    187   25.0
    188   39.0
    189   24.0
    190   30.0
    191   40.0
    192   12.4
    193    0.0
    194   12.6
    195    8.4
    196    6.2
    197    0.0
    198    0.0
    199    0.0
    200    0.0
    201    0.0
    202    0.0
    203   15.2
    204   10.4
    205    0.0
    206   18.6
    207   25.4
    208   45.2
    209   15.6
    210   35.6
    211    0.0
    212   45.2
    213   24.2
    214   11.2
    215   15.7
    216   78.2
    217   42.3
    218    0.0
    219   25.4
    220   35.2
    221   25.4
    222    0.0
    223   25.2
    224   14.3
    225   35.5
    226   20.4
    227   35.3
    228   15.4
    229   24.2
    230   10.6
    231   42.2
    232    0.0
    233    0.0
    234    0.0
    235   10.4
    236    0.0
    237    0.0
    238   11.4
    239   45.4
    240   32.1
    241   13.4
    242    0.0
    243    0.0
    244   23.1
    245   13.1
    246    0.0
    247    0.0
    248    4.5
    249   15.6
    250    0.0
    251   34.2
    252   12.4
    253   23.3
    254    0.0
    255    0.0
    256   10.2
    257   22.4
    258    8.2
    259    0.0
    260    0.0
    261    5.2
    262   13.4
    263   22.3
    264   35.4
    265   10.3
    266   18.4
    267    6.2
    268   42.2
    269   86.0
    270   28.6
    271   15.0
    272   44.2
    273   11.4
    274    0.0
    275   35.2
    276   10.6
    277    0.0
    278    0.0
    279   26.4
    280    7.0
    281   18.1
    282   10.4
    283    0.0
    284    6.2
    285   18.4
    286    0.0
    287    0.0
    288    8.2
    289    0.0
    290   10.0
    291    0.0
    292    0.0
    293    0.0
    294    0.0
    295   15.3
    296    0.0
    297    0.0
    298    0.0
    299    0.0
    300    0.0
    301    6.4
    302   13.2
    303    3.6
    304    0.0
    305    0.0
    306    5.2
    307    0.0
    308    0.0
    309    0.0
    310    0.0
    311    0.0
    312    0.0
    313    0.0
    314    0.0
    315   18.4
    316   30.4
    317    0.0
    318    0.0
    319    9.4
    320    0.0
    321   10.2
    322    3.1
    323   12.0
    324   18.4
    325    4.2
    326   28.2
    327   12.4
    328    0.0
    329    0.0
    330   16.4
    331   22.4
    332   18.2
    333   12.4
    334    0.0
    335   25.0
    336    0.0
    337    0.0
    338    0.0
    339    0.0
    340    0.0
    341    0.0
    342    0.0
    343    0.0
    344   22.4
    345   16.4
    346    0.0
    347    0.0
    348    0.0
    349    6.2
    350    0.0
    351    0.0
    352    0.0
    353    0.0
    354    0.0
    355    0.0
    356    0.0
    357    0.0
    358    0.0
    359    0.0
    360    0.0
    361    0.0
    362    0.0
    363   14.6
    364    0.0
    365    0.0
