      1    1.4
      2    0.1
      3    0.0
      4    0.0
      5    0.0
      6    0.0
      7    0.0
      8    0.0
      9    0.0
     10    0.0
     11    0.0
     12    0.0
     13    0.0
     14    0.0
     15    0.0
     16    0.0
     17    0.0
     18    0.0
     19    0.0
     20    0.0
     21    0.0
     22    0.0
     23    0.1
     24    0.0
     25    0.0
     26    0.0
     27    0.0
     28    0.0
     29    0.0
     30    0.0
     31    0.0
     32    0.0
     33    0.0
     34    0.0
     35    0.0
     36    0.0
     37    0.0
     38    0.0
     39    0.0
     40    0.0
     41    0.0
     42    0.0
     43    0.0
     44    0.0
     45    0.0
     46    0.0
     47    0.0
     48    0.0
     49    0.0
     50    0.0
     51    0.0
     52    0.0
     53   17.3
     54    0.0
     55    0.0
     56    0.0
     57    1.3
     58    0.0
     59    0.0
     60    0.0
     61    0.0
     62    0.0
     63    0.0
     64    0.0
     65    0.0
     66    0.0
     67    0.0
     68    0.0
     69    0.0
     70    0.0
     71    0.0
     72    0.0
     73    0.0
     74    0.0
     75    0.0
     76    0.0
     77    0.0
     78    0.0
     79    0.0
     80    0.0
     81    0.0
     82    0.8
     83    0.0
     84    0.0
     85    0.0
     86    0.0
     87    0.0
     88    0.0
     89    0.0
     90    0.0
     91    0.0
     92    0.0
     93    0.0
     94    0.0
     95    0.0
     96    0.0
     97    0.0
     98    0.0
     99    0.0
    100    0.0
    101    0.0
    102    0.0
    103    0.0
    104   23.8
    105    0.1
    106    8.3
    107    0.0
    108    0.0
    109    0.0
    110    0.0
    111    0.0
    112    0.0
    113    0.0
    114    0.0
    115    0.0
    116    2.5
    117    0.0
    118    0.0
    119    0.0
    120   32.7
    121    0.0
    122   15.6
    123    0.0
    124    0.0
    125    0.0
    126    3.0
    127    3.7
    128    0.2
    129    0.7
    130   11.7
    131    3.2
    132    0.0
    133    0.0
    134    8.7
    135    8.9
    136    0.3
    137    0.0
    138    0.0
    139    0.0
    140   15.0
    141    0.0
    142    0.0
    143    0.0
    144   12.0
    145    5.8
    146   21.4
    147    8.4
    148    0.0
    149   10.8
    150   21.7
    151   95.8
    152   25.4
    153    1.3
    154   30.0
    155   12.0
    156   13.5
    157   27.4
    158   41.0
    159    2.6
    160   26.6
    161    0.4
    162    0.0
    163    8.0
    164   30.0
    165   11.3
    166    5.8
    167    0.5
    168   29.8
    169    7.2
    170    4.0
    171    6.5
    172   19.0
    173    1.0
    174   13.8
    175    3.2
    176    5.0
    177    0.0
    178    1.7
    179   17.5
    180   27.8
    181   14.0
    182   15.6
    183    0.2
    184   29.6
    185    1.0
    186   25.5
    187    0.0
    188    0.6
    189   20.0
    190    0.2
    191    0.6
    192    0.7
    193    0.0
    194    0.0
    195    4.3
    196   22.7
    197   68.3
    198   17.8
    199    0.2
    200   59.3
    201   15.9
    202    1.3
    203    0.5
    204    4.0
    205    3.0
    206    0.0
    207   22.6
    208    0.7
    209    0.0
    210  124.9
    211  141.3
    212   64.0
    213   82.4
    214    7.5
    215    2.3
    216    0.1
    217   17.2
    218    0.1
    219    0.0
    220    9.6
    221   31.4
    222    0.6
    223   10.7
    224    0.7
    225   22.6
    226    0.2
    227    1.2
    228    4.5
    229    0.0
    230   80.5
    231    6.0
    232    0.4
    233    0.0
    234   18.7
    235  103.2
    236    2.6
    237    5.5
    238    0.0
    239    0.5
    240  100.3
    241    2.2
    242   37.2
    243    0.0
    244   42.7
    245   33.2
    246   45.1
    247    0.5
    248   44.7
    249   17.0
    250    8.2
    251   15.4
    252    2.6
    253    1.8
    254    0.2
    255    2.7
    256   13.9
    257    1.8
    258    0.0
    259    1.3
    260    0.0
    261   33.7
    262    0.2
    263    0.0
    264   12.5
    265    2.4
    266   25.8
    267   14.8
    268    0.1
    269   56.2
    270    0.0
    271    0.0
    272    0.0
    273    0.0
    274    0.1
    275    2.0
    276    0.2
    277    0.3
    278    9.1
    279    0.3
    280    0.0
    281    0.2
    282    0.0
    283    0.0
    284    0.0
    285   14.0
    286    0.0
    287    0.2
    288    0.0
    289    0.0
    290    0.0
    291    1.9
    292    0.0
    293    0.0
    294    0.0
    295    0.0
    296    0.0
    297    0.0
    298    0.0
    299    0.0
    300    0.0
    301    0.0
    302    0.0
    303    0.0
    304    0.0
    305    0.0
    306    0.0
    307   12.0
    308    0.0
    309    4.4
    310    0.0
    311    4.0
    312    0.0
    313    0.0
    314    0.0
    315    0.0
    316    0.0
    317    0.0
    318    0.0
    319    0.0
    320    0.0
    321    0.0
    322    0.0
    323    0.0
    324    0.0
    325    0.0
    326    0.0
    327    0.0
    328    0.0
    329    0.0
    330    0.0
    331    0.0
    332    0.0
    333    0.0
    334    0.0
    335    0.0
    336    0.0
    337    0.0
    338    0.0
    339    0.0
    340    0.0
    341    0.0
    342    0.0
    343    0.0
    344    0.0
    345    0.0
    346    0.0
    347    0.0
    348    0.0
    349    0.0
    350    0.0
    351    0.0
    352    0.0
    353    0.0
    354    0.0
    355    0.0
    356    0.0
    357    0.0
    358    0.0
    359    0.0
    360    0.0
    361    0.0
    362    0.0
    363    0.0
    364    0.0
    365    0.0
