      1    0.0
      2    0.0
      3    0.0
      4    0.0
      5    0.0
      6    0.0
      7    0.0
      8    0.0
      9    0.0
     10    0.0
     11    0.0
     12    0.0
     13    0.0
     14    0.0
     15   26.0
     16    0.0
     17    0.0
     18    0.0
     19    0.0
     20    0.0
     21    0.0
     22    0.0
     23    0.0
     24    0.0
     25    0.0
     26    0.0
     27    0.0
     28    1.8
     29    0.0
     30    0.0
     31    0.0
     32    0.0
     33    0.0
     34    0.0
     35    0.0
     36    0.0
     37    0.0
     38    0.0
     39    0.0
     40    0.0
     41    0.0
     42    0.0
     43    0.3
     44    0.3
     45    0.0
     46    0.0
     47    0.0
     48    0.0
     49    0.0
     50    0.0
     51    0.0
     52    0.0
     53    0.0
     54    0.0
     55    0.0
     56    0.0
     57    0.0
     58    0.0
     59    0.0
     60    0.0
     61    0.0
     62    0.0
     63    0.0
     64    0.0
     65    0.0
     66    0.0
     67    0.0
     68    0.0
     69    0.0
     70    0.0
     71    0.0
     72    0.0
     73    0.0
     74    0.0
     75    0.0
     76    0.0
     77    0.0
     78    0.0
     79    0.0
     80    0.0
     81    0.0
     82    0.0
     83    0.0
     84   17.5
     85   23.5
     86    0.0
     87   29.4
     88    0.6
     89    0.2
     90    0.1
     91    0.0
     92    3.2
     93    0.0
     94    0.0
     95    0.5
     96    0.1
     97    0.0
     98    0.0
     99    0.0
    100    0.0
    101    0.0
    102    0.0
    103    0.0
    104    0.0
    105    0.0
    106    0.0
    107    0.0
    108    0.0
    109    0.0
    110    0.0
    111    0.0
    112    0.0
    113    0.0
    114    0.0
    115    0.0
    116    0.0
    117    0.0
    118    0.0
    119    0.0
    120    8.0
    121    0.0
    122    0.2
    123    5.0
    124    9.1
    125    0.0
    126    0.0
    127    0.0
    128    0.0
    129    6.0
    130    0.8
    131    6.4
    132    0.0
    133    9.0
    134    2.8
    135    4.5
    136    9.7
    137    0.0
    138   10.5
    139    2.2
    140    0.0
    141   36.8
    142    6.6
    143    0.2
    144    0.0
    145    0.0
    146    0.0
    147    0.0
    148    0.0
    149    0.4
    150    0.0
    151    0.0
    152    0.0
    153   40.2
    154    0.0
    155    0.0
    156   37.0
    157    2.0
    158    0.1
    159    3.7
    160    0.0
    161    0.0
    162    0.0
    163    0.0
    164    0.0
    165    0.0
    166   72.2
    167    0.0
    168    0.4
    169    6.5
    170   25.5
    171   31.5
    172   10.4
    173    1.5
    174    0.0
    175    0.0
    176    0.0
    177    0.0
    178   36.0
    179    3.3
    180    0.0
    181  125.7
    182   90.8
    183   62.0
    184    4.0
    185   65.1
    186    0.4
    187   10.9
    188   27.7
    189    T  
    190    0.2
    191   10.4
    192   23.6
    193    1.2
    194    2.0
    195   39.0
    196   41.3
    197    3.0
    198   28.8
    199    6.0
    200   10.0
    201    0.4
    202   17.2
    203   16.2
    204   12.4
    205    0.4
    206   23.0
    207   26.2
    208   17.0
    209   12.0
    210  116.8
    211    0.6
    212    9.4
    213   40.5
    214   24.4
    215    3.0
    216   22.2
    217   87.4
    218  148.0
    219    7.3
    220    1.8
    221    0.0
    222    0.0
    223    1.0
    224    0.6
    225    0.0
    226   71.4
    227    2.4
    228    0.0
    229    1.6
    230    3.2
    231    0.0
    232    0.0
    233   52.4
    234    3.2
    235   18.0
    236    T  
    237    9.0
    238    4.4
    239    0.7
    240   50.5
    241    1.8
    242   21.0
    243   77.0
    244   40.6
    245   97.4
    246   22.6
    247   88.1
    248    0.3
    249    T  
    250    8.9
    251    0.0
    252    0.0
    253   17.8
    254  134.1
    255   13.0
    256    3.6
    257    1.5
    258    2.6
    259   22.4
    260    9.8
    261   17.0
    262    1.8
    263    T  
    264    0.6
    265    T  
    266    T  
    267    T  
    268    T  
    269   14.8
    270    0.0
    271    T  
    272    2.8
    273    0.6
    274    0.0
    275    0.0
    276    0.0
    277    0.0
    278    0.0
    279    0.0
    280    0.0
    281   16.4
    282    0.3
    283    0.0
    284    0.0
    285    0.0
    286    0.0
    287   57.4
    288    0.0
    289    0.0
    290    0.0
    291    0.0
    292    0.0
    293    0.0
    294    0.0
    295    0.0
    296    0.0
    297    4.0
    298    0.0
    299    0.0
    300    0.0
    301    0.0
    302    0.0
    303    0.0
    304    0.0
    305    0.0
    306    0.0
    307    0.0
    308    0.0
    309    0.0
    310    0.0
    311    0.0
    312    0.0
    313    0.0
    314    0.0
    315    0.0
    316    0.0
    317    0.0
    318    0.0
    319    0.0
    320    0.0
    321    0.0
    322    0.0
    323    0.0
    324    0.0
    325    0.0
    326    0.0
    327    0.0
    328    0.0
    329    0.0
    330    0.0
    331    0.0
    332    0.0
    333    0.0
    334    0.0
    335    0.0
    336    0.0
    337    0.0
    338    0.0
    339    0.0
    340    0.0
    341    0.0
    342    0.0
    343    0.0
    344    0.0
    345    0.0
    346    0.0
    347    0.0
    348    0.0
    349    0.0
    350    1.5
    351    1.6
    352    2.4
    353    0.0
    354    0.0
    355    0.0
    356    0.0
    357    0.0
    358    0.0
    359    0.0
    360    0.0
    361    0.0
    362    0.0
    363    0.0
    364    0.0
    365    0.0
