      1    0.0
      2    2.0
      3    0.0
      4    0.0
      5    2.0
      6    0.0
      7    0.0
      8    0.0
      9    0.0
     10    0.0
     11    0.0
     12    0.0
     13    0.0
     14    0.0
     15    0.0
     16    0.0
     17    0.0
     18    0.0
     19    0.0
     20    6.0
     21    4.0
     22    0.0
     23    0.0
     24    0.0
     25    0.0
     26    0.0
     27    0.0
     28    0.0
     29    0.0
     30    0.0
     31    0.0
     32    0.0
     33    1.0
     34    0.0
     35    0.0
     36    0.0
     37    1.2
     38    0.0
     39    0.0
     40    1.0
     41    0.0
     42    0.0
     43    0.0
     44    0.0
     45    0.0
     46    0.0
     47    0.0
     48    0.0
     49    0.0
     50    0.0
     51    0.0
     52    0.0
     53    0.0
     54    0.0
     55    0.0
     56    0.0
     57    0.0
     58    0.0
     59    0.0
     60    2.0
     61    0.0
     62    0.0
     63    3.0
     64    0.0
     65    0.0
     66    0.0
     67    0.0
     68    0.0
     69    0.0
     70    0.0
     71    0.0
     72    0.0
     73    0.0
     74    4.0
     75    0.0
     76    4.0
     77    0.0
     78    0.0
     79    0.0
     80    0.0
     81    0.0
     82    0.0
     83    0.0
     84    0.0
     85    0.0
     86    0.0
     87    0.0
     88    0.0
     89    0.0
     90    0.0
     91    0.0
     92    0.0
     93    0.0
     94    0.0
     95    0.0
     96    0.0
     97    0.0
     98    0.0
     99    0.0
    100    0.0
    101    0.0
    102   11.0
    103    0.0
    104    0.0
    105   19.0
    106    0.0
    107    0.0
    108    6.0
    109    3.0
    110    0.0
    111    0.0
    112    0.0
    113    3.2
    114    0.0
    115    2.5
    116   25.0
    117    8.5
    118   28.5
    119   12.0
    120   22.0
    121    0.0
    122    2.0
    123    0.0
    124    0.0
    125    0.0
    126    0.0
    127   24.0
    128   16.0
    129    0.0
    130    0.0
    131    0.0
    132    0.0
    133    0.0
    134    0.0
    135    0.0
    136    0.0
    137    0.0
    138    0.0
    139   11.0
    140   23.0
    141   12.0
    142    6.0
    143    8.2
    144   32.0
    145   34.0
    146   22.0
    147   22.5
    148    5.0
    149    7.5
    150    0.0
    151    2.0
    152   16.0
    153    0.0
    154    1.0
    155    0.0
    156   11.5
    157   27.0
    158   17.5
    159   15.0
    160    2.5
    161    0.0
    162    4.0
    163   70.0
    164   22.0
    165   18.0
    166   18.5
    167    0.0
    168    0.0
    169   22.0
    170   60.0
    171    6.5
    172    8.2
    173    8.3
    174    0.0
    175   55.3
    176   20.0
    177   16.0
    178    0.0
    179   35.0
    180   18.0
    181   21.0
    182   11.0
    183    5.0
    184    2.0
    185   64.5
    186   24.5
    187    0.0
    188   12.0
    189   30.0
    190    2.0
    191   32.0
    192   28.0
    193   32.5
    194   14.0
    195   10.5
    196   28.5
    197    4.0
    198   15.0
    199    9.0
    200   50.0
    201   22.5
    202   12.0
    203   27.0
    204   20.5
    205   10.0
    206    6.0
    207   54.0
    208   28.5
    209   12.0
    210   15.0
    211   21.0
    212   24.2
    213   30.0
    214   60.0
    215   62.0
    216   12.5
    217    0.0
    218   18.0
    219    4.0
    220   22.0
    221   20.0
    222   64.0
    223   36.5
    224   20.5
    225    8.0
    226    0.0
    227   15.0
    228    2.5
    229   20.0
    230   18.2
    231   46.0
    232   62.5
    233   16.0
    234   56.0
    235   50.0
    236   22.5
    237    2.5
    238    6.5
    239    0.0
    240   52.3
    241   51.3
    242   39.0
    243   44.0
    244   18.0
    245   28.0
    246    3.0
    247   15.0
    248   10.0
    249   60.0
    250   52.3
    251    8.0
    252   16.2
    253    6.3
    254    6.5
    255    2.5
    256    8.0
    257    0.0
    258    0.0
    259    0.0
    260   24.2
    261    0.0
    262   23.1
    263   55.3
    264   18.0
    265    4.0
    266    0.0
    267    0.0
    268    0.0
    269    8.0
    270    0.0
    271    0.0
    272    0.0
    273    0.0
    274    0.0
    275    0.0
    276   32.5
    277    0.0
    278    0.0
    279    0.0
    280    0.0
    281    0.0
    282    0.0
    283    0.0
    284    4.0
    285    0.0
    286    0.0
    287    0.0
    288    0.0
    289   14.0
    290    0.0
    291    0.0
    292    0.0
    293    0.0
    294    0.0
    295    0.0
    296    0.0
    297    0.0
    298    0.0
    299    0.0
    300    0.0
    301    0.0
    302    0.0
    303    0.0
    304    0.0
    305    0.0
    306    0.0
    307    0.0
    308    0.0
    309    0.0
    310    0.0
    311    0.0
    312    0.0
    313    0.0
    314    0.0
    315    0.0
    316    0.0
    317    0.0
    318    0.0
    319    0.0
    320    0.0
    321    0.0
    322    0.0
    323    0.0
    324    0.0
    325    0.0
    326    0.0
    327    0.0
    328    0.0
    329    0.0
    330    0.0
    331    0.0
    332    0.0
    333    0.0
    334    0.0
    335    0.0
    336    0.0
    337    0.0
    338    0.0
    339    0.0
    340    0.0
    341    0.0
    342    0.0
    343    0.0
    344    0.0
    345    0.0
    346    0.0
    347    0.0
    348    0.0
    349    0.0
    350    0.0
    351    0.0
    352    0.0
    353    0.0
    354    0.0
    355    0.0
    356    0.0
    357    0.0
    358    0.0
    359    0.0
    360    0.0
    361    0.0
    362    0.0
    363    0.0
    364    0.0
    365    0.0
    366    0.0
