      1    0.0
      2    0.0
      3    0.0
      4    0.0
      5   11.8
      6    0.0
      7    0.0
      8    0.0
      9    0.0
     10   27.3
     11    0.0
     12    0.0
     13    0.0
     14    0.0
     15    0.0
     16    0.0
     17    0.0
     18    0.0
     19    0.0
     20    0.0
     21    0.0
     22    0.0
     23    0.0
     24    0.0
     25    0.0
     26   20.3
     27   25.3
     28   20.3
     29    0.0
     30    5.3
     31    0.0
     32    9.3
     33    0.0
     34    0.0
     35    8.2
     36    0.0
     37    0.0
     38   27.7
     39    0.0
     40    0.0
     41    5.3
     42    0.0
     43    2.3
     44    4.3
     45    0.0
     46    0.0
     47    5.3
     48   13.3
     49    0.0
     50    0.0
     51    0.0
     52    0.0
     53    0.0
     54    0.0
     55    0.0
     56    0.0
     57    0.0
     58    0.0
     59    1.3
     60   20.8
     61    2.3
     62   15.0
     63    0.0
     64    0.0
     65   16.3
     66   20.3
     67    0.0
     68    0.0
     69    0.0
     70    0.0
     71    0.0
     72    0.0
     73    0.0
     74    0.0
     75    0.0
     76    0.0
     77    5.3
     78   16.3
     79    0.0
     80    0.0
     81    0.0
     82    0.0
     83   18.3
     84    6.3
     85    0.0
     86    0.0
     87    0.0
     88    0.0
     89    0.0
     90    0.0
     91    0.0
     92    0.0
     93    0.0
     94    0.0
     95    0.0
     96    0.0
     97    0.0
     98    0.0
     99    0.0
    100    0.0
    101    0.0
    102    0.0
    103    0.0
    104    0.0
    105    0.0
    106    0.0
    107    0.0
    108    0.0
    109    8.3
    110    0.0
    111    0.0
    112    0.0
    113    0.0
    114    0.0
    115   28.3
    116    3.5
    117    7.3
    118    0.0
    119    0.0
    120    0.0
    121    0.0
    122    0.0
    123    0.0
    124    0.0
    125    0.0
    126    0.0
    127   22.3
    128    0.0
    129    0.0
    130   20.3
    131   18.3
    132   25.5
    133   20.3
    134    5.3
    135    0.0
    136   20.3
    137    0.0
    138    0.0
    139    0.0
    140    0.0
    141    0.0
    142    0.0
    143    0.0
    144    0.0
    145    0.0
    146    0.0
    147    0.0
    148    0.0
    149    8.3
    150    0.0
    151    0.0
    152    0.0
    153    0.0
    154    0.0
    155    0.0
    156   15.3
    157    6.3
    158    2.3
    159   27.3
    160    0.0
    161   35.3
    162   50.3
    163    5.3
    164   25.3
    165    4.3
    166    8.3
    167   10.3
    168    0.0
    169    0.0
    170    0.0
    171    0.0
    172    0.0
    173    0.0
    174    0.0
    175    0.0
    176    0.0
    177    0.0
    178    0.0
    179    5.3
    180    0.0
    181    0.0
    182   30.3
    183    8.3
    184    5.2
    185    0.0
    186    0.0
    187    0.0
    188    0.0
    189    0.0
    190   42.0
    191   49.2
    192   50.3
    193    5.3
    194    0.0
    195    0.0
    196    0.0
    197    0.0
    198    0.0
    199    0.0
    200   42.2
    201    6.3
    202    0.0
    203    2.6
    204    0.0
    205   14.1
    206    7.0
    207    0.0
    208    9.4
    209    4.3
    210   19.0
    211   28.0
    212    0.0
    213    0.0
    214    0.0
    215   48.2
    216   23.2
    217   29.3
    218   40.0
    219   17.7
    220   35.0
    221   28.3
    222   10.3
    223    9.0
    224    7.0
    225   17.0
    226   18.0
    227   25.0
    228    0.0
    229    5.0
    230   10.0
    231   11.3
    232    5.3
    233    0.0
    234    9.2
    235   10.2
    236   12.3
    237   23.3
    238   24.3
    239   21.3
    240    1.3
    241    0.0
    242    1.3
    243    0.0
    244    5.0
    245    9.0
    246   16.3
    247    0.0
    248    0.0
    249    0.0
    250    0.0
    251    7.2
    252    1.8
    253    0.0
    254    0.0
    255    0.0
    256    5.6
    257    2.9
    258   12.2
    259    0.0
    260    5.8
    261   14.2
    262    3.0
    263    9.0
    264    0.0
    265    0.0
    266    0.0
    267    5.0
    268    7.6
    269    0.0
    270    0.0
    271    0.0
    272    0.0
    273    0.0
    274    2.8
    275    4.1
    276    2.0
    277    0.0
    278    1.0
    279    5.7
    280    3.0
    281    0.0
    282    0.0
    283    0.0
    284    3.1
    285    0.0
    286    2.0
    287    0.0
    288    0.0
    289    0.0
    290    0.0
    291    0.0
    292    0.0
    293    0.0
    294    0.0
    295    0.0
    296    0.0
    297    0.0
    298    0.0
    299    0.0
    300    0.0
    301    0.0
    302    3.1
    303    0.0
    304    0.0
    305    0.0
    306    0.0
    307    0.0
    308    0.0
    309    0.0
    310    0.0
    311    0.0
    312    0.0
    313    0.0
    314   17.8
    315    3.0
    316    0.0
    317    0.0
    318    0.0
    319    0.0
    320    0.0
    321    0.0
    322    0.0
    323    0.0
    324    0.0
    325    0.0
    326    6.3
    327    0.0
    328    0.0
    329    0.0
    330    0.0
    331    0.0
    332    0.0
    333    0.0
    334    0.0
    335    0.0
    336    0.0
    337    0.0
    338    0.0
    339    0.0
    340    0.0
    341    0.0
    342    0.0
    343    0.0
    344    0.0
    345    0.0
    346    0.0
    347    0.0
    348    0.0
    349    0.0
    350    0.0
    351    0.0
    352    0.0
    353    0.0
    354    0.0
    355    0.0
    356    0.0
    357    0.0
    358    0.0
    359    0.0
    360    0.0
    361    0.0
    362    0.0
    363    6.3
    364    0.0
    365    0.0
