      1    0.0
      2   31.6
      3    0.0
      4    8.0
      5    0.0
      6    0.0
      7    0.0
      8    0.0
      9    0.0
     10    0.0
     11    0.0
     12    0.0
     13    0.0
     14    0.0
     15    0.0
     16    0.0
     17    0.0
     18    0.0
     19    0.0
     20    0.0
     21    0.0
     22    0.0
     23    0.0
     24    0.0
     25    0.0
     26    0.0
     27    0.0
     28    0.0
     29    0.0
     30   17.6
     31   11.0
     32   50.0
     33   56.6
     34    0.0
     35    0.0
     36    0.0
     37    0.0
     38    0.0
     39   40.2
     40    0.0
     41    0.0
     42    0.0
     43    8.0
     44    0.0
     45    2.0
     46    0.0
     47    0.0
     48    0.0
     49    0.0
     50    0.0
     51    0.0
     52    0.0
     53    0.0
     54    0.0
     55    0.0
     56    0.0
     57    0.0
     58    0.0
     59    0.0
     60    0.0
     61    0.0
     62    0.0
     63    0.0
     64    0.0
     65    0.0
     66    0.0
     67    0.0
     68    0.0
     69    0.0
     70    0.0
     71    0.0
     72    0.0
     73    0.0
     74    0.0
     75    0.0
     76    0.0
     77    0.0
     78    0.0
     79    0.0
     80    0.0
     81    0.0
     82    0.0
     83    0.0
     84    0.0
     85    0.0
     86    0.0
     87    0.0
     88    0.0
     89    0.0
     90    0.0
     91    0.0
     92    0.0
     93    0.0
     94    0.0
     95    0.0
     96    0.0
     97    0.0
     98    0.0
     99    0.0
    100    0.0
    101    0.0
    102    0.0
    103    0.0
    104    0.0
    105    0.0
    106    0.0
    107    0.0
    108    0.0
    109    0.0
    110    0.0
    111    0.0
    112    0.0
    113    0.0
    114    0.0
    115    0.0
    116    0.0
    117    0.0
    118    0.0
    119    0.0
    120    0.0
    121    0.0
    122    0.0
    123    0.0
    124    0.0
    125   40.0
    126    0.4
    127    0.0
    128    0.0
    129    0.0
    130    0.0
    131    0.0
    132    0.0
    133    0.0
    134    0.0
    135    0.0
    136    0.0
    137    0.0
    138    0.0
    139    0.0
    140    0.0
    141    0.0
    142    0.0
    143   10.0
    144    8.0
    145    0.0
    146    0.0
    147    0.0
    148    0.0
    149    0.0
    150    0.0
    151    0.0
    152    0.0
    153    0.0
    154    0.0
    155    0.0
    156   60.0
    157   56.6
    158   41.0
    159    0.8
    160   16.6
    161   58.0
    162    4.2
    163   70.0
    164    0.0
    165   46.0
    166   10.0
    167    8.6
    168    0.0
    169    0.0
    170    2.0
    171   20.0
    172   30.0
    173    1.6
    174    0.0
    175   28.0
    176  100.0
    177    0.0
    178    0.0
    179    0.0
    180   48.0
    181    4.8
    182    8.0
    183    7.6
    184   12.6
    185    0.0
    186   41.6
    187   26.4
    188   50.0
    189   40.0
    190    1.2
    191    8.9
    192    0.8
    193    0.0
    194    0.0
    195   20.0
    196   30.0
    197    0.0
    198  105.2
    199    7.2
    200    0.0
    201    5.0
    202    5.0
    203    4.0
    204    5.2
    205    0.0
    206  140.0
    207   30.0
    208   20.0
    209   50.0
    210  100.0
    211  180.0
    212    0.0
    213   24.0
    214   10.0
    215   51.6
    216  150.0
    217  100.0
    218   75.4
    219   21.0
    220   20.0
    221    0.0
    222   10.0
    223   10.0
    224    0.0
    225    0.5
    226   70.0
    227   70.0
    228   38.8
    229   68.0
    230    0.0
    231    5.8
    232    2.0
    233   70.0
    234    0.0
    235    0.0
    236   20.0
    237   36.4
    238   12.4
    239    0.0
    240   12.4
    241    0.0
    242   40.0
    243    1.6
    244    0.0
    245    0.0
    246   50.0
    247    0.0
    248    0.0
    249   50.0
    250    0.0
    251    0.0
    252    4.8
    253    0.0
    254    0.0
    255    4.4
    256   30.0
    257   30.0
    258   10.0
    259   10.2
    260   20.0
    261    0.0
    262    0.0
    263    0.0
    264    0.0
    265    0.0
    266    0.0
    267    0.0
    268   10.0
    269   33.6
    270    0.0
    271   10.0
    272    4.0
    273    0.0
    274    0.0
    275    0.0
    276    4.4
    277   49.0
    278    0.0
    279    0.0
    280    0.0
    281   50.0
    282   45.0
    283   50.0
    284    1.7
    285   20.0
    286   80.0
    287   50.0
    288    0.0
    289    0.0
    290   10.0
    291    0.0
    292    0.0
    293    0.0
    294    0.0
    295    0.0
    296    0.0
    297    0.0
    298    0.0
    299    0.0
    300    0.0
    301    0.0
    302    0.0
    303    0.0
    304    0.0
    305    0.0
    306    0.0
    307    0.0
    308    0.0
    309    0.0
    310    0.0
    311    0.0
    312    0.0
    313    0.0
    314    0.0
    315    0.0
    316    0.0
    317    0.0
    318    0.0
    319    0.0
    320    0.0
    321    0.0
    322    0.0
    323    0.0
    324    0.0
    325    0.0
    326    0.0
    327    0.0
    328    0.0
    329    0.0
    330    0.0
    331    0.0
    332    0.0
    333    0.0
    334    0.0
    335    0.0
    336    0.0
    337    0.0
    338    0.0
    339    0.0
    340    0.0
    341    0.0
    342    0.0
    343    0.0
    344    0.0
    345    0.0
    346    0.0
    347    0.0
    348    0.0
    349    0.0
    350    0.0
    351    0.0
    352    0.0
    353   60.0
    354    0.0
    355    0.0
    356    0.0
    357    0.0
    358    0.0
    359    0.0
    360    0.0
    361    0.0
    362    0.0
    363    0.0
    364    0.0
    365    0.0
