      1    0.0
      2    0.0
      3    0.0
      4    0.0
      5    T  
      6    0.0
      7    0.0
      8    T  
      9   31.1
     10   30.5
     11    0.0
     12    0.0
     13    0.0
     14    0.0
     15    0.0
     16    0.0
     17    T  
     18    0.0
     19    0.0
     20    0.0
     21    0.0
     22    0.0
     23    0.0
     24    0.0
     25    0.0
     26    0.0
     27    0.0
     28    0.0
     29    0.0
     30    0.0
     31    0.0
     32    0.0
     33    0.0
     34    0.0
     35    0.0
     36    0.0
     37    0.0
     38    0.0
     39    0.0
     40    0.0
     41    0.0
     42    0.0
     43    0.0
     44    0.0
     45    0.0
     46    0.0
     47    7.8
     48    0.0
     49    0.0
     50    0.0
     51    0.0
     52    0.0
     53    0.0
     54   30.8
     55    0.0
     56    0.0
     57    0.0
     58    0.0
     59    0.0
     60    0.0
     61    0.0
     62    0.0
     63    0.0
     64    0.0
     65    0.0
     66    0.2
     67    0.2
     68    0.0
     69    0.0
     70    0.0
     71    0.0
     72    0.0
     73    0.0
     74    0.0
     75    0.0
     76    0.0
     77    0.0
     78    0.0
     79    0.0
     80    0.0
     81    0.0
     82    0.0
     83    0.0
     84    0.0
     85   10.1
     86   11.1
     87   37.5
     88    0.0
     89   12.1
     90    0.0
     91    0.0
     92    0.0
     93    0.0
     94    0.0
     95    0.0
     96    0.0
     97    0.0
     98    0.0
     99    0.0
    100    0.0
    101    0.0
    102    0.0
    103    0.0
    104    0.0
    105    0.0
    106    0.0
    107    0.0
    108    0.0
    109    0.0
    110    0.0
    111    0.0
    112    0.0
    113    0.0
    114    0.0
    115    0.0
    116    0.0
    117    0.0
    118    0.0
    119    0.0
    120    0.0
    121    0.0
    122    0.0
    123    0.0
    124    0.0
    125    0.0
    126    0.0
    127    0.0
    128    4.2
    129    T  
    130   30.0
    131    0.0
    132    0.0
    133    3.7
    134    0.0
    135    0.0
    136   35.6
    137    1.5
    138    T  
    139    0.0
    140    0.0
    141    0.0
    142    0.0
    143    0.0
    144    0.0
    145    0.0
    146    0.0
    147    0.0
    148    0.0
    149    0.0
    150    0.0
    151    0.0
    152    T  
    153   14.9
    154    0.0
    155    1.6
    156    T  
    157    0.0
    158    T  
    159   12.9
    160    0.0
    161    0.5
    162   49.4
    163   63.7
    164    5.9
    165   12.0
    166    0.0
    167    T  
    168    0.0
    169    T  
    170   17.9
    171   16.6
    172    3.7
    173   31.1
    174    8.5
    175   63.5
    176   81.0
    177    2.5
    178    1.0
    179    T  
    180    3.3
    181    0.5
    182    6.0
    183   14.9
    184    6.1
    185    6.0
    186    1.0
    187   12.2
    188   40.1
    189    6.1
    190    6.5
    191   83.5
    192   49.4
    193   29.3
    194   14.3
    195   21.8
    196    0.8
    197    T  
    198   25.3
    199   76.5
    200    T  
    201    4.3
    202    0.8
    203    6.1
    204    T  
    205    3.0
    206    T  
    207    T  
    208    0.0
    209    9.7
    210    T  
    211   17.3
    212    3.1
    213   13.5
    214    1.2
    215   15.8
    216    3.2
    217    4.0
    218    9.5
    219   11.5
    220    6.1
    221    9.5
    222    T  
    223    2.2
    224    3.5
    225    6.8
    226   34.7
    227    T  
    228   17.7
    229    T  
    230    6.2
    231    7.1
    232    2.5
    233    3.7
    234    3.0
    235    T  
    236   14.6
    237    0.0
    238    T  
    239    3.1
    240    0.5
    241    0.7
    242   57.0
    243    8.5
    244    0.0
    245    0.0
    246    3.6
    247   31.8
    248   11.5
    249   47.6
    250    9.3
    251   26.3
    252    0.3
    253    0.0
    254    0.0
    255    0.0
    256    0.0
    257    4.0
    258    0.5
    259    0.9
    260   10.0
    261    2.6
    262    1.1
    263    0.0
    264    0.0
    265    0.0
    266    0.0
    267    0.0
    268    0.0
    269    9.5
    270    0.0
    271    1.0
    272    4.8
    273    0.4
    274    0.0
    275    0.0
    276    0.0
    277    0.0
    278    1.0
    279    0.0
    280    0.0
    281    0.0
    282    0.0
    283    0.0
    284    0.0
    285    0.0
    286    0.0
    287    0.0
    288    0.0
    289    0.0
    290    1.9
    291    0.0
    292    0.0
    293    0.0
    294    0.0
    295    0.0
    296    0.0
    297    0.0
    298    0.0
    299    0.0
    300    0.0
    301    0.0
    302    0.0
    303    0.0
    304    0.0
    305    0.0
    306    0.0
    307    0.0
    308    0.0
    309    0.0
    310    0.0
    311    0.0
    312    0.0
    313    0.0
    314   34.7
    315  100.8
    316   22.2
    317    0.0
    318    0.0
    319    0.0
    320    0.0
    321    0.0
    322    0.0
    323    0.0
    324    0.0
    325    0.0
    326    0.0
    327    0.0
    328    0.0
    329    0.0
    330    0.0
    331    0.0
    332    0.0
    333    0.0
    334    0.0
    335    0.2
    336    0.0
    337    0.2
    338    0.2
    339    0.3
    340    0.0
    341    0.0
    342    0.0
    343    0.0
    344    0.0
    345    0.0
    346    0.0
    347    0.0
    348    0.0
    349    0.0
    350    0.0
    351    0.0
    352    0.0
    353    0.0
    354    0.0
    355    0.0
    356    0.0
    357    T  
    358    0.0
    359    3.9
    360    2.0
    361    0.0
    362    0.0
    363    0.0
    364    0.0
    365    T  
