      1    0.0
      2    0.0
      3    0.0
      4    0.0
      5    0.0
      6    0.0
      7    0.0
      8    0.0
      9    0.0
     10    0.0
     11    0.0
     12    0.0
     13    0.0
     14    0.0
     15    0.0
     16    0.0
     17    0.0
     18    0.0
     19    0.0
     20    0.0
     21    0.0
     22    0.0
     23    0.0
     24    0.0
     25    0.0
     26    0.0
     27    0.0
     28    0.0
     29    0.0
     30    0.0
     31    0.0
     32    0.0
     33    0.0
     34    0.0
     35    0.0
     36    0.0
     37    0.0
     38    0.0
     39    1.5
     40    0.2
     41    0.0
     42    8.5
     43    2.5
     44    0.0
     45  102.3
     46    0.0
     47    0.0
     48    0.0
     49    0.0
     50    0.0
     51    0.0
     52    0.0
     53    0.0
     54    0.0
     55    0.0
     56    0.0
     57   10.1
     58    0.0
     59    0.0
     60    3.4
     61   15.0
     62    0.0
     63    0.0
     64    0.0
     65    0.0
     66    0.0
     67    0.0
     68    0.0
     69    0.0
     70    0.0
     71    0.4
     72   27.0
     73   12.1
     74    0.0
     75    0.0
     76    0.0
     77    0.0
     78    0.0
     79    0.0
     80    0.0
     81    0.0
     82    0.0
     83    0.0
     84    0.0
     85    0.0
     86    0.0
     87    0.0
     88    0.0
     89    0.0
     90    0.0
     91    0.0
     92    0.0
     93    0.0
     94    0.0
     95    0.0
     96    0.0
     97    0.0
     98    0.0
     99    0.0
    100    0.0
    101    0.0
    102    0.5
    103    0.0
    104    0.0
    105    0.0
    106    0.0
    107    0.0
    108    5.6
    109   12.7
    110    6.6
    111    0.0
    112    0.0
    113    0.0
    114    0.0
    115    0.0
    116    3.0
    117    0.0
    118    0.0
    119    0.0
    120    0.0
    121    0.0
    122    0.0
    123    0.3
    124    0.0
    125    3.5
    126    0.0
    127   25.4
    128    0.0
    129   18.4
    130   28.0
    131    0.0
    132   15.3
    133    0.0
    134    0.0
    135    0.0
    136    5.4
    137    7.6
    138    0.0
    139    0.5
    140    0.0
    141    0.0
    142    0.0
    143    0.0
    144    0.0
    145    0.0
    146    0.0
    147    0.0
    148    0.0
    149    0.0
    150    0.0
    151    0.0
    152    0.0
    153    0.0
    154    0.0
    155    0.0
    156    0.0
    157    0.0
    158    0.0
    159    0.0
    160    6.3
    161    8.6
    162    2.1
    163    0.0
    164    T  
    165   43.0
    166   14.8
    167    0.1
    168    2.3
    169    0.0
    170    0.0
    171    0.0
    172    0.0
    173    T  
    174    T  
    175    0.0
    176    0.0
    177    0.9
    178    3.7
    179   10.4
    180    0.2
    181    0.0
    182    0.0
    183    0.0
    184   15.0
    185   29.0
    186   38.3
    187   53.6
    188   79.4
    189    0.0
    190    0.0
    191    T  
    192   72.0
    193   22.5
    194   17.0
    195   40.0
    196    T  
    197    9.8
    198   42.2
    199   82.5
    200    4.5
    201    1.0
    202    0.3
    203    0.6
    204   44.4
    205   33.0
    206    5.0
    207   14.5
    208   21.0
    209    7.5
    210   34.0
    211   35.0
    212   12.2
    213   27.2
    214    0.0
    215   12.2
    216    2.0
    217    5.5
    218    6.3
    219    0.0
    220    0.0
    221    0.0
    222    0.0
    223    0.0
    224   12.5
    225   18.0
    226   19.0
    227   28.0
    228    1.5
    229    0.2
    230   33.0
    231    0.5
    232   26.0
    233    0.0
    234    T  
    235    T  
    236   74.0
    237   20.5
    238    T  
    239    0.6
    240    T  
    241    0.2
    242    T  
    243  146.0
    244   28.2
    245    T  
    246   11.8
    247    4.5
    248    0.0
    249    0.0
    250    0.0
    251    0.0
    252    6.5
    253    0.0
    254    0.0
    255    3.0
    256    0.0
    257    0.0
    258    0.0
    259    0.0
    260    T  
    261    0.0
    262    0.0
    263    0.2
    264    0.5
    265    0.0
    266    0.0
    267    0.3
    268   40.0
    269  143.0
    270   23.0
    271   16.0
    272  155.0
    273   19.5
    274    0.0
    275    0.0
    276    0.0
    277    0.0
    278    0.0
    279    0.0
    280    4.5
    281    0.0
    282   12.5
    283    0.0
    284    0.3
    285    0.0
    286    0.0
    287    0.0
    288    0.0
    289   14.0
    290    0.0
    291    0.0
    292    T  
    293    0.0
    294    0.0
    295    0.0
    296    0.0
    297    0.0
    298    0.0
    299    0.0
    300    0.0
    301    0.0
    302    0.0
    303    0.0
    304    0.0
    305    0.0
    306    0.0
    307    0.0
    308    0.0
    309    0.0
    310    0.0
    311    0.0
    312    0.0
    313    0.0
    314    0.0
    315    0.0
    316    0.0
    317    0.0
    318    0.0
    319    0.0
    320    0.0
    321    0.0
    322    0.0
    323    0.0
    324    0.0
    325    0.0
    326    0.0
    327    0.0
    328    0.0
    329    0.0
    330    0.0
    331    0.0
    332    0.0
    333    0.0
    334    0.0
    335    0.0
    336    0.0
    337    0.0
    338    0.0
    339    0.0
    340    0.0
    341    0.0
    342    0.0
    343    0.0
    344    0.0
    345    0.0
    346    2.1
    347    0.0
    348    0.0
    349    0.0
    350    0.0
    351    0.0
    352    0.0
    353    0.0
    354    0.0
    355    0.0
    356    0.0
    357    0.0
    358    0.0
    359    0.0
    360    0.0
    361    0.0
    362    0.0
    363    0.0
    364    0.0
    365    0.0
