      1    0.0
      2    0.0
      3    0.0
      4    0.0
      5    0.0
      6    0.0
      7    0.0
      8    0.0
      9    0.0
     10    0.0
     11    0.0
     12    0.0
     13    0.0
     14    0.0
     15    0.0
     16    0.0
     17    0.0
     18    0.0
     19    0.0
     20    0.0
     21    0.0
     22    0.0
     23    0.0
     24    0.0
     25    0.0
     26    0.0
     27    0.0
     28    0.0
     29    0.0
     30    0.0
     31    0.0
     32    0.0
     33    0.0
     34    0.0
     35    0.0
     36    0.0
     37    0.0
     38    0.0
     39    0.0
     40    T  
     41    0.0
     42    8.7
     43    0.0
     44    0.2
     45   17.1
     46   14.5
     47    0.0
     48    T  
     49    T  
     50    0.0
     51    0.0
     52    2.1
     53    2.5
     54    3.1
     55    9.3
     56    0.0
     57    0.4
     58    1.2
     59    1.9
     60    3.4
     61    0.0
     62    0.0
     63    0.0
     64    0.0
     65    0.0
     66    0.0
     67    0.0
     68    0.4
     69    0.0
     70    9.5
     71   24.5
     72    3.4
     73    0.0
     74    0.0
     75    0.0
     76    0.0
     77   17.3
     78    0.0
     79    0.0
     80    0.0
     81    0.0
     82    0.4
     83   10.3
     84    1.0
     85    0.0
     86    3.5
     87    2.0
     88    3.4
     89    0.0
     90    0.0
     91    0.0
     92   14.0
     93    T  
     94    3.0
     95    7.5
     96    2.0
     97    T  
     98   26.3
     99    8.3
    100    0.0
    101    0.0
    102    0.0
    103    0.0
    104    6.4
    105    0.0
    106    0.0
    107    0.0
    108    T  
    109    2.0
    110    5.0
    111   32.0
    112    4.1
    113    0.0
    114    8.5
    115    4.2
    116   17.3
    117    5.8
    118    6.3
    119   21.3
    120    2.5
    121    0.0
    122    T  
    123    0.0
    124    T  
    125    0.0
    126    0.8
    127    3.1
    128    0.0
    129    0.0
    130   18.3
    131    T  
    132    T  
    133    4.3
    134    0.0
    135    0.0
    136    0.0
    137    T  
    138   79.2
    139    0.4
    140   10.3
    141    7.4
    142   30.5
    143    5.6
    144    7.3
    145   13.2
    146    0.0
    147    0.0
    148    T  
    149   57.3
    150   60.3
    151    4.2
    152    6.3
    153    4.6
    154    5.2
    155    T  
    156    7.4
    157    8.1
    158    0.0
    159    T  
    160    0.2
    161    8.4
    162    1.0
    163    T  
    164    2.0
    165   44.3
    166    2.4
    167   18.5
    168   15.9
    169    6.3
    170   14.2
    171    0.0
    172   32.1
    173   14.2
    174   65.0
    175    2.4
    176    2.3
    177   12.4
    178    3.1
    179   14.4
    180    4.5
    181   22.2
    182   29.1
    183   14.2
    184   17.4
    185   10.0
    186    2.1
    187    1.5
    188    7.0
    189   41.0
    190   65.4
    191   12.9
    192    T  
    193    0.0
    194   49.5
    195    3.4
    196    0.0
    197    0.0
    198    5.4
    199   44.2
    200   10.0
    201   36.3
    202   17.5
    203    T  
    204    3.4
    205   14.5
    206   30.8
    207   20.0
    208    4.9
    209    3.2
    210   10.3
    211    1.1
    212    0.3
    213    5.3
    214   18.0
    215   44.6
    216    0.3
    217    1.0
    218   10.5
    219    6.5
    220    9.9
    221    7.3
    222   42.0
    223    9.6
    224   32.3
    225   51.1
    226    3.9
    227   13.5
    228    2.4
    229   21.1
    230    4.1
    231    0.0
    232    0.0
    233    0.0
    234    0.0
    235    0.1
    236    T  
    237    0.2
    238    T  
    239   52.6
    240    2.3
    241    0.0
    242    0.5
    243   15.0
    244    0.0
    245    0.0
    246    8.9
    247    0.0
    248   20.5
    249    0.0
    250    T  
    251    1.0
    252    0.0
    253   18.4
    254    4.0
    255    0.8
    256    1.2
    257    2.0
    258    0.4
    259    2.3
    260   10.2
    261    6.3
    262    4.1
    263   14.3
    264    4.0
    265   31.0
    266   10.5
    267    1.9
    268   41.5
    269   16.5
    270    0.0
    271    0.0
    272    0.0
    273    0.0
    274    0.0
    275    0.0
    276    0.0
    277    0.0
    278    0.0
    279    0.0
    280    0.0
    281    0.0
    282    7.8
    283    0.0
    284    0.0
    285    0.0
    286    0.0
    287   13.4
    288   16.0
    289   10.3
    290    0.0
    291    0.0
    292    0.0
    293    0.0
    294    0.0
    295    0.0
    296    0.0
    297    0.0
    298    0.0
    299    0.0
    300    0.0
    301    0.0
    302    0.0
    303    0.0
    304    0.0
    305    6.7
    306    0.0
    307    0.0
    308    0.0
    309    0.0
    310    0.0
    311    0.0
    312    0.0
    313    0.0
    314    0.0
    315    0.0
    316    0.0
    317    0.0
    318    0.0
    319    0.0
    320    0.0
    321    0.0
    322    0.0
    323    0.0
    324    0.0
    325    0.0
    326    0.0
    327    0.0
    328    0.0
    329    0.0
    330    0.0
    331    0.0
    332    0.0
    333    0.0
    334    0.0
    335    0.0
    336    0.0
    337    0.0
    338    0.0
    339    0.0
    340    0.0
    341    0.0
    342    0.0
    343    0.0
    344    0.0
    345    0.0
    346    0.0
    347    0.0
    348    0.0
    349    0.0
    350    0.0
    351    0.0
    352    0.0
    353    0.0
    354    0.0
    355    0.0
    356    0.0
    357    0.0
    358    0.0
    359    0.0
    360    0.0
    361    0.0
    362    0.0
    363    0.0
    364    0.0
    365    0.0
