      1    0.0
      2    0.0
      3    0.0
      4    0.0
      5    0.0
      6    0.0
      7    0.0
      8    0.0
      9    0.0
     10    0.0
     11    0.0
     12    0.0
     13    0.0
     14    0.0
     15    0.0
     16    0.0
     17    0.0
     18    0.0
     19    0.0
     20    0.0
     21    0.0
     22    0.0
     23    0.0
     24    0.0
     25    0.0
     26    0.0
     27    0.0
     28    0.0
     29    0.0
     30    0.0
     31    0.0
     32    0.0
     33    0.0
     34    0.0
     35    0.0
     36    0.0
     37    0.0
     38    0.0
     39    0.0
     40    0.0
     41    0.0
     42    0.0
     43    0.0
     44    0.8
     45    0.0
     46    5.2
     47    0.0
     48    0.0
     49    0.0
     50    0.0
     51    0.0
     52    0.0
     53    0.8
     54    0.0
     55   18.9
     56    0.0
     57    0.0
     58    0.0
     59    0.0
     60    0.0
     61    0.0
     62    0.0
     63    0.0
     64    0.0
     65    0.0
     66    T  
     67    0.7
     68    0.0
     69   22.1
     70    0.0
     71    0.0
     72    0.0
     73   19.9
     74    0.0
     75    0.0
     76    0.0
     77    0.0
     78    T  
     79    3.2
     80   25.3
     81    0.0
     82    0.0
     83    0.0
     84    0.0
     85    0.0
     86    0.0
     87    2.9
     88    0.8
     89    0.0
     90    0.0
     91    0.0
     92    0.0
     93    0.0
     94    0.0
     95    0.0
     96    0.0
     97    0.0
     98    0.0
     99    0.0
    100    0.0
    101    0.0
    102    0.0
    103    0.0
    104    0.0
    105    0.0
    106    0.0
    107    7.4
    108    8.3
    109   12.6
    110    2.3
    111    0.9
    112    2.2
    113    7.1
    114    1.6
    115    5.2
    116    T  
    117    0.0
    118    0.0
    119    0.0
    120    0.0
    121    8.4
    122    T  
    123   10.2
    124    1.1
    125   20.5
    126    0.0
    127    0.0
    128    0.6
    129    0.0
    130    0.0
    131    0.0
    132    0.0
    133    0.0
    134    0.0
    135   22.4
    136   61.7
    137    0.0
    138    0.3
    139    8.5
    140    0.1
    141    1.6
    142    0.0
    143    0.2
    144    8.3
    145    1.3
    146   16.4
    147    0.2
    148    3.9
    149   14.5
    150    3.5
    151    0.1
    152    T  
    153   22.1
    154    0.0
    155    T  
    156    0.0
    157   14.0
    158    0.0
    159    0.0
    160    0.0
    161    0.0
    162    1.5
    163   31.1
    164    T  
    165    7.3
    166   27.3
    167    6.0
    168   31.6
    169   40.1
    170   51.4
    171   23.0
    172    6.0
    173    0.3
    174    6.9
    175    0.0
    176    8.7
    177    2.1
    178    7.6
    179    0.0
    180    5.5
    181    5.8
    182    0.0
    183    0.0
    184   19.0
    185    0.0
    186   55.5
    187   54.1
    188   50.9
    189   14.1
    190   16.1
    191   49.0
    192   23.9
    193   26.5
    194   43.4
    195    T  
    196    0.0
    197    T  
    198    3.1
    199    0.0
    200    8.9
    201    0.0
    202    7.3
    203    7.2
    204    5.5
    205    5.7
    206   48.8
    207   28.4
    208    2.1
    209    0.0
    210    2.4
    211   14.9
    212    2.4
    213   35.1
    214    6.7
    215    0.0
    216    0.0
    217    0.0
    218    0.0
    219    6.2
    220   42.8
    221    0.0
    222    2.8
    223   19.8
    224   45.0
    225    0.0
    226    T  
    227   23.6
    228    3.4
    229    4.9
    230    8.4
    231    0.1
    232   37.5
    233    T  
    234   17.3
    235    5.8
    236   33.5
    237    8.6
    238   13.6
    239   24.5
    240   15.3
    241   17.1
    242    1.4
    243    1.0
    244    8.7
    245    1.6
    246    9.6
    247    2.8
    248    4.8
    249    0.0
    250    T  
    251   16.2
    252   21.5
    253   14.6
    254    3.2
    255    1.1
    256    1.2
    257    0.0
    258    0.0
    259    0.0
    260   21.4
    261    6.1
    262    2.2
    263    0.0
    264    0.0
    265    0.0
    266    0.9
    267    0.0
    268    0.0
    269    0.0
    270   11.5
    271    0.0
    272    0.9
    273    0.0
    274    0.0
    275   11.2
    276    0.0
    277    0.0
    278    0.0
    279    0.0
    280    6.6
    281    0.0
    282    0.0
    283    0.0
    284    0.0
    285    0.0
    286    0.0
    287    0.0
    288    0.0
    289    0.0
    290    0.0
    291    0.0
    292    0.0
    293    0.0
    294    0.0
    295    0.0
    296    0.0
    297    0.0
    298    0.0
    299    0.0
    300    0.0
    301    0.0
    302    0.0
    303    0.0
    304    0.0
    305    T  
    306    0.0
    307    0.0
    308    0.0
    309    6.4
    310    0.0
    311    0.0
    312    0.0
    313    0.0
    314    0.0
    315   11.8
    316    0.0
    317    0.0
    318    0.0
    319    0.0
    320    0.0
    321    0.0
    322    0.0
    323    0.0
    324    0.0
    325    0.0
    326    0.0
    327    0.0
    328    0.0
    329    0.0
    330    0.0
    331    0.0
    332    0.0
    333    0.0
    334    0.0
    335    0.0
    336    0.0
    337    0.0
    338    0.0
    339    0.0
    340    0.0
    341    0.0
    342    0.0
    343    0.0
    344    0.0
    345    0.0
    346    0.0
    347    0.0
    348    0.0
    349    0.0
    350    0.0
    351    0.0
    352    0.0
    353    0.0
    354    0.9
    355    0.0
    356    0.0
    357    0.0
    358    0.0
    359    0.0
    360    0.0
    361   44.2
    362   26.8
    363    T  
    364    0.0
    365    0.0
    366    0.0
