      1    0.0
      2    0.0
      3    0.0
      4    0.0
      5    0.0
      6    0.0
      7    5.4
      8    4.2
      9    T  
     10    0.0
     11    0.5
     12    0.0
     13    0.0
     14    0.0
     15    0.0
     16    0.0
     17    0.0
     18    0.0
     19    0.0
     20    0.0
     21    0.0
     22    0.0
     23    0.0
     24    0.0
     25    0.0
     26    0.0
     27    0.0
     28    0.0
     29    0.0
     30    T  
     31    5.6
     32    2.5
     33    0.0
     34    0.0
     35    0.0
     36    0.0
     37    0.0
     38    0.0
     39    0.0
     40    0.0
     41    0.0
     42    T  
     43    0.0
     44    0.0
     45    0.0
     46    0.0
     47    T  
     48    2.5
     49    0.0
     50   12.5
     51    0.0
     52    0.0
     53    0.0
     54    0.0
     55    0.0
     56    0.0
     57    0.0
     58    0.1
     59    T  
     60    0.5
     61    0.0
     62    0.0
     63    0.0
     64    0.0
     65    0.0
     66    0.0
     67    0.0
     68    0.0
     69    0.0
     70    0.0
     71    T  
     72    0.0
     73    0.0
     74    4.3
     75    0.0
     76    0.0
     77    0.0
     78    0.0
     79    0.0
     80    0.0
     81    T  
     82    T  
     83    0.8
     84   11.3
     85    3.4
     86   14.0
     87    0.0
     88    0.0
     89    0.0
     90    0.0
     91    0.0
     92    0.0
     93    0.0
     94    0.0
     95    0.0
     96    0.0
     97    0.0
     98    0.7
     99    T  
    100    0.0
    101    0.0
    102    3.1
    103   16.3
    104    3.8
    105    0.0
    106    2.6
    107    0.0
    108    0.0
    109    0.0
    110    0.0
    111   13.2
    112    3.5
    113   32.5
    114    7.0
    115    8.3
    116   13.9
    117    0.0
    118    4.2
    119    0.0
    120    0.0
    121    0.0
    122    0.0
    123    6.5
    124   19.9
    125    2.1
    126    0.0
    127   29.4
    128    0.0
    129    0.0
    130    3.6
    131   11.5
    132    3.8
    133    0.0
    134    6.2
    135    0.2
    136   36.2
    137    9.5
    138    5.5
    139    0.0
    140    3.3
    141    6.5
    142    0.0
    143    0.0
    144    T  
    145    5.4
    146    0.0
    147    9.3
    148    T  
    149    5.3
    150   36.0
    151    0.1
    152    0.0
    153    0.0
    154    3.2
    155   22.3
    156    9.0
    157    6.9
    158   14.1
    159    3.5
    160   17.6
    161    7.5
    162   25.3
    163   20.5
    164    7.3
    165    8.0
    166    1.5
    167    4.1
    168    0.5
    169   29.1
    170   10.0
    171    0.0
    172    0.0
    173    0.0
    174   51.1
    175    6.9
    176   28.9
    177    3.4
    178    4.1
    179    2.9
    180    T  
    181    1.0
    182    T  
    183   33.8
    184    2.3
    185    8.5
    186    4.4
    187    T  
    188    7.0
    189    0.0
    190    6.0
    191   14.4
    192   16.2
    193    0.0
    194    1.4
    195   47.7
    196    8.6
    197    5.3
    198    2.2
    199    9.4
    200    3.4
    201   28.5
    202   14.2
    203   32.4
    204    2.0
    205    2.2
    206    1.5
    207   13.0
    208    4.4
    209   48.7
    210    5.6
    211    1.0
    212    2.6
    213   32.3
    214   11.4
    215   14.4
    216    2.2
    217    9.8
    218    3.4
    219    7.8
    220   10.2
    221   14.0
    222   39.0
    223   34.7
    224    4.3
    225    T  
    226    0.6
    227   21.3
    228   12.3
    229    6.2
    230   34.0
    231    2.9
    232    0.0
    233   23.6
    234    2.3
    235    7.5
    236    7.4
    237   34.4
    238    0.1
    239    4.2
    240    1.0
    241    0.4
    242    0.4
    243    2.2
    244    T  
    245    3.8
    246    0.1
    247    T  
    248    0.6
    249   28.5
    250    2.0
    251    1.1
    252   20.6
    253    0.0
    254    0.0
    255    T  
    256    1.8
    257    9.3
    258    T  
    259    0.1
    260    0.0
    261    0.0
    262    8.0
    263    T  
    264    0.1
    265    7.2
    266   38.5
    267   37.4
    268   14.5
    269    8.5
    270    2.4
    271    0.0
    272    0.0
    273    0.0
    274    T  
    275    T  
    276    2.2
    277    1.1
    278    0.1
    279    T  
    280    1.9
    281    0.0
    282    0.0
    283    0.0
    284    0.0
    285    0.0
    286    0.0
    287    0.0
    288    0.0
    289    0.0
    290    0.0
    291    0.0
    292    0.0
    293    0.0
    294    0.0
    295    0.0
    296    0.0
    297    0.0
    298    0.0
    299    0.0
    300    0.0
    301    0.0
    302    0.0
    303    0.0
    304    0.0
    305    0.0
    306    0.0
    307    0.2
    308    0.0
    309    0.0
    310    1.6
    311    0.0
    312    0.0
    313    0.0
    314    0.0
    315    0.0
    316    0.0
    317    0.0
    318    0.0
    319    0.0
    320    0.0
    321    0.0
    322    0.0
    323    0.0
    324    0.0
    325    0.0
    326    0.0
    327    0.0
    328    0.0
    329    0.0
    330    0.0
    331    0.0
    332    0.0
    333    0.0
    334    0.0
    335    0.0
    336    0.0
    337    0.0
    338    0.0
    339    0.0
    340    0.0
    341    0.0
    342    0.0
    343    0.0
    344    0.0
    345    0.0
    346    0.0
    347    0.0
    348    0.0
    349    0.0
    350    0.0
    351    0.0
    352    0.0
    353    0.0
    354    0.0
    355    0.0
    356    0.0
    357    0.0
    358    0.0
    359    0.0
    360    0.0
    361    0.0
    362    0.0
    363    0.0
    364    0.0
    365    0.0
