      1    0.0
      2    0.0
      3    0.0
      4    0.0
      5    0.0
      6    0.0
      7    0.0
      8    2.7
      9    0.0
     10    0.0
     11    0.0
     12    T  
     13    0.0
     14    0.0
     15    2.4
     16    0.0
     17    0.0
     18    0.0
     19    T  
     20    0.0
     21    0.0
     22    0.0
     23    0.8
     24    0.0
     25    0.0
     26    0.0
     27    0.0
     28    0.0
     29    7.0
     30    1.6
     31    1.3
     32    0.0
     33    0.0
     34    0.0
     35    0.0
     36    0.0
     37    0.0
     38    0.0
     39    0.0
     40    0.0
     41    0.0
     42    0.0
     43    0.0
     44    0.0
     45    0.0
     46    0.0
     47    0.0
     48    0.0
     49    0.0
     50    0.0
     51    0.0
     52    0.6
     53    3.6
     54    0.0
     55    0.0
     56    0.0
     57    0.0
     58    0.0
     59    0.0
     60    0.0
     61    0.0
     62    0.0
     63    0.0
     64    0.0
     65    0.0
     66    0.0
     67    0.0
     68    T  
     69    5.6
     70    0.0
     71    0.0
     72    8.4
     73    1.0
     74    0.0
     75   14.8
     76   10.6
     77    0.1
     78    6.6
     79    T  
     80    2.6
     81    5.4
     82    2.4
     83    3.0
     84    0.4
     85    0.4
     86    1.3
     87    0.0
     88    0.0
     89    0.0
     90    0.0
     91    0.0
     92    0.0
     93    0.0
     94    0.0
     95    1.5
     96    0.0
     97    0.0
     98    3.6
     99    1.8
    100    0.4
    101    0.6
    102    0.2
    103    0.0
    104    0.0
    105    0.0
    106    0.0
    107   13.2
    108    0.5
    109    0.0
    110    0.0
    111    0.0
    112    8.6
    113    0.0
    114    0.0
    115    3.9
    116    0.5
    117    4.4
    118    2.8
    119    0.0
    120    0.8
    121    0.0
    122   51.4
    123    T  
    124    4.4
    125   17.0
    126   12.6
    127    9.4
    128    0.0
    129    0.0
    130    0.0
    131    0.0
    132    0.0
    133    0.0
    134    0.0
    135    1.0
    136    0.0
    137    3.2
    138    9.0
    139    3.8
    140    6.0
    141   22.4
    142   13.0
    143    5.8
    144    8.6
    145   28.2
    146   18.8
    147   48.8
    148   44.7
    149    5.0
    150   45.4
    151    0.9
    152    4.0
    153    8.8
    154    0.0
    155   13.6
    156    1.2
    157    2.6
    158    3.2
    159   13.6
    160    2.4
    161    2.8
    162    8.4
    163    8.0
    164   20.6
    165   15.4
    166    8.0
    167   11.2
    168    7.4
    169    1.0
    170   34.4
    171   23.9
    172   10.6
    173    9.2
    174    9.6
    175   10.0
    176    1.4
    177    0.4
    178    8.9
    179    7.4
    180    0.7
    181    7.4
    182   23.6
    183    0.0
    184   17.8
    185   44.0
    186   17.4
    187    4.8
    188   10.6
    189    0.4
    190   16.0
    191    1.4
    192   17.4
    193   15.6
    194   25.8
    195   29.2
    196    9.1
    197    9.6
    198   33.4
    199    8.2
    200   34.6
    201   21.4
    202   23.6
    203   11.4
    204   47.2
    205   24.0
    206   20.0
    207   18.4
    208   22.6
    209    3.6
    210   17.6
    211    6.6
    212    0.6
    213    3.2
    214    0.6
    215   16.8
    216   12.4
    217   20.6
    218    4.8
    219   38.4
    220    7.0
    221    2.8
    222   34.0
    223    6.6
    224    2.4
    225    7.0
    226    8.8
    227    4.0
    228   10.8
    229    3.0
    230   42.0
    231   13.4
    232    0.4
    233   29.2
    234    5.8
    235    3.0
    236    1.4
    237    9.5
    238    0.0
    239    8.4
    240   31.6
    241   14.5
    242    7.0
    243    0.0
    244    0.0
    245    0.0
    246    0.6
    247    3.8
    248    7.0
    249    0.0
    250    1.6
    251    0.4
    252    1.0
    253    4.2
    254    7.8
    255    0.0
    256   18.0
    257    3.8
    258   33.0
    259   21.2
    260    3.6
    261   27.2
    262    6.3
    263   11.3
    264   16.1
    265   26.0
    266    1.2
    267    4.1
    268   17.6
    269    6.9
    270    3.8
    271   16.9
    272   29.4
    273   19.4
    274    2.8
    275    4.0
    276    0.4
    277   26.6
    278   97.0
    279  134.2
    280    0.0
    281    0.6
    282    0.0
    283    0.0
    284    0.0
    285    0.6
    286    0.0
    287    0.0
    288    1.8
    289    0.0
    290    0.0
    291    0.0
    292    0.0
    293    0.0
    294    0.0
    295    0.0
    296    0.0
    297    0.0
    298    0.0
    299    0.0
    300    0.0
    301    0.0
    302    0.0
    303    0.0
    304    2.6
    305    0.2
    306   DNA   
    307   DNA   
    308   DNA   
    309   DNA   
    310   DNA   
    311   DNA   
    312   DNA   
    313   DNA   
    314   DNA   
    315   DNA   
    316   DNA   
    317   DNA   
    318   DNA   
    319   DNA   
    320   DNA   
    321   DNA   
    322   DNA   
    323   DNA   
    324   DNA   
    325   DNA   
    326   DNA   
    327   DNA   
    328   DNA   
    329   DNA   
    330   DNA   
    331   DNA   
    332   DNA   
    333   DNA   
    334   DNA   
    335   DNA   
    336   DNA   
    337   DNA   
    338   DNA   
    339   DNA   
    340   DNA   
    341   DNA   
    342   DNA   
    343   DNA   
    344   DNA   
    345   DNA   
    346   DNA   
    347   DNA   
    348   DNA   
    349   DNA   
    350   DNA   
    351   DNA   
    352   DNA   
    353   DNA   
    354   DNA   
    355   DNA   
    356   DNA   
    357   DNA   
    358   DNA   
    359   DNA   
    360   DNA   
    361   DNA   
    362   DNA   
    363   DNA   
    364   DNA   
    365   DNA   
    366   DNA   
