      1    0.0
      2    0.0
      3    0.0
      4    0.0
      5    0.0
      6    0.0
      7    0.0
      8    0.0
      9    0.0
     10    0.0
     11    0.0
     12    0.0
     13    T  
     14    T  
     15    0.0
     16    0.0
     17    0.0
     18    0.0
     19    0.0
     20    0.0
     21    0.0
     22    0.0
     23    0.0
     24    6.7
     25    5.1
     26    0.0
     27    0.0
     28    0.0
     29    0.0
     30    0.0
     31    0.0
     32    0.0
     33   15.6
     34    3.0
     35    0.0
     36    0.0
     37    0.0
     38   10.6
     39    1.2
     40    0.0
     41    0.0
     42    0.0
     43    0.0
     44    0.0
     45    0.0
     46    0.0
     47    0.0
     48    0.0
     49    0.0
     50    0.0
     51    0.0
     52    0.0
     53    0.0
     54    0.0
     55    0.0
     56    0.0
     57    0.0
     58    3.8
     59    0.0
     60    T  
     61    T  
     62    6.6
     63    7.1
     64    T  
     65    0.0
     66    0.0
     67    0.0
     68    0.0
     69    0.0
     70    0.0
     71    0.0
     72    1.7
     73    0.0
     74    0.5
     75    6.7
     76    4.4
     77    T  
     78    0.0
     79    0.0
     80    0.0
     81    0.0
     82    0.0
     83    0.0
     84    3.0
     85    0.0
     86    0.0
     87    0.0
     88    0.0
     89    0.0
     90    0.0
     91    0.0
     92    0.0
     93    2.8
     94    0.0
     95    0.0
     96    0.0
     97    0.0
     98    0.0
     99    0.0
    100    0.0
    101    3.2
    102    0.0
    103    T  
    104    0.0
    105    0.0
    106    0.0
    107    0.0
    108    0.0
    109   20.0
    110    0.4
    111    0.0
    112    2.2
    113    2.4
    114    1.2
    115   18.7
    116    5.6
    117    9.6
    118   29.5
    119   17.8
    120   18.0
    121    5.5
    122    1.2
    123    6.5
    124    0.0
    125    T  
    126    0.0
    127    0.0
    128    1.6
    129    2.1
    130    0.2
    131    7.6
    132    T  
    133    0.0
    134    0.0
    135    T  
    136   15.0
    137   21.5
    138    3.3
    139    8.6
    140   36.9
    141   11.3
    142    7.1
    143    5.0
    144    7.7
    145   10.3
    146    7.9
    147    6.3
    148   21.8
    149   37.5
    150   18.0
    151   13.1
    152    4.3
    153    1.6
    154    0.5
    155    0.0
    156    0.0
    157    4.0
    158    3.7
    159   12.2
    160    0.7
    161    1.8
    162    T  
    163    T  
    164    0.0
    165    0.0
    166    0.0
    167    T  
    168    7.0
    169    1.4
    170    3.7
    171   12.6
    172    0.0
    173    0.3
    174    6.9
    175   15.1
    176   25.2
    177    2.0
    178    3.7
    179    0.0
    180   14.8
    181   28.8
    182    2.3
    183   23.6
    184   14.6
    185   22.0
    186   15.7
    187   29.5
    188   65.6
    189    8.2
    190    3.4
    191   14.0
    192    4.2
    193   11.1
    194   13.2
    195    T  
    196    4.0
    197   12.7
    198   22.2
    199   34.7
    200   18.5
    201   35.7
    202    0.4
    203   50.2
    204    4.8
    205    1.2
    206   17.5
    207   27.6
    208   16.0
    209   14.2
    210    1.8
    211    6.0
    212    0.4
    213   19.0
    214   19.5
    215   53.3
    216    2.8
    217   35.7
    218    2.5
    219    0.7
    220   12.3
    221   29.2
    222   10.8
    223   35.3
    224    9.1
    225   11.7
    226   16.0
    227   36.5
    228    0.5
    229    0.5
    230    7.5
    231    1.7
    232    T  
    233   28.2
    234   28.7
    235    1.0
    236    9.0
    237   38.6
    238    3.5
    239    0.1
    240   32.2
    241   16.5
    242   22.0
    243   30.2
    244    0.4
    245    4.3
    246    9.1
    247    0.0
    248    0.0
    249    9.4
    250    1.8
    251    0.0
    252    5.0
    253   21.4
    254   20.4
    255   18.2
    256    0.0
    257    0.0
    258    3.3
    259   22.7
    260    2.3
    261    9.7
    262   21.0
    263    4.1
    264    0.3
    265    0.7
    266    0.0
    267    1.0
    268    0.2
    269   26.2
    270    4.5
    271    0.0
    272    T  
    273    4.4
    274    0.0
    275    0.0
    276    T  
    277    0.0
    278    0.0
    279    0.0
    280    0.7
    281    5.2
    282    T  
    283    0.0
    284   18.2
    285    0.0
    286   12.8
    287    0.0
    288    0.0
    289    0.0
    290    0.0
    291    0.0
    292    0.0
    293    0.0
    294    0.0
    295    0.0
    296    0.0
    297    7.2
    298    1.3
    299    6.0
    300    0.0
    301    0.8
    302    0.0
    303    0.0
    304    0.0
    305    0.0
    306    0.0
    307    0.0
    308    0.0
    309    0.0
    310    0.0
    311    0.0
    312    0.0
    313    0.0
    314    0.0
    315    T  
    316    0.0
    317    4.6
    318    0.0
    319    0.0
    320    1.8
    321    0.0
    322    0.0
    323    0.0
    324    0.0
    325    0.0
    326    0.0
    327    0.0
    328    0.0
    329    0.0
    330    0.0
    331    0.0
    332    0.0
    333    0.0
    334    0.0
    335    0.0
    336    0.0
    337    0.0
    338    0.0
    339    0.0
    340    0.0
    341    0.0
    342    0.0
    343    0.0
    344    0.0
    345    0.0
    346    0.0
    347    1.5
    348    0.0
    349    0.0
    350    0.0
    351    0.0
    352    0.0
    353    0.0
    354    0.0
    355    0.0
    356    0.0
    357    0.0
    358    0.0
    359    0.0
    360    0.0
    361    0.0
    362    0.0
    363    0.0
    364    0.0
    365    0.0
    366    0.0
