      1    0.0
      2    0.0
      3    0.0
      4    0.0
      5    0.0
      6    0.0
      7    0.0
      8    0.0
      9    0.0
     10    0.0
     11    0.0
     12    0.0
     13    0.0
     14    0.0
     15    0.0
     16    5.4
     17   19.2
     18    0.0
     19    6.1
     20    0.0
     21   10.4
     22    0.0
     23    0.0
     24    0.0
     25    0.0
     26    0.0
     27    0.0
     28    0.2
     29    8.7
     30    0.0
     31    0.0
     32    0.0
     33    0.0
     34    0.0
     35    0.0
     36    0.0
     37    0.0
     38    0.0
     39    0.0
     40    0.0
     41    0.0
     42    0.0
     43    3.6
     44    0.0
     45    0.0
     46    0.0
     47    0.0
     48    0.0
     49    0.0
     50    0.0
     51    0.0
     52    0.0
     53    0.0
     54    0.0
     55    0.0
     56    0.0
     57    2.7
     58    0.0
     59    0.0
     60    0.0
     61    0.0
     62    0.0
     63    1.4
     64    0.0
     65    0.0
     66    0.0
     67    0.0
     68    0.0
     69    0.0
     70    0.0
     71    0.0
     72    0.0
     73    0.0
     74    0.0
     75    0.0
     76    0.0
     77    7.0
     78    T  
     79    0.0
     80    0.8
     81    5.8
     82   14.0
     83    1.4
     84   19.8
     85    T  
     86    3.8
     87    3.2
     88   16.8
     89   16.2
     90    0.1
     91   14.5
     92    1.0
     93    9.3
     94    0.0
     95    0.0
     96    0.0
     97    1.5
     98    T  
     99   13.8
    100   10.4
    101    0.0
    102    2.9
    103    0.0
    104    0.0
    105    0.1
    106    3.6
    107    0.0
    108    6.4
    109   33.5
    110    9.2
    111   14.0
    112    6.7
    113    0.0
    114   13.7
    115    4.5
    116    3.0
    117    4.0
    118    0.3
    119    0.3
    120    6.3
    121   24.6
    122    1.0
    123   11.2
    124    9.2
    125   17.5
    126   12.5
    127    9.5
    128    0.0
    129    4.7
    130   16.0
    131    3.6
    132    2.0
    133    0.0
    134    0.0
    135    0.4
    136    3.3
    137   43.6
    138    7.5
    139   15.3
    140    6.7
    141    0.0
    142    0.0
    143   14.9
    144    0.0
    145    0.5
    146    3.9
    147   13.4
    148    1.0
    149    3.2
    150    7.0
    151    0.0
    152    0.0
    153    0.9
    154    4.0
    155    7.0
    156   27.5
    157    2.5
    158   29.2
    159   10.9
    160    0.2
    161    0.1
    162    9.8
    163    3.8
    164    2.5
    165   19.2
    166    0.5
    167    7.4
    168    0.8
    169   24.3
    170   14.8
    171    1.3
    172    0.0
    173    0.0
    174    0.0
    175    0.0
    176    4.2
    177    0.0
    178    2.5
    179    1.5
    180   13.4
    181   43.5
    182   62.7
    183   16.9
    184    2.1
    185    0.6
    186    0.5
    187    5.0
    188   15.5
    189   13.0
    190    9.0
    191    6.0
    192   16.5
    193   11.5
    194    0.9
    195  143.1
    196    3.2
    197    0.8
    198   60.9
    199   28.0
    200    0.0
    201   24.7
    202   28.6
    203   16.1
    204   13.7
    205   20.3
    206    7.2
    207    3.1
    208   18.4
    209   31.1
    210   30.4
    211   15.8
    212    0.5
    213    0.7
    214   10.8
    215   33.9
    216   28.0
    217   17.0
    218   52.0
    219   69.9
    220   24.9
    221    5.8
    222   12.2
    223   16.7
    224   31.4
    225    8.7
    226    1.5
    227    7.3
    228   25.0
    229   19.2
    230    1.5
    231    0.5
    232   64.1
    233   26.4
    234    5.9
    235    3.9
    236    5.6
    237    4.1
    238    6.8
    239   14.8
    240    4.9
    241   12.5
    242    7.2
    243    0.4
    244   25.5
    245    0.0
    246   12.2
    247   25.0
    248   22.0
    249   33.6
    250    2.1
    251    0.0
    252   32.1
    253    5.8
    254    1.6
    255    0.2
    256    4.4
    257   17.5
    258    8.8
    259    8.3
    260    6.0
    261    2.2
    262    2.5
    263    0.0
    264    0.0
    265    2.8
    266    0.0
    267   14.7
    268    1.2
    269    8.6
    270    3.6
    271    T  
    272    5.0
    273    0.5
    274    0.0
    275    0.2
    276    0.0
    277    0.0
    278    0.0
    279    0.0
    280    0.0
    281    2.0
    282   16.0
    283    0.0
    284    0.6
    285    1.3
    286    3.2
    287    0.0
    288    0.0
    289    0.0
    290    0.0
    291    1.3
    292    2.4
    293    0.0
    294    0.0
    295    0.0
    296    0.0
    297    0.0
    298    0.0
    299    0.0
    300    0.0
    301    0.0
    302    0.0
    303    0.0
    304    0.0
    305    0.0
    306    0.0
    307    0.0
    308    0.0
    309    0.0
    310    0.0
    311    0.0
    312    0.0
    313    0.0
    314    0.0
    315    0.0
    316    0.0
    317    0.0
    318    0.0
    319    0.0
    320    0.0
    321    0.0
    322    0.0
    323    0.0
    324    0.0
    325    0.0
    326    0.0
    327    0.0
    328    0.0
    329    0.0
    330    0.0
    331    0.0
    332    0.0
    333    0.0
    334    0.0
    335    0.0
    336    0.0
    337    0.0
    338    0.0
    339    0.0
    340    0.0
    341    0.0
    342    0.0
    343    0.0
    344    0.0
    345    0.0
    346    0.0
    347    0.0
    348    0.0
    349    0.0
    350    0.0
    351    0.0
    352    0.0
    353    0.0
    354    0.0
    355    0.0
    356    0.0
    357    0.0
    358    0.0
    359    0.0
    360    0.0
    361    0.0
    362    0.0
    363    0.0
    364    0.0
    365    0.0
