      1    0.2
      2    0.0
      3    0.0
      4    0.0
      5    0.0
      6    0.0
      7    0.0
      8    0.0
      9    0.0
     10    0.0
     11    0.0
     12    0.0
     13    0.0
     14    0.0
     15    0.0
     16    0.0
     17    0.0
     18    0.0
     19    0.0
     20    0.0
     21    0.0
     22    0.0
     23    0.0
     24    0.0
     25    0.0
     26    0.0
     27    0.0
     28    0.0
     29    0.0
     30    0.0
     31    0.2
     32    0.0
     33    0.0
     34    0.0
     35    0.0
     36    0.0
     37    0.0
     38    0.0
     39    0.0
     40    0.0
     41   12.8
     42    0.0
     43    0.0
     44    2.9
     45    0.0
     46    0.0
     47    0.0
     48    0.0
     49    0.0
     50    0.0
     51    0.0
     52    0.0
     53    0.0
     54    0.0
     55    0.0
     56    0.0
     57    0.0
     58    2.2
     59    T  
     60    0.0
     61    0.0
     62    0.8
     63    0.0
     64    0.0
     65    0.0
     66    0.0
     67    0.0
     68    0.0
     69    0.0
     70    0.0
     71    0.0
     72    0.0
     73    0.0
     74    0.2
     75    0.0
     76    4.8
     77    0.0
     78    0.0
     79    0.0
     80    0.0
     81    0.0
     82    0.4
     83    0.0
     84    0.0
     85    0.0
     86    5.9
     87   29.0
     88    0.0
     89   18.2
     90   12.0
     91    0.2
     92    T  
     93    0.0
     94    0.0
     95    0.0
     96    0.0
     97    0.0
     98    0.0
     99    0.0
    100    0.0
    101   61.8
    102    2.0
    103    2.8
    104    8.2
    105    0.0
    106    0.0
    107    1.2
    108    6.8
    109    2.4
    110    1.8
    111    2.6
    112   37.0
    113   35.2
    114    0.0
    115    3.4
    116   18.8
    117    2.0
    118    0.0
    119    9.4
    120    4.3
    121    4.2
    122   11.1
    123    0.6
    124    4.0
    125   11.9
    126   17.1
    127    1.4
    128    4.4
    129   18.9
    130    6.0
    131    0.0
    132    0.0
    133    T  
    134    0.0
    135    0.0
    136    7.6
    137   44.5
    138    5.6
    139    0.1
    140    3.0
    141    6.1
    142    1.4
    143    0.0
    144   26.0
    145    0.0
    146   38.3
    147    1.0
    148    7.6
    149   17.9
    150    5.0
    151   12.9
    152   21.9
    153   12.0
    154    2.0
    155   55.9
    156    1.0
    157    6.3
    158   13.0
    159    1.1
    160    3.8
    161    0.4
    162    0.0
    163    4.0
    164   12.3
    165    0.0
    166    0.0
    167    7.9
    168   15.7
    169   15.2
    170    4.4
    171   29.2
    172    0.2
    173    0.4
    174    7.8
    175    0.0
    176    0.8
    177    6.6
    178   20.1
    179    0.6
    180    6.0
    181   11.4
    182    1.5
    183   21.2
    184    0.0
    185    2.2
    186    0.0
    187    2.2
    188    1.2
    189    2.7
    190    2.3
    191   13.2
    192   11.4
    193    3.0
    194   17.4
    195    5.5
    196    3.7
    197   28.6
    198    7.1
    199   43.2
    200   14.0
    201   25.3
    202    5.7
    203   18.2
    204   31.2
    205    0.0
    206    2.6
    207    6.4
    208    5.1
    209   16.3
    210   61.7
    211    5.5
    212   26.0
    213   19.5
    214    3.1
    215    2.6
    216    1.3
    217   29.0
    218   11.0
    219    8.5
    220    5.8
    221   28.7
    222   57.0
    223    0.0
    224    0.0
    225   85.8
    226    T  
    227   11.2
    228   13.7
    229    7.0
    230    9.5
    231   53.2
    232   13.0
    233   20.5
    234   27.1
    235   30.8
    236   44.1
    237    6.7
    238    0.0
    239   41.0
    240    8.1
    241    4.5
    242    4.0
    243    2.4
    244    1.0
    245   25.4
    246   34.2
    247    5.0
    248    8.9
    249   42.6
    250   41.4
    251    0.6
    252    0.0
    253    2.7
    254   30.0
    255   25.5
    256    6.2
    257   45.0
    258    7.9
    259   13.0
    260   10.2
    261   17.8
    262    6.4
    263    1.9
    264    8.3
    265   11.3
    266    1.5
    267    9.2
    268    1.3
    269    0.0
    270    7.7
    271    0.0
    272    0.0
    273    0.0
    274    8.2
    275    4.0
    276    T  
    277    0.0
    278    0.0
    279    0.0
    280    0.0
    281    0.0
    282    0.0
    283    0.0
    284    9.7
    285    0.0
    286    0.0
    287    0.0
    288    0.1
    289   24.0
    290   18.6
    291    5.1
    292    1.2
    293    6.2
    294   15.6
    295    T  
    296    0.0
    297    0.0
    298    0.0
    299    0.0
    300    0.0
    301    0.0
    302    0.0
    303    0.0
    304    0.0
    305    6.9
    306    T  
    307    0.0
    308    0.0
    309    0.0
    310    0.0
    311    0.0
    312    0.0
    313    0.0
    314    0.0
    315    T  
    316    0.0
    317    6.9
    318    8.2
    319   10.6
    320    0.2
    321    0.0
    322    0.0
    323    3.0
    324    0.0
    325    0.0
    326    0.0
    327    0.0
    328    0.0
    329    0.0
    330    0.0
    331    0.0
    332    0.0
    333    0.0
    334    0.0
    335    0.0
    336    0.0
    337    0.0
    338    0.0
    339    0.0
    340    0.0
    341    0.0
    342    0.0
    343    0.0
    344    0.0
    345    0.0
    346    0.0
    347    0.0
    348    0.0
    349    0.0
    350    0.0
    351    0.0
    352    0.0
    353    0.0
    354    0.0
    355    0.0
    356    0.0
    357    0.0
    358    0.0
    359    0.0
    360    0.0
    361    0.0
    362    0.0
    363    0.0
    364    0.0
    365    0.0
