      1    0.0
      2    0.0
      3    0.0
      4    0.0
      5    0.0
      6    0.0
      7    0.0
      8    0.0
      9    0.0
     10    0.0
     11    0.0
     12    0.0
     13    0.0
     14    0.0
     15    0.0
     16    0.0
     17    0.0
     18    0.0
     19    0.0
     20    0.0
     21    0.0
     22    0.0
     23    0.4
     24    0.0
     25    0.0
     26    8.2
     27   32.0
     28    1.6
     29    0.0
     30    0.4
     31    0.0
     32    0.0
     33    1.0
     34    0.0
     35    0.0
     36    0.0
     37    0.0
     38   10.2
     39    2.0
     40    2.2
     41    0.0
     42    0.0
     43    0.0
     44    0.0
     45    0.0
     46    0.0
     47    0.0
     48    0.0
     49    0.0
     50    5.2
     51   14.8
     52    0.0
     53    0.0
     54    0.0
     55    5.2
     56   11.4
     57    1.4
     58    0.0
     59    0.0
     60    0.0
     61    0.0
     62   12.8
     63    0.0
     64   22.8
     65   14.5
     66    6.3
     67    0.0
     68    0.0
     69    0.0
     70    0.1
     71    0.0
     72    6.2
     73    0.0
     74    0.0
     75    0.0
     76    0.0
     77    0.0
     78    0.0
     79    0.0
     80    0.0
     81    0.0
     82    0.0
     83    0.0
     84    0.0
     85    0.0
     86    0.0
     87    0.0
     88    0.0
     89    0.0
     90    0.0
     91    0.0
     92    0.0
     93    0.0
     94    0.0
     95    0.0
     96    0.0
     97    2.2
     98    0.0
     99    5.8
    100   71.0
    101    0.0
    102    0.0
    103    0.0
    104    0.0
    105    0.0
    106    0.0
    107    0.0
    108    0.0
    109    4.8
    110   10.5
    111    4.5
    112   13.2
    113    0.0
    114    0.0
    115    T  
    116    T  
    117    0.0
    118   10.0
    119    6.4
    120   11.1
    121    3.1
    122    0.2
    123    4.6
    124    2.3
    125   21.2
    126    5.2
    127    9.0
    128    0.0
    129    4.8
    130    5.2
    131    7.4
    132    9.8
    133    0.0
    134    0.0
    135   24.8
    136    5.2
    137    1.8
    138    7.4
    139    2.0
    140    7.0
    141    2.6
    142   37.4
    143   41.6
    144   15.8
    145    0.2
    146    0.0
    147    2.8
    148    9.2
    149   16.0
    150    2.0
    151   11.8
    152    4.2
    153    0.2
    154    0.8
    155    8.0
    156    0.0
    157    0.0
    158    3.2
    159   10.0
    160   17.6
    161   37.2
    162   13.8
    163    0.8
    164   46.8
    165    1.2
    166   16.1
    167    5.6
    168   15.9
    169   18.0
    170    0.9
    171    0.5
    172   23.6
    173   45.2
    174    0.2
    175   31.7
    176    5.3
    177   46.4
    178   37.0
    179   30.9
    180   17.8
    181   19.1
    182    1.6
    183   11.8
    184   25.1
    185    6.5
    186    1.3
    187   28.0
    188    2.3
    189    0.0
    190    T  
    191    7.0
    192    0.0
    193    1.0
    194    0.0
    195   28.6
    196   25.8
    197   20.5
    198    0.4
    199    3.9
    200    8.6
    201    0.0
    202   46.6
    203   13.4
    204   16.2
    205    4.4
    206   17.6
    207    8.3
    208   42.8
    209   16.7
    210   18.2
    211    0.4
    212    0.0
    213   28.2
    214   45.0
    215    9.6
    216    0.4
    217    1.6
    218   24.4
    219   33.8
    220   30.7
    221   22.3
    222    3.6
    223   40.0
    224    3.8
    225    4.0
    226    T  
    227    6.2
    228   32.4
    229   66.8
    230   10.0
    231   13.2
    232    9.6
    233    4.4
    234    1.2
    235    1.9
    236    0.2
    237    5.2
    238    5.8
    239    9.6
    240   10.8
    241    5.2
    242    0.0
    243   13.4
    244    7.6
    245    5.9
    246    2.4
    247   14.2
    248    T  
    249   11.2
    250   14.2
    251   26.8
    252    2.0
    253    0.0
    254   19.8
    255    5.0
    256    6.1
    257   34.2
    258   27.0
    259    3.2
    260    4.0
    261    8.4
    262    0.8
    263    2.2
    264    9.2
    265    5.6
    266    0.3
    267    0.0
    268   13.4
    269    0.0
    270    0.0
    271    0.0
    272    0.0
    273    0.2
    274    1.0
    275    2.6
    276    T  
    277    0.6
    278    0.8
    279    7.4
    280    1.0
    281    0.0
    282    0.0
    283    0.0
    284    0.0
    285    0.0
    286    0.0
    287    0.0
    288    0.4
    289    0.0
    290    0.0
    291    0.0
    292    0.0
    293    0.0
    294    0.0
    295    0.0
    296    0.0
    297    0.0
    298    0.0
    299    0.0
    300    0.0
    301    0.0
    302    0.0
    303    0.0
    304    0.0
    305    0.0
    306    0.0
    307    0.0
    308    0.0
    309    0.0
    310    0.0
    311    0.0
    312    0.0
    313    0.0
    314    0.0
    315    0.0
    316    0.0
    317    0.0
    318    0.0
    319    0.0
    320    0.0
    321    0.0
    322    0.0
    323    0.0
    324    0.0
    325    0.0
    326    0.0
    327    0.0
    328    0.0
    329    0.0
    330    0.0
    331    0.0
    332    9.7
    333    0.0
    334    0.0
    335    0.0
    336    0.0
    337    0.0
    338    0.0
    339    0.0
    340    2.4
    341    0.6
    342    0.0
    343    0.0
    344    0.0
    345    0.0
    346    0.0
    347    1.2
    348    0.0
    349    0.0
    350    0.0
    351    0.0
    352    0.0
    353    0.0
    354    0.0
    355    0.0
    356    0.0
    357    0.0
    358    0.0
    359    0.0
    360    0.0
    361    0.0
    362    0.0
    363    0.0
    364    0.0
    365    0.0
