      1    3.7
      2    0.0
      3    0.0
      4    0.0
      5    0.0
      6    0.0
      7    0.0
      8    0.0
      9    0.0
     10    0.0
     11    0.0
     12    0.0
     13    0.0
     14    0.0
     15    0.0
     16    0.0
     17    0.1
     18    0.0
     19    0.1
     20    1.6
     21    0.0
     22    0.0
     23    0.0
     24    0.0
     25    0.0
     26    0.0
     27    0.0
     28    0.0
     29    0.0
     30    0.0
     31    3.2
     32    0.0
     33    0.0
     34    0.0
     35    0.0
     36    0.0
     37    0.0
     38    0.0
     39    0.0
     40    0.0
     41    0.1
     42    0.0
     43    0.0
     44    0.0
     45    0.0
     46    0.0
     47    T  
     48   26.6
     49    0.0
     50    0.0
     51    0.0
     52    0.0
     53    0.0
     54    0.0
     55    0.0
     56    0.0
     57    1.0
     58    0.0
     59    0.0
     60    0.0
     61    0.0
     62    0.0
     63    0.0
     64    T  
     65    0.0
     66    0.0
     67    0.0
     68    0.0
     69    0.0
     70    0.0
     71    0.0
     72    0.0
     73    0.0
     74    0.0
     75    0.0
     76    0.0
     77    0.0
     78    0.0
     79    0.0
     80    0.0
     81    0.0
     82    0.0
     83    0.0
     84    0.0
     85    0.0
     86    0.0
     87    4.1
     88    2.3
     89    5.3
     90    1.1
     91    6.2
     92    5.1
     93    3.9
     94    9.8
     95    0.4
     96    0.0
     97    0.0
     98    0.0
     99    2.5
    100   10.3
    101    0.3
    102   13.8
    103    3.5
    104    0.3
    105    0.2
    106    3.2
    107    0.6
    108    0.0
    109   13.6
    110    T  
    111    0.0
    112    0.0
    113    0.0
    114    0.0
    115    T  
    116   13.5
    117    T  
    118    0.0
    119    T  
    120    4.8
    121    2.2
    122    2.5
    123    2.7
    124    0.1
    125    0.0
    126    0.0
    127    1.5
    128    0.6
    129    0.1
    130    0.0
    131    T  
    132    0.0
    133    0.1
    134    1.1
    135    2.5
    136   19.2
    137   23.5
    138    7.6
    139    1.6
    140    1.9
    141    2.0
    142    6.1
    143   22.8
    144   14.7
    145    0.0
    146    1.0
    147    0.0
    148    0.1
    149    0.0
    150    0.0
    151    T  
    152    6.6
    153    T  
    154   15.0
    155   18.7
    156    1.2
    157    2.7
    158    2.4
    159    0.0
    160    0.0
    161    0.0
    162    5.7
    163    0.2
    164    0.4
    165    T  
    166    0.0
    167    0.0
    168   13.2
    169    6.0
    170   18.0
    171    6.0
    172    0.1
    173    0.0
    174    T  
    175   31.1
    176    4.2
    177    6.5
    178   27.6
    179    4.6
    180    5.8
    181   14.2
    182   12.6
    183   22.8
    184    7.0
    185    0.0
    186    3.1
    187    T  
    188    4.0
    189    0.0
    190    0.0
    191    2.6
    192    9.6
    193    0.1
    194    9.7
    195   66.8
    196   20.4
    197    2.4
    198    0.1
    199    0.0
    200   35.5
    201   40.0
    202    1.1
    203    6.6
    204    8.4
    205    1.1
    206    1.4
    207    7.5
    208    5.2
    209    4.0
    210   15.6
    211   43.0
    212   19.2
    213    7.0
    214    0.0
    215    5.7
    216    3.0
    217    6.6
    218   29.2
    219   36.0
    220    1.2
    221    0.0
    222   48.7
    223    8.0
    224    6.6
    225    9.9
    226    8.2
    227    4.0
    228   21.5
    229   10.9
    230    8.2
    231    5.6
    232    0.5
    233   21.5
    234   25.0
    235    5.1
    236   18.6
    237   14.7
    238    2.6
    239    8.8
    240    3.3
    241    0.8
    242   17.1
    243    6.6
    244    6.6
    245    0.0
    246    0.0
    247    4.9
    248    0.0
    249   25.4
    250    5.5
    251   29.0
    252    5.0
    253    0.4
    254    T  
    255    1.4
    256    0.5
    257    T  
    258    8.8
    259    2.5
    260    7.4
    261    3.6
    262   14.7
    263    0.8
    264   52.4
    265    2.0
    266    7.5
    267    0.1
    268   33.8
    269    4.5
    270   10.6
    271    0.0
    272    1.8
    273    0.1
    274    0.0
    275    1.6
    276    T  
    277    1.8
    278    4.6
    279    0.0
    280    0.0
    281    0.2
    282    0.3
    283    0.0
    284    0.0
    285    0.0
    286    0.0
    287    0.0
    288    0.0
    289    0.0
    290    0.0
    291    0.0
    292    6.6
    293    0.0
    294    T  
    295    8.3
    296    0.1
    297    0.0
    298    0.0
    299    0.0
    300    8.1
    301    0.0
    302    0.6
    303    0.0
    304    4.1
    305    4.0
    306    4.2
    307    5.8
    308    0.1
    309    1.0
    310    0.1
    311    1.2
    312    0.0
    313    0.0
    314    0.0
    315    0.0
    316    0.0
    317    0.0
    318    4.4
    319    0.1
    320    8.4
    321    0.0
    322    0.0
    323    0.0
    324    0.0
    325    0.0
    326    0.0
    327    0.0
    328    0.0
    329    0.0
    330    0.0
    331    0.0
    332    0.0
    333    0.0
    334    0.0
    335    0.0
    336    0.0
    337    0.0
    338    T  
    339    0.0
    340    0.0
    341    0.0
    342    0.0
    343    0.0
    344    0.0
    345    0.0
    346    0.0
    347    0.0
    348    0.0
    349    0.0
    350    0.0
    351    0.0
    352    0.0
    353    0.0
    354    0.0
    355    0.0
    356    0.0
    357    0.0
    358    0.0
    359    0.0
    360    0.0
    361    0.0
    362    0.0
    363    0.0
    364    0.0
    365    0.0
