      1    0.2
      2    0.0
      3    0.0
      4    0.0
      5    0.0
      6    0.0
      7    0.0
      8    0.0
      9    0.0
     10    0.0
     11    0.0
     12    0.0
     13    0.0
     14    0.0
     15    0.0
     16    0.0
     17    0.0
     18    0.0
     19    0.0
     20    0.0
     21    0.0
     22    0.0
     23    0.0
     24    0.3
     25    0.0
     26    0.4
     27    0.0
     28    0.0
     29    0.0
     30    0.0
     31    0.0
     32    0.0
     33    0.0
     34    0.0
     35    0.0
     36    0.0
     37    0.0
     38    0.0
     39    0.0
     40    0.0
     41    0.0
     42    0.0
     43    0.0
     44    0.0
     45    0.0
     46    0.0
     47    T  
     48    T  
     49    0.0
     50    T  
     51    T  
     52    0.0
     53    T  
     54    0.0
     55   18.8
     56    5.8
     57    2.0
     58    0.0
     59    0.0
     60    0.0
     61    0.0
     62    0.0
     63    0.0
     64    0.0
     65    0.0
     66    0.0
     67    0.0
     68    2.8
     69    0.0
     70    0.0
     71    0.0
     72    1.5
     73   10.7
     74    T  
     75    T  
     76    0.0
     77    0.0
     78    0.0
     79    0.0
     80    0.0
     81    0.0
     82    0.0
     83    1.0
     84    0.0
     85    0.0
     86    0.0
     87    3.0
     88    0.0
     89    0.0
     90   26.8
     91    4.5
     92    8.2
     93    0.0
     94    0.0
     95    0.0
     96    0.0
     97    0.0
     98    0.0
     99    0.0
    100    0.0
    101    T  
    102    4.5
    103   10.6
    104   19.8
    105   12.0
    106    2.5
    107   17.0
    108    1.8
    109    5.8
    110    0.0
    111    5.6
    112    0.0
    113    0.0
    114    0.0
    115    2.5
    116   22.0
    117   38.2
    118   31.6
    119    0.0
    120    1.0
    121    2.0
    122    0.0
    123    3.7
    124    4.9
    125    2.6
    126    0.0
    127   40.1
    128    0.4
    129    7.5
    130   19.1
    131    2.0
    132    1.5
    133    0.0
    134    0.0
    135   38.6
    136    4.9
    137    1.4
    138    5.6
    139    1.5
    140    9.7
    141    0.0
    142    T  
    143    T  
    144    2.4
    145   29.8
    146    5.5
    147    3.5
    148    0.0
    149   18.3
    150    7.6
    151    2.5
    152   12.8
    153   22.7
    154   33.8
    155    1.6
    156    2.6
    157    2.7
    158    2.5
    159    3.5
    160    1.6
    161    7.7
    162    0.0
    163    0.0
    164    2.0
    165   28.6
    166    0.2
    167    T  
    168    1.0
    169    4.3
    170   19.1
    171    6.0
    172   13.4
    173    8.5
    174    2.8
    175    0.0
    176    0.0
    177    0.0
    178    0.0
    179    0.0
    180   23.5
    181   30.1
    182    1.0
    183    4.5
    184    2.8
    185    1.7
    186    5.6
    187    0.0
    188   29.0
    189    0.5
    190    0.0
    191    4.4
    192    0.3
    193    0.3
    194    T  
    195    0.0
    196   34.1
    197   15.1
    198   11.7
    199   24.1
    200    2.0
    201    5.0
    202   17.6
    203    7.4
    204   38.7
    205   12.7
    206   10.2
    207    2.5
    208   15.7
    209    8.3
    210   18.0
    211   53.6
    212    8.8
    213    8.8
    214    3.4
    215    3.0
    216    3.0
    217    2.1
    218   23.0
    219    7.6
    220   91.7
    221    0.0
    222    0.0
    223    5.6
    224    0.1
    225    2.5
    226    1.7
    227   15.4
    228    6.5
    229   33.0
    230   16.6
    231   13.9
    232   33.5
    233   24.9
    234   21.1
    235   34.4
    236   10.6
    237    2.5
    238    6.7
    239    6.4
    240   80.2
    241   10.7
    242    0.0
    243    0.8
    244   36.2
    245    1.0
    246    1.3
    247    6.5
    248    7.2
    249   11.5
    250    4.7
    251    1.6
    252    1.5
    253   14.6
    254    3.0
    255    6.0
    256   21.5
    257    8.6
    258    0.0
    259    0.0
    260   17.5
    261    0.3
    262    0.0
    263    0.0
    264    0.0
    265    0.0
    266    0.0
    267    1.5
    268   30.3
    269    0.7
    270   15.1
    271   14.5
    272    7.0
    273    3.8
    274   10.8
    275    5.2
    276    4.5
    277   36.6
    278   40.5
    279   24.4
    280    T  
    281    0.0
    282    T  
    283   32.2
    284    0.0
    285   10.3
    286    0.0
    287    0.0
    288    6.0
    289    0.0
    290    0.0
    291    0.0
    292    0.7
    293    1.2
    294    0.0
    295    0.0
    296    0.0
    297    0.0
    298    0.0
    299    0.0
    300    0.0
    301    0.0
    302    0.0
    303    0.0
    304    0.0
    305    1.6
    306    0.0
    307    0.0
    308    0.0
    309    0.0
    310    0.0
    311    0.0
    312    T  
    313    3.5
    314    0.0
    315    0.0
    316    0.0
    317    0.0
    318    0.0
    319    0.0
    320    0.0
    321    0.0
    322    0.0
    323    0.0
    324    0.0
    325    0.0
    326    0.8
    327    3.2
    328    0.0
    329    0.0
    330    0.0
    331    0.0
    332    0.0
    333    0.0
    334    0.0
    335    0.0
    336    0.0
    337    0.0
    338    0.0
    339    0.0
    340    0.0
    341    0.0
    342    1.0
    343    1.7
    344    0.0
    345    0.0
    346    0.0
    347    0.0
    348    0.0
    349    0.0
    350    0.0
    351    0.0
    352    0.0
    353    0.0
    354    0.0
    355    0.0
    356    0.0
    357    0.0
    358    0.0
    359    0.0
    360    0.0
    361    0.0
    362    0.0
    363    0.0
    364    0.0
    365    0.0
