      1    0.0
      2    0.0
      3    0.0
      4    0.0
      5    0.0
      6    0.0
      7    0.0
      8    0.0
      9   34.8
     10   42.4
     11    0.5
     12   10.2
     13    1.0
     14    0.0
     15    0.0
     16    0.0
     17    0.0
     18    0.0
     19    0.0
     20    0.0
     21    0.0
     22    0.0
     23    0.0
     24    0.0
     25    0.0
     26    0.0
     27    0.0
     28    0.0
     29    0.0
     30    0.0
     31   10.4
     32    0.0
     33    0.0
     34    0.3
     35    9.4
     36    2.8
     37    0.0
     38    1.8
     39    0.0
     40    0.0
     41    0.0
     42    0.0
     43    0.0
     44    0.0
     45    0.0
     46    0.0
     47    0.0
     48    0.0
     49    0.0
     50    0.0
     51    0.0
     52    0.0
     53    0.0
     54    0.0
     55    0.0
     56    0.0
     57    0.0
     58    0.0
     59    0.0
     60    0.0
     61    0.0
     62    0.0
     63    0.0
     64    0.0
     65    T  
     66    0.0
     67    0.0
     68   11.2
     69    0.0
     70    0.5
     71   16.2
     72   18.3
     73    7.1
     74    0.0
     75    0.0
     76    0.0
     77    0.0
     78    0.0
     79    0.0
     80    0.0
     81    0.0
     82    0.0
     83    0.0
     84    0.0
     85    0.0
     86    0.0
     87    0.0
     88    0.0
     89    0.0
     90    7.1
     91   21.8
     92    0.0
     93    0.0
     94    3.3
     95    0.0
     96    T  
     97    5.8
     98    3.3
     99    0.0
    100    0.0
    101    0.0
    102    0.0
    103    0.0
    104    0.0
    105    0.0
    106    T  
    107   12.7
    108    0.0
    109    0.0
    110    0.0
    111    0.0
    112    0.0
    113    0.0
    114    0.0
    115    0.0
    116    0.0
    117    0.0
    118    0.0
    119    0.0
    120    0.0
    121    0.0
    122    0.0
    123    3.1
    124   36.8
    125    6.3
    126    0.3
    127    0.0
    128    0.0
    129    0.0
    130    0.0
    131    0.0
    132   17.0
    133    0.0
    134    0.0
    135    0.0
    136    0.0
    137    0.0
    138    1.0
    139   27.4
    140    6.9
    141    2.5
    142    0.0
    143    9.9
    144    0.0
    145    1.5
    146    3.1
    147    8.9
    148    0.5
    149    1.3
    150   20.3
    151   12.9
    152   39.4
    153    4.8
    154   37.3
    155    8.1
    156    2.5
    157    5.3
    158    5.1
    159    3.3
    160    0.0
    161    0.5
    162    4.6
    163   23.9
    164    0.3
    165    2.3
    166    5.3
    167    T  
    168    0.0
    169    1.3
    170    2.5
    171   15.2
    172    1.8
    173   38.4
    174   17.3
    175    5.8
    176    9.4
    177    T  
    178    2.0
    179    2.3
    180    4.3
    181   25.1
    182    7.1
    183    1.8
    184    0.3
    185    3.8
    186    0.0
    187    1.3
    188   52.6
    189    0.0
    190    0.0
    191   20.3
    192    8.2
    193    3.1
    194    9.4
    195    1.0
    196    0.0
    197   12.7
    198   21.3
    199   18.8
    200    3.1
    201    0.8
    202   17.5
    203    8.1
    204    1.1
    205   11.4
    206    0.0
    207    4.1
    208   55.8
    209   34.5
    210   41.2
    211   27.7
    212   12.2
    213    4.6
    214   13.2
    215    9.4
    216   21.2
    217   49.2
    218    8.2
    219   19.1
    220    7.1
    221   35.8
    222   43.9
    223   29.7
    224   25.7
    225    0.6
    226    3.6
    227   54.4
    228   47.5
    229    2.0
    230    7.6
    231    0.5
    232    2.3
    233    0.0
    234    0.0
    235    0.0
    236   37.9
    237    4.1
    238   39.4
    239   16.3
    240    7.6
    241   21.6
    242   24.6
    243   14.3
    244   26.7
    245   15.2
    246    T  
    247    0.0
    248    6.6
    249   14.7
    250   13.5
    251   14.0
    252   30.7
    253    3.6
    254    T  
    255    0.0
    256    0.0
    257    6.6
    258    0.8
    259    0.0
    260    0.0
    261    5.1
    262    1.5
    263    6.6
    264   16.8
    265    1.0
    266    0.0
    267    2.3
    268    0.0
    269    2.0
    270    1.0
    271    0.3
    272    0.0
    273    0.0
    274    2.5
    275    1.8
    276    0.0
    277    0.0
    278    0.0
    279    0.0
    280    0.0
    281    0.0
    282    0.0
    283    2.3
    284    2.8
    285    0.6
    286   24.6
    287    1.5
    288   11.9
    289   12.9
    290    0.8
    291    4.4
    292    8.7
    293    0.0
    294    0.0
    295    0.0
    296    4.1
    297    0.0
    298    0.0
    299    0.0
    300    0.0
    301    0.0
    302    0.0
    303    0.3
    304    3.3
    305    0.0
    306    0.0
    307    0.0
    308    0.0
    309    0.0
    310    0.0
    311    0.0
    312    0.0
    313    0.0
    314    0.0
    315    0.0
    316    0.0
    317    0.0
    318    0.0
    319    0.0
    320    0.0
    321    0.0
    322    0.0
    323    0.0
    324    0.0
    325    0.0
    326   13.7
    327    0.0
    328    0.0
    329    0.0
    330    0.0
    331    0.0
    332    0.0
    333    0.0
    334    0.0
    335    0.0
    336    0.0
    337    1.5
    338    0.0
    339    0.0
    340    0.0
    341    0.0
    342    5.3
    343    2.3
    344    0.0
    345    T  
    346    0.8
    347    1.5
    348    0.0
    349    0.0
    350    0.0
    351    0.0
    352    0.0
    353    0.0
    354    0.0
    355    0.0
    356    0.0
    357    0.0
    358    0.0
    359    0.0
    360    0.0
    361    0.0
    362    0.0
    363    0.0
    364    0.0
    365    0.0
