1982          Temperature for KHAIRINI TAR            
        Tmax  Tmin
     1  22.0   9.1 
     2  21.4   9.0 
     3  21.8   9.0 
     4  21.7   9.0 
     5  22.2   9.5 
     6  23.0  10.1 
     7  22.8   8.7 
     8  22.9   7.9 
     9  22.0   7.8 
    10  21.9   8.3 
    11  21.9   7.8 
    12  21.6   7.0 
    13  22.4   8.6 
    14  22.1   7.4 
    15  21.7   7.8 
    16  21.8   7.2 
    17  22.0   7.3 
    18  22.6   8.2 
    19  22.5   8.5 
    20  22.6   9.1 
    21  23.0   8.8 
    22  23.0   7.9 
    23  19.4   7.0 
    24  23.8   9.2 
    25  20.7   8.5 
    26  13.4  11.9 
    27  17.0  11.7 
    28  21.0   8.0 
    29  22.1   8.1 
    30  22.4   8.9 
    31  16.5   9.7 
    32  14.8  11.8 
    33  17.7  10.0 
    34  16.4   9.3 
    35  21.1  10.8 
    36  21.0   8.6 
    37  20.0   7.2 
    38  20.2   8.5 
    39  19.0   9.5 
    40  18.7   8.5 
    41  18.0   9.0 
    42  18.0  11.2 
    43  20.2  10.2 
    44  23.4  10.4 
    45  23.8  10.1 
    46  22.8  10.7 
    47  18.4  13.6 
    48  21.6  11.7 
    49  24.6  10.0 
    50  25.0   8.2 
    51  25.4   7.4 
    52  23.4   9.2 
    53  25.0   8.6 
    54  23.8   8.8 
    55  21.4   8.5 
    56  24.0   8.7 
    57  25.0   9.1 
    58  24.6   9.2 
    59  26.4  11.7 
    60  24.0  14.2 
    61  23.4  14.5 
    62  22.1  10.0 
    63  21.5   8.5 
    64  19.8  13.5 
    65  20.2  11.8 
    66  22.1  10.7 
    67  24.8  10.7 
    68  23.8  11.4 
    69  25.3  11.1 
    70  26.8   9.5 
    71  26.2   9.1 
    72  26.0  12.5 
    73  26.8   9.7 
    74  27.3  12.7 
    75  27.7  16.0 
    76  23.2  12.8 
    77  28.0  12.0 
    78  28.4  11.1 
    79  29.6  14.9 
    80  29.8  11.4 
    81  30.9  14.6 
    82  29.3  14.0 
    83  28.8  10.8 
    84  26.4  14.8 
    85  28.4  12.3 
    86  27.4   8.8 
    87  29.3  11.3 
    88  30.0  14.3 
    89  31.1  16.2 
    90  30.2  17.2 
    91  30.8  17.7 
    92  31.1  18.1 
    93  28.9  16.0 
    94  32.7  16.8 
    95  35.3  17.3 
    96  33.7  18.3 
    97  34.4  18.2 
    98  31.5  14.5 
    99  32.8  19.4 
   100  33.3  20.6 
   101  32.3  16.6 
   102  32.6  13.0 
   103  31.3  13.5 
   104  30.0  19.2 
   105  30.0  16.8 
   106  29.5  17.6 
   107  29.3  17.2 
   108  26.0  14.9 
   109  28.8  16.2 
   110  28.7  13.9 
   111  28.2  14.7 
   112  30.8  17.4 
   113  31.0  17.5 
   114  30.4  16.1 
   115  29.3  16.5 
   116  30.0  16.5 
   117  29.0  16.8 
   118  31.5  16.5 
   119  32.5  17.4 
   120  31.9  15.3 
   121  30.2  21.3 
   122  32.2  22.0 
   123  31.6  21.6 
   124  31.6  22.5 
   125  33.2  20.4 
   126  34.3  20.3 
   127  33.7  19.5 
   128  34.0  17.8 
   129  35.2  17.4 
   130  28.6  22.4 
   131  32.8  18.1 
   132  33.9  19.4 
   133  30.8  18.6 
   134  27.9  17.2 
   135  31.1  17.8 
   136  32.6  16.1 
   137  32.5  16.6 
   138  32.1  17.5 
   139  32.4  17.5 
   140  33.2  17.6 
   141  33.2  18.1 
   142  33.9  22.6 
   143  29.5  16.8 
   144  34.8  18.0 
   145  35.6  24.5 
   146  36.6  20.1 
   147  37.1  21.4 
   148  34.9  20.3 
   149  32.3  19.7 
   150  33.4  19.9 
   151  34.5  20.0 
   152  31.5  20.6 
   153  33.4  19.6 
   154  33.5  19.7 
   155  30.7  23.2 
   156  30.6  21.1 
   157  26.0  21.2 
   158  32.2  22.5 
   159  33.0  24.4 
   160  27.8  21.0 
   161  32.5  21.4 
   162  32.8  22.5 
   163  32.7  24.5 
   164  31.0  21.7 
   165  30.3  21.7 
   166  31.7  23.1 
   167  31.1  24.0 
   168  31.3  23.5 
   169  31.8  22.6 
   170  32.9  22.9 
   171  33.5  16.6 
   172  33.2  20.9 
   173  33.3  22.5 
   174  31.8  22.6 
   175  31.6  21.9 
   176  32.6  22.1 
   177  32.2  24.0 
   178  32.0  22.5 
   179  30.0  21.4 
   180  32.1  22.7 
   181  33.0  22.4 
   182  33.3  23.8 
   183  33.6  23.6 
   184  33.5  19.0 
   185  31.7  22.9 
   186  31.5  23.0 
   187  30.1  23.7 
   188  32.1  22.3 
   189  33.6  22.8 
   190  32.3  22.4 
   191  32.2  22.9 
   192  29.8  21.8 
   193  30.3  23.5 
   194  32.1  23.8 
   195  31.2  23.9 
   196  32.8  22.5 
   197  32.5  23.6 
   198  33.0  23.8 
   199  34.0  22.2 
   200  27.4  20.2 
   201  31.8  20.6 
   202  32.6  21.3 
   203  32.7  22.5 
   204  31.8  20.5 
   205  31.7  23.9 
   206  29.0  23.6 
   207  30.6  24.3 
   208  32.5  24.1 
   209  32.6  23.7 
   210  32.2  24.7 
   211  33.2  24.9 
   212  33.3  22.8 
   213  33.9  22.6 
   214  33.0  24.9 
   215  30.3  22.5 
   216  33.2  22.7 
   217  32.2  22.8 
   218  33.2  24.2 
   219  33.4  25.6 
   220  32.3  22.1 
   221  32.0  25.4 
   222  32.4  25.2 
   223  33.1  24.0 
   224  33.9  24.0 
   225  33.5  22.1 
   226  34.0  24.9 
   227  34.0  25.5 
   228  33.3  24.9 
   229  33.3  25.3 
   230  33.9  25.0 
   231  32.3  23.7 
   232  32.0  23.8 
   233  33.0  24.2 
   234  32.3  23.0 
   235  32.3  24.2 
   236  29.1  23.5 
   237  31.6  23.8 
   238  31.9  23.7 
   239  31.0  23.1 
   240  31.1  23.1 
   241  30.2  20.7 
   242  29.3  23.4 
   243  29.1  22.0 
   244  30.9  23.4 
   245  32.9  23.7 
   246  33.2  24.1 
   247  30.2  24.6 
   248  33.0  23.6 
   249  29.9  24.8 
   250  27.6  23.9 
   251  32.7  22.3 
   252  34.3  23.0 
   253  34.5  23.5 
   254  25.9  22.8 
   255  23.8  22.0 
   256  22.3  20.1 
   257  29.0  20.2 
   258  31.5  22.0 
   259  31.3  22.7 
   260  31.2  22.6 
   261  28.7  23.7 
   262  28.5  23.2 
   263  25.6  22.6 
   264  30.4  22.1 
   265  31.0  21.2 
   266  29.2  22.4 
   267  26.8  20.4 
   268  30.6  22.0 
   269  30.7  19.9 
   270  30.6  21.2 
   271  30.3  20.5 
   272  29.7  17.1 
   273  29.5  20.7 
   274  30.0  19.2 
   275  29.8  18.8 
   276  29.8  18.5 
   277  29.8  18.5 
   278  29.5  19.2 
   279  29.5  18.6 
   280  29.6  19.0 
   281  29.5  19.4 
   282  27.1  16.6 
   283  26.9  15.5 
   284  28.8  17.8 
   285  28.0  15.4 
   286  29.1  16.3 
   287  29.0  16.6 
   288  29.2  17.3 
   289  29.5  17.2 
   290  27.1  16.7 
   291  27.6  19.3 
   292  29.0  17.1 
   293  29.3  17.2 
   294  28.0  18.4 
   295  26.8  17.9 
   296  27.0  17.9 
   297  27.0  17.4 
   298  27.5  17.2 
   299  27.5  16.8 
   300  24.0  16.0 
   301  27.2  16.4 
   302  27.0  16.0 
   303  27.2  16.1 
   304  27.0  16.4 
   305  27.0  15.5 
   306  28.0  11.8 
   307  27.2  14.9 
   308  27.2  15.9 
   309  25.6  15.4 
   310  26.0  15.2 
   311  25.5  13.6 
   312  25.5  14.1 
   313  18.8  15.5 
   314  23.6  15.7 
   315  22.9  16.9 
   316  21.9  17.1 
   317  24.0  16.6 
   318  24.8  15.7 
   319  24.9  15.4 
   320  25.7  15.6 
   321  25.7  15.8 
   322  26.0  15.8 
   323  26.2  15.8 
   324  21.6  16.4 
   325  20.8  16.8 
   326  24.0  16.6 
   327  23.2  14.8 
   328  23.4  10.8 
   329  22.6  10.7 
   330  22.8  16.9 
   331  22.3  10.4 
   332  21.2  16.4 
   333  21.5   9.9 
   334  21.1   9.8 
   335  21.5   9.8 
   336  21.2  10.2 
   337  21.1  10.2 
   338  21.6  10.8 
   339  22.2  11.5 
   340  21.6  12.3 
   341  20.8  11.2 
   342  20.2  10.7 
   343  21.1  11.4 
   344  19.5  11.6 
   345  20.0  11.8 
   346  21.8  13.4 
   347  21.2  11.5 
   348  22.9  11.3 
   349  22.8  11.2 
   350  22.0  11.4 
   351  22.8  11.0 
   352  22.0  11.2 
   353  21.6  11.4 
   354  21.2  10.4 
   355  21.0   9.9 
   356  20.5  10.4 
   357  20.2  10.6 
   358  20.2  10.1 
   359  21.0   5.8 
   360  20.9   8.0 
   361  20.2   6.2 
   362  16.0   9.0 
   363  20.0   8.6 
   364  19.3   8.4 
   365  17.6   7.9 
