1976          Temperature for KHAIRINI TAR            
        Tmax  Tmin
     1  20.0   9.5 
     2  21.0   9.8 
     3  21.0   9.6 
     4  21.0   9.0 
     5  19.0   9.0 
     6  19.0   7.0 
     7  20.0   7.0 
     8  20.0   7.5 
     9  20.0   7.0 
    10   DNA   6.9 
    11   DNA   DNA 
    12  20.3   8.0 
    13  22.0   8.0 
    14  22.0   7.8 
    15  21.4   8.4 
    16  21.9   9.0 
    17  18.5  10.0 
    18  13.0  12.0 
    19   DNA   DNA 
    20   DNA   DNA 
    21   DNA   DNA 
    22   DNA   DNA 
    23   DNA   DNA 
    24   DNA   DNA 
    25   DNA   DNA 
    26  20.9  11.0 
    27  21.0   7.0 
    28  23.0   9.8 
    29  22.0  10.2 
    30  22.2  11.0 
    31  22.0  11.0 
    32  23.5   9.6 
    33  21.5  10.0 
    34  21.5  11.0 
    35  20.2  11.5 
    36  15.0  11.0 
    37  18.2   9.7 
    38  21.5   9.5 
    39  22.0   9.6 
    40  23.0  10.8 
    41  23.5   9.0 
    42  23.7  10.5 
    43  23.7   9.5 
    44  23.5  11.4 
    45  23.7  11.2 
    46  24.0  13.0 
    47  18.0  14.5 
    48  24.0  12.0 
    49  27.0  10.4 
    50  26.0  12.0 
    51  26.0  10.2 
    52  25.5  10.5 
    53  23.5  11.0 
    54  26.5  11.5 
    55  27.0  11.5 
    56  27.8  14.0 
    57  27.0  12.0 
    58  26.0   9.0 
    59  25.0   7.5 
    60  23.2   7.2 
    61  23.9   7.0 
    62  25.5  10.3 
    63  27.0  10.0 
    64  27.4  11.4 
    65  28.0  12.7 
    66  29.0  12.0 
    67  25.7  11.0 
    68   DNA   DNA 
    69   DNA   DNA 
    70   DNA   DNA 
    71   DNA   DNA 
    72   DNA   DNA 
    73   DNA  17.0 
    74   DNA   DNA 
    75  29.0   9.5 
    76  29.3  12.0 
    77  31.0  13.0 
    78  31.0  12.5 
    79  32.6  12.0 
    80  33.0  15.6 
    81  31.9  14.5 
    82  32.0  15.8 
    83  32.8  13.8 
    84  33.5  13.5 
    85  33.0  14.5 
    86  34.0  17.0 
    87   DNA  14.0 
    88   DNA   DNA 
    89  33.9  14.4 
    90  34.0  15.3 
    91  31.0  15.0 
    92  30.9  16.4 
    93  32.0  13.0 
    94  31.7  13.0 
    95  32.5  12.2 
    96  33.0  15.0 
    97  33.8  16.0 
    98  32.0  14.0 
    99  34.8  15.0 
   100  33.5  16.8 
   101  35.0  15.9 
   102  34.0  16.5 
   103  29.5  16.0 
   104  34.0  17.7 
   105  34.0  14.0 
   106   DNA   DNA 
   107   DNA   DNA 
   108   DNA   DNA 
   109   DNA   DNA 
   110  34.6  19.5 
   111  33.0  19.0 
   112  31.0  19.0 
   113  30.9  18.5 
   114  28.2  21.0 
   115  34.0  20.0 
   116  33.0  19.0 
   117   DNA   DNA 
   118  33.0  19.4 
   119  31.1  19.0 
   120  32.0  19.0 
   121  31.2  18.1 
   122  32.0  18.7 
   123  33.1  18.8 
   124  32.0  17.7 
   125  33.0  19.5 
   126  33.4  18.3 
   127  33.0  17.5 
   128  32.0  17.8 
   129  32.0  19.0 
   130  30.0  17.8 
   131  30.3  18.2 
   132  28.5  19.5 
   133  27.0  18.0 
   134  25.0  18.4 
   135  27.8  18.8 
   136  23.8  17.4 
   137  28.4  19.0 
   138  28.7  17.8 
   139  30.2  19.5 
   140  29.4  21.0 
   141  31.0  20.0 
   142  30.0  21.4 
   143  31.0  21.0 
   144  30.4  21.6 
   145  23.0  22.0 
   146  30.5  19.8 
   147  32.0  22.0 
   148  33.2  22.0 
   149  34.2  22.0 
   150  34.0  22.0 
   151  34.5  22.0 
   152  32.0  23.0 
   153  29.0  22.0 
   154  31.2  22.0 
   155  31.8  24.0 
   156  26.5  21.5 
   157  29.5  21.0 
   158  28.0  19.5 
   159   DNA   DNA 
   160   DNA   DNA 
   161  29.0  22.0 
   162  28.0  23.0 
   163  32.0  22.0 
   164  29.0  22.0 
   165   DNA   DNA 
   166  27.0  19.0 
   167  28.0  19.8 
   168  28.0  21.5 
   169  29.0  21.0 
   170  29.5  21.0 
   171  31.0  20.0 
   172  31.0  21.8 
   173  30.0  21.0 
   174  31.0  20.0 
   175  31.0  21.0 
   176  30.2  21.8 
   177  30.0  20.0 
   178  27.0  21.2 
   179  25.0  21.0 
   180  29.0  22.0 
   181  24.0  22.0 
   182  25.0  22.0 
   183  28.0  23.0 
   184  31.0  24.0 
   185  30.5  23.0 
   186  30.5  22.0 
   187  29.8  21.5 
   188  31.0  22.0 
   189  32.0  23.8 
   190  31.5  23.0 
   191  32.0  24.0 
   192  28.8  24.0 
   193  31.9  23.0 
   194  30.0  21.5 
   195  30.0  21.8 
   196  31.5  21.2 
   197  29.3  22.5 
   198  29.0  23.2 
   199  31.0  22.5 
   200  32.2  24.0 
   201  30.5  26.0 
   202  28.0  23.0 
   203  33.0  23.0 
   204  30.8  24.5 
   205  31.8  24.0 
   206  31.6  24.0 
   207  29.0  23.0 
   208  27.0  24.0 
   209  31.0  25.2 
   210  32.5  24.0 
   211  33.0  25.0 
   212  31.0  24.8 
   213  31.0  23.0 
   214  32.8  22.8 
   215  32.0  25.0 
   216  31.5  23.0 
   217  28.0  22.8 
   218  29.0  23.0 
   219  31.0  24.0 
   220  31.5  23.2 
   221  31.8  24.0 
   222  30.0  23.5 
   223  32.0  20.5 
   224  27.0  24.5 
   225  31.2  26.0 
   226  32.0  23.5 
   227  32.0  23.0 
   228  30.0  24.0 
   229   DNA   DNA 
   230  29.0  24.0 
   231  30.5  24.0 
   232  31.5  23.2 
   233  32.0  24.0 
   234  31.0  24.0 
   235  28.8  24.0 
   236  23.5  22.0 
   237  28.5  22.0 
   238  30.0  23.0 
   239  31.2  23.0 
   240  32.0  23.2 
   241  32.0  23.0 
   242  30.8  23.0 
   243  17.0  10.0 
   244  16.2   8.5 
   245  16.0   8.0 
   246  17.0   8.0 
   247  17.5   9.9 
   248  16.8   8.5 
   249  14.8   9.2 
   250  19.0   9.0 
   251  19.0  10.0 
   252  18.0  10.4 
   253  16.2  10.2 
   254  19.0   9.8 
   255  20.0  11.2 
   256  13.0  10.5 
   257  19.0   9.8 
   258  13.8   7.8 
   259  15.0   9.4 
   260  17.5  10.5 
   261  17.0  10.0 
   262  17.9   9.0 
   263  17.8   9.0 
   264  16.1  10.0 
   265  17.0   9.0 
   266  16.0   7.0 
   267  15.8   5.3 
   268  15.4   5.2 
   269  16.0   7.5 
   270  16.1   4.0 
   271   9.0   4.5 
   272  14.0   5.0 
   273  15.0   6.3 
   274  15.8   5.4 
   275  14.0   5.0 
   276  15.0   6.0 
   277  14.9   4.6 
   278  14.0   4.5 
   279  14.5   5.5 
   280  14.5   5.1 
   281  13.1   4.6 
   282  14.0   5.6 
   283  15.0   6.0 
   284  15.0   6.5 
   285  16.4   6.0 
   286  15.2   6.0 
   287  15.0   5.5 
   288  15.5   6.0 
   289  15.6   6.4 
   290  15.5   5.3 
   291  15.0   5.0 
   292  13.0   5.1 
   293  14.0   3.0 
   294  13.0   2.0 
   295  12.5   3.0 
   296  12.9   3.1 
   297  12.8   2.7 
   298  12.0   1.2 
   299   DNA   0.5 
   300  13.0   5.0 
   301  13.0   2.0 
   302  13.6   3.0 
   303  13.3   2.5 
   304  13.0   3.6 
   305  13.0   2.8 
   306  14.0   2.0 
   307  13.8   3.0 
   308  13.0   2.3 
   309  13.0   1.0 
   310  12.9   1.0 
   311  12.8   2.0 
   312  13.0   2.6 
   313  12.0   3.0 
   314  12.8   3.0 
   315  13.0   2.5 
   316  12.1   2.0 
   317  12.0   0.8 
   318  11.9   1.5 
   319  11.0   1.0 
   320  12.0   0.9 
   321  12.0   2.0 
   322  10.8   2.0 
   323  11.0   2.0 
   324  11.0   1.0 
   325   9.6   0.8 
   326   8.0   1.0 
   327  11.5   2.5 
   328  10.8   2.0 
   329  11.0   1.0 
   330  10.0   2.0 
   331  10.9   1.2 
   332  10.6   1.0 
   333  10.4   1.5 
   334   9.8  -0.2 
   335   9.0  -2.9 
   336   9.0  -2.6 
   337   DNA   DNA 
   338   DNA   DNA 
   339   8.5  -2.5 
   340   8.0  -3.0 
   341   9.8  -3.0 
   342   9.0  -1.5 
   343   9.0  -1.0 
   344   9.4  -0.5 
   345   9.0  -1.0 
   346   8.9  -2.0 
   347   8.0  -2.0 
   348   DNA  -2.0 
   349  15.0   3.0 
   350  15.4   1.1 
   351  15.0   2.2 
   352  15.1   2.0 
   353  14.0   2.5 
   354  14.5   2.4 
   355  16.1   2.1 
   356  15.4   1.0 
   357  16.5   2.5 
   358  17.0   3.0 
   359  16.0   3.8 
   360  14.5   4.9 
   361  16.1   5.4 
   362  15.0   5.3 
   363  16.0   4.0 
   364  14.7   5.0 
   365  15.0   4.0 
   366  14.0   3.0 
