      1    0.0
      2    0.0
      3    0.0
      4    0.0
      5    0.0
      6    0.0
      7    0.0
      8    0.0
      9    0.0
     10    0.0
     11    0.0
     12    0.0
     13    0.0
     14    0.0
     15    0.0
     16    0.0
     17    0.0
     18   27.2
     19    2.0
     20    0.0
     21    0.0
     22    0.0
     23    0.0
     24    0.0
     25    0.0
     26    0.0
     27    0.0
     28    0.0
     29    0.0
     30    0.0
     31    0.0
     32    0.0
     33    0.0
     34    0.0
     35    0.0
     36    0.0
     37    2.9
     38    0.0
     39    0.0
     40    0.0
     41    0.0
     42    0.0
     43    0.0
     44    0.0
     45    0.0
     46    0.0
     47    0.0
     48    1.0
     49    1.1
     50    0.0
     51    0.0
     52    0.0
     53    0.0
     54    0.0
     55    0.0
     56    0.0
     57    0.0
     58    0.0
     59    0.0
     60    0.0
     61    0.0
     62    0.0
     63    0.0
     64    0.0
     65    0.0
     66    0.0
     67    0.0
     68    0.0
     69    0.0
     70    0.0
     71    0.0
     72    0.0
     73    0.0
     74    0.0
     75    0.0
     76    0.0
     77    0.0
     78    0.0
     79    0.0
     80    0.0
     81    0.0
     82    0.0
     83    0.0
     84    0.0
     85    0.0
     86    0.0
     87    0.0
     88    0.0
     89    0.0
     90    0.0
     91    0.0
     92   13.0
     93    0.0
     94    0.0
     95    0.0
     96    0.0
     97    0.0
     98    0.0
     99    0.0
    100    0.0
    101    0.0
    102    0.0
    103    0.0
    104    0.0
    105    0.0
    106    0.0
    107    0.0
    108    0.0
    109    0.0
    110    0.0
    111   13.4
    112    T  
    113    0.0
    114    1.4
    115    0.2
    116    0.0
    117    0.0
    118    7.3
    119   14.0
    120    1.0
    121    0.0
    122    0.0
    123    1.1
    124    0.0
    125    0.0
    126    0.0
    127    0.0
    128    0.0
    129    7.0
    130    0.0
    131    0.0
    132   19.0
    133   21.2
    134   19.4
    135    0.0
    136    0.0
    137    0.0
    138    0.0
    139    0.0
    140    0.0
    141    0.0
    142    0.0
    143    0.0
    144    0.0
    145    0.0
    146    0.0
    147    0.0
    148    0.0
    149    0.0
    150    0.0
    151    0.0
    152    0.0
    153    T  
    154   11.2
    155   14.4
    156   25.8
    157   17.7
    158   50.6
    159    T  
    160    0.0
    161   15.8
    162   33.4
    163   13.1
    164   23.2
    165   10.0
    166   12.2
    167    1.1
    168    T  
    169   14.5
    170    0.0
    171    0.0
    172    0.0
    173    0.0
    174    0.0
    175    0.0
    176    0.0
    177   37.2
    178    T  
    179    1.1
    180   11.2
    181   93.4
    182   46.3
    183    0.4
    184    1.2
    185    8.4
    186   23.4
    187    0.0
    188    0.0
    189    0.0
    190   51.2
    191    0.0
    192   10.2
    193   14.9
    194    3.0
    195   21.2
    196   43.8
    197   13.0
    198    9.2
    199   28.1
    200    6.5
    201    7.5
    202   19.0
    203   20.0
    204    3.5
    205   32.7
    206    T  
    207   16.0
    208   11.2
    209   13.5
    210    T  
    211   18.0
    212   10.3
    213   30.0
    214   20.5
    215   27.0
    216    1.2
    217   15.5
    218    6.0
    219    3.5
    220    T  
    221   15.0
    222   38.0
    223   32.5
    224   15.0
    225    2.0
    226    2.5
    227   15.3
    228    4.0
    229   15.2
    230   24.0
    231   10.0
    232   21.0
    233    8.5
    234   19.0
    235   15.0
    236   25.8
    237   28.0
    238   20.5
    239   28.5
    240    T  
    241    2.5
    242   68.0
    243   38.0
    244   16.5
    245   18.0
    246   21.0
    247   16.0
    248    T  
    249    T  
    250    T  
    251    8.0
    252    2.0
    253    T  
    254    8.0
    255    1.0
    256   12.4
    257   18.1
    258    7.6
    259   49.1
    260    0.0
    261    9.7
    262    4.2
    263    0.0
    264    0.5
    265    5.1
    266    2.2
    267    0.0
    268    T  
    269    T  
    270    3.0
    271    9.0
    272    1.5
    273    0.0
    274    1.0
    275    5.3
    276    0.0
    277    0.0
    278    0.0
    279    0.0
    280    T  
    281    0.0
    282    0.0
    283    0.0
    284    0.0
    285    0.0
    286    0.0
    287    0.0
    288    0.0
    289    0.0
    290    0.0
    291    0.0
    292    0.0
    293    0.0
    294    0.0
    295    0.0
    296    0.0
    297    0.0
    298    0.0
    299    0.0
    300    0.0
    301    0.0
    302    0.0
    303    0.0
    304    0.0
    305    0.0
    306    0.0
    307    0.0
    308    0.0
    309    0.0
    310    0.0
    311    0.0
    312    0.0
    313    0.0
    314    0.0
    315    0.0
    316    0.0
    317    0.0
    318    0.0
    319    0.0
    320    0.0
    321    0.0
    322    0.0
    323    0.0
    324    0.0
    325    0.0
    326    0.0
    327    0.0
    328    0.0
    329    0.0
    330    0.0
    331    0.0
    332    0.0
    333    0.0
    334    0.0
    335    0.0
    336    0.0
    337    0.0
    338    0.0
    339    0.0
    340    0.0
    341    0.0
    342    0.0
    343    0.0
    344    0.0
    345    0.0
    346    0.0
    347    0.0
    348    0.0
    349    0.0
    350    0.0
    351    0.0
    352    0.0
    353    0.0
    354    0.0
    355    0.0
    356    0.0
    357    0.0
    358    0.0
    359    0.0
    360    0.0
    361    0.0
    362    0.0
    363    0.0
    364    0.0
    365    0.0
    366    0.0
