      1    0.0
      2    0.0
      3    0.0
      4    0.0
      5    0.0
      6    0.0
      7    0.0
      8    0.0
      9    0.0
     10    0.0
     11    0.0
     12    0.0
     13    0.0
     14    0.0
     15    0.0
     16    0.0
     17    0.0
     18    0.0
     19    0.0
     20    0.0
     21    0.0
     22    0.0
     23    0.0
     24    0.0
     25    0.0
     26    0.0
     27    0.0
     28    0.0
     29    0.0
     30    0.0
     31    0.0
     32    0.0
     33    0.0
     34    4.0
     35   10.0
     36    0.0
     37    0.0
     38    0.0
     39    0.0
     40    0.0
     41    0.0
     42    0.0
     43    0.0
     44    0.0
     45    0.0
     46    0.0
     47    0.0
     48    0.0
     49    0.0
     50    6.2
     51   16.2
     52    0.0
     53    0.0
     54    0.0
     55    2.1
     56   27.0
     57    0.0
     58    0.0
     59    0.0
     60    0.0
     61    0.0
     62    0.0
     63    0.0
     64    0.0
     65   23.0
     66    3.0
     67    0.0
     68    0.0
     69    0.0
     70    2.8
     71    0.0
     72    0.1
     73   15.5
     74    5.5
     75    2.5
     76    0.0
     77    0.0
     78   23.7
     79    0.0
     80    0.0
     81    1.5
     82    5.4
     83    T  
     84    0.0
     85    5.0
     86    0.0
     87    2.4
     88    5.0
     89   39.9
     90    0.0
     91    0.0
     92    0.0
     93    0.0
     94    9.0
     95    0.1
     96    0.0
     97    0.0
     98    0.0
     99    6.2
    100    1.5
    101    0.0
    102    0.0
    103    0.0
    104    0.0
    105    0.0
    106    0.0
    107    0.0
    108    0.0
    109    0.0
    110    0.0
    111    0.0
    112    0.0
    113    0.0
    114    0.0
    115    0.0
    116    1.5
    117    6.5
    118    0.0
    119    0.7
    120    0.0
    121    2.8
    122    0.0
    123    5.0
    124    1.0
    125    0.0
    126    8.6
    127    1.0
    128    6.9
    129   12.0
    130    6.0
    131    4.5
    132    0.0
    133    0.0
    134    0.0
    135    0.1
    136    0.0
    137    0.0
    138    0.0
    139    2.0
    140    0.0
    141    2.0
    142    0.0
    143    0.0
    144    0.0
    145    0.0
    146    0.0
    147    0.6
    148    0.0
    149    0.0
    150   55.5
    151    0.0
    152    0.0
    153    0.0
    154    0.0
    155    9.5
    156   23.0
    157    7.0
    158    0.0
    159    0.0
    160    0.0
    161    0.0
    162    0.0
    163   10.9
    164   13.7
    165    4.3
    166   10.0
    167    1.0
    168    5.0
    169    1.5
    170   10.2
    171   11.0
    172    9.0
    173    2.0
    174    0.1
    175    5.0
    176    1.0
    177   19.5
    178   14.7
    179   16.0
    180   20.0
    181    2.0
    182    9.0
    183    2.1
    184    6.3
    185    6.4
    186   29.0
    187    5.0
    188   26.6
    189    9.0
    190    6.5
    191    0.0
    192    0.0
    193    5.6
    194    2.2
    195    0.0
    196    4.0
    197    9.0
    198   19.0
    199   29.0
    200   12.0
    201    5.5
    202   12.7
    203    1.0
    204   10.0
    205    5.4
    206   10.3
    207    9.8
    208    0.0
    209    2.1
    210    0.0
    211    T  
    212    2.7
    213    2.5
    214    7.0
    215   15.9
    216   12.5
    217    0.4
    218    6.8
    219    1.5
    220    0.3
    221    6.5
    222   12.2
    223   13.3
    224   37.5
    225   43.0
    226   16.2
    227   12.0
    228    7.0
    229    5.0
    230   43.0
    231   11.0
    232    4.0
    233   26.3
    234    2.3
    235    4.4
    236   18.0
    237   24.0
    238   13.2
    239   22.5
    240    1.0
    241   12.1
    242   29.0
    243    7.8
    244   25.0
    245    4.4
    246   13.0
    247    2.3
    248    6.4
    249    4.0
    250    2.0
    251    0.0
    252    0.0
    253    0.0
    254    4.2
    255    T  
    256    7.0
    257    3.1
    258    5.0
    259    0.3
    260    0.0
    261    1.2
    262    1.3
    263    T  
    264    4.5
    265    1.5
    266    0.5
    267    8.4
    268    4.0
    269    0.0
    270   12.0
    271   10.0
    272   12.1
    273    0.0
    274    4.3
    275    4.5
    276   17.2
    277    7.2
    278    1.0
    279    0.0
    280    0.0
    281    0.0
    282    0.0
    283    2.0
    284    0.0
    285    0.0
    286    0.0
    287    0.0
    288    0.0
    289    0.0
    290    0.0
    291    3.0
    292   20.0
    293    0.0
    294    0.0
    295    0.0
    296    1.5
    297    0.0
    298    0.0
    299    0.0
    300    0.0
    301    0.0
    302    0.0
    303    0.0
    304    0.0
    305    0.0
    306    0.0
    307    0.0
    308    0.0
    309    0.0
    310    0.0
    311    0.0
    312    3.0
    313    0.5
    314    0.0
    315    0.0
    316    0.0
    317    0.0
    318    0.0
    319    0.0
    320    0.0
    321    0.0
    322    0.0
    323    1.5
    324   12.0
    325    0.0
    326    0.0
    327    0.0
    328    0.0
    329    0.0
    330    0.0
    331    0.0
    332    0.0
    333    0.0
    334    0.0
    335    0.0
    336    0.0
    337    0.0
    338    0.0
    339    0.0
    340    0.0
    341    0.0
    342    0.0
    343    0.0
    344    0.0
    345    0.0
    346    0.0
    347    0.0
    348    0.0
    349    0.0
    350    0.0
    351    0.0
    352    0.0
    353    0.0
    354    0.0
    355    0.0
    356    0.0
    357    0.0
    358    0.0
    359    0.0
    360    0.0
    361    0.0
    362    0.0
    363    0.0
    364    0.0
    365    0.0
