      1    4.4
      2    0.0
      3    0.0
      4    0.0
      5    0.0
      6    0.0
      7    0.0
      8    0.0
      9    0.0
     10    0.0
     11    0.4
     12    0.0
     13    0.0
     14    0.0
     15    0.0
     16    0.0
     17    0.0
     18    0.0
     19    0.0
     20    0.0
     21    3.0
     22    0.0
     23    0.0
     24    0.0
     25    0.0
     26   30.0
     27    0.0
     28    0.0
     29    0.0
     30    0.0
     31   24.0
     32    0.0
     33    0.8
     34    0.0
     35    0.0
     36    0.0
     37    0.4
     38    0.0
     39    0.0
     40    4.4
     41   12.4
     42   28.2
     43   12.6
     44    0.0
     45    0.0
     46    7.6
     47    8.8
     48    0.0
     49    T  
     50    T  
     51   15.8
     52    0.0
     53    0.0
     54    4.4
     55    2.3
     56    3.0
     57    0.0
     58    0.0
     59    T  
     60    4.4
     61   12.0
     62    0.0
     63    0.0
     64   22.0
     65    0.0
     66    0.0
     67    0.0
     68    0.0
     69    0.0
     70    7.0
     71    T  
     72    0.0
     73    4.4
     74    0.0
     75    0.0
     76    6.6
     77    8.8
     78    0.4
     79    0.0
     80    0.0
     81    0.0
     82    6.6
     83    4.8
     84    3.0
     85    0.8
     86    0.0
     87    0.0
     88    0.0
     89   12.0
     90   20.4
     91   10.0
     92    0.0
     93    0.0
     94    0.0
     95    0.0
     96    0.0
     97    T  
     98    0.0
     99    0.0
    100    T  
    101    0.0
    102    0.0
    103    T  
    104    4.4
    105    0.8
    106    0.0
    107    0.0
    108    0.0
    109   10.0
    110    7.6
    111    8.8
    112    3.4
    113    5.6
    114   13.0
    115    2.0
    116    0.0
    117    0.0
    118   12.6
    119    8.6
    120   15.0
    121    T  
    122    0.0
    123    0.0
    124    0.0
    125    0.0
    126    0.0
    127    0.0
    128    0.0
    129    0.0
    130    0.0
    131    0.0
    132    0.0
    133    0.0
    134    6.0
    135    3.0
    136    5.6
    137   10.6
    138    0.0
    139    0.1
    140    0.0
    141    0.0
    142    T  
    143    0.0
    144    0.0
    145    1.6
    146    T  
    147    0.0
    148   18.4
    149    T  
    150    0.0
    151    0.0
    152    5.2
    153    1.2
    154    3.0
    155    0.0
    156    0.0
    157    0.0
    158    0.0
    159    7.2
    160    3.4
    161   10.6
    162   21.6
    163    9.6
    164    0.0
    165    7.0
    166    2.4
    167    0.0
    168    4.0
    169    2.4
    170   35.7
    171    T  
    172    T  
    173    T  
    174    T  
    175    T  
    176    T  
    177   37.0
    178    7.6
    179    1.3
    180    4.0
    181    T  
    182    T  
    183    T  
    184    T  
    185    T  
    186    4.4
    187    5.6
    188    7.7
    189    8.4
    190   12.6
    191    T  
    192    4.6
    193    3.5
    194   10.0
    195    4.4
    196    3.3
    197    5.3
    198    4.0
    199    2.6
    200    8.2
    201    5.0
    202    4.2
    203    3.6
    204    7.0
    205    T  
    206    0.5
    207    0.3
    208    4.4
    209    8.8
    210   10.4
    211    6.8
    212    5.5
    213    7.7
    214    4.0
    215    8.8
    216    5.3
    217    7.0
    218    4.8
    219    3.5
    220    4.6
    221    8.0
    222    2.3
    223    4.0
    224    6.0
    225    T  
    226    T  
    227    T  
    228    T  
    229    T  
    230    T  
    231    T  
    232    4.0
    233    8.0
    234    0.3
    235    T  
    236    T  
    237    T  
    238    T  
    239    T  
    240    T  
    241    T  
    242    T  
    243    T  
    244    5.4
    245    5.5
    246    4.0
    247   20.0
    248    8.5
    249    T  
    250    T  
    251    T  
    252    T  
    253    T  
    254    5.0
    255    T  
    256    6.2
    257    0.0
    258   11.7
    259    0.0
    260    0.0
    261    0.0
    262   10.5
    263   12.0
    264    0.0
    265    T  
    266   13.6
    267    0.0
    268    0.0
    269   20.0
    270   10.5
    271   12.6
    272   13.0
    273    0.7
    274    0.0
    275    0.0
    276    0.0
    277    0.0
    278   10.0
    279   14.0
    280    0.0
    281    0.0
    282    0.0
    283    0.0
    284    0.0
    285    0.0
    286    0.0
    287    0.0
    288    0.5
    289    0.0
    290    0.0
    291    T  
    292    T  
    293    0.0
    294    0.0
    295    0.0
    296    0.0
    297    0.0
    298    0.0
    299    0.0
    300    0.0
    301    0.0
    302    0.0
    303    0.0
    304    0.0
    305    0.0
    306    0.0
    307    0.0
    308    0.0
    309    0.0
    310    T  
    311    0.0
    312    0.0
    313    0.0
    314    0.0
    315    0.0
    316    T  
    317    0.0
    318    0.0
    319    0.0
    320    0.0
    321    0.0
    322    0.0
    323    0.0
    324    T  
    325    0.0
    326    0.0
    327    7.3
    328    T  
    329    0.0
    330    0.0
    331    0.0
    332    0.0
    333    0.0
    334    0.0
    335    0.0
    336    0.0
    337   18.5
    338    0.0
    339    0.0
    340    0.0
    341    0.0
    342    0.0
    343    0.0
    344    0.0
    345    0.0
    346    0.0
    347    0.0
    348    0.0
    349    0.0
    350    0.0
    351    0.0
    352    0.0
    353    0.0
    354    0.0
    355    0.0
    356    0.0
    357    0.0
    358    0.0
    359    0.0
    360    0.0
    361    0.0
    362    0.0
    363    0.0
    364    0.0
    365    0.0
