      1    0.0
      2    0.0
      3    0.0
      4    0.0
      5    0.0
      6    0.0
      7    0.0
      8    0.0
      9    0.0
     10    0.0
     11    0.0
     12    0.0
     13    0.0
     14    0.0
     15    0.0
     16    0.0
     17    0.0
     18    T  
     19   10.0
     20    0.0
     21    0.0
     22    0.0
     23    0.0
     24    0.0
     25    0.0
     26    0.0
     27    0.0
     28    0.0
     29    0.0
     30    0.0
     31    0.0
     32    0.0
     33    0.0
     34    0.0
     35    0.0
     36    2.8
     37   10.6
     38    T  
     39    0.0
     40    0.0
     41    0.0
     42    0.0
     43    0.0
     44    0.0
     45    0.0
     46    0.0
     47    0.0
     48    8.8
     49    6.0
     50    0.0
     51    0.0
     52    2.0
     53    0.0
     54    0.0
     55    T  
     56    2.0
     57    0.0
     58    0.0
     59    0.0
     60    0.0
     61    0.0
     62    0.0
     63    0.0
     64    0.0
     65    0.0
     66    0.0
     67    0.0
     68    0.0
     69   10.2
     70    2.0
     71    0.0
     72    0.0
     73    6.0
     74    T  
     75    0.0
     76    0.0
     77    8.0
     78    0.0
     79    0.0
     80    2.0
     81   10.8
     82    0.0
     83    0.0
     84    0.0
     85    0.0
     86    0.0
     87    0.0
     88    0.0
     89    0.0
     90    0.0
     91    2.0
     92    0.0
     93    T  
     94    4.0
     95    0.0
     96    0.0
     97    0.0
     98    0.0
     99    0.0
    100    0.0
    101    0.0
    102    0.0
    103    0.0
    104    0.0
    105    T  
    106    0.0
    107    T  
    108    T  
    109    T  
    110    2.0
    111   36.0
    112   16.2
    113    2.0
    114    0.0
    115    0.0
    116    0.0
    117   22.8
    118    0.0
    119   18.6
    120   10.0
    121    8.0
    122    0.0
    123    0.0
    124    0.0
    125    0.0
    126    0.0
    127    T  
    128    4.0
    129    T  
    130   12.4
    131   36.0
    132    T  
    133    0.0
    134    0.0
    135    0.0
    136   33.6
    137    0.0
    138    T  
    139    0.0
    140   37.2
    141   34.0
    142   10.0
    143    6.0
    144   36.5
    145    3.4
    146   33.2
    147    T  
    148    4.0
    149    4.4
    150    8.2
    151    5.0
    152   12.5
    153    0.0
    154    0.0
    155    0.0
    156    T  
    157   67.2
    158   10.5
    159   62.8
    160    T  
    161   10.0
    162  167.0
    163    T  
    164   12.2
    165   10.2
    166    T  
    167   14.6
    168   60.4
    169   50.3
    170   36.8
    171    T  
    172   38.5
    173  160.0
    174    4.3
    175   46.2
    176    0.0
    177   18.4
    178  110.4
    179   18.0
    180    4.2
    181    6.6
    182    T  
    183   36.0
    184   30.2
    185   10.4
    186   48.0
    187   38.6
    188   18.0
    189    8.8
    190  160.0
    191   18.5
    192   50.3
    193    8.8
    194    4.6
    195    0.0
    196   44.3
    197    T  
    198   56.0
    199   10.4
    200  140.0
    201   14.8
    202    6.6
    203  125.0
    204    T  
    205    0.0
    206   80.0
    207    T  
    208   38.0
    209    4.8
    210    3.5
    211    T  
    212   90.0
    213    6.2
    214   42.8
    215   40.0
    216    0.0
    217   50.2
    218   10.8
    219   48.0
    220    4.3
    221   80.0
    222    3.8
    223    2.0
    224   50.0
    225    T  
    226   38.2
    227    2.4
    228   50.4
    229   10.3
    230   36.4
    231   18.0
    232    6.0
    233    2.8
    234   80.2
    235    T  
    236   30.0
    237   40.3
    238   50.6
    239    T  
    240    T  
    241   12.8
    242    4.4
    243    6.2
    244   46.6
    245   86.3
    246   70.4
    247    4.8
    248   36.2
    249    4.8
    250    T  
    251    T  
    252    2.6
    253   10.5
    254    0.0
    255    0.0
    256    0.0
    257    0.0
    258    T  
    259    T  
    260    T  
    261    0.0
    262    0.0
    263    0.0
    264    2.4
    265    T  
    266    0.0
    267   12.4
    268    6.2
    269    4.8
    270   12.0
    271   18.6
    272    0.0
    273    0.0
    274    4.4
    275   28.2
    276    T  
    277   12.6
    278    T  
    279    T  
    280    2.6
    281    0.0
    282    4.0
    283    0.0
    284    0.0
    285    0.0
    286    0.0
    287   28.4
    288   41.5
    289   54.0
    290   10.5
    291    6.2
    292   51.0
    293   47.2
    294    4.8
    295    0.0
    296    0.0
    297    0.0
    298    0.0
    299    0.0
    300    4.2
    301    T  
    302    0.0
    303    0.0
    304    0.0
    305    T  
    306    T  
    307    2.2
    308    0.0
    309    0.0
    310    0.0
    311    0.0
    312    0.0
    313    0.0
    314    0.0
    315    0.0
    316    0.0
    317    0.0
    318    0.0
    319    0.0
    320    0.0
    321    0.0
    322    0.0
    323    0.0
    324    0.0
    325    0.0
    326    0.0
    327    0.0
    328    0.0
    329    0.0
    330    0.0
    331    0.0
    332    0.0
    333    0.0
    334    0.0
    335    0.0
    336    0.0
    337    0.0
    338    0.0
    339    0.0
    340    0.0
    341    0.0
    342    0.0
    343    0.0
    344    0.0
    345    0.0
    346    0.0
    347    0.0
    348    0.0
    349    0.0
    350    0.0
    351    0.0
    352    0.0
    353    0.0
    354    2.0
    355    0.0
    356    0.0
    357    0.0
    358    0.0
    359    0.0
    360    0.0
    361    0.0
    362    0.0
    363    0.0
    364    0.0
    365    0.0
