      1    0.0
      2    0.0
      3    0.0
      4    0.0
      5    0.0
      6    0.0
      7    0.0
      8    0.0
      9    0.0
     10    0.0
     11    0.0
     12    0.0
     13    0.0
     14    0.0
     15    0.0
     16    0.0
     17    0.0
     18    0.0
     19    0.0
     20    0.4
     21    0.0
     22    0.0
     23    0.0
     24    2.8
     25    0.0
     26    0.0
     27    0.6
     28    0.0
     29    0.0
     30    0.0
     31    0.0
     32    0.0
     33    0.0
     34    0.0
     35    0.5
     36    0.0
     37    0.0
     38    0.0
     39    0.0
     40    0.0
     41    0.0
     42    0.0
     43    0.0
     44    0.0
     45    0.0
     46    0.0
     47    0.0
     48    0.0
     49    0.0
     50    0.0
     51    0.0
     52    0.0
     53    0.0
     54    0.0
     55    0.0
     56    0.0
     57    0.0
     58    0.0
     59    0.0
     60    0.0
     61    0.0
     62    0.0
     63    0.0
     64    0.0
     65    0.0
     66    0.0
     67    0.0
     68    0.0
     69    0.0
     70    T  
     71   15.0
     72    0.0
     73    T  
     74    0.0
     75    0.0
     76    0.0
     77    0.0
     78    0.0
     79    0.0
     80    0.0
     81    0.0
     82    0.0
     83    0.0
     84    0.0
     85   38.0
     86    0.4
     87    T  
     88    T  
     89    T  
     90   13.0
     91   77.0
     92    0.4
     93   26.0
     94    2.5
     95   14.0
     96    0.0
     97   28.0
     98    2.0
     99    T  
    100   76.0
    101   20.0
    102   30.0
    103    0.0
    104   10.0
    105    0.0
    106   20.0
    107   10.0
    108   23.0
    109    0.0
    110   40.0
    111    0.0
    112    0.0
    113   26.0
    114   20.0
    115   32.0
    116    6.0
    117   79.5
    118   10.0
    119    0.0
    120    3.5
    121   16.0
    122    T  
    123   15.0
    124    0.0
    125   30.0
    126    T  
    127   22.0
    128    0.0
    129   19.4
    130    T  
    131   27.2
    132    0.3
    133    0.4
    134    0.8
    135    T  
    136   17.2
    137    0.3
    138    6.0
    139   51.0
    140   28.0
    141    T  
    142    T  
    143   61.0
    144    0.0
    145    2.0
    146   33.0
    147    0.1
    148   10.1
    149   30.2
    150   61.1
    151   18.2
    152    3.0
    153   18.0
    154   30.0
    155    T  
    156    5.0
    157   10.2
    158   10.1
    159    T  
    160   18.2
    161    0.0
    162   22.0
    163   26.2
    164    2.0
    165    5.0
    166   20.0
    167    0.0
    168    0.0
    169    0.0
    170   79.0
    171    5.0
    172   21.0
    173    T  
    174   20.0
    175   12.0
    176   20.2
    177    1.0
    178    5.1
    179   42.0
    180   40.0
    181   11.2
    182    5.1
    183   78.0
    184  120.0
    185   30.2
    186    4.1
    187    2.0
    188    6.0
    189   20.0
    190    2.0
    191   57.0
    192    5.0
    193    T  
    194   60.0
    195   22.0
    196    0.0
    197   12.0
    198   22.2
    199   30.1
    200   58.0
    201   28.0
    202  136.0
    203   10.1
    204   60.2
    205   30.1
    206   36.4
    207    0.0
    208   22.3
    209    0.0
    210   36.2
    211   30.5
    212   26.2
    213   10.2
    214   13.5
    215   10.4
    216   13.2
    217   20.1
    218   10.2
    219   10.6
    220    8.2
    221    3.0
    222   10.2
    223  125.3
    224   20.0
    225   20.6
    226   86.2
    227   25.0
    228   36.2
    229   46.2
    230   50.1
    231   31.0
    232   12.0
    233   86.0
    234   38.0
    235   90.3
    236   25.2
    237   40.3
    238   82.2
    239    2.0
    240   40.7
    241   20.9
    242    0.0
    243    0.0
    244   15.2
    245   38.6
    246    4.2
    247    9.0
    248   25.4
    249  120.2
    250   22.0
    251    0.0
    252   58.0
    253   25.0
    254   10.0
    255   42.4
    256    0.5
    257   12.5
    258    0.0
    259   10.2
    260   40.1
    261   28.6
    262   22.0
    263   20.0
    264   28.0
    265   13.0
    266   10.2
    267   18.0
    268    8.0
    269   10.2
    270   10.0
    271    8.8
    272    6.0
    273    T  
    274    T  
    275   41.0
    276   68.0
    277   32.0
    278   42.0
    279   20.1
    280   28.6
    281    0.0
    282    T  
    283    0.0
    284    T  
    285    T  
    286    8.0
    287    9.0
    288    2.0
    289   22.4
    290    8.0
    291    0.0
    292    0.0
    293    0.0
    294    7.2
    295    0.0
    296    0.0
    297    0.0
    298    0.0
    299    9.2
    300    6.4
    301    8.6
    302    0.0
    303    7.4
    304   13.0
    305    0.0
    306    0.0
    307    2.0
    308   27.0
    309   13.0
    310    9.0
    311    8.0
    312    2.0
    313   10.0
    314    0.0
    315    0.0
    316   32.0
    317   41.6
    318    0.0
    319    0.0
    320    0.0
    321    0.0
    322    0.0
    323    0.0
    324    0.0
    325    0.0
    326    0.0
    327    0.0
    328    0.0
    329    0.0
    330    0.0
    331    0.0
    332    0.0
    333    0.0
    334    1.0
    335    0.0
    336    0.0
    337    0.0
    338    0.0
    339    0.0
    340    0.0
    341    0.0
    342    0.0
    343    0.0
    344    0.0
    345    0.0
    346    0.0
    347    0.0
    348    0.0
    349    0.0
    350    0.0
    351    0.0
    352    0.0
    353    0.0
    354    0.0
    355    0.0
    356    0.0
    357   21.8
    358    0.0
    359    0.0
    360    T  
    361   28.1
    362   11.0
    363    0.0
    364    0.0
    365    0.0
