      1    0.0
      2    0.0
      3    0.0
      4    0.0
      5    0.0
      6    0.0
      7    0.0
      8    0.0
      9    0.0
     10    0.0
     11    0.0
     12    0.0
     13    0.0
     14    0.0
     15    0.0
     16    0.0
     17    0.0
     18    0.0
     19    0.0
     20    0.0
     21    0.0
     22    0.0
     23   13.0
     24    4.0
     25    0.0
     26    0.0
     27    0.0
     28    0.0
     29    2.0
     30   18.0
     31   25.0
     32    0.0
     33    0.0
     34    0.0
     35    0.0
     36    0.0
     37    0.0
     38    0.0
     39    0.0
     40    0.0
     41    0.0
     42    0.0
     43    0.0
     44    0.0
     45    0.0
     46    0.0
     47    0.0
     48    0.0
     49    0.0
     50    0.0
     51    0.0
     52    0.0
     53    0.0
     54    0.0
     55    0.0
     56    0.0
     57    0.0
     58    0.0
     59    0.0
     60    0.0
     61    0.0
     62    0.0
     63    0.0
     64    0.0
     65    0.0
     66    0.0
     67    0.0
     68    0.0
     69    0.0
     70    0.0
     71    0.0
     72    0.0
     73    0.0
     74    0.0
     75    0.0
     76    0.0
     77    0.0
     78    0.0
     79    0.0
     80    0.0
     81    0.0
     82    0.0
     83    0.0
     84   14.4
     85    2.1
     86    0.0
     87    0.0
     88    0.0
     89    0.0
     90   18.4
     91    0.0
     92    1.0
     93    0.0
     94    0.0
     95    0.0
     96    0.0
     97    0.0
     98    0.0
     99    0.0
    100    0.0
    101    0.0
    102    0.0
    103    0.0
    104    0.0
    105    0.0
    106    0.0
    107    0.0
    108    0.0
    109    0.0
    110   23.2
    111    0.0
    112    0.0
    113    0.0
    114    0.0
    115    0.0
    116    0.0
    117    0.0
    118    0.0
    119    0.0
    120   12.9
    121    0.0
    122    4.9
    123    0.0
    124    0.0
    125    6.1
    126    0.0
    127    0.0
    128    0.0
    129    0.0
    130   25.2
    131    0.0
    132    0.0
    133    2.2
    134    0.0
    135    0.0
    136    0.0
    137    0.0
    138    0.0
    139    0.0
    140    0.0
    141    0.0
    142    0.0
    143    0.0
    144   34.2
    145    0.0
    146    0.0
    147    0.0
    148    0.0
    149    0.0
    150    0.4
    151    0.0
    152    0.0
    153    5.9
    154    0.0
    155   24.2
    156    0.0
    157   74.4
    158    6.2
    159   38.1
    160   12.0
    161    0.0
    162   13.2
    163   11.9
    164    3.0
    165   19.2
    166    0.0
    167    0.0
    168   24.7
    169    9.6
    170    0.0
    171    0.0
    172    0.0
    173   10.9
    174    0.0
    175   22.0
    176    0.0
    177   12.0
    178    0.0
    179   43.6
    180    0.0
    181    0.0
    182    0.0
    183    0.0
    184    5.6
    185    0.0
    186    0.0
    187    0.0
    188    0.1
    189    6.9
    190    9.2
    191    0.3
    192    3.3
    193    1.2
    194    0.0
    195   10.3
    196    0.0
    197    0.0
    198    4.1
    199    0.3
    200    2.4
    201    0.7
    202    0.4
    203    0.3
    204    0.0
    205    0.0
    206    1.5
    207    0.3
    208    0.0
    209    0.0
    210    0.0
    211    0.1
    212    0.0
    213    6.0
    214    2.0
    215    0.0
    216    0.0
    217    0.0
    218    0.0
    219    0.0
    220    0.0
    221  116.0
    222    0.0
    223    6.0
    224   30.0
    225    0.0
    226   29.2
    227    0.0
    228   28.0
    229   66.2
    230   31.3
    231    8.4
    232    6.3
    233    0.0
    234    7.8
    235    0.0
    236    0.0
    237    6.3
    238   29.9
    239    0.0
    240   25.0
    241   33.0
    242   18.5
    243    0.0
    244    0.0
    245    0.0
    246   10.2
    247   61.6
    248   29.0
    249    7.2
    250   26.2
    251    0.0
    252   22.0
    253    0.0
    254    0.0
    255    0.0
    256    0.0
    257    0.0
    258    0.0
    259    0.0
    260    7.0
    261   19.0
    262   46.0
    263   19.2
    264   84.2
    265   87.0
    266    0.0
    267    0.7
    268    0.0
    269    0.0
    270    0.6
    271    0.0
    272    0.0
    273    0.0
    274    0.0
    275   16.0
    276   15.0
    277    0.0
    278    0.0
    279    0.0
    280    0.0
    281   36.0
    282   71.3
    283   73.3
    284   25.2
    285    9.0
    286    2.3
    287   18.2
    288    6.7
    289   25.6
    290    1.0
    291   10.0
    292    8.2
    293    0.0
    294   17.6
    295   18.4
    296    1.0
    297    0.0
    298    0.0
    299    1.2
    300    0.0
    301    0.0
    302    0.0
    303    0.0
    304    0.0
    305    0.0
    306    0.0
    307    0.0
    308    0.0
    309    0.0
    310    0.0
    311    0.0
    312    0.0
    313    0.0
    314    0.0
    315    0.0
    316    0.0
    317    0.0
    318    0.0
    319    0.0
    320    0.0
    321    0.0
    322    0.0
    323    0.0
    324    0.0
    325    0.0
    326    0.0
    327    0.0
    328    0.0
    329    0.0
    330    0.0
    331    0.0
    332    0.0
    333    0.0
    334    0.0
    335    0.0
    336    0.0
    337    0.0
    338    0.0
    339    0.0
    340    0.0
    341    0.0
    342    0.0
    343    0.0
    344    0.0
    345    0.0
    346    0.0
    347    0.0
    348    0.0
    349    0.0
    350    0.0
    351    0.0
    352    0.0
    353    0.0
    354    0.0
    355    0.0
    356    0.0
    357    0.0
    358    0.0
    359    0.0
    360    0.0
    361    0.0
    362    0.0
    363    0.0
    364    0.0
    365    0.0
