      1    0.0
      2    0.0
      3    0.0
      4    0.0
      5    0.0
      6    0.0
      7    0.0
      8    0.0
      9    0.0
     10    0.0
     11    0.0
     12    0.0
     13    0.0
     14    0.0
     15    0.0
     16    0.0
     17    0.0
     18    0.0
     19    0.0
     20    0.0
     21    0.0
     22    0.0
     23    0.0
     24    0.0
     25    0.0
     26    0.0
     27    0.0
     28    0.0
     29    0.0
     30    0.0
     31    0.0
     32    0.0
     33    0.0
     34    0.0
     35    0.0
     36    0.0
     37    0.0
     38    0.0
     39    0.0
     40    0.0
     41    0.0
     42    0.0
     43    0.0
     44    0.0
     45    0.0
     46    0.0
     47    0.0
     48    0.0
     49    0.0
     50    0.0
     51    0.0
     52    0.0
     53    0.0
     54    0.0
     55    0.0
     56    0.0
     57    0.0
     58    0.0
     59    0.0
     60    0.0
     61    0.0
     62    0.0
     63    0.0
     64    0.0
     65    0.0
     66    0.0
     67    0.0
     68    0.0
     69    3.1
     70    0.0
     71    0.0
     72    0.0
     73    6.8
     74   23.6
     75    0.0
     76    0.0
     77    0.0
     78    0.0
     79    0.0
     80    7.6
     81    1.6
     82    6.0
     83   64.0
     84    4.0
     85    0.0
     86    0.0
     87    0.0
     88    0.0
     89    0.0
     90    0.0
     91    0.0
     92    0.0
     93    0.0
     94    0.0
     95    0.0
     96    0.0
     97    0.0
     98    0.0
     99    0.0
    100    0.0
    101    0.0
    102    0.0
    103    0.0
    104    0.0
    105    0.0
    106    0.0
    107    0.0
    108    9.7
    109    1.8
    110    0.0
    111    0.0
    112    0.0
    113    8.6
    114    0.0
    115    0.0
    116    0.0
    117    0.0
    118   67.4
    119   21.1
    120    0.0
    121   60.0
    122    0.0
    123    0.0
    124    0.0
    125    0.0
    126    0.0
    127    0.0
    128    0.0
    129    0.0
    130    0.0
    131    0.0
    132    7.8
    133    0.0
    134    8.2
    135    0.0
    136   20.9
    137    0.0
    138    0.0
    139    0.0
    140    0.2
    141    0.0
    142    8.2
    143    0.0
    144    2.2
    145    0.0
    146    0.0
    147    0.0
    148    0.0
    149    0.0
    150    0.0
    151    1.8
    152   15.6
    153    0.0
    154    0.0
    155    0.0
    156    9.0
    157    0.0
    158    6.9
    159    0.0
    160    1.2
    161   14.4
    162    0.0
    163   15.8
    164    8.2
    165   25.0
    166   10.0
    167    0.0
    168   12.6
    169   64.4
    170   14.0
    171   18.4
    172    1.6
    173    0.0
    174    4.6
    175   49.2
    176    4.8
    177   48.4
    178    0.0
    179   16.4
    180   11.6
    181    0.0
    182    0.0
    183    0.0
    184   24.3
    185    0.0
    186   12.0
    187    2.5
    188   44.8
    189   29.9
    190   26.8
    191  168.8
    192    0.0
    193   35.7
    194   63.2
    195   84.0
    196    0.0
    197   84.4
    198   27.1
    199   30.0
    200   35.8
    201   14.7
    202   23.0
    203  176.1
    204    0.0
    205   16.3
    206   20.9
    207    8.3
    208    4.5
    209    0.0
    210    0.0
    211    0.0
    212    8.7
    213    0.0
    214    0.0
    215    0.0
    216    0.4
    217    0.0
    218    9.0
    219    1.0
    220   27.0
    221    3.4
    222   13.0
    223    1.5
    224    2.3
    225   12.5
    226   28.8
    227   54.0
    228   62.8
    229   12.7
    230    0.6
    231   89.3
    232    0.0
    233    1.4
    234    0.5
    235    0.4
    236    0.0
    237    0.0
    238    2.6
    239    2.4
    240   63.2
    241    7.8
    242    0.0
    243   10.5
    244   17.4
    245    3.9
    246    1.3
    247    0.0
    248    0.0
    249   20.0
    250   19.8
    251    3.0
    252    0.0
    253    2.1
    254   24.8
    255    0.0
    256    0.0
    257   49.0
    258   61.1
    259    0.0
    260    0.0
    261    0.0
    262   10.6
    263   40.3
    264    0.0
    265    9.7
    266   30.7
    267    0.0
    268    0.0
    269    3.0
    270    0.0
    271    0.0
    272   40.0
    273    6.5
    274    0.0
    275    0.0
    276    0.0
    277    8.3
    278    0.0
    279    0.0
    280    0.0
    281    0.0
    282    0.0
    283   20.9
    284    0.0
    285    0.0
    286    0.0
    287    0.0
    288    0.0
    289    0.0
    290    0.0
    291    0.0
    292    0.0
    293    0.0
    294    0.0
    295    0.0
    296    0.0
    297    0.0
    298    0.0
    299    0.0
    300    0.0
    301    0.0
    302    0.0
    303    0.0
    304    0.0
    305    0.0
    306    0.0
    307    0.0
    308    0.0
    309    0.0
    310    0.0
    311    0.0
    312    0.0
    313    0.0
    314    0.0
    315    0.0
    316    0.0
    317    0.0
    318    0.0
    319    0.0
    320    0.0
    321    0.0
    322    0.0
    323    0.0
    324    0.0
    325    4.0
    326    0.0
    327    0.0
    328    0.0
    329    0.0
    330    0.0
    331    0.0
    332    0.0
    333    0.0
    334    0.0
    335    0.0
    336    0.0
    337    0.0
    338    0.0
    339    0.0
    340    0.0
    341    0.0
    342    0.0
    343    0.0
    344    0.0
    345    0.0
    346    0.0
    347    0.0
    348    0.0
    349    0.0
    350    0.0
    351    0.0
    352    0.0
    353    0.0
    354    0.0
    355    0.0
    356    0.0
    357    0.0
    358    0.0
    359    0.0
    360    0.0
    361    0.0
    362    0.0
    363    0.0
    364    0.0
    365    0.0
