      1    0.5
      2    0.0
      3    0.0
      4    0.0
      5    0.0
      6    0.0
      7    0.0
      8    0.0
      9    0.0
     10    0.0
     11    0.0
     12    0.0
     13    0.0
     14    0.0
     15    0.0
     16    0.0
     17    0.0
     18    0.0
     19    0.0
     20    0.0
     21    0.0
     22    0.0
     23    0.0
     24    0.0
     25    0.0
     26    0.0
     27    0.0
     28    0.0
     29    0.0
     30    0.0
     31    0.0
     32    0.0
     33    0.0
     34    0.0
     35    0.0
     36    0.0
     37    0.0
     38    0.0
     39    0.0
     40    0.0
     41    0.0
     42    0.0
     43    0.0
     44    0.0
     45    0.0
     46    0.0
     47    0.0
     48    0.0
     49    0.0
     50    0.0
     51    0.0
     52    0.0
     53    0.0
     54    0.0
     55    4.0
     56    0.5
     57    0.0
     58    0.0
     59    0.0
     60    0.0
     61    0.0
     62    0.0
     63    0.0
     64    0.0
     65    0.0
     66    0.0
     67    0.0
     68    0.0
     69    0.0
     70    0.0
     71    0.0
     72    0.0
     73    0.0
     74    0.0
     75    0.0
     76    0.0
     77    0.0
     78    0.0
     79    0.0
     80    0.0
     81    0.0
     82    T  
     83    0.0
     84    0.0
     85    0.0
     86    0.0
     87    0.0
     88    0.0
     89    0.0
     90    3.5
     91    0.0
     92    0.0
     93    0.0
     94    0.0
     95    0.0
     96    0.0
     97    0.0
     98    0.0
     99    0.0
    100    0.0
    101    0.0
    102    0.0
    103    0.0
    104   20.5
    105    1.4
    106    0.2
    107    0.0
    108    0.0
    109    0.3
    110    0.0
    111    0.0
    112    0.0
    113    0.0
    114    0.0
    115    0.0
    116    T  
    117    0.0
    118    T  
    119    0.0
    120    0.0
    121    0.4
    122    0.0
    123    0.0
    124    0.0
    125    0.0
    126    0.0
    127    0.0
    128    0.0
    129   46.0
    130    0.0
    131    7.3
    132    0.0
    133    0.0
    134    0.0
    135   54.5
    136    1.2
    137    1.6
    138    3.5
    139    0.0
    140    5.2
    141    0.0
    142    0.0
    143    8.6
    144   32.6
    145   50.5
    146   45.3
    147    T  
    148    0.0
    149    0.0
    150    3.5
    151   17.2
    152    T  
    153   17.6
    154  134.0
    155    0.5
    156    2.0
    157    6.2
    158   24.0
    159   17.5
    160   21.5
    161    9.2
    162    1.2
    163   44.7
    164    9.0
    165    2.5
    166    T  
    167    T  
    168    0.0
    169   13.0
    170   13.5
    171    0.1
    172    1.5
    173   21.8
    174    4.5
    175    0.5
    176    0.0
    177   11.7
    178    0.1
    179    0.0
    180    0.0
    181    2.5
    182    3.2
    183    0.0
    184    0.0
    185    0.0
    186    4.6
    187    0.0
    188   13.5
    189    3.0
    190    1.5
    191   20.5
    192    2.5
    193    0.1
    194    1.5
    195    4.0
    196    7.5
    197   25.6
    198    0.5
    199    T  
    200    0.0
    201    0.1
    202    0.0
    203    0.0
    204    0.0
    205    4.0
    206   10.2
    207   17.5
    208    T  
    209    0.0
    210   75.5
    211  140.3
    212   52.0
    213   40.0
    214  189.0
    215    1.2
    216    0.0
    217    0.1
    218    4.0
    219    2.0
    220    0.0
    221    3.0
    222   53.0
    223   24.7
    224   15.0
    225    1.2
    226    0.0
    227    2.0
    228   39.0
    229   18.0
    230    6.0
    231    0.0
    232   82.0
    233    4.0
    234   73.5
    235   11.5
    236    3.5
    237    0.0
    238   10.0
    239   58.5
    240    1.0
    241   51.0
    242   14.0
    243   15.0
    244    7.5
    245   19.5
    246   19.5
    247    6.5
    248    1.0
    249   36.0
    250   12.4
    251    0.2
    252    5.2
    253   35.5
    254   24.5
    255    1.4
    256   35.5
    257    5.5
    258    0.0
    259    0.0
    260   53.5
    261    0.0
    262    3.0
    263    0.0
    264    0.0
    265    0.0
    266    0.0
    267   92.6
    268   11.6
    269    1.0
    270    7.0
    271    7.0
    272    0.0
    273   13.0
    274   37.5
    275   10.5
    276   23.0
    277    6.0
    278   76.5
    279   89.7
    280    1.0
    281    0.0
    282   31.2
    283   88.0
    284    9.6
    285    0.0
    286    0.0
    287    0.0
    288   19.5
    289    0.0
    290    0.0
    291    0.0
    292    4.3
    293    0.0
    294    0.0
    295    0.0
    296    0.0
    297    0.0
    298    0.0
    299    0.0
    300    0.0
    301    0.0
    302    0.0
    303    0.0
    304    1.5
    305   13.5
    306    0.0
    307    0.0
    308   28.0
    309    0.0
    310    0.0
    311    0.0
    312    0.0
    313    0.0
    314    0.0
    315    0.0
    316    0.0
    317    0.0
    318    0.0
    319    0.0
    320    0.0
    321    0.0
    322    0.0
    323    0.0
    324    0.0
    325    0.0
    326    0.0
    327    0.0
    328    0.0
    329    0.0
    330    0.0
    331    0.0
    332    0.0
    333    0.0
    334    0.0
    335    0.0
    336    0.0
    337    0.0
    338    0.0
    339    0.0
    340    0.0
    341    0.0
    342    0.0
    343    0.0
    344    0.0
    345    0.0
    346    0.0
    347    0.0
    348    0.0
    349    0.0
    350    0.0
    351    0.0
    352    0.0
    353    0.0
    354    0.0
    355    0.0
    356    0.0
    357    0.0
    358    0.0
    359    0.0
    360    0.0
    361    0.0
    362    0.0
    363    0.0
    364    0.0
    365    0.0
