      1    0.0
      2    0.0
      3    5.0
      4   20.0
      5    0.0
      6    0.0
      7    0.0
      8    0.0
      9    0.0
     10    0.0
     11    0.0
     12    0.0
     13    0.0
     14    0.0
     15    0.0
     16    0.0
     17    0.0
     18    0.0
     19    0.0
     20    0.0
     21    0.0
     22    0.0
     23    0.0
     24    0.0
     25    0.0
     26    0.0
     27    0.0
     28   15.0
     29   20.0
     30    5.0
     31    0.0
     32    0.0
     33    0.0
     34    0.0
     35    0.0
     36    0.0
     37    0.0
     38    0.0
     39    0.0
     40    0.0
     41    0.0
     42    0.0
     43    0.0
     44    0.0
     45    0.0
     46    0.0
     47    0.0
     48    0.0
     49    0.0
     50   15.0
     51    0.0
     52    0.0
     53    0.0
     54   15.0
     55   20.0
     56    5.0
     57    0.0
     58   17.0
     59   15.0
     60    0.0
     61    0.0
     62    0.0
     63    0.0
     64    0.0
     65   10.0
     66    0.0
     67    0.0
     68    5.0
     69    0.0
     70    0.0
     71    0.0
     72    0.0
     73   15.0
     74    0.0
     75    0.0
     76   10.0
     77    5.0
     78   15.0
     79    0.0
     80    5.0
     81    5.0
     82   10.0
     83    0.0
     84    5.0
     85   10.0
     86   10.0
     87    5.0
     88    0.0
     89    0.0
     90    0.0
     91    0.0
     92    0.0
     93    0.0
     94    0.0
     95   10.0
     96   15.0
     97    0.0
     98    0.0
     99    0.0
    100    0.0
    101    5.0
    102    0.0
    103    0.0
    104    0.0
    105    0.0
    106    0.0
    107    0.0
    108    0.0
    109    0.0
    110    0.0
    111    0.0
    112    0.0
    113    0.0
    114   15.0
    115   20.0
    116   10.0
    117    5.0
    118    0.0
    119    0.0
    120    0.0
    121    0.0
    122   25.0
    123   20.0
    124   15.0
    125    5.0
    126    0.0
    127    0.0
    128    0.0
    129    0.0
    130   10.0
    131   20.0
    132   10.0
    133   15.7
    134   10.0
    135   10.0
    136    5.0
    137    5.0
    138   15.0
    139    5.0
    140   20.0
    141   10.0
    142    5.0
    143    0.0
    144    0.0
    145    0.0
    146    5.0
    147   10.0
    148    5.0
    149    0.0
    150    0.0
    151    0.0
    152    0.0
    153    0.0
    154    0.0
    155    0.0
    156   15.0
    157   20.0
    158   30.0
    159   10.0
    160    5.0
    161   20.0
    162    5.0
    163   20.0
    164   10.0
    165   10.0
    166   20.0
    167   32.0
    168   40.0
    169   25.0
    170   20.0
    171   40.0
    172   45.0
    173   30.0
    174   35.0
    175   20.0
    176   15.0
    177   20.0
    178   10.0
    179   20.0
    180   25.0
    181   30.0
    182   15.0
    183   40.0
    184   35.0
    185   30.0
    186   42.0
    187   25.0
    188   45.0
    189   25.0
    190   20.0
    191   25.0
    192   10.0
    193   30.0
    194   40.0
    195   25.0
    196   20.0
    197   25.0
    198   35.0
    199   30.0
    200   45.0
    201   40.0
    202   35.0
    203   30.0
    204   40.0
    205   45.0
    206   40.0
    207   30.0
    208   30.0
    209   40.0
    210   45.0
    211   40.0
    212   20.0
    213   20.0
    214   25.0
    215   15.0
    216   40.0
    217   55.0
    218   50.0
    219   20.0
    220   25.0
    221   35.0
    222   30.0
    223   30.0
    224   25.0
    225   20.0
    226   40.0
    227   45.0
    228   55.0
    229   40.0
    230   40.0
    231   45.0
    232   55.0
    233   30.0
    234   20.0
    235   35.0
    236   40.0
    237   25.0
    238   20.0
    239   25.0
    240   30.0
    241   25.0
    242   20.0
    243   25.0
    244   40.0
    245   20.0
    246   35.0
    247   20.0
    248   25.0
    249   35.0
    250   20.0
    251   30.0
    252   45.0
    253   55.0
    254   20.0
    255   45.0
    256   15.0
    257   20.0
    258   40.0
    259   25.0
    260   20.0
    261   15.0
    262   25.0
    263   40.0
    264   55.0
    265   45.0
    266   20.0
    267   35.0
    268   20.0
    269   15.0
    270   35.0
    271   45.0
    272   10.0
    273    5.0
    274   10.0
    275    0.0
    276    0.0
    277    0.0
    278    0.0
    279    0.0
    280   10.0
    281   15.0
    282   20.0
    283   10.0
    284    0.0
    285    0.0
    286   10.0
    287   15.0
    288   10.0
    289   15.0
    290   10.0
    291   10.3
    292   15.4
    293   20.6
    294   10.8
    295   15.4
    296    0.0
    297    0.0
    298    5.3
    299   10.4
    300    0.0
    301    0.0
    302    0.0
    303    0.0
    304    0.0
    305    0.0
    306    0.0
    307    0.0
    308    0.0
    309    0.0
    310    0.0
    311    0.0
    312    0.0
    313    0.0
    314    0.0
    315    0.0
    316    0.0
    317    0.0
    318    0.0
    319    0.0
    320    0.0
    321    0.0
    322    0.0
    323    0.0
    324    0.0
    325    0.0
    326    0.0
    327    0.0
    328    0.0
    329    0.0
    330    0.0
    331    0.0
    332    0.0
    333    0.0
    334    0.0
    335    0.0
    336    0.0
    337    0.0
    338    0.0
    339    0.0
    340    0.0
    341    0.0
    342    0.0
    343    0.0
    344    0.0
    345    0.0
    346    0.0
    347    0.0
    348    0.0
    349    0.0
    350    0.0
    351    0.0
    352    0.0
    353    0.0
    354    0.0
    355    0.0
    356    0.0
    357    0.0
    358    0.0
    359    0.0
    360    0.0
    361    0.0
    362   15.8
    363   10.5
    364    0.0
    365    0.0
