      1    0.0
      2    0.0
      3    0.0
      4    0.0
      5    0.0
      6    0.0
      7    0.0
      8    0.0
      9    0.0
     10    0.0
     11    0.0
     12    0.0
     13    0.0
     14    0.0
     15    0.0
     16    0.0
     17    0.0
     18    0.0
     19    0.0
     20    0.0
     21    8.0
     22    0.0
     23    0.0
     24    0.0
     25   10.0
     26    0.0
     27    0.0
     28    0.0
     29    0.0
     30    0.0
     31    0.0
     32    0.0
     33    0.0
     34    0.0
     35    0.0
     36    0.0
     37    0.0
     38    0.0
     39    0.0
     40    0.0
     41    0.0
     42    0.0
     43    0.0
     44    0.0
     45    0.0
     46    0.0
     47    0.0
     48    0.0
     49    0.0
     50    0.0
     51    0.0
     52    0.0
     53    0.0
     54    8.0
     55    0.0
     56    0.0
     57    0.0
     58    0.0
     59    0.0
     60    0.0
     61    0.0
     62    0.0
     63    0.0
     64    0.0
     65    0.0
     66    0.0
     67    0.0
     68    0.0
     69    0.0
     70    0.0
     71    0.0
     72   39.0
     73    4.0
     74    0.0
     75    0.0
     76    0.0
     77    0.0
     78    0.0
     79    0.0
     80    0.0
     81    0.0
     82    0.0
     83    0.0
     84    0.0
     85    8.0
     86   17.4
     87    0.0
     88    0.0
     89    0.0
     90   25.5
     91   34.4
     92    0.0
     93    6.4
     94   21.4
     95   12.4
     96   21.0
     97   11.4
     98    0.0
     99    0.0
    100    0.0
    101   30.0
    102   11.0
    103    0.0
    104    0.0
    105    0.0
    106    0.0
    107   18.0
    108    4.0
    109    6.0
    110    0.0
    111    0.0
    112   12.4
    113    0.0
    114    0.0
    115    0.0
    116    0.0
    117    0.0
    118    0.0
    119   24.4
    120    0.0
    121    0.0
    122   20.0
    123    4.3
    124    0.0
    125    0.0
    126   12.0
    127    0.0
    128    5.4
    129    8.0
    130    0.0
    131    0.0
    132    6.3
    133    0.0
    134    0.0
    135    0.0
    136    0.0
    137    0.0
    138    0.0
    139    4.0
    140   21.4
    141    3.2
    142    0.0
    143   23.0
    144    T  
    145   33.0
    146    3.0
    147    4.0
    148    0.0
    149    7.0
    150    9.4
    151    0.0
    152    0.0
    153    0.0
    154    0.0
    155    4.0
    156    4.3
    157    0.0
    158   12.4
    159    0.0
    160   11.0
    161    0.0
    162    0.0
    163    0.0
    164    0.0
    165    0.0
    166    0.0
    167    8.0
    168   20.0
    169    0.0
    170   58.0
    171   25.0
    172    4.0
    173   51.4
    174   13.0
    175    0.0
    176    0.0
    177   21.0
    178   25.0
    179   29.0
    180   13.0
    181   28.0
    182   42.0
    183   94.0
    184   27.4
    185   49.2
    186   22.0
    187   71.0
    188   13.0
    189   26.0
    190   45.0
    191   65.0
    192    7.0
    193   18.0
    194   16.0
    195    4.3
    196   14.0
    197   11.0
    198   45.4
    199    5.0
    200  108.0
    201   12.4
    202   21.3
    203   41.0
    204   13.0
    205    0.0
    206    0.0
    207    T  
    208   53.0
    209   66.0
    210   12.0
    211   34.0
    212   20.0
    213   22.0
    214   35.0
    215   76.4
    216   21.0
    217   42.5
    218   15.0
    219   16.0
    220   12.3
    221   42.0
    222   55.0
    223   42.0
    224   40.0
    225   52.0
    226   48.0
    227   17.0
    228    0.0
    229   35.0
    230    0.0
    231   10.0
    232   86.0
    233   45.0
    234   85.4
    235   12.4
    236   36.0
    237   30.4
    238   82.0
    239   39.0
    240   48.0
    241   45.0
    242    4.0
    243    1.3
    244    6.0
    245   10.0
    246    T  
    247   16.4
    248   40.0
    249   21.4
    250    0.0
    251    0.0
    252    6.4
    253    4.0
    254   30.0
    255   24.0
    256   13.0
    257   48.0
    258   40.0
    259   41.0
    260   10.0
    261    9.0
    262   33.0
    263    3.4
    264    2.3
    265    9.0
    266    T  
    267    1.0
    268    4.0
    269   40.0
    270    4.0
    271   40.0
    272    4.0
    273   12.0
    274   41.0
    275   16.0
    276   21.0
    277   29.0
    278   12.0
    279   14.5
    280   16.0
    281   18.0
    282    0.0
    283    0.0
    284   20.0
    285    0.0
    286   21.0
    287   10.4
    288    0.0
    289   12.0
    290    0.0
    291   12.4
    292   10.4
    293   26.4
    294    0.0
    295   26.4
    296    0.0
    297    0.0
    298    0.0
    299    0.0
    300   12.0
    301   32.0
    302    0.0
    303    0.0
    304    0.0
    305    0.0
    306   28.0
    307   26.5
    308    0.0
    309    0.0
    310    0.0
    311   41.4
    312    0.0
    313   24.5
    314    0.0
    315   27.6
    316   11.4
    317    0.0
    318   12.0
    319    0.0
    320    0.0
    321    0.0
    322    0.0
    323   14.4
    324    0.0
    325   26.4
    326    0.0
    327    0.0
    328    0.0
    329    0.0
    330    0.0
    331    0.0
    332    0.0
    333    0.0
    334    0.0
    335    0.0
    336    0.0
    337    0.0
    338    0.0
    339    0.0
    340    0.0
    341    0.0
    342    0.0
    343    0.0
    344    0.0
    345    0.0
    346    0.0
    347    0.0
    348    0.0
    349    0.0
    350    0.0
    351   12.4
    352    0.0
    353    0.0
    354    0.0
    355    0.0
    356    0.0
    357    0.0
    358    0.0
    359    0.0
    360    0.0
    361    0.0
    362   58.0
    363    0.0
    364    0.0
    365    0.0
