1968          Temperature for PARWANIPUR              
        Tmax  Tmin
     1  20.5  11.8 
     2  22.2   7.0 
     3  22.4   8.0 
     4  23.8   6.5 
     5  24.5  10.8 
     6  24.5   7.7 
     7  24.5   7.7 
     8  24.5   7.8 
     9  19.7   6.0 
    10  20.2   8.0 
    11  20.2   8.2 
    12  22.0   8.2 
    13  24.5   8.0 
    14  24.5   8.5 
    15  24.5   8.5 
    16  24.5   8.5 
    17  26.8   5.0 
    18  23.0   5.0 
    19  24.5   5.5 
    20  23.0   5.6 
    21  23.3   5.5 
    22  24.5   6.5 
    23  21.6   5.7 
    24  24.0   6.6 
    25  24.5   6.2 
    26  24.2   6.2 
    27  24.5  11.5 
    28  24.5  12.0 
    29  26.5  10.0 
    30  24.5  11.0 
    31  24.2   8.0 
    32  24.5   3.2 
    33  23.5   9.5 
    34  24.2   7.3 
    35  25.5   DNA 
    36  19.5   3.5 
    37  22.0   4.2 
    38  22.6   4.2 
    39   DNA   DNA 
    40  24.3   3.8 
    41  24.3   5.0 
    42  25.0   4.5 
    43   DNA   DNA 
    44  22.5   4.0 
    45  25.5   5.5 
    46  25.0   6.2 
    47  25.0   5.4 
    48  25.0   5.0 
    49  25.5   5.0 
    50   DNA   DNA 
    51   DNA   DNA 
    52  28.5  11.0 
    53  25.0  15.2 
    54  24.6  16.0 
    55  25.2  13.5 
    56  25.3  21.2 
    57  26.2  20.0 
    58  26.5  19.0 
    59   DNA   DNA 
    60  26.7  18.8 
    61  28.0  19.9 
    62  26.9  19.9 
    63  28.4  19.5 
    64  28.5  22.0 
    65  28.0  26.0 
    66  28.0  19.0 
    67  28.0  16.5 
    68  28.5  14.0 
    69  30.0  14.0 
    70  32.0  14.5 
    71  32.0  15.0 
    72  32.5  16.2 
    73  33.5  14.2 
    74  31.5  15.0 
    75  31.2  17.5 
    76  31.0  18.5 
    77  29.7  17.7 
    78  29.5  17.5 
    79  30.0  17.2 
    80  30.1  17.5 
    81  24.5  16.5 
    82  30.0  14.5 
    83  32.0  11.4 
    84  31.2  13.0 
    85  32.5  13.1 
    86  32.5  14.5 
    87  36.0  12.5 
    88  36.0  13.0 
    89  31.0  14.5 
    90  31.0  11.0 
    91  28.5   9.0 
    92  38.4  11.0 
    93  32.0  12.0 
    94  33.0  19.2 
    95  30.4  18.0 
    96  33.0  16.0 
    97  33.0  18.2 
    98  34.0  20.0 
    99  32.2  17.2 
   100  33.0  18.2 
   101  39.6  18.0 
   102  39.2  27.0 
   103  39.0  32.0 
   104  39.5  32.0 
   105  36.5  32.0 
   106  37.5  28.7 
   107  38.4  19.2 
   108  38.0  15.0 
   109  36.5  15.2 
   110  36.8  18.0 
   111  37.5  19.4 
   112  39.2  19.0 
   113  40.2   DNA 
   114  40.0   DNA 
   115  39.0  20.2 
   116  39.3  24.3 
   117  39.4  23.1 
   118  37.0  20.1 
   119  38.2  24.0 
   120  39.5  21.4 
   121  39.4  24.0 
   122  31.5  25.0 
   123  36.2  24.0 
   124  39.4  24.4 
   125  39.0  25.1 
   126  41.4  25.0 
   127  41.0  19.8 
   128  40.7  18.0 
   129  39.0  23.0 
   130  40.0  23.0 
   131  40.7  23.0 
   132  40.1  27.0 
   133  40.4  20.0 
   134  40.0  24.0 
   135  40.0  20.0 
   136  38.0  21.0 
   137  38.0  22.5 
   138  37.2  23.3 
   139  37.4  22.2 
   140  36.2  22.0 
   141  35.0  24.0 
   142  37.0  28.8 
   143  40.2  24.1 
   144  40.0  24.3 
   145  43.2  25.0 
   146  43.4  25.0 
   147  43.0  25.0 
   148  43.0  28.5 
   149  43.0  25.0 
   150  43.0  32.0 
   151  38.5  32.0 
   152  38.5  27.0 
   153  38.0  27.0 
   154  36.2  27.0 
   155  35.0  25.2 
   156  35.5  22.0 
   157  35.5  23.2 
   158  38.2  24.8 
   159  35.2  25.2 
   160  36.2  24.2 
   161  36.0  25.0 
   162  37.0  24.5 
   163  35.2  25.0 
   164  36.0  24.0 
   165  34.0  24.0 
   166  37.0  23.0 
   167  36.0  24.0 
   168  35.5  25.0 
   169  34.0  25.0 
   170   DNA   DNA 
   171  34.5  26.0 
   172  37.0  24.2 
   173  34.0  25.0 
   174  35.6  26.0 
   175  33.2  26.0 
   176  35.0  25.6 
   177  35.0  26.0 
   178  35.0  25.5 
   179  35.0  25.1 
   180  33.4  25.2 
   181  33.4  25.0 
   182  34.1  26.0 
   183  35.0  26.4 
   184  35.0  26.0 
   185  34.5  25.0 
   186  34.6  27.5 
   187  34.5  27.4 
   188  35.0  28.4 
   189  34.8  28.0 
   190  34.9  26.0 
   191  34.2  27.8 
   192  34.0  25.5 
   193  33.4  25.0 
   194  32.5  25.5 
   195  33.0  25.5 
   196  31.0  24.2 
   197  32.0  24.1 
   198  32.0  24.4 
   199  33.0  20.0 
   200  33.0  25.0 
   201  32.4  26.0 
   202  32.0  26.0 
   203  32.0  26.0 
   204  32.5  25.0 
   205  32.5  25.0 
   206  32.5  24.2 
   207  31.0  26.0 
   208  33.0  25.0 
   209  32.2  25.0 
   210  32.5  25.0 
   211  34.0  27.0 
   212  34.1  27.0 
   213  34.0  26.2 
   214  33.8  26.2 
   215  33.0  24.5 
   216  33.7  26.2 
   217  34.0  26.0 
   218  34.0  26.0 
   219  34.5  26.5 
   220  38.5  26.0 
   221  36.2  22.0 
   222  38.5  23.5 
   223  29.1  21.5 
   224  34.0  26.0 
   225  35.0  26.5 
   226  35.0  27.2 
   227  35.0  27.0 
   228  34.0  25.2 
   229  33.4  26.4 
   230  33.9  27.0 
   231  33.5  26.0 
   232  33.5  28.5 
   233  33.4  24.5 
   234  31.0  25.4 
   235  31.4  25.0 
   236  32.0  25.0 
   237  32.3  23.0 
   238  32.8  25.0 
   239  32.8  25.0 
   240  33.0  25.0 
   241  33.0  25.6 
   242  32.5  25.8 
   243  33.6  25.4 
   244  32.6  25.0 
   245  33.2  25.0 
   246  33.5  26.0 
   247  33.4  26.0 
   248  34.0  26.2 
   249  33.0  26.0 
   250  33.0  25.0 
   251  33.0  26.0 
   252  36.0  24.3 
   253  36.1  24.5 
   254  36.0  25.6 
   255  36.0  26.0 
   256  36.0  25.6 
   257  35.4   DNA 
   258  34.5   DNA 
   259  33.2   DNA 
   260  32.5   DNA 
   261  32.0   DNA 
   262  32.5   DNA 
   263  32.4   DNA 
   264  33.8   DNA 
   265  34.5   DNA 
   266  30.7   DNA 
   267  32.3   DNA 
   268  32.5   DNA 
   269  31.9   DNA 
   270  32.5   DNA 
   271  32.4  26.0 
   272  32.4   DNA 
   273  32.8   DNA 
   274  32.5  21.5 
   275  33.5  21.0 
   276  33.5  22.0 
   277  28.8  22.4 
   278  33.5  19.2 
   279  33.5  19.8 
   280  33.0  20.0 
   281  31.0  19.5 
   282  31.3  19.0 
   283  31.2  19.0 
   284  31.2  18.0 
   285  31.0  19.8 
   286  31.0  19.0 
   287  31.0  19.2 
   288  30.5  18.2 
   289  30.6  17.5 
   290  30.0  17.2 
   291  31.0  18.4 
   292  31.0  18.6 
   293  32.0  18.4 
   294  32.0  18.0 
   295  32.0  17.8 
   296  32.0  17.8 
   297   DNA   DNA 
   298  32.6  17.5 
   299  32.0  17.4 
   300   DNA   DNA 
   301   DNA   DNA 
   302  32.0  18.0 
   303  32.0  18.0 
   304  31.0  16.8 
   305  30.8  16.0 
   306  30.8  16.6 
   307  30.0  16.0 
   308  30.0  15.8 
   309  31.0  16.2 
   310  31.2  16.0 
   311  31.0  16.2 
   312  30.0  15.8 
   313  29.8  15.0 
   314  30.0  13.5 
   315  29.5  14.4 
   316  30.4  14.4 
   317  29.5  14.5 
   318  29.5  15.6 
   319  30.0  14.5 
   320  30.0  14.3 
   321  28.5  14.0 
   322  28.5  13.0 
   323  29.0  12.8 
   324  27.4  10.0 
   325  29.0  12.0 
   326  27.4  10.0 
   327  29.5  11.5 
   328  28.0  10.8 
   329  28.0  10.5 
   330  27.0  10.5 
   331  27.6  12.0 
   332   DNA   DNA 
   333  27.8  12.7 
   334  28.5  11.4 
   335   DNA   DNA 
   336  27.7  11.4 
   337  26.7   9.0 
   338  27.0   8.9 
   339  27.0   8.5 
   340  27.5   8.2 
   341  27.5   8.0 
   342  26.0   8.0 
   343  26.5   8.0 
   344  27.0   8.2 
   345  27.3   9.0 
   346  27.0   9.0 
   347  27.3  10.0 
   348  27.1  11.0 
   349  28.2  10.0 
   350  28.0   9.0 
   351  27.0   8.4 
   352  25.5   8.0 
   353  25.5   8.5 
   354  26.0   7.5 
   355  24.3   8.3 
   356  24.5   8.5 
   357  25.0   8.2 
   358  25.4   9.2 
   359  24.3  10.3 
   360  23.4  11.0 
   361  23.2  13.0 
   362  23.0   9.2 
   363  23.5   9.0 
   364  23.6   7.5 
   365   DNA   DNA 
   366  24.5  12.0 
