  1997   1   1     0  19.0   6.8   0.0     0     0
  1997   1   2     0  19.0   7.2   0.0     0     0
  1997   1   3     0  17.5   6.5   0.0     0     0
  1997   1   4     0  18.2   6.3   0.0     0     0
  1997   1   5     0  18.2   6.3   0.0     0     0
  1997   1   6     0  18.2   6.5   0.0     0     0
  1997   1   7     0  18.2   6.2   0.0     0     0
  1997   1   8     0  18.2   5.8   0.0     0     0
  1997   1   9     0  18.2   5.5   0.0     0     0
  1997   1  10     0  18.7   5.2   0.0     0     0
  1997   1  11     0  19.2   4.5   0.0     0     0
  1997   1  12     0  18.0   3.5   0.0     0     0
  1997   1  13     0  18.0   4.0   0.0     0     0
  1997   1  14     0  18.2   4.0   0.0     0     0
  1997   1  15     0  18.2   3.7   0.0     0     0
  1997   1  16     0  18.0   4.2   0.0     0     0
  1997   1  17     0  17.2   4.5   0.0     0     0
  1997   1  18     0  16.3   4.2   0.0     0     0
  1997   1  19     0  11.5   6.7   0.0     0     0
  1997   1  20     0   4.6   2.5  33.7     0     0
  1997   1  21     0   4.0  -0.5  28.3     0     0
  1997   1  22     0  10.0   0.1  40.1     0     0
  1997   1  23     0  12.5   2.2   0.0     0     0
  1997   1  24     0  16.2   4.6   0.0     0     0
  1997   1  25     0  17.2   4.6   0.0     0     0
  1997   1  26     0  17.8   4.5   0.0     0     0
  1997   1  27     0  14.2   7.5   0.0     0     0
  1997   1  28     0  18.0   5.8     T     0     0
  1997   1  29     0  18.0   7.2   0.0     0     0
  1997   1  30     0  18.0   6.5   0.0     0     0
  1997   1  31     0  17.5   6.7   0.0     0     0
  1997   2   1     0  17.0   4.5   0.0     0     0
  1997   2   2     0  11.8   5.0   0.0     0     0
  1997   2   3     0  14.2   5.1  10.2     0     0
  1997   2   4     0  16.3   5.5   0.0     0     0
  1997   2   5     0  16.5   5.2   0.0     0     0
  1997   2   6     0  17.0   5.2   0.0     0     0
  1997   2   7     0  17.5   5.2   0.0     0     0
  1997   2   8     0  18.2   5.2   0.0     0     0
  1997   2   9     0  18.6   5.2   0.0     0     0
  1997   2  10     0  19.0   6.2   0.0     0     0
  1997   2  11     0  19.8   6.5   0.0     0     0
  1997   2  12     0  20.5   6.3   0.0     0     0
  1997   2  13     0  21.2   6.1   0.0     0     0
  1997   2  14     0  19.5   9.0   0.0     0     0
  1997   2  15     0  21.0   7.6   0.0     0     0
  1997   2  16     0  19.2   8.2   0.0     0     0
  1997   2  17     0  21.2   6.0   0.0     0     0
  1997   2  18     0  19.5   5.8   0.0     0     0
  1997   2  19     0  18.5   7.8   0.0     0     0
  1997   2  20     0  19.2   5.7     T     0     0
  1997   2  21     0  19.2   7.2   0.0     0     0
  1997   2  22     0  19.0   7.2   0.0     0     0
  1997   2  23     0  20.2   7.0     T     0     0
  1997   2  24     0  21.0   8.2   0.0     0     0
  1997   2  25     0  18.5   9.0   4.1     0     0
  1997   2  26     0  21.5   9.4   0.0     0     0
  1997   2  27     0  21.5   8.5   0.0     0     0
  1997   2  28     0  22.5   8.5   0.0     0     0
  1997   3   1     0  23.3   9.6   0.0     0     0
  1997   3   2     0  25.5  10.2   0.0     0     0
  1997   3   3     0  24.0  11.2   0.0     0     0
  1997   3   4     0  24.5  10.2   0.0     0     0
  1997   3   5     0  24.8  10.2   0.0     0     0
  1997   3   6     0  24.5  10.4   0.0     0     0
  1997   3   7     0  24.5  11.2   0.0     0     0
  1997   3   8     0  26.0  12.5   0.0     0     0
  1997   3   9     0  26.5  13.2   0.0     0     0
  1997   3  10     0  26.5  12.8   0.0     0     0
  1997   3  11     0  25.6  12.5   0.0     0     0
  1997   3  12     0  22.8  14.0   0.0     0     0
  1997   3  13     0  17.2  13.7   0.0     0     0
  1997   3  14     0  20.8  11.2     T     0     0
  1997   3  15     0  23.5  11.2   0.0     0     0
  1997   3  16     0  25.2  11.2   0.0     0     0
  1997   3  17     0  26.3  10.5     T     0     0
  1997   3  18     0  20.5  13.1   0.0     0     0
  1997   3  19     0  25.2  12.5     T     0     0
  1997   3  20     0  21.8   9.3   0.0     0     0
  1997   3  21     0   DNA   9.2   4.2     0     0
  1997   3  22     0  23.8   9.2   0.0     0     0
  1997   3  23     0  24.2   9.0   3.0     0     0
  1997   3  24     0  25.2   8.8   0.0     0     0
  1997   3  25     0  25.5   9.6   0.0     0     0
  1997   3  26     0  24.5  10.2   0.0     0     0
  1997   3  27     0  26.5  11.8   0.0     0     0
  1997   3  28     0  25.8  13.6   0.0     0     0
  1997   3  29     0  25.5  12.2   0.0     0     0
  1997   3  30     0  22.2  11.3   0.0     0     0
  1997   3  31     0  24.0  11.2   0.0     0     0
  1997   4   1     0  26.2  14.4   0.0     0     0
  1997   4   2     0  22.5  11.6   0.0     0     0
  1997   4   3     0  12.5  10.3   9.5     0     0
  1997   4   4     0  21.2   8.0  45.5     0     0
  1997   4   5     0  18.8  10.6   0.0     0     0
  1997   4   6     0  20.5   8.0   1.5     0     0
  1997   4   7     0  22.2   8.7   0.0     0     0
  1997   4   8     0  24.5   9.5   0.0     0     0
  1997   4   9     0  24.2  10.2     T     0     0
  1997   4  10     0  23.4  11.5   4.2     0     0
  1997   4  11     0  25.0  11.7     T     0     0
  1997   4  12     0  25.8  14.2   0.0     0     0
  1997   4  13     0  26.3  14.8   0.0     0     0
  1997   4  14     0  26.5  13.0  23.1     0     0
  1997   4  15     0  27.8  13.6   0.0     0     0
  1997   4  16     0  28.0  13.5   0.0     0     0
  1997   4  17     0  25.2  12.2   4.8     0     0
  1997   4  18     0  23.2  11.5   0.0     0     0
  1997   4  19     0  25.7  13.5   0.0     0     0
  1997   4  20     0  27.0  11.4   4.3     0     0
  1997   4  21     0  27.7  13.8   0.0     0     0
  1997   4  22     0  28.5  15.0   0.0     0     0
  1997   4  23     0  29.2  15.5   0.0     0     0
  1997   4  24     0  30.5  15.6   0.0     0     0
  1997   4  25     0  30.5  15.8   1.5     0     0
  1997   4  26     0  30.5  14.5  12.5     0     0
  1997   4  27     0  31.2   9.2  66.3     0     0
  1997   4  28     0  30.5  17.5   0.0     0     0
  1997   4  29     0  30.2  15.8   0.0     0     0
  1997   4  30     0  29.2  15.6   0.0     0     0
  1997   5   1     0  29.5  15.0   0.0     0     0
  1997   5   2     0  28.4  15.2   0.0     0     0
  1997   5   3     0  28.5  14.5     T     0     0
  1997   5   4     0  28.8  14.2     T     0     0
  1997   5   5     0  28.2  13.5  19.3     0     0
  1997   5   6     0  28.5  13.5   3.2     0     0
  1997   5   7     0  28.0  13.2  10.5     0     0
  1997   5   8     0  28.2  13.0   3.5     0     0
  1997   5   9     0  28.5  12.8   0.0     0     0
  1997   5  10     0  29.2  12.7   0.0     0     0
  1997   5  11     0  29.7  13.0   0.0     0     0
  1997   5  12     0  30.0  13.5   0.0     0     0
  1997   5  13     0  30.8  14.6   0.0     0     0
  1997   5  14     0  31.0  17.2   0.0     0     0
  1997   5  15     0  31.0  16.8   0.0     0     0
  1997   5  16     0  31.0  16.5   0.0     0     0
  1997   5  17     0  32.2  16.5   0.0     0     0
  1997   5  18     0  32.5  16.8   0.0     0     0
  1997   5  19     0  32.8  16.5   0.0     0     0
  1997   5  20     0  33.0  16.7   0.0     0     0
  1997   5  21     0  33.2  17.0   0.0     0     0
  1997   5  22     0  33.2  17.0   0.0     0     0
  1997   5  23     0  32.5  17.2   0.0     0     0
  1997   5  24     0  31.3  18.5   0.0     0     0
  1997   5  25     0  30.2  15.5   5.2     0     0
  1997   5  26     0  30.2  12.3  21.4     0     0
  1997   5  27     0  30.5  13.5  10.2     0     0
  1997   5  28     0  30.0  14.5  15.2     0     0
  1997   5  29     0  30.2  15.0   5.2     0     0
  1997   5  30     0  28.2  15.2   0.0     0     0
  1997   5  31     0  23.5  16.5   8.8     0     0
  1997   6   1     0  29.0  15.8   2.6     0     0
  1997   6   2     0  29.2  16.6   0.0     0     0
  1997   6   3     0  29.5  15.8   0.0     0     0
  1997   6   4     0  29.5  15.6   0.0     0     0
  1997   6   5     0  31.2  17.2   0.0     0     0
  1997   6   6     0  31.5  17.7   0.0     0     0
  1997   6   7     0  31.8  17.8   0.0     0     0
  1997   6   8     0  32.0  18.0   0.0     0     0
  1997   6   9     0  32.5  18.2   0.0     0     0
  1997   6  10     0  32.7  18.3   0.0     0     0
  1997   6  11     0  33.2  17.5     T     0     0
  1997   6  12     0  30.2  16.5   0.0     0     0
  1997   6  13     0  32.5  17.5   2.0     0     0
  1997   6  14     0  33.2  17.2   0.0     0     0
  1997   6  15     0  34.3  17.3   0.0     0     0
  1997   6  16     0  34.3  16.5  26.2     0     0
  1997   6  17     0  32.1  16.5   0.0     0     0
  1997   6  18     0  30.2  16.5  18.0     0     0
  1997   6  19     0  31.2  16.7   0.0     0     0
  1997   6  20     0  30.2  16.6   0.0     0     0
  1997   6  21     0  30.7  18.5   0.0     0     0
  1997   6  22     0  31.0  20.2   0.0     0     0
  1997   6  23     0  30.5  21.2   0.0     0     0
  1997   6  24     0  30.2  20.2  10.4     0     0
  1997   6  25     0  31.3  20.5   0.0     0     0
  1997   6  26     0  29.8  20.6  15.3     0     0
  1997   6  27     0  30.2  19.5   6.3     0     0
  1997   6  28     0  23.8  20.5   5.2     0     0
  1997   6  29     0  29.0  20.2   0.0     0     0
  1997   6  30     0  29.5  20.2   0.0     0     0
  1997   7   1     0  29.6  20.2  10.7     0     0
  1997   7   2     0  31.2  20.0   7.8     0     0
  1997   7   3     0  30.5  21.8  15.5     0     0
  1997   7   4     0  30.0  21.2   0.0     0     0
  1997   7   5     0  28.5  20.8   2.0     0     0
  1997   7   6     0  28.5  21.5     T     0     0
  1997   7   7     0  29.5  21.5     T     0     0
  1997   7   8     0  30.3  21.5   0.0     0     0
  1997   7   9     0  28.7  21.5   1.5     0     0
  1997   7  10     0  25.8  21.0  15.5     0     0
  1997   7  11     0  29.0  20.5   5.5     0     0
  1997   7  12     0  29.2  20.6   9.5     0     0
  1997   7  13     0  29.5  20.5   2.2     0     0
  1997   7  14     0  29.8  20.2   0.0     0     0
  1997   7  15     0  30.0  20.5   1.5     0     0
  1997   7  16     0  30.2  20.5   0.0     0     0
  1997   7  17     0  30.5  20.5   0.0     0     0
  1997   7  18     0  31.2  20.6   0.0     0     0
  1997   7  19     0  31.5  20.2  40.8     0     0
  1997   7  20     0  32.2  20.3  36.4     0     0
  1997   7  21     0  31.8  20.3  32.2     0     0
  1997   7  22     0  31.5  20.2   7.5     0     0
  1997   7  23     0  31.5  20.2   6.2     0     0
  1997   7  24     0  31.5  20.2   8.2     0     0
  1997   7  25     0  31.2  20.1   2.2     0     0
  1997   7  26     0  31.3  20.2   1.8     0     0
  1997   7  27     0  31.7  20.2   1.5     0     0
  1997   7  28     0  31.5  20.3   2.2     0     0
  1997   7  29     0  31.5  20.2   8.0     0     0
  1997   7  30     0  31.2  20.2  10.2     0     0
  1997   7  31     0  31.5  20.6   0.0     0     0
  1997   8   1     0  31.0  21.5  15.2     0     0
  1997   8   2     0  30.5  20.0  40.5     0     0
  1997   8   3     0  29.2  19.5  45.8     0     0
  1997   8   4     0  31.2  19.2   0.0     0     0
  1997   8   5     0  28.2  20.2   0.0     0     0
  1997   8   6     0  29.0  20.0  10.7     0     0
  1997   8   7     0  30.2  21.8   0.0     0     0
  1997   8   8     0  30.5  21.2   0.0     0     0
  1997   8   9     0  30.5  20.5   4.5     0     0
  1997   8  10     0  29.5  20.6   0.0     0     0
  1997   8  11     0  28.5  20.5  42.5     0     0
  1997   8  12     0  24.2  19.5  38.2     0     0
  1997   8  13     0  28.5  19.1  14.2     0     0
  1997   8  14     0  29.2  20.2   0.0     0     0
  1997   8  15     0  29.8  20.5   0.0     0     0
  1997   8  16     0  30.0  20.5   0.0     0     0
  1997   8  17     0  30.2  20.5   0.0     0     0
  1997   8  18     0  30.5  20.8   5.2     0     0
  1997   8  19     0  30.8  20.5   0.0     0     0
  1997   8  20     0  27.2  20.0     T     0     0
  1997   8  21     0  29.2  21.2   0.0     0     0
  1997   8  22     0  30.5  21.5   0.0     0     0
  1997   8  23     0  30.5  20.4   0.0     0     0
  1997   8  24     0  29.2  20.4   4.5     0     0
  1997   8  25     0  29.5  20.2   2.5     0     0
  1997   8  26     0  30.0  19.5   0.0     0     0
  1997   8  27     0  30.5  19.5   0.0     0     0
  1997   8  28     0  31.2  19.8   0.0     0     0
  1997   8  29     0  31.5  20.5   0.0     0     0
  1997   8  30     0  31.5  20.8   0.0     0     0
  1997   8  31     0  29.5  20.0  27.2     0     0
  1997   9   1     0  29.5  19.2  12.8     0     0
  1997   9   2     0  28.8  19.0   5.4     0     0
  1997   9   3     0  29.5  20.2  20.2     0     0
  1997   9   4     0  29.7  20.5   0.0     0     0
  1997   9   5     0  29.8  20.8   0.0     0     0
  1997   9   6     0  23.0  21.0   0.0     0     0
  1997   9   7     0  23.2  18.5  20.4     0     0
  1997   9   8     0  28.2  19.0   0.0     0     0
  1997   9   9     0  28.5  20.0  10.2     0     0
  1997   9  10     0  28.0  19.2  46.2     0     0
  1997   9  11     0  27.5  18.6   5.2     0     0
  1997   9  12     0  28.0  18.3   4.5     0     0
  1997   9  13     0  28.5  18.2   0.0     0     0
  1997   9  14     0  28.7  18.3   0.0     0     0
  1997   9  15     0  29.2  18.6   0.0     0     0
  1997   9  16     0  28.5  18.5  11.8     0     0
  1997   9  17     0  29.0  18.5   0.0     0     0
  1997   9  18     0  29.5  18.6   0.0     0     0
  1997   9  19     0  30.2  18.8   0.0     0     0
  1997   9  20     0  31.2  19.5   0.0     0     0
  1997   9  21     0  29.7  18.3  18.2     0     0
  1997   9  22     0  29.5  17.8   0.0     0     0
  1997   9  23     0  29.2  17.7   0.0     0     0
  1997   9  24     0  28.8  18.2   0.0     0     0
  1997   9  25     0  28.8  17.5   0.0     0     0
  1997   9  26     0  28.5  17.8   0.0     0     0
  1997   9  27     0  28.2  18.2   0.0     0     0
  1997   9  28     0  28.0  18.5   0.0     0     0
  1997   9  29     0  27.5  17.0   5.5     0     0
  1997   9  30     0  27.5  16.5   0.0     0     0
  1997  10   1     0  27.2  16.2   0.0     0     0
  1997  10   2     0  27.2  15.8   0.0     0     0
  1997  10   3     0  27.3  15.5   0.0     0     0
  1997  10   4     0  27.0  15.2   0.0     0     0
  1997  10   5     0  26.8  15.2   0.0     0     0
  1997  10   6     0  26.7  15.2   0.0     0     0
  1997  10   7     0  26.8  14.5   0.0     0     0
  1997  10   8     0  26.5  14.2   0.0     0     0
  1997  10   9     0  26.5  13.5   0.0     0     0
  1997  10  10     0  26.5  12.5     T     0     0
  1997  10  11     0  26.0  11.8   0.0     0     0
  1997  10  12     0  25.7  12.2   0.0     0     0
  1997  10  13     0  24.5  13.5   0.0     0     0
  1997  10  14     0  24.8  13.6   0.0     0     0
  1997  10  15     0  25.0  13.5   0.0     0     0
  1997  10  16     0  25.2  13.5   0.0     0     0
  1997  10  17     0  25.5  12.6   0.0     0     0
  1997  10  18     0  25.5  13.5   0.0     0     0
  1997  10  19     0  25.5  14.5   0.0     0     0
  1997  10  20     0  24.2  14.8   0.0     0     0
  1997  10  21     0  20.3  11.5   4.5     0     0
  1997  10  22     0  22.5  11.5   0.0     0     0
  1997  10  23     0  20.8  12.7   0.0     0     0
  1997  10  24     0  15.0  11.5   0.0     0     0
  1997  10  25     0  22.2   8.8   2.2     0     0
  1997  10  26     0  22.2  11.2   0.0     0     0
  1997  10  27     0  20.3  13.2   0.0     0     0
  1997  10  28     0  21.5  12.6     T     0     0
  1997  10  29     0  22.2  12.0   0.0     0     0
  1997  10  30     0  22.5  11.5   0.0     0     0
  1997  10  31     0  22.4  11.4   0.0     0     0
  1997  11   1     0  22.5  10.5   0.0     0     0
  1997  11   2     0  22.4  10.2   0.0     0     0
  1997  11   3     0  22.5  10.2   0.0     0     0
  1997  11   4     0  22.5  10.0   0.0     0     0
  1997  11   5     0  23.5   9.8   0.0     0     0
  1997  11   6     0  24.2  11.8   0.0     0     0
  1997  11   7     0  24.0  12.8   0.0     0     0
  1997  11   8     0  24.2  12.0   0.0     0     0
  1997  11   9     0  23.8  11.2   0.0     0     0
  1997  11  10     0  23.5  10.6   0.0     0     0
  1997  11  11     0  14.8  10.2   0.0     0     0
  1997  11  12     0  20.2   8.5  17.6     0     0
  1997  11  13     0  21.5   8.8   0.0     0     0
  1997  11  14     0  22.0   8.7   0.0     0     0
  1997  11  15     0  22.2   9.2   0.0     0     0
  1997  11  16     0  22.5   9.2   0.0     0     0
  1997  11  17     0  22.5   9.7   0.0     0     0
  1997  11  18     0  22.2   9.8   0.0     0     0
  1997  11  19     0  19.5  10.0   0.0     0     0
  1997  11  20     0  17.2   9.2   0.0     0     0
  1997  11  21     0  20.5   9.2   2.2     0     0
  1997  11  22     0  20.2   8.2   0.0     0     0
  1997  11  23     0  20.8  10.0   0.0     0     0
  1997  11  24     0  21.2  10.2   0.0     0     0
  1997  11  25     0  21.8  10.8   0.0     0     0
  1997  11  26     0  15.5  11.2   0.0     0     0
  1997  11  27     0  17.6   9.5  19.0     0     0
  1997  11  28     0  18.5   9.5  16.7     0     0
  1997  11  29     0  19.0  10.2   0.0     0     0
  1997  11  30     0  14.5  11.2   0.0     0     0
  1997  12   1     0  12.5   7.1  22.4     0     0
  1997  12   2     0  17.0   5.2  10.5     0     0
  1997  12   3     0  17.2   7.5   0.0     0     0
  1997  12   4     0  17.5   6.6   0.0     0     0
  1997  12   5     0  17.8   7.5   0.0     0     0
  1997  12   6     0  18.0   8.2   0.0     0     0
  1997  12   7     0  18.2   9.2   0.0     0     0
  1997  12   8     0  12.5  10.0   2.5     0     0
  1997  12   9     0  10.8   6.5  76.2     0     0
  1997  12  10     0  15.4   5.5  10.1     0     0
  1997  12  11     0  13.8   7.5   0.0     0     0
  1997  12  12     0  16.5   8.6   0.0     0     0
  1997  12  13     0  17.2   6.5   7.5     0     0
  1997  12  14     0  15.5   5.2   0.0     0     0
  1997  12  15     0  15.8   7.2   0.0     0     0
  1997  12  16     0  16.2   6.7   0.0     0     0
  1997  12  17     0  15.0   6.5   0.0     0     0
  1997  12  18     0  16.5   5.3   0.0     0     0
  1997  12  19     0  16.8   5.8   0.0     0     0
  1997  12  20     0  15.4   5.7   0.0     0     0
  1997  12  21     0  16.5   5.2   0.0     0     0
  1997  12  22     0  17.0   5.5   0.0     0     0
  1997  12  23     0  16.9   5.4   0.0     0     0
  1997  12  24     0  17.0   5.5   0.0     0     0
  1997  12  25     0  16.8   5.4   0.0     0     0
  1997  12  26     0  16.7   5.4   0.0     0     0
  1997  12  27     0  16.5   5.3   0.0     0     0
  1997  12  28     0  15.2   5.2   0.0     0     0
  1997  12  29     0  16.0   4.8   0.0     0     0
  1997  12  30     0  16.2   4.9   0.0     0     0
  1997  12  31     0  16.1   5.0   0.0     0     0
