      1    0.0
      2    0.0
      3    0.0
      4    0.0
      5    0.0
      6    0.0
      7    0.0
      8    0.0
      9    0.0
     10    0.0
     11    0.0
     12    0.0
     13    0.0
     14    0.0
     15    0.0
     16    0.0
     17    0.0
     18    0.0
     19    0.0
     20    0.0
     21    0.0
     22    0.0
     23    0.0
     24    8.2
     25    0.0
     26    0.0
     27    0.0
     28    0.0
     29    0.0
     30    0.0
     31    5.5
     32    0.0
     33    0.0
     34    0.0
     35    0.0
     36    0.0
     37    0.0
     38    0.0
     39    0.0
     40    0.0
     41    0.0
     42    0.0
     43    0.0
     44    0.0
     45    0.0
     46    0.0
     47    0.0
     48    0.0
     49    0.0
     50    0.0
     51    0.0
     52    0.0
     53    0.0
     54    0.0
     55    0.0
     56    0.0
     57    5.5
     58    0.0
     59    0.0
     60    0.0
     61    0.0
     62    0.0
     63    0.0
     64    0.0
     65    0.0
     66    0.0
     67    0.0
     68    0.0
     69    0.0
     70    0.0
     71    0.0
     72    0.0
     73    0.0
     74    0.0
     75    0.0
     76    0.0
     77    0.0
     78    0.0
     79    T  
     80    0.0
     81    0.0
     82    0.0
     83    T  
     84    0.0
     85   60.0
     86    4.0
     87    0.0
     88    0.0
     89    0.0
     90    0.0
     91    0.0
     92    0.0
     93    0.0
     94    0.0
     95    0.0
     96    0.0
     97    0.0
     98    0.0
     99    0.0
    100    0.0
    101    0.0
    102    0.0
    103    0.0
    104    0.0
    105    0.0
    106    0.0
    107    3.5
    108   31.0
    109   20.0
    110    0.0
    111    0.0
    112    0.0
    113    0.0
    114    0.0
    115    5.2
    116    3.5
    117    0.0
    118    0.0
    119   55.0
    120    0.0
    121   25.0
    122   25.5
    123    6.5
    124    6.0
    125    0.0
    126    0.0
    127    0.0
    128   15.1
    129   18.0
    130    0.0
    131    0.0
    132   55.5
    133   26.1
    134    0.0
    135    0.0
    136    0.0
    137   29.5
    138    0.0
    139    4.3
    140   12.5
    141    0.0
    142    0.0
    143    0.0
    144    0.0
    145    2.4
    146   15.0
    147   20.0
    148    0.0
    149    5.0
    150    0.0
    151    0.0
    152   14.0
    153    0.0
    154    6.0
    155   70.1
    156    0.0
    157   23.0
    158   22.0
    159    8.0
    160    9.3
    161    0.0
    162   24.0
    163   15.0
    164   55.5
    165   65.1
    166    0.0
    167    0.0
    168    5.0
    169    5.5
    170    3.4
    171   22.1
    172   35.3
    173    0.0
    174   10.2
    175   18.0
    176   11.2
    177   26.0
    178    2.5
    179    3.7
    180   55.2
    181   23.0
    182   25.0
    183    0.0
    184    0.0
    185    6.5
    186   13.0
    187   40.3
    188   90.3
    189   22.0
    190   80.0
    191   90.3
    192   22.4
    193   22.3
    194    0.0
    195    0.0
    196   65.3
    197    0.0
    198    3.5
    199    4.5
    200    0.0
    201    0.0
    202   40.0
    203   80.2
    204   89.0
    205    0.0
    206   17.0
    207   11.0
    208    5.2
    209    0.0
    210   66.0
    211   88.0
    212   99.1
    213   10.0
    214    2.2
    215   29.1
    216   34.2
    217    0.0
    218    0.0
    219    0.0
    220   22.2
    221   45.1
    222   45.4
    223   94.3
    224   22.2
    225    0.0
    226    3.2
    227    0.0
    228    3.1
    229    0.0
    230    0.0
    231    4.3
    232    5.2
    233    2.3
    234    8.3
    235    0.0
    236    0.0
    237    0.0
    238    0.0
    239    0.0
    240    0.0
    241    0.0
    242    4.0
    243   55.0
    244   56.3
    245   25.5
    246    2.3
    247    4.2
    248    2.9
    249    0.0
    250    0.0
    251    0.0
    252    0.0
    253    4.9
    254    8.3
    255   20.8
    256   33.3
    257    0.0
    258    0.0
    259    0.0
    260   10.4
    261    5.3
    262    2.0
    263    4.5
    264    0.0
    265    0.0
    266    0.0
    267    2.3
    268    8.9
    269    9.8
    270    0.0
    271    0.0
    272    2.4
    273    0.0
    274    0.0
    275    0.0
    276    0.0
    277    0.0
    278    0.0
    279    4.0
    280    1.5
    281   11.3
    282   22.2
    283   44.3
    284   30.3
    285   22.3
    286    0.0
    287    0.0
    288    0.0
    289    0.0
    290    0.0
    291    0.0
    292    0.0
    293    4.5
    294    0.0
    295    0.0
    296    0.0
    297    0.0
    298    0.0
    299    0.0
    300    0.0
    301    0.0
    302    0.0
    303    0.0
    304    0.0
    305    0.0
    306    0.0
    307    0.0
    308    0.0
    309    0.0
    310    0.0
    311    0.0
    312    0.0
    313    0.0
    314    0.0
    315    0.0
    316    0.0
    317    0.0
    318    0.0
    319    0.0
    320    0.0
    321    0.0
    322    0.0
    323    0.0
    324    0.0
    325    0.0
    326    0.0
    327    0.0
    328    0.0
    329    0.0
    330    0.0
    331    0.0
    332    0.0
    333    0.0
    334    0.0
    335    0.0
    336    0.0
    337    0.0
    338    0.0
    339    0.0
    340    0.0
    341    0.0
    342    0.0
    343    0.0
    344    0.0
    345    0.0
    346    0.0
    347    0.0
    348    0.0
    349    0.0
    350    0.0
    351    0.0
    352    0.0
    353    0.0
    354    0.0
    355    0.0
    356    0.0
    357    0.0
    358    0.0
    359    0.0
    360    0.0
    361    0.0
    362    0.0
    363    0.0
    364    0.0
    365    0.0
