      1    0.0
      2    0.0
      3    0.0
      4    0.0
      5    0.0
      6    0.0
      7    0.0
      8    0.0
      9    0.0
     10    0.0
     11    0.0
     12    0.0
     13    0.0
     14    0.0
     15    0.0
     16    0.0
     17    0.0
     18    0.0
     19   14.2
     20    0.0
     21    0.0
     22    0.0
     23    0.0
     24    0.0
     25    0.0
     26    0.0
     27    0.0
     28    0.0
     29    0.0
     30    0.0
     31    0.0
     32    0.0
     33    0.0
     34    0.0
     35    0.0
     36    0.0
     37    0.0
     38    0.0
     39    0.0
     40    0.0
     41    0.0
     42    0.0
     43    0.0
     44    0.0
     45    0.0
     46    0.0
     47    6.2
     48    7.2
     49    2.2
     50    0.0
     51    0.0
     52    0.0
     53    0.0
     54    0.0
     55    0.0
     56    0.0
     57    0.0
     58    0.0
     59    0.0
     60    0.0
     61    0.0
     62    0.0
     63    0.0
     64    0.0
     65    0.0
     66    0.0
     67    0.0
     68    0.0
     69    0.0
     70    0.0
     71    0.0
     72    0.0
     73    0.0
     74    0.0
     75    0.0
     76    0.0
     77    0.0
     78    0.0
     79    0.0
     80    0.0
     81    7.2
     82    0.0
     83    0.0
     84    0.0
     85    0.0
     86    0.0
     87    0.0
     88    0.0
     89    0.0
     90    0.0
     91    0.0
     92    0.0
     93    0.0
     94    0.0
     95    0.0
     96    0.0
     97    0.0
     98    0.0
     99    0.0
    100    0.0
    101    4.3
    102    0.0
    103    0.0
    104    0.0
    105    0.0
    106    7.2
    107   22.6
    108    0.0
    109    0.0
    110   23.6
    111    0.0
    112   28.6
    113    0.0
    114    0.0
    115    0.0
    116    0.0
    117    0.0
    118    0.0
    119    0.0
    120    0.0
    121    0.0
    122    0.0
    123    0.0
    124    0.0
    125    0.0
    126    0.0
    127    0.0
    128    0.0
    129    0.0
    130    0.0
    131    0.0
    132   22.2
    133   20.0
    134   10.8
    135   20.2
    136    0.0
    137    0.0
    138   18.0
    139    0.0
    140    0.0
    141    0.0
    142   26.0
    143   48.0
    144   78.0
    145    0.0
    146    0.0
    147   22.0
    148   40.0
    149    0.0
    150    8.8
    151   32.2
    152   30.8
    153    0.0
    154    0.0
    155   69.2
    156    9.0
    157   12.0
    158   38.2
    159    0.0
    160   21.8
    161   76.8
    162    0.0
    163    0.0
    164    0.0
    165   22.2
    166    0.0
    167   30.2
    168    3.0
    169   40.0
    170    0.0
    171    0.0
    172   14.2
    173    0.0
    174   20.2
    175   21.2
    176    5.0
    177   38.2
    178   68.2
    179   30.0
    180   13.0
    181    7.0
    182    7.2
    183    4.6
    184    2.0
    185   38.2
    186   75.0
    187    7.8
    188   38.2
    189   48.0
    190  233.6
    191   76.4
    192  103.4
    193    0.0
    194    7.0
    195   21.8
    196    0.0
    197    0.0
    198   11.2
    199  121.2
    200    0.0
    201   75.2
    202   25.4
    203    0.0
    204   16.0
    205    0.0
    206    0.0
    207    0.0
    208    7.0
    209   12.2
    210    0.0
    211    0.0
    212    0.0
    213    0.0
    214    0.0
    215    2.0
    216    2.0
    217   38.4
    218   38.0
    219   38.0
    220   40.6
    221   42.4
    222   16.2
    223   16.2
    224   12.0
    225   12.0
    226    0.0
    227   23.2
    228   11.0
    229   11.0
    230   39.0
    231   39.0
    232    0.0
    233   25.6
    234   25.6
    235    0.0
    236    0.0
    237    0.0
    238   42.0
    239   42.2
    240    0.0
    241    9.0
    242    0.0
    243    0.0
    244   38.8
    245   33.2
    246   39.0
    247    0.0
    248    0.0
    249   60.2
    250   12.0
    251   15.2
    252    0.0
    253   39.2
    254    0.0
    255    0.0
    256    0.0
    257    0.0
    258   29.8
    259    0.0
    260    0.0
    261    0.0
    262    0.0
    263    0.0
    264    0.0
    265    0.0
    266    0.0
    267    0.0
    268    0.0
    269    0.0
    270   36.2
    271    0.0
    272    0.0
    273    0.0
    274    0.0
    275    0.0
    276    0.0
    277   40.8
    278    0.0
    279    0.0
    280    0.0
    281    0.0
    282    0.0
    283    0.0
    284    0.0
    285    0.0
    286    0.0
    287   34.4
    288   34.0
    289    0.0
    290    0.0
    291    0.0
    292   28.2
    293    0.0
    294    0.0
    295    0.0
    296    0.0
    297    0.0
    298    0.0
    299    0.0
    300    0.0
    301    0.0
    302    0.0
    303    0.0
    304    0.0
    305    0.0
    306    0.0
    307    0.0
    308    0.0
    309    0.0
    310    0.0
    311    0.0
    312    0.0
    313    0.0
    314    0.0
    315    0.0
    316    0.0
    317    0.0
    318    0.0
    319    0.0
    320    0.0
    321    0.0
    322    0.0
    323    0.0
    324    0.0
    325    0.0
    326    0.0
    327    0.0
    328    0.0
    329    0.0
    330    0.0
    331    0.0
    332    0.0
    333    0.0
    334    0.0
    335    0.0
    336    0.0
    337    0.0
    338    0.0
    339    0.0
    340    0.0
    341    0.0
    342    0.0
    343    0.0
    344    0.0
    345    0.0
    346    0.0
    347    0.0
    348    0.0
    349    0.0
    350    0.0
    351    0.0
    352    0.0
    353    0.0
    354    0.0
    355    0.0
    356    0.0
    357    0.0
    358    0.0
    359    0.0
    360    0.0
    361    0.0
    362    0.0
    363    0.0
    364    0.0
    365    0.0
