      1    0.0
      2    0.0
      3    0.0
      4    0.0
      5    0.0
      6    0.0
      7    0.0
      8    0.0
      9    0.0
     10    0.0
     11    0.0
     12    0.0
     13    0.0
     14    0.0
     15    0.0
     16    0.0
     17    0.0
     18    0.0
     19    0.0
     20    0.0
     21    0.0
     22    0.0
     23    2.0
     24    0.0
     25    0.0
     26    0.0
     27    0.0
     28    0.0
     29    0.0
     30    0.0
     31    0.0
     32    0.0
     33    0.0
     34    0.0
     35    0.0
     36    0.0
     37    0.0
     38    0.0
     39    0.0
     40    0.0
     41    0.0
     42    0.0
     43    0.0
     44    0.0
     45    0.0
     46    0.0
     47    0.0
     48    0.0
     49    0.0
     50    0.0
     51    0.0
     52    0.0
     53    0.0
     54    0.0
     55    T  
     56    T  
     57    0.0
     58    0.0
     59    0.0
     60    0.0
     61    0.0
     62    0.0
     63    0.0
     64    0.0
     65    0.0
     66    0.0
     67    0.0
     68    0.0
     69    0.0
     70    0.0
     71    0.0
     72    0.0
     73    0.0
     74    0.0
     75    0.0
     76    0.0
     77    0.0
     78    0.0
     79    0.0
     80    0.0
     81    0.0
     82    4.2
     83    0.0
     84    0.0
     85    0.0
     86    0.0
     87    0.0
     88    0.0
     89    0.0
     90    8.2
     91    0.0
     92    T  
     93    0.0
     94    0.0
     95    0.0
     96    0.0
     97    0.0
     98    0.0
     99    0.0
    100    0.0
    101    0.0
    102    0.0
    103    4.6
    104   36.0
    105    0.0
    106    0.0
    107    0.0
    108    0.0
    109    0.0
    110    0.0
    111    0.0
    112    0.0
    113    0.0
    114    0.0
    115    0.0
    116    4.2
    117    T  
    118   42.4
    119    0.0
    120    4.4
    121   11.2
    122    0.0
    123    0.0
    124   39.4
    125    0.0
    126   35.4
    127    0.0
    128    0.0
    129   12.0
    130    0.0
    131    0.0
    132    T  
    133    0.0
    134    0.0
    135    0.0
    136    5.4
    137    0.0
    138    0.0
    139    0.0
    140   18.4
    141    0.0
    142    0.0
    143    9.0
    144   21.2
    145   35.2
    146   14.4
    147    0.0
    148    0.0
    149    0.0
    150    0.0
    151    0.0
    152    0.0
    153    7.2
    154  112.0
    155    2.4
    156    0.0
    157   35.0
    158   29.4
    159   14.2
    160    0.0
    161    9.2
    162    0.0
    163    0.0
    164    6.4
    165    0.0
    166    0.0
    167   15.4
    168   29.2
    169   12.4
    170   45.6
    171   35.4
    172   49.0
    173    0.0
    174    0.0
    175   19.2
    176    T  
    177    7.4
    178    0.0
    179    0.0
    180    0.0
    181    T  
    182    0.0
    183    9.4
    184    4.2
    185    0.0
    186    0.0
    187   10.2
    188    0.0
    189    T  
    190    0.0
    191    0.0
    192    0.0
    193    T  
    194   29.4
    195    2.0
    196    0.0
    197    0.0
    198    T  
    199    0.0
    200    9.2
    201    0.0
    202    0.0
    203    T  
    204    0.0
    205    0.0
    206    0.0
    207   22.4
    208   29.2
    209    0.0
    210    0.0
    211  132.4
    212  155.2
    213    0.0
    214   12.4
    215    0.0
    216    0.0
    217   21.2
    218   39.2
    219    0.0
    220    0.0
    221    0.0
    222    0.0
    223    0.0
    224   17.4
    225    0.0
    226    2.4
    227   33.0
    228    4.2
    229   32.4
    230    9.0
    231   12.2
    232    7.4
    233    T  
    234   59.4
    235    0.0
    236   37.0
    237   14.4
    238    3.0
    239   30.6
    240   12.4
    241   53.2
    242    0.0
    243    0.0
    244    0.0
    245    0.0
    246  140.4
    247   39.4
    248   21.6
    249  112.4
    250    0.0
    251    0.0
    252   12.4
    253   38.4
    254    0.0
    255    0.0
    256  145.2
    257    0.0
    258   31.4
    259    0.0
    260    0.0
    261   12.4
    262   14.2
    263    0.0
    264   42.2
    265    0.0
    266    0.0
    267    0.0
    268    0.0
    269   34.0
    270    0.0
    271    4.0
    272    0.0
    273    0.0
    274   72.4
    275   38.4
    276   65.4
    277    0.0
    278    0.0
    279    0.0
    280    0.0
    281    0.0
    282    0.0
    283   22.4
    284   53.0
    285    T  
    286    9.2
    287    0.0
    288    0.0
    289    0.0
    290    0.0
    291    0.0
    292    0.0
    293    0.0
    294    0.0
    295    0.0
    296    0.0
    297    0.0
    298    0.0
    299    0.0
    300    0.0
    301    0.0
    302    0.0
    303    0.0
    304    T  
    305   22.4
    306   29.0
    307    0.0
    308    0.0
    309   12.4
    310    0.0
    311    0.0
    312    0.0
    313    0.0
    314    0.0
    315    0.0
    316    0.0
    317    0.0
    318    0.0
    319    0.0
    320    0.0
    321    0.0
    322    0.0
    323    0.0
    324    0.0
    325    0.0
    326    0.0
    327    0.0
    328    0.0
    329    0.0
    330    0.0
    331    0.0
    332    0.0
    333    0.0
    334    0.0
    335    0.0
    336    0.0
    337    0.0
    338    0.0
    339    0.0
    340    0.0
    341    0.0
    342    0.0
    343    0.0
    344    0.0
    345    0.0
    346    0.0
    347    0.0
    348    0.0
    349    0.0
    350   DNA   
    351   DNA   
    352   DNA   
    353   DNA   
    354   DNA   
    355   DNA   
    356   DNA   
    357   DNA   
    358   DNA   
    359   DNA   
    360   DNA   
    361   DNA   
    362   DNA   
    363   DNA   
    364   DNA   
    365   DNA   
