      1    0.0
      2    0.0
      3    0.0
      4    0.0
      5    0.0
      6    0.0
      7    5.0
      8   23.0
      9   29.6
     10    3.5
     11    0.0
     12    0.0
     13    0.0
     14    0.0
     15    0.0
     16    0.0
     17    0.1
     18    3.5
     19    0.0
     20    0.0
     21    0.0
     22    0.0
     23    0.0
     24    0.0
     25    0.0
     26    0.0
     27    0.0
     28    0.0
     29    2.0
     30    0.1
     31    0.0
     32    7.0
     33    T  
     34    0.0
     35    0.0
     36    0.0
     37    0.0
     38    0.0
     39    0.0
     40    0.0
     41    0.0
     42    0.0
     43    0.0
     44    0.0
     45    0.0
     46    0.0
     47    0.0
     48    6.0
     49    2.0
     50    0.1
     51    0.1
     52    T  
     53    0.0
     54    0.0
     55    0.0
     56    8.0
     57    2.5
     58    6.0
     59    0.0
     60    4.0
     61   10.0
     62    0.0
     63    0.0
     64    0.0
     65    0.0
     66    3.5
     67    0.0
     68    0.0
     69    0.0
     70    0.0
     71    0.0
     72    0.0
     73    0.0
     74    T  
     75    2.5
     76    4.3
     77    0.0
     78    0.0
     79    0.0
     80    5.0
     81   15.0
     82   11.0
     83    5.0
     84   13.0
     85   42.5
     86    3.0
     87    0.0
     88    0.0
     89    0.0
     90    0.0
     91    0.0
     92    0.0
     93    0.0
     94    0.0
     95    0.0
     96    0.0
     97    0.0
     98    0.0
     99    T  
    100    2.0
    101    0.0
    102    0.0
    103    0.0
    104    9.0
    105    6.0
    106    3.0
    107    0.0
    108    0.0
    109    0.0
    110    0.0
    111    0.0
    112    0.0
    113    T  
    114   30.0
    115    7.0
    116   13.0
    117    8.5
    118    0.0
    119   16.0
    120    T  
    121    5.5
    122    0.0
    123    0.0
    124    0.0
    125    0.0
    126    0.0
    127    0.0
    128    3.0
    129    2.0
    130    0.0
    131    8.0
    132    0.0
    133    0.0
    134    0.0
    135    0.0
    136    0.0
    137    0.0
    138    9.5
    139    2.5
    140    0.0
    141    0.0
    142    0.0
    143    0.0
    144    2.5
    145    0.0
    146    7.0
    147    0.0
    148    T  
    149   43.0
    150    0.0
    151    0.9
    152    9.0
    153    0.0
    154    0.0
    155    0.0
    156    0.0
    157    0.0
    158   76.0
    159    1.4
    160   20.0
    161    0.0
    162    0.0
    163    0.0
    164   26.0
    165    0.0
    166   11.0
    167    6.0
    168    0.0
    169   35.7
    170    4.5
    171    0.0
    172    0.0
    173    0.0
    174   32.0
    175    7.0
    176    2.0
    177    3.0
    178   19.5
    179    0.5
    180   59.0
    181    3.0
    182    5.5
    183   18.0
    184    3.5
    185   27.0
    186    8.5
    187   71.0
    188    9.0
    189    2.0
    190    2.0
    191   21.5
    192   14.5
    193    0.0
    194    0.0
    195    0.0
    196   32.5
    197    T  
    198    3.0
    199   40.0
    200    1.0
    201    9.0
    202    0.0
    203    T  
    204    2.0
    205   54.5
    206   10.5
    207   22.5
    208    6.0
    209    0.0
    210    0.0
    211    T  
    212    3.0
    213    1.5
    214    T  
    215    1.0
    216    T  
    217    7.5
    218   48.0
    219    3.0
    220    T  
    221   25.0
    222    0.0
    223    6.0
    224    6.5
    225    7.5
    226    0.0
    227    0.0
    228    0.0
    229   24.0
    230    0.0
    231    0.0
    232    4.0
    233    2.5
    234    3.5
    235   40.0
    236   25.5
    237   26.0
    238    4.5
    239    T  
    240    3.5
    241    5.0
    242   21.0
    243   72.5
    244    9.5
    245   15.0
    246   19.1
    247   44.5
    248   27.0
    249   11.5
    250    2.5
    251    3.0
    252    T  
    253    8.0
    254    8.0
    255   40.0
    256   52.5
    257    T  
    258    5.0
    259    0.0
    260    T  
    261    T  
    262    0.0
    263    0.0
    264   34.0
    265    8.5
    266   10.4
    267   34.5
    268   13.3
    269    6.0
    270    3.5
    271    0.0
    272    0.0
    273    0.0
    274    0.0
    275    0.0
    276    0.0
    277    0.0
    278    0.0
    279    0.0
    280    0.0
    281    0.0
    282    0.0
    283    0.0
    284    0.0
    285    0.0
    286    0.0
    287    0.0
    288    0.0
    289    0.0
    290    0.0
    291    0.0
    292    0.0
    293    0.0
    294    0.0
    295    0.0
    296    0.0
    297    0.0
    298    0.0
    299    0.0
    300    0.0
    301    0.0
    302    0.0
    303    0.0
    304    0.0
    305    0.0
    306    0.0
    307    0.0
    308    0.0
    309    0.0
    310    0.0
    311    0.0
    312    0.0
    313    0.0
    314    0.0
    315    0.0
    316    0.0
    317    0.0
    318    0.0
    319    0.0
    320    0.0
    321    0.0
    322    0.0
    323    0.0
    324    0.0
    325    0.0
    326    0.0
    327    0.0
    328    0.0
    329    0.0
    330    0.0
    331    0.0
    332    0.0
    333    0.0
    334    0.0
    335    0.0
    336    0.0
    337    0.0
    338    0.0
    339    0.0
    340    0.0
    341    0.0
    342    0.0
    343    0.0
    344    0.0
    345    0.0
    346    0.0
    347    0.0
    348    0.0
    349    0.0
    350    0.0
    351    0.0
    352    0.0
    353    0.0
    354    0.0
    355    0.0
    356    0.0
    357    0.0
    358    0.0
    359    0.0
    360    0.0
    361    0.0
    362    0.0
    363    0.0
    364    0.0
    365    0.0
