      1    0.0
      2    0.0
      3    0.0
      4    0.0
      5    0.0
      6    0.0
      7    0.0
      8    0.0
      9    0.0
     10    0.0
     11    0.0
     12    5.0
     13    0.0
     14    0.0
     15    0.0
     16    0.0
     17   13.5
     18    0.0
     19    0.0
     20    0.0
     21    0.0
     22    0.0
     23    0.0
     24    0.0
     25    0.0
     26    0.0
     27    0.0
     28    0.0
     29    0.0
     30    0.0
     31    0.0
     32    3.0
     33    0.0
     34    T  
     35    0.0
     36    0.0
     37    0.0
     38    0.0
     39    0.0
     40    0.0
     41    0.0
     42    0.0
     43    0.0
     44    0.0
     45    0.0
     46    3.5
     47   23.0
     48   15.2
     49    1.7
     50    2.0
     51    0.0
     52    0.0
     53    0.0
     54    0.0
     55    0.0
     56    0.0
     57    0.0
     58    0.0
     59    0.0
     60    0.0
     61    0.0
     62    0.0
     63   20.4
     64    4.0
     65    0.0
     66   13.0
     67    4.0
     68    T  
     69    T  
     70    0.0
     71    T  
     72    0.0
     73   10.5
     74    0.0
     75    0.0
     76    0.0
     77    8.0
     78    0.0
     79    1.0
     80    0.0
     81    0.0
     82    0.0
     83    0.0
     84    0.0
     85    0.0
     86    0.0
     87    0.0
     88    0.0
     89    0.0
     90    0.0
     91    0.0
     92    0.0
     93    4.5
     94    0.0
     95    0.0
     96    0.0
     97    0.0
     98    0.0
     99   27.5
    100    3.4
    101    0.0
    102    0.0
    103    0.0
    104    0.0
    105    0.0
    106    0.0
    107    0.0
    108    0.0
    109    0.0
    110    0.0
    111    0.0
    112    0.0
    113    0.0
    114    6.0
    115    7.0
    116    T  
    117    0.0
    118    0.0
    119    0.0
    120    7.0
    121    7.0
    122   34.5
    123    5.0
    124    5.0
    125    0.0
    126    6.0
    127   15.0
    128    1.0
    129    0.0
    130    1.5
    131    0.0
    132    0.0
    133    5.0
    134    0.0
    135    0.0
    136    0.0
    137    0.0
    138    0.0
    139    0.0
    140    0.0
    141    0.0
    142    0.0
    143    0.0
    144    7.0
    145    6.0
    146    0.0
    147    0.0
    148    0.0
    149    0.0
    150    0.0
    151    0.0
    152    0.0
    153    6.0
    154    0.0
    155    0.1
    156    5.5
    157    9.0
    158    0.0
    159    8.5
    160   17.5
    161   61.0
    162    0.0
    163    0.0
    164    0.0
    165    0.0
    166    7.4
    167    T  
    168    0.0
    169    0.0
    170    0.0
    171    0.0
    172    0.0
    173    0.0
    174   20.5
    175    0.0
    176    0.0
    177    0.0
    178    0.0
    179    0.0
    180    0.0
    181    0.0
    182   20.0
    183   21.0
    184    0.0
    185   20.5
    186   20.5
    187   46.0
    188   15.5
    189    1.5
    190    3.5
    191    1.0
    192    0.5
    193    6.5
    194   10.7
    195    1.2
    196   39.2
    197   25.6
    198    2.0
    199    0.0
    200    0.0
    201    0.0
    202   24.0
    203    0.4
    204    3.8
    205    3.2
    206   11.2
    207   45.0
    208    6.0
    209    2.0
    210    3.5
    211   26.0
    212    5.4
    213   25.0
    214   13.7
    215    4.0
    216   15.3
    217    0.0
    218    T  
    219    0.0
    220    2.2
    221    2.0
    222    3.0
    223   36.5
    224   17.4
    225    4.5
    226   17.0
    227    5.0
    228   27.0
    229    3.0
    230   10.5
    231   29.0
    232   11.2
    233   21.5
    234   16.0
    235    4.5
    236    0.0
    237    0.0
    238   23.0
    239    3.4
    240   94.0
    241   20.6
    242   18.0
    243    0.0
    244   24.0
    245    6.0
    246    5.2
    247    1.0
    248   20.2
    249    9.5
    250   14.0
    251   38.5
    252   30.0
    253    5.3
    254   16.0
    255    0.0
    256    9.0
    257    0.0
    258    0.0
    259    0.0
    260    0.0
    261    0.0
    262    0.0
    263    2.3
    264    0.0
    265   45.0
    266   10.0
    267    0.0
    268    0.0
    269   20.5
    270    0.0
    271    0.0
    272    0.0
    273    0.0
    274    0.0
    275    0.0
    276    2.0
    277    0.0
    278    0.0
    279    0.0
    280    0.0
    281    0.0
    282   17.5
    283    1.5
    284   23.0
    285    T  
    286    0.0
    287    0.0
    288    0.0
    289    0.0
    290    0.0
    291    0.0
    292    0.0
    293    0.0
    294    0.0
    295    0.0
    296    0.0
    297    0.0
    298    0.0
    299    3.3
    300    0.0
    301    0.0
    302    0.0
    303    0.0
    304    0.0
    305    0.0
    306    0.0
    307    0.0
    308    0.0
    309    0.0
    310    0.0
    311    0.0
    312    0.0
    313    0.0
    314    0.0
    315    0.0
    316    0.0
    317    0.0
    318    0.0
    319    0.0
    320    0.0
    321    0.0
    322    0.0
    323    0.0
    324    0.0
    325    0.0
    326    0.0
    327    0.0
    328    0.0
    329    0.0
    330    0.0
    331    0.0
    332    0.0
    333    0.0
    334    0.0
    335    0.0
    336    0.0
    337    0.0
    338    0.0
    339    0.0
    340    0.0
    341    0.0
    342    0.0
    343    0.0
    344    0.0
    345    0.0
    346   18.0
    347    3.5
    348    0.0
    349    0.0
    350    0.0
    351    0.0
    352    0.0
    353    0.0
    354    0.0
    355    0.0
    356    0.0
    357    0.0
    358    0.0
    359    0.0
    360    0.0
    361    0.0
    362    0.0
    363    0.0
    364    0.0
    365    0.0
