      1    0.0
      2    0.0
      3    0.0
      4    0.0
      5    0.0
      6    0.0
      7    0.0
      8    0.0
      9    0.0
     10    8.0
     11    0.0
     12    0.0
     13    0.0
     14    0.0
     15    0.0
     16    0.0
     17    0.0
     18    0.0
     19    0.0
     20    0.0
     21    0.0
     22    0.0
     23    0.0
     24    0.0
     25    0.0
     26    4.5
     27    0.0
     28    0.0
     29    0.0
     30    T  
     31    0.5
     32    0.0
     33    0.0
     34    0.0
     35    0.5
     36    0.0
     37    0.0
     38    0.0
     39    0.0
     40    3.3
     41    0.0
     42    0.0
     43    0.0
     44    0.0
     45    0.0
     46    0.0
     47    0.0
     48    0.0
     49    0.0
     50    0.0
     51    0.0
     52    3.5
     53    0.0
     54    0.0
     55    0.0
     56    0.0
     57    0.0
     58    0.0
     59    0.0
     60    0.0
     61    0.0
     62    0.0
     63    0.0
     64    0.0
     65    0.0
     66    0.0
     67    0.0
     68    0.0
     69    0.0
     70    0.0
     71    0.0
     72    0.0
     73    0.0
     74    0.0
     75    0.0
     76    0.0
     77    0.0
     78    0.0
     79    0.0
     80    0.0
     81    0.0
     82    0.0
     83    0.0
     84    0.0
     85    0.0
     86    0.0
     87    0.0
     88    0.0
     89    0.0
     90    0.0
     91    0.0
     92    0.0
     93    1.0
     94    0.0
     95    5.0
     96   35.5
     97    0.0
     98    0.0
     99    0.0
    100    0.0
    101    0.0
    102   27.0
    103    0.0
    104    0.0
    105    0.0
    106    0.0
    107    0.0
    108    0.0
    109    0.0
    110    0.0
    111    0.0
    112    0.0
    113    0.0
    114    0.0
    115    0.0
    116    0.0
    117    0.0
    118    0.0
    119    0.0
    120    0.0
    121    0.0
    122    0.0
    123    0.0
    124    0.0
    125    0.0
    126   13.5
    127    2.0
    128    T  
    129    T  
    130    0.0
    131    0.0
    132    0.0
    133    0.0
    134    0.0
    135    0.0
    136    2.0
    137    6.0
    138    0.0
    139   16.0
    140    0.0
    141    0.0
    142    0.0
    143    6.5
    144    0.0
    145    0.0
    146    9.0
    147    4.0
    148   18.5
    149    0.0
    150    0.0
    151    0.0
    152    0.0
    153    0.0
    154    0.0
    155    0.0
    156    0.0
    157    0.0
    158   14.5
    159   57.5
    160   22.5
    161    1.5
    162    7.5
    163    0.0
    164    0.0
    165    0.0
    166   11.5
    167   65.5
    168   15.0
    169    2.5
    170    3.0
    171   32.2
    172    4.0
    173    7.0
    174    4.0
    175    1.0
    176   20.0
    177    0.0
    178    5.0
    179   30.0
    180    6.0
    181    7.5
    182    4.0
    183    7.5
    184   15.0
    185    3.0
    186   11.0
    187    2.0
    188   33.0
    189   34.0
    190    7.5
    191    7.0
    192    0.0
    193   20.0
    194    0.0
    195   53.0
    196    1.3
    197    0.0
    198    0.0
    199   25.0
    200    0.5
    201   23.5
    202    2.0
    203    2.0
    204   10.0
    205   10.5
    206    T  
    207    8.0
    208    0.1
    209   14.0
    210    T  
    211    0.0
    212   44.5
    213   24.0
    214    6.0
    215    0.0
    216   24.0
    217    8.5
    218   25.5
    219    0.0
    220   61.0
    221   28.5
    222    0.0
    223    0.0
    224   41.0
    225   10.5
    226   21.0
    227    9.0
    228    0.1
    229   15.0
    230   14.0
    231    8.0
    232    3.0
    233    2.5
    234    0.0
    235   17.0
    236    8.5
    237    3.5
    238    1.0
    239    3.5
    240   43.0
    241    5.0
    242   51.0
    243    2.5
    244    6.5
    245    0.0
    246    0.0
    247    0.0
    248    0.0
    249    0.0
    250    0.0
    251    0.0
    252    0.0
    253    0.0
    254    0.0
    255    0.0
    256    0.0
    257   18.0
    258    5.5
    259    4.5
    260    0.0
    261   44.5
    262    0.0
    263    2.3
    264   55.0
    265   87.0
    266    0.0
    267    5.0
    268   10.5
    269    0.0
    270    0.0
    271    0.0
    272    0.0
    273    0.0
    274    0.0
    275    0.0
    276    0.0
    277    0.0
    278    5.5
    279    6.5
    280    2.0
    281    7.0
    282    T  
    283    T  
    284    0.0
    285    0.0
    286    0.0
    287    0.0
    288    0.0
    289    0.0
    290    0.0
    291    0.0
    292    0.0
    293    0.0
    294    0.0
    295    0.0
    296    0.0
    297    0.0
    298    0.0
    299    0.0
    300    0.0
    301    0.0
    302    0.0
    303    0.0
    304    0.0
    305    0.0
    306    0.0
    307    0.0
    308    0.0
    309    0.0
    310    0.0
    311    0.0
    312    0.0
    313    0.0
    314    0.0
    315    0.0
    316    0.0
    317    0.0
    318    0.0
    319    0.0
    320    0.0
    321    0.0
    322    0.0
    323    0.0
    324    0.0
    325    T  
    326    3.4
    327    0.0
    328    0.0
    329    0.0
    330    0.0
    331    0.0
    332    0.0
    333    0.0
    334    0.0
    335    0.0
    336    0.0
    337    0.0
    338    0.0
    339    0.0
    340    0.0
    341    0.0
    342    0.0
    343    0.0
    344    0.0
    345    0.0
    346    0.0
    347    0.0
    348    0.0
    349    0.0
    350    0.0
    351    0.0
    352    0.0
    353    0.0
    354    0.0
    355    0.0
    356    0.0
    357    0.0
    358    0.0
    359    0.0
    360    0.0
    361    0.0
    362    0.0
    363    0.0
    364    0.0
    365    0.0
    366    0.0
