      1    0.0
      2   16.0
      3    0.0
      4    0.0
      5    0.0
      6    0.0
      7    0.0
      8    0.0
      9    0.0
     10    0.0
     11    0.0
     12    0.0
     13    0.0
     14    0.0
     15    0.0
     16    0.0
     17    0.0
     18    0.0
     19    0.0
     20    0.0
     21    0.0
     22    0.0
     23    2.8
     24    0.0
     25    0.0
     26    0.0
     27    0.0
     28    0.0
     29    0.0
     30    0.0
     31    0.0
     32    0.0
     33    0.0
     34    0.0
     35    0.0
     36    0.0
     37    0.0
     38    0.0
     39    0.0
     40    0.0
     41    0.0
     42    0.0
     43    0.0
     44    0.0
     45    4.0
     46    0.0
     47    0.0
     48    0.0
     49    0.0
     50    0.0
     51    0.0
     52    0.0
     53    0.0
     54    0.0
     55    0.4
     56    0.0
     57    0.0
     58    0.0
     59    0.0
     60    0.0
     61    T  
     62    0.0
     63    0.0
     64    0.0
     65    0.0
     66    0.0
     67    0.0
     68    0.0
     69    0.0
     70    0.0
     71    0.0
     72    0.0
     73    0.0
     74    0.0
     75    0.0
     76    0.0
     77    0.0
     78    0.0
     79    0.0
     80    0.0
     81    0.0
     82    0.0
     83    0.0
     84    T  
     85    T  
     86    0.0
     87    0.0
     88    0.0
     89    0.0
     90    0.0
     91    0.0
     92    0.0
     93    0.0
     94    0.0
     95    0.0
     96    0.0
     97    0.0
     98    0.0
     99    0.0
    100    0.0
    101    0.0
    102    0.0
    103    0.0
    104    0.0
    105    T  
    106    1.5
    107    0.0
    108    0.0
    109    0.0
    110    T  
    111    0.0
    112    3.4
    113   12.4
    114    0.0
    115    5.2
    116    T  
    117    0.0
    118    0.0
    119    0.0
    120    0.0
    121    0.0
    122    0.0
    123    T  
    124    0.0
    125   41.0
    126    0.0
    127    5.2
    128    0.0
    129    0.0
    130    T  
    131    T  
    132    T  
    133   11.6
    134    2.0
    135    1.6
    136    0.0
    137    1.5
    138    6.0
    139    0.0
    140   21.6
    141    3.2
    142    0.0
    143    0.0
    144    7.6
    145   11.5
    146    0.0
    147    0.0
    148   19.5
    149    0.4
    150   14.8
    151   15.2
    152   85.8
    153    4.4
    154    0.0
    155    0.0
    156    0.0
    157    0.0
    158   41.2
    159   31.4
    160   10.0
    161    0.0
    162    0.0
    163    T  
    164   77.0
    165  155.4
    166    0.4
    167   17.6
    168   20.0
    169    0.0
    170    6.0
    171    9.0
    172   26.0
    173    3.2
    174    0.0
    175   70.6
    176  101.2
    177   10.0
    178    0.0
    179    0.0
    180   22.6
    181    1.0
    182   36.4
    183    1.0
    184   54.8
    185    5.2
    186   21.3
    187   31.2
    188    5.4
    189    0.0
    190    3.0
    191    0.0
    192    0.0
    193   11.0
    194   15.4
    195    4.2
    196    5.6
    197    0.0
    198    0.0
    199    1.6
    200   19.4
    201    2.3
    202   92.4
    203   42.4
    204    3.4
    205    2.0
    206    1.0
    207    2.1
    208   79.6
    209   58.4
    210   86.2
    211    7.2
    212   14.0
    213   11.6
    214    3.2
    215    0.4
    216    0.0
    217    0.2
    218   42.6
    219    T  
    220    0.0
    221    T  
    222    0.0
    223    1.0
    224    0.8
    225    0.0
    226    0.0
    227    T  
    228   10.0
    229    1.0
    230    0.0
    231    T  
    232    T  
    233    0.0
    234    2.0
    235    2.0
    236   26.0
    237    1.0
    238    0.0
    239    0.0
    240    4.4
    241    1.6
    242    0.0
    243    0.0
    244   82.4
    245   24.8
    246   42.8
    247   62.6
    248    2.4
    249    2.0
    250   83.6
    251    8.0
    252   36.0
    253    0.0
    254    T  
    255   20.4
    256  101.0
    257    1.5
    258    4.0
    259    1.0
    260    1.4
    261    3.0
    262   34.4
    263    9.0
    264    4.0
    265    0.0
    266    0.0
    267    0.0
    268    1.6
    269   10.4
    270   94.2
    271   20.0
    272    T  
    273   20.4
    274    5.4
    275    0.0
    276    0.0
    277    7.2
    278    0.0
    279    T  
    280    0.0
    281    0.0
    282    T  
    283    0.4
    284   80.6
    285    0.0
    286    0.0
    287    0.0
    288    0.0
    289    0.0
    290    0.0
    291    6.0
    292    0.0
    293    0.0
    294    0.0
    295    0.0
    296    0.0
    297    0.0
    298    0.0
    299    0.0
    300    0.0
    301    0.0
    302    0.0
    303    0.0
    304    0.0
    305    0.0
    306    0.0
    307    0.0
    308    0.0
    309    0.0
    310    0.0
    311    0.0
    312    0.0
    313    0.0
    314    0.0
    315    0.0
    316    0.0
    317    0.0
    318    0.0
    319    0.0
    320    0.0
    321    0.0
    322    0.0
    323    0.0
    324    0.0
    325    0.0
    326    0.0
    327    0.0
    328    0.0
    329    0.0
    330    0.0
    331    0.0
    332    0.0
    333    0.0
    334    0.0
    335    0.0
    336    0.0
    337    0.0
    338    0.0
    339    0.0
    340    0.0
    341    0.0
    342    0.0
    343    0.0
    344    0.0
    345    0.0
    346    0.0
    347    0.0
    348    0.0
    349    0.0
    350    0.0
    351    0.0
    352    0.0
    353    0.0
    354    0.0
    355    0.0
    356    0.0
    357    0.0
    358    0.0
    359    0.0
    360    0.0
    361    0.0
    362    0.0
    363    0.0
    364    0.0
    365    0.0
