      1    0.0
      2    0.0
      3    0.0
      4    0.0
      5    0.0
      6    0.0
      7    0.0
      8    0.0
      9    0.0
     10    0.0
     11    0.0
     12    0.0
     13    0.0
     14    0.0
     15    0.0
     16    0.0
     17    0.0
     18    0.0
     19    0.0
     20    0.0
     21    0.0
     22    0.0
     23    0.0
     24    0.0
     25    0.0
     26    0.0
     27    0.0
     28   19.0
     29    6.3
     30    0.0
     31    0.0
     32    0.0
     33    0.0
     34    0.0
     35    0.0
     36    2.5
     37   11.7
     38   39.4
     39    0.0
     40    0.0
     41    0.0
     42    0.0
     43    0.0
     44    0.0
     45    0.0
     46    0.0
     47    0.0
     48    0.0
     49    0.0
     50    0.0
     51    0.0
     52    0.0
     53    0.0
     54    0.0
     55    0.0
     56    0.0
     57    0.0
     58    0.0
     59    0.0
     60    0.0
     61    0.0
     62    0.0
     63    0.0
     64    0.0
     65    0.0
     66    0.0
     67    0.0
     68    0.0
     69    0.0
     70    0.0
     71    0.0
     72    0.0
     73    0.0
     74    0.0
     75    0.0
     76    0.0
     77    0.0
     78    0.0
     79    0.0
     80    0.0
     81    0.0
     82    0.0
     83    0.0
     84    0.0
     85    0.0
     86    0.0
     87    0.0
     88    0.0
     89    0.0
     90    0.0
     91    2.5
     92    0.0
     93    2.0
     94    7.1
     95    0.5
     96    0.0
     97   10.4
     98    0.0
     99    0.0
    100    0.0
    101    0.0
    102   20.8
    103    0.0
    104    8.6
    105    0.0
    106    0.0
    107    0.0
    108   27.9
    109    0.0
    110    0.5
    111   11.4
    112    0.0
    113    0.0
    114    0.0
    115    0.0
    116    0.0
    117   40.6
    118   31.0
    119    0.0
    120    1.0
    121    0.0
    122    0.0
    123    3.3
    124    0.0
    125    0.0
    126    3.0
    127    0.0
    128    0.0
    129    0.0
    130    0.0
    131    4.3
    132    6.1
    133    5.1
    134    0.0
    135    0.0
    136    2.8
    137    0.5
    138    8.4
    139    0.0
    140   25.4
    141    0.0
    142    0.0
    143    0.0
    144    2.8
    145    4.1
    146   14.2
    147    8.1
    148    5.3
    149    0.0
    150    0.0
    151    0.0
    152    9.9
    153    1.5
    154    0.0
    155    0.0
    156    0.0
    157    9.9
    158    0.0
    159    0.0
    160    3.0
    161    0.0
    162    1.5
    163   29.2
    164    6.6
    165    0.0
    166   20.1
    167    1.5
    168    0.0
    169    1.0
    170   12.7
    171    1.5
    172    0.5
    173    5.6
    174   53.6
    175    7.9
    176    9.4
    177   16.2
    178    9.1
    179   50.8
    180   62.0
    181   22.1
    182   62.2
    183    1.0
    184    0.0
    185    3.3
    186    0.0
    187    0.0
    188    1.8
    189    0.0
    190    7.9
    191    2.8
    192   34.3
    193    5.1
    194    0.0
    195   42.4
    196   23.9
    197   14.2
    198    1.5
    199    0.0
    200   19.3
    201   61.0
    202    9.1
    203   29.2
    204    1.0
    205    0.0
    206    0.5
    207   37.8
    208    0.0
    209    0.0
    210   13.5
    211   83.0
    212   20.8
    213   15.7
    214    3.8
    215    1.5
    216    0.0
    217    0.8
    218    3.3
    219    4.6
    220    4.3
    221   11.4
    222    1.3
    223    0.0
    224    0.0
    225   56.9
    226   11.4
    227   23.4
    228    0.5
    229   17.3
    230    4.6
    231    4.3
    232   31.7
    233    3.8
    234   27.9
    235   86.4
    236    5.1
    237   21.1
    238    7.6
    239    0.5
    240    0.5
    241    0.0
    242    0.0
    243   22.1
    244   12.2
    245   22.9
    246    0.0
    247    3.0
    248   15.2
    249    0.0
    250    3.0
    251    6.3
    252    2.5
    253   10.2
    254   59.7
    255   23.6
    256   31.5
    257    2.5
    258    1.8
    259    4.1
    260   22.1
    261    2.0
    262    0.0
    263    0.0
    264    0.0
    265    0.0
    266    3.8
    267    0.0
    268   34.0
    269    6.1
    270    2.8
    271    6.3
    272    6.8
    273   31.5
    274    0.0
    275    0.0
    276    0.0
    277    0.0
    278    0.0
    279    0.0
    280    0.0
    281    0.0
    282    0.5
    283    0.0
    284    0.0
    285    1.3
    286    4.1
    287   15.2
    288    0.0
    289    0.0
    290    5.6
    291    0.0
    292    0.0
    293    0.0
    294    0.0
    295    0.0
    296    0.0
    297    0.0
    298    0.0
    299    0.0
    300    0.0
    301    0.0
    302    0.8
    303    1.8
    304   35.5
    305    0.0
    306    0.0
    307    0.0
    308    0.0
    309    0.0
    310    0.0
    311    0.0
    312    0.0
    313    0.0
    314    0.0
    315    0.0
    316    0.0
    317    0.0
    318    0.0
    319    0.0
    320    0.0
    321    0.0
    322    0.0
    323    0.0
    324    0.0
    325    0.0
    326    0.0
    327    0.0
    328    0.0
    329    0.0
    330    0.0
    331    0.0
    332    0.0
    333    0.0
    334    0.0
    335    0.0
    336    0.0
    337    0.0
    338    0.0
    339    0.0
    340    0.0
    341    0.0
    342    0.0
    343    0.0
    344    0.0
    345    0.0
    346    0.0
    347    0.0
    348    0.0
    349    0.0
    350    0.0
    351    0.0
    352    0.0
    353    0.0
    354    0.0
    355    0.0
    356    0.0
    357    0.0
    358    0.0
    359    0.0
    360    0.0
    361    0.0
    362    0.0
    363    0.0
    364    0.0
    365    0.0
