      1    0.0
      2    0.0
      3    0.0
      4    0.0
      5    0.0
      6    0.0
      7    0.0
      8    0.0
      9    0.0
     10    0.0
     11    0.0
     12    0.0
     13    0.0
     14    0.0
     15    0.0
     16    0.0
     17    0.0
     18   11.9
     19    0.0
     20    0.0
     21    0.0
     22    0.0
     23    0.0
     24    0.0
     25    0.0
     26    0.0
     27    0.0
     28    0.0
     29    0.0
     30    0.0
     31    0.0
     32    0.0
     33    0.0
     34    0.0
     35    0.0
     36    0.0
     37    0.0
     38    0.0
     39    0.0
     40    0.0
     41    0.0
     42    0.0
     43    0.0
     44    0.0
     45    0.0
     46   23.5
     47    2.5
     48    0.0
     49    0.0
     50    0.0
     51    0.0
     52   15.0
     53    2.5
     54    0.0
     55    0.0
     56    0.0
     57    0.0
     58    T  
     59    0.0
     60    0.0
     61    0.0
     62    0.0
     63    0.0
     64    0.0
     65    0.0
     66    0.0
     67    0.0
     68    0.0
     69    0.0
     70    0.0
     71    0.0
     72   11.3
     73    0.0
     74    0.0
     75    0.0
     76    0.0
     77    0.0
     78    0.0
     79    0.0
     80    0.0
     81    0.0
     82    0.0
     83    0.0
     84    0.0
     85    0.0
     86    0.0
     87    0.0
     88    0.0
     89    0.0
     90    0.0
     91    0.0
     92    0.0
     93    0.0
     94    0.0
     95    0.0
     96    0.0
     97    0.0
     98    0.0
     99    0.0
    100    0.0
    101    0.0
    102    0.0
    103    0.0
    104    0.0
    105    0.0
    106   13.3
    107   14.2
    108    0.0
    109   16.3
    110    0.0
    111    0.0
    112    3.9
    113    0.0
    114    2.0
    115    0.0
    116    0.0
    117    0.0
    118    0.0
    119    6.3
    120    0.0
    121    0.0
    122    0.0
    123    6.4
    124    0.0
    125    0.0
    126   18.9
    127   20.5
    128   16.2
    129   13.2
    130    0.0
    131   15.5
    132    0.0
    133    2.0
    134    3.9
    135    0.0
    136    0.0
    137   16.8
    138    3.8
    139   15.0
    140    0.0
    141    3.5
    142    0.0
    143   16.5
    144    0.0
    145    3.5
    146    2.0
    147    0.0
    148   15.4
    149    0.0
    150   16.3
    151    0.0
    152   10.0
    153   11.3
    154   10.9
    155    0.0
    156   16.9
    157    0.0
    158    0.0
    159   15.9
    160    2.0
    161   10.5
    162   16.5
    163    0.0
    164    0.0
    165   11.9
    166    0.0
    167   12.9
    168   16.8
    169   15.0
    170   18.5
    171    8.0
    172   17.5
    173   13.5
    174    0.0
    175   15.5
    176    0.0
    177   12.0
    178    0.0
    179   18.5
    180   17.0
    181   20.5
    182   18.9
    183    0.0
    184   15.3
    185   13.3
    186   15.9
    187   13.3
    188    5.5
    189   14.5
    190   19.5
    191   34.0
    192   16.3
    193   13.4
    194   15.3
    195   21.0
    196   26.3
    197   15.4
    198   18.1
    199   18.5
    200   19.4
    201   20.5
    202   17.4
    203   22.2
    204    9.4
    205   18.3
    206   22.0
    207   29.0
    208   16.3
    209   28.0
    210   13.0
    211   30.5
    212    6.8
    213    0.0
    214   15.0
    215    6.4
    216   18.0
    217    0.0
    218   34.0
    219   16.5
    220   10.0
    221   15.5
    222   18.0
    223   19.0
    224   17.0
    225    8.0
    226   15.4
    227   11.0
    228    3.0
    229   13.5
    230    5.4
    231   16.9
    232   11.0
    233   10.0
    234   17.0
    235    8.0
    236   20.0
    237    0.0
    238   18.0
    239   15.0
    240    3.0
    241    6.0
    242   11.0
    243    8.0
    244    0.0
    245    0.0
    246    0.0
    247   13.5
    248    0.0
    249    0.0
    250    0.0
    251    3.5
    252    0.0
    253    0.0
    254    0.0
    255    0.0
    256    0.0
    257    0.0
    258    0.0
    259   16.3
    260    0.0
    261   10.9
    262    0.0
    263    3.9
    264    0.0
    265    0.0
    266    5.6
    267    0.0
    268    6.0
    269    3.5
    270   12.3
    271   15.5
    272   16.1
    273    3.5
    274    0.0
    275    0.0
    276    0.0
    277    0.0
    278    0.0
    279    0.0
    280    0.0
    281    0.0
    282    0.0
    283    0.0
    284    0.0
    285    8.1
    286    0.0
    287    0.0
    288    0.0
    289    0.0
    290    0.0
    291    0.0
    292    3.5
    293    0.0
    294    0.0
    295    0.0
    296    0.0
    297    0.0
    298    0.0
    299    0.0
    300    0.0
    301    0.0
    302    0.0
    303    0.0
    304    0.0
    305    0.0
    306    0.0
    307    0.0
    308    0.0
    309    0.0
    310    0.0
    311    0.0
    312    0.0
    313    0.0
    314    0.0
    315    0.0
    316    0.0
    317    0.0
    318    0.0
    319    0.0
    320    0.0
    321    0.0
    322    0.0
    323    0.0
    324    0.0
    325    0.0
    326    0.0
    327    0.0
    328    0.0
    329    0.0
    330    0.0
    331    0.0
    332    0.0
    333    0.0
    334    0.0
    335    0.0
    336    0.0
    337    0.0
    338    0.0
    339    T  
    340    0.0
    341    0.2
    342    0.0
    343    0.0
    344    0.0
    345    0.0
    346    0.0
    347    0.0
    348    0.0
    349    0.0
    350    0.0
    351    0.0
    352    0.0
    353    0.0
    354    0.0
    355    0.0
    356    0.0
    357    0.0
    358    0.0
    359    0.0
    360    0.0
    361    0.0
    362    0.0
    363    0.0
    364    0.0
    365    0.0
