2009          Temperature for JIRI                    
        Tmax  Tmin
     1  12.5  -2.7 
     2  13.0  -1.5 
     3  13.0  -2.4 
     4  13.0  -1.1 
     5  14.2  -2.0 
     6  14.0  -2.5 
     7  14.3  -2.0 
     8  15.5  -4.2 
     9  15.0  -4.0 
    10  16.0  -3.2 
    11  15.5  -3.5 
    12  14.0  -3.0 
    13  14.9  -2.0 
    14  15.5  -2.2 
    15  16.0   0.0 
    16  16.6  -1.2 
    17  16.8  -1.3 
    18  19.6  -1.5 
    19  19.1  -2.5 
    20  16.5  -0.6 
    21  16.8  -2.3 
    22  17.7   0.6 
    23  22.0   1.0 
    24  19.5   1.1 
    25  19.5   0.0 
    26  21.9   0.5 
    27  22.0   0.0 
    28  21.2  -2.7 
    29  16.7  -2.5 
    30  18.5  -2.5 
    31  17.0  -2.0 
    32  17.7  -2.5 
    33  15.7   0.9 
    34  14.5  -1.0 
    35  15.3   1.0 
    36  16.5  -0.5 
    37  17.5  -0.6 
    38  17.0  -2.2 
    39  17.0  -1.0 
    40  17.0   0.0 
    41  18.5   0.5 
    42  18.0   1.1 
    43  17.0  -1.2 
    44  19.8  -0.6 
    45  22.0   1.0 
    46  19.8  -0.2 
    47  18.5  -1.1 
    48  19.0   0.2 
    49  21.6   1.1 
    50  19.6  -0.2 
    51  20.0   0.8 
    52  20.8   0.9 
    53  21.1   0.1 
    54  19.2   1.5 
    55  20.2   1.2 
    56  18.6   1.0 
    57  19.6   0.5 
    58  20.1   0.2 
    59  17.3  -2.2 
    60  16.1   0.5 
    61  15.8   4.7 
    62  18.6   1.6 
    63  20.0   1.0 
    64  20.0   1.9 
    65  23.6   2.3 
    66  23.9   2.3 
    67  22.5   0.5 
    68  20.5   1.4 
    69  22.5   0.8 
    70  20.0  -0.4 
    71  22.8  -0.3 
    72  21.2   0.0 
    73  21.8  -0.5 
    74  20.2   3.9 
    75  18.5   3.0 
    76  19.5   0.1 
    77  20.2   0.5 
    78  19.0   0.6 
    79  18.6   2.2 
    80  20.5   1.5 
    81  20.0   4.2 
    82  19.8   1.4 
    83  19.0   1.5 
    84  18.6   3.3 
    85  15.0   4.2 
    86  17.0   2.5 
    87  18.5   3.2 
    88  20.5   5.0 
    89  19.0   4.0 
    90  19.0   3.5 
    91  20.6   2.8 
    92  18.5   9.0 
    93  20.5   7.8 
    94  21.0   6.5 
    95  21.0   8.3 
    96  22.1   9.9 
    97  22.8   7.5 
    98  23.5   8.5 
    99  22.8   7.2 
   100  21.1   3.2 
   101  22.6   6.5 
   102  22.6   6.2 
   103  23.6   8.0 
   104  22.3   9.5 
   105  23.5  10.1 
   106  24.6  10.5 
   107  24.6   8.0 
   108  24.5   5.6 
   109  24.0   8.2 
   110  23.5  12.8 
   111  25.5   7.5 
   112  25.5   8.5 
   113  24.5   6.8 
   114  25.5   5.5 
   115  24.2   5.0 
   116  24.5   5.6 
   117  23.6   6.5 
   118  23.5   7.2 
   119  24.5   7.2 
   120  23.6  10.6 
   121  23.2  10.3 
   122  24.6  15.4 
   123  25.2   9.5 
   124  23.0   8.0 
   125  23.8   7.5 
   126  25.6   6.6 
   127  24.5   7.3 
   128  25.1   7.0 
   129  24.5   6.6 
   130  23.8   7.0 
   131  21.0   8.2 
   132  21.2   9.3 
   133  19.8   8.6 
   134  20.6   4.5 
   135  21.6   7.0 
   136  22.0   9.1 
   137  22.1   9.5 
   138  24.0  12.4 
   139  25.8  14.2 
   140  24.5  16.9 
   141  23.8  14.6 
   142  23.8  13.6 
   143  21.0  13.2 
   144  22.7  10.5 
   145  18.5  13.0 
   146  17.5  14.0 
   147  22.0   8.0 
   148  22.1  11.2 
   149  22.5  10.0 
   150  22.2  10.0 
   151  17.6  10.0 
   152  22.1  10.0 
   153  23.8  10.2 
   154  23.0  11.7 
   155  23.8  16.2 
   156  25.0  15.2 
   157  24.0  15.1 
   158  24.2  14.0 
   159  25.0  14.4 
   160  25.6  11.2 
   161  25.1  10.5 
   162  23.6  11.1 
   163  23.1  13.9 
   164  24.0  14.5 
   165  25.0  13.5 
   166  25.6  14.0 
   167  26.5  13.5 
   168  26.5  13.0 
   169  25.8  15.0 
   170  26.5  16.8 
   171  26.5  16.0 
   172  25.5  16.7 
   173  25.0  17.5 
   174  25.0  17.8 
   175  24.8  17.7 
   176  25.6  15.3 
   177  23.9  17.7 
   178  22.0  17.2 
   179  23.1  17.0 
   180  25.6  17.0 
   181  22.5  17.4 
   182  22.5  17.5 
   183  22.6  17.1 
   184  23.6  17.5 
   185  24.9  17.4 
   186  24.5  17.4 
   187  25.5  18.0 
   188  25.8  18.3 
   189  25.5  16.3 
   190  25.5  18.5 
   191  25.1  16.9 
   192  23.0  18.8 
   193  21.7  17.0 
   194  24.4  16.6 
   195  26.8  15.1 
   196  26.0  17.5 
   197  25.1  17.4 
   198  25.1  19.0 
   199  26.0  17.5 
   200  26.6  17.0 
   201  26.1  15.3 
   202  25.9  18.5 
   203  24.2  16.6 
   204  25.0  18.5 
   205  25.0  18.5 
   206  25.4  19.5 
   207  25.5  18.0 
   208  21.2  17.5 
   209  23.0  17.0 
   210  22.5  17.6 
   211  23.0  18.0 
   212  24.0  17.6 
   213  25.1  18.4 
   214  25.5  18.0 
   215  27.3  17.6 
   216  26.5  17.8 
   217  25.0  19.0 
   218  23.0  17.8 
   219  23.1  17.8 
   220  24.0  17.5 
   221  25.6  18.5 
   222  25.6  18.4 
   223  26.2  18.6 
   224  24.0  18.8 
   225  22.6  18.4 
   226  22.0  17.0 
   227  23.2  17.1 
   228  23.5  16.2 
   229  22.2  17.5 
   230  22.8  17.0 
   231  24.2  16.8 
   232  23.0  16.9 
   233  23.2  16.4 
   234  24.5  17.0 
   235  22.6  17.6 
   236  21.0  16.1 
   237  23.1  16.9 
   238  22.5  15.6 
   239  23.5  16.0 
   240  24.5  14.7 
   241  25.5  17.0 
   242  25.0  16.0 
   243  25.5  17.5 
   244  24.5  16.6 
   245  25.0  16.0 
   246  24.2  16.2 
   247  24.0  14.5 
   248  23.8  14.6 
   249  22.6  14.8 
   250  24.5  16.0 
   251  24.6  14.4 
   252  22.5  17.0 
   253  21.3  14.6 
   254  23.2  16.2 
   255  24.5  13.5 
   256  25.1  12.2 
   257  24.5  14.7 
   258  24.6  17.4 
   259  25.0  15.2 
   260  24.6  13.7 
   261  24.1  16.5 
   262  24.5  12.7 
   263  23.5  15.5 
   264  23.0  14.4 
   265  23.5  15.8 
   266  22.0  13.3 
   267  23.0  14.4 
   268  23.0  16.1 
   269  23.6  11.5 
   270  26.0  12.1 
   271  25.9   8.8 
   272  25.5  11.1 
   273  26.0  13.0 
   274  25.5  12.1 
   275  22.5  10.4 
   276  25.2  14.0 
   277  24.0  13.3 
   278  22.1  12.6 
   279  22.0  15.5 
   280  21.5  16.7 
   281  22.0  14.8 
   282  23.0  13.5 
   283  22.1  14.5 
   284  21.6  10.5 
   285  20.0  11.4 
   286  21.5   9.5 
   287  22.0  12.4 
   288  22.5   8.1 
   289  23.0   7.0 
   290  23.0  10.5 
   291  22.0  10.3 
   292  21.1   6.5 
   293  20.6   4.8 
   294  20.0   6.0 
   295  20.5   5.2 
   296  20.6   4.5 
   297  20.7   4.2 
   298  20.7   7.8 
   299  20.0   4.5 
   300  21.0   3.1 
   301  20.6   3.2 
   302  21.1   2.6 
   303  20.4   0.8 
   304  20.0   2.5 
   305  20.0   1.6 
   306  20.0   2.5 
   307  23.0   1.5 
   308  21.5   1.1 
   309  21.0   2.0 
   310  21.5   1.5 
   311  20.1   0.8 
   312  19.9   0.2 
   313  20.0   0.8 
   314  19.0  -0.3 
   315  17.0   3.3 
   316  19.0   5.3 
   317  21.8   5.0 
   318  21.5   6.4 
   319  22.0   5.3 
   320  19.5   7.0 
   321  16.3   9.4 
   322  17.6   1.5 
   323  17.0   0.8 
   324  15.6  -2.0 
   325  15.0   0.5 
   326  16.2  -0.4 
   327  17.2   0.5 
   328  16.1   0.5 
   329  17.0   0.0 
   330  15.8  -0.5 
   331  15.1  -0.6 
   332  16.8   1.0 
   333  16.8   1.4 
   334  17.5   1.0 
   335  16.5   1.5 
   336  17.4   9.0 
   337  16.7   8.5 
   338  17.2   6.0 
   339  17.0   4.2 
   340  16.5   2.5 
   341  15.2   0.5 
   342  15.0  -0.8 
   343  15.5   0.0 
   344  16.1   0.0 
   345  18.3   1.2 
   346  16.8  -1.5 
   347  13.5   1.5 
   348  16.5  -0.2 
   349  16.2   1.1 
   350  17.5   0.0 
   351  17.5   1.0 
   352  16.6  -0.5 
   353  14.5  -1.4 
   354  14.5  -3.5 
   355  15.0  -2.4 
   356  14.0  -3.8 
   357  13.3  -1.5 
   358  13.5  -2.2 
   359  12.2  -0.5 
   360  12.5  -1.9 
   361  13.0   2.0 
   362  13.5  -1.2 
   363  12.5  -3.5 
   364  13.5  -3.0 
   365  10.5   1.6 
