1979          Temperature for JIRI                    
        Tmax  Tmin
     1  13.5  -1.0 
     2  12.5  -1.4 
     3  12.9   0.9 
     4  12.9  -1.4 
     5  11.0  -2.2 
     6  12.5   1.9 
     7  16.9  -1.4 
     8  17.5   0.8 
     9  13.4  -1.0 
    10  12.0   0.4 
    11  13.0   3.5 
    12  13.2   2.5 
    13  12.9   0.5 
    14  13.2   2.2 
    15  12.8   2.9 
    16  12.8   2.9 
    17  15.0   1.5 
    18  14.9   0.5 
    19  13.9  -0.9 
    20  13.2  -0.5 
    21  13.0  -0.9 
    22  12.2   0.0 
    23  14.2  -0.5 
    24  13.8   0.2 
    25  14.9  -0.2 
    26  14.9   0.9 
    27  13.8   0.0 
    28  14.9  -1.4 
    29  14.0   1.5 
    30  13.9  -1.0 
    31  14.8  -0.5 
    32  13.8   0.5 
    33  14.5  -0.9 
    34  14.2   0.8 
    35  14.2  -2.0 
    36  13.5  -0.2 
    37  13.9   0.5 
    38  12.9   5.2 
    39   9.2   0.5 
    40   8.5   1.2 
    41   9.8  -0.5 
    42  14.0   2.0 
    43  14.6   0.5 
    44  14.2   0.5 
    45  15.8   2.0 
    46  15.0   0.5 
    47  18.0   5.0 
    48  16.5   3.0 
    49  18.0   2.0 
    50  17.0   3.0 
    51  16.0   3.0 
    52  16.0   0.0 
    53  20.0   1.0 
    54  16.0   2.0 
    55  17.0  -1.0 
    56  15.0  -2.0 
    57  13.0   0.0 
    58  14.0   0.0 
    59  15.0   0.0 
    60  16.0   0.0 
    61  17.0   0.0 
    62  16.0   2.0 
    63  18.0   2.0 
    64  20.0   3.0 
    65  20.0   3.0 
    66  20.0   4.0 
    67  16.0   2.0 
    68  18.0   3.0 
    69  18.0  -1.0 
    70  15.0   0.0 
    71  15.0   0.0 
    72  16.5   2.0 
    73  17.0   2.0 
    74  19.6   1.0 
    75  17.0   2.0 
    76  19.0   4.0 
    77  18.5   6.0 
    78  18.0   3.0 
    79  21.2   3.0 
    80  20.0   2.0 
    81  19.0   6.0 
    82  22.0   3.0 
    83  22.0   4.0 
    84  22.0   4.0 
    85  21.0   5.0 
    86  21.4   6.4 
    87  20.0   4.7 
    88  19.8   5.8 
    89  20.4   7.3 
    90  21.9   5.5 
    91  22.4   6.2 
    92  22.6   6.5 
    93  23.9   6.5 
    94  25.8   7.5 
    95  22.9  10.2 
    96  19.9   5.2 
    97  21.8   5.2 
    98  22.0   7.2 
    99  22.2   8.2 
   100  21.3   9.2 
   101  21.3   9.8 
   102  23.2   7.2 
   103  21.0   9.0 
   104  22.0   9.0 
   105  20.0   8.0 
   106  20.0   9.0 
   107  20.0   9.0 
   108  20.9   6.0 
   109  19.9  11.0 
   110  21.0  11.0 
   111  22.0   8.0 
   112  21.0   9.0 
   113  21.0   7.0 
   114  23.4   9.0 
   115  24.3   8.5 
   116  23.9   7.6 
   117  22.0   9.3 
   118  22.2  12.3 
   119  23.0  15.0 
   120  21.5  11.7 
   121  19.5   8.8 
   122  22.5  13.3 
   123  23.5  12.9 
   124  24.5  12.6 
   125  24.0   9.8 
   126  24.3   7.5 
   127  24.8   7.5 
   128  24.4   8.5 
   129  24.3  11.3 
   130  22.5  10.7 
   131  22.5  12.9 
   132  22.9  14.2 
   133  24.8  15.1 
   134  24.8  14.5 
   135  25.1  16.5 
   136  24.9  14.0 
   137  25.3  14.7 
   138  26.6  13.9 
   139  23.9  10.5 
   140  22.5  11.9 
   141  22.5  10.5 
   142  23.8  11.0 
   143  23.9  14.2 
   144  22.5   8.3 
   145  23.5   8.9 
   146  24.8  10.0 
   147  24.0  10.0 
   148  24.5  11.1 
   149  25.8  10.0 
   150  24.2  10.0 
   151  25.5   8.9 
   152  25.7   8.5 
   153  26.1   9.8 
   154  26.2  12.4 
   155  26.0  12.1 
   156  25.9  11.9 
   157  25.3  12.9 
   158  24.8  13.3 
   159  22.9  15.2 
   160  23.0  12.5 
   161  22.4  15.3 
   162  22.9  15.4 
   163  22.8  13.2 
   164  21.5  12.5 
   165  21.9  16.0 
   166  22.0  16.0 
   167  21.9  16.3 
   168  21.9  16.0 
   169  23.4  16.0 
   170  23.2  17.0 
   171  23.0  17.0 
   172  21.0  17.0 
   173  23.0  16.6 
   174  24.0  16.0 
   175  23.9  16.5 
   176  24.5  17.0 
   177  23.5  18.5 
   178  23.6  18.0 
   179  22.5  18.0 
   180  22.5  18.3 
   181  21.6  17.7 
   182  21.9  18.0 
   183  23.3  18.3 
   184  25.1  17.7 
   185  22.7  17.2 
   186  23.2  17.7 
   187  24.5  15.0 
   188  25.8  17.0 
   189  24.5  16.5 
   190  23.3  19.0 
   191  23.5  18.3 
   192  22.5  17.1 
   193  22.5  16.3 
   194  22.4  17.9 
   195  22.5  17.5 
   196  22.5  17.9 
   197  23.2  16.7 
   198  23.0  18.8 
   199  22.5  16.9 
   200  22.5  16.3 
   201  22.5  16.8 
   202  22.5  17.3 
   203  24.0  17.2 
   204  23.0  18.0 
   205  23.0  17.0 
   206  21.5  16.6 
   207  22.9  17.2 
   208  21.5  18.0 
   209  21.0  16.9 
   210  22.0  17.5 
   211  22.6  17.4 
   212  22.3  16.8 
   213  22.9  16.7 
   214  23.5  17.3 
   215  23.0  17.3 
   216  24.6  16.3 
   217  24.5  17.0 
   218  24.4  16.8 
   219  24.3  17.1 
   220  22.9  16.2 
   221  23.8  17.8 
   222  24.0  17.2 
   223  23.2  17.0 
   224  23.5  17.2 
   225  23.6  17.0 
   226  22.4  17.2 
   227  22.4  16.4 
   228  21.9  17.0 
   229  22.8  16.5 
   230  22.0  18.5 
   231  22.8  18.2 
   232  21.9  18.5 
   233  21.0  16.5 
   234  21.4  16.5 
   235  21.8  17.2 
   236  23.2  17.3 
   237  23.0  17.4 
   238  23.3  16.3 
   239  20.5  15.3 
   240  22.0  16.3 
   241  21.9  16.8 
   242  19.0  17.2 
   243  19.8  16.1 
   244  22.5  16.3 
   245  20.8  17.5 
   246  21.0  17.2 
   247  21.4  16.6 
   248  21.4  16.7 
   249  22.0  15.0 
   250  20.3  16.8 
   251  21.4  19.2 
   252  21.5  15.0 
   253  21.5  16.2 
   254  21.5  15.1 
   255  20.9  13.4 
   256  20.4  10.3 
   257  20.5   9.8 
   258  20.4  14.8 
   259  22.0  12.0 
   260  22.0  13.0 
   261  21.0  13.5 
   262  21.0  13.4 
   263  21.8  14.2 
   264  22.3  14.6 
   265  22.0  14.9 
   266  22.5  12.2 
   267  23.0  11.5 
   268   DNA   DNA 
   269   DNA   DNA 
   270   DNA   DNA 
   271   DNA   DNA 
   272  21.5  10.9 
   273  21.4  15.5 
   274  21.4  16.2 
   275  21.4  16.0 
   276  21.5  16.0 
   277  22.5  16.0 
   278  22.2  13.0 
   279  20.5   9.8 
   280  19.8  13.9 
   281  15.0  13.5 
   282  15.0  13.5 
   283  15.5  13.2 
   284  17.9  11.0 
   285  19.5   8.2 
   286  18.8   7.2 
   287  18.2   7.3 
   288  18.7   7.1 
   289   DNA   7.1 
   290  18.5   7.4 
   291  18.5   7.0 
   292  19.2  15.3 
   293  18.8   6.7 
   294  19.5   8.5 
   295  19.6   6.9 
   296  19.8   7.3 
   297  19.5   6.9 
   298  18.9   7.4 
   299  17.2  11.4 
   300  17.2   6.9 
   301  17.4   9.5 
   302  18.5   5.5 
   303  19.3   8.8 
   304  20.3   7.2 
   305  19.0   7.5 
   306  18.2   7.0 
   307  17.2   6.0 
   308  18.2   8.5 
   309  19.2   6.0 
   310  16.9   5.5 
   311  18.9   6.4 
   312  17.9   8.0 
   313  18.3   5.5 
   314  17.4   5.3 
   315  16.9   5.5 
   316  17.2   6.2 
   317  17.2   4.8 
   318  16.8   4.3 
   319  16.5   3.8 
   320  16.0   7.5 
   321  16.5   7.9 
   322  17.9   9.5 
   323  17.5  10.5 
   324  16.8   7.0 
   325  19.3   4.9 
   326  20.8   8.3 
   327  19.5  11.0 
   328  19.8   7.1 
   329  19.8   6.5 
   330  19.5   5.9 
   331  17.5   5.1 
   332  14.3   9.2 
   333  16.9   6.5 
   334  12.5   9.6 
   335  13.8   7.0 
   336  15.5   6.8 
   337  15.5   7.5 
   338  15.5   7.9 
   339  15.2   2.2 
   340  15.7   0.5 
   341  15.5  -0.3 
   342  15.3   1.4 
   343  15.4   1.2 
   344  14.8   5.0 
   345  13.5   4.9 
   346  13.1   4.8 
   347  12.4   0.8 
   348  11.5  -0.5 
   349  11.8   0.5 
   350  11.8   4.4 
   351  11.2  -0.1 
   352  11.2  -0.2 
   353  11.1   0.5 
   354  11.8   0.0 
   355  10.4  -2.4 
   356  12.2  -3.1 
   357  12.5  -1.2 
   358  12.9  -0.5 
   359  13.9   0.5 
   360  13.9   1.1 
   361  14.2   1.0 
   362  12.2   2.1 
   363  11.9   2.1 
   364   9.5   4.5 
   365  11.1   0.0 
