2011          Temperature for JIRI                    
        Tmax  Tmin
     1  14.5   5.2 
     2  13.2  -2.5 
     3  13.0  -0.8 
     4  14.0  -0.8 
     5  15.0  -3.6 
     6  14.5  -4.5 
     7  13.5  -3.5 
     8  16.0  -4.5 
     9  13.5  -5.0 
    10  12.5  -4.5 
    11  13.0  -3.8 
    12  13.5  -2.5 
    13  13.6  -4.0 
    14  14.5  -3.8 
    15  15.6  -3.8 
    16  10.1  -3.5 
    17  10.7  -6.0 
    18  10.0   1.7 
    19  10.2   3.1 
    20   9.8   3.0 
    21  12.0  -0.2 
    22  12.0  -1.6 
    23  15.8  -2.0 
    24  16.0  -3.6 
    25  17.5  -3.2 
    26  17.0  -4.0 
    27  14.5  -4.6 
    28  13.6  -3.2 
    29  14.3  -3.8 
    30  15.2  -3.4 
    31  16.0  -2.2 
    32  14.2  -3.0 
    33  15.1  -1.5 
    34  18.3  -2.0 
    35  19.5  -3.2 
    36  17.5  -1.4 
    37  19.0  -0.6 
    38  22.0  -0.2 
    39  20.9  -1.5 
    40  17.5  -0.4 
    41  19.0  -1.0 
    42  17.5  -1.5 
    43  16.0  -9.6 
    44  17.0   6.0 
    45  20.6   2.0 
    46  20.5   4.0 
    47   7.0   4.1 
    48  16.1  -1.5 
    49  15.5  -2.5 
    50  14.5  -2.0 
    51  15.0  -2.0 
    52  14.0   1.5 
    53  15.6  -3.2 
    54  17.5  -2.2 
    55  17.0  -1.5 
    56  15.1   1.5 
    57  16.6  -2.5 
    58  16.5  -2.0 
    59  18.5  -1.9 
    60  18.1  -1.6 
    61  19.2   1.5 
    62  20.0   2.5 
    63  19.2   2.5 
    64  21.3   0.5 
    65  24.5  -0.8 
    66  22.3  -0.2 
    67  20.5   2.5 
    68  16.8   3.4 
    69  19.5  -2.0 
    70  20.0  -1.0 
    71  18.5  -1.1 
    72  18.5   0.5 
    73  18.3   3.2 
    74  20.0   2.6 
    75  22.0   1.5 
    76  19.0   3.1 
    77  16.3  10.0 
    78  21.1   6.0 
    79  22.3   6.6 
    80  22.0   2.9 
    81  23.4   2.6 
    82  21.5   2.4 
    83  21.5   4.5 
    84  21.6   2.0 
    85  21.0   3.2 
    86  16.5   4.9 
    87  14.1   9.0 
    88  17.0   6.8 
    89  18.0   5.0 
    90  18.2   4.5 
    91  20.5   6.0 
    92  21.1   5.5 
    93  22.5   4.5 
    94  19.0   5.5 
    95  20.0   1.6 
    96  21.0   3.8 
    97  22.5   2.0 
    98  23.6   5.8 
    99  22.6   3.2 
   100  23.0   4.6 
   101  22.5   3.5 
   102  21.5   3.2 
   103  21.5   3.6 
   104  21.5   5.0 
   105  22.0   4.6 
   106  19.0   4.6 
   107  23.6   7.1 
   108  24.1  10.6 
   109  22.1   9.1 
   110  23.0   6.2 
   111  24.0   6.5 
   112  23.1   3.7 
   113  22.0   3.5 
   114  21.0   6.5 
   115  19.0   8.2 
   116  21.8   3.6 
   117  22.0   6.0 
   118  23.6   7.0 
   119  23.1  10.0 
   120  20.5  13.0 
   121  22.2   9.5 
   122  21.5  10.6 
   123  22.5   9.2 
   124  22.6   9.5 
   125  23.1   7.6 
   126  23.0   7.2 
   127  22.5   8.8 
   128  22.1   7.6 
   129  22.0   7.2 
   130  22.8  10.5 
   131  23.5   9.5 
   132  22.8  11.2 
   133  22.5  13.6 
   134  23.5   7.9 
   135  24.0  10.6 
   136  25.0  11.2 
   137  24.6  15.0 
   138  22.0  14.5 
   139  23.6  12.0 
   140  21.6  13.0 
   141  23.0  12.0 
   142  24.5  13.5 
   143  24.5  11.0 
   144  22.5  12.2 
   145  25.0  15.6 
   146  23.5  16.2 
   147  24.3  12.0 
   148  22.1  14.2 
   149  23.5  11.0 
   150  21.8  13.5 
   151  23.6  14.5 
   152  23.0  11.9 
   153  25.5  14.1 
   154  25.5  14.2 
   155  25.0  12.5 
   156  24.5  14.0 
   157  24.0  13.6 
   158  25.0  13.0 
   159  23.5  11.8 
   160  22.2  12.0 
   161  23.0  12.7 
   162  22.0  11.5 
   163  23.0  16.3 
   164  24.0  16.6 
   165  23.2  17.2 
   166  23.5  17.6 
   167  23.2  17.5 
   168  26.5  16.5 
   169  22.5  17.0 
   170  21.5  16.5 
   171  26.0  17.0 
   172  26.5  15.5 
   173  25.0  18.0 
   174  25.0  18.5 
   175  25.5  18.0 
   176  25.5  18.0 
   177  25.4  18.0 
   178  25.0  15.5 
   179  23.0  18.0 
   180  24.0  18.0 
   181  22.1  17.6 
   182  23.3  17.2 
   183  23.2  17.6 
   184  23.5  17.5 
   185  25.5  17.6 
   186  21.5  18.1 
   187  22.5  17.3 
   188  22.5  17.0 
   189  23.0  17.5 
   190  24.5  17.1 
   191  25.6  17.4 
   192  25.5  17.1 
   193  24.0  18.5 
   194  23.0  17.8 
   195  24.0  16.6 
   196  24.0  17.3 
   197  24.6  17.0 
   198  25.0  15.5 
   199  26.0  18.5 
   200  24.5  18.0 
   201  23.5  18.0 
   202  26.0  18.6 
   203  23.4  17.8 
   204  23.5  18.2 
   205  21.8  18.0 
   206  24.0  18.1 
   207  22.8  17.7 
   208  21.6  16.8 
   209  21.5  17.6 
   210  22.2  17.6 
   211  23.5  18.2 
   212  24.2  18.5 
   213  25.6  18.0 
   214  24.5  19.0 
   215  25.2  17.6 
   216  25.5  17.4 
   217  24.5  17.5 
   218  25.5  17.0 
   219  25.0  17.5 
   220  24.6  18.0 
   221  25.2  17.5 
   222  23.5  14.5 
   223  22.5  17.8 
   224  23.0  18.0 
   225  25.5  15.2 
   226  23.5  17.5 
   227  23.0  16.6 
   228  22.0  17.0 
   229  20.5  17.5 
   230  23.0  15.5 
   231  21.5  17.5 
   232  25.0  16.5 
   233  26.0  17.0 
   234  22.0  17.5 
   235  22.5  17.5 
   236  24.5  17.0 
   237  25.5  16.5 
   238  24.0  16.0 
   239  26.0  13.6 
   240  25.2  14.5 
   241  25.0  16.5 
   242  25.5  15.5 
   243  24.5  15.0 
   244  26.2  14.5 
   245  24.0  17.5 
   246  24.5  14.5 
   247  25.5  13.0 
   248  25.0  12.0 
   249  23.8  14.5 
   250  24.1  16.1 
   251  22.6  15.8 
   252  24.2  17.1 
   253  24.0  17.5 
   254  24.5  17.0 
   255  23.5  16.5 
   256  24.5  16.5 
   257  24.2  17.0 
   258  24.0  15.2 
   259  24.0  16.2 
   260  25.5  14.0 
   261  22.6  17.0 
   262  21.0  17.0 
   263  22.0  16.6 
   264  22.5  17.0 
   265  24.1  15.5 
   266  22.6  16.3 
   267  23.5  15.5 
   268  24.1  17.5 
   269  16.1  15.0 
   270  20.6  14.5 
   271  22.8  15.0 
   272  23.0  13.8 
   273  24.5  13.1 
   274  24.4  14.0 
   275  23.0  11.0 
   276  20.7  12.0 
   277  23.0  12.2 
   278  24.0  14.2 
   279  24.5  10.5 
   280  24.0   9.7 
   281  23.5  10.5 
   282  22.9   9.5 
   283  23.7   8.9 
   284  23.0   7.7 
   285  24.0   7.5 
   286  24.0   8.0 
   287  24.4   9.1 
   288  22.7  13.4 
   289  22.2  14.6 
   290  21.7  10.0 
   291  22.2   8.0 
   292  22.5   8.5 
   293  21.6   8.2 
   294  21.6  11.5 
   295  21.3   9.3 
   296  21.4   7.5 
   297  20.5   8.5 
   298  20.6   5.5 
   299  20.0   5.4 
   300  19.3   3.0 
   301  19.2   7.5 
   302  19.5   6.0 
   303  19.8   8.2 
   304  17.0  10.5 
   305  14.6   7.5 
   306  14.5   9.2 
   307  16.2   8.0 
   308  16.5  10.5 
   309  15.2   8.5 
   310  16.2   7.4 
   311  17.5   9.5 
   312  20.7   1.8 
   313  21.9   1.0 
   314  21.0   0.8 
   315  18.0   2.1 
   316  13.0   8.1 
   317  14.5  10.7 
   318  15.6  10.2 
   319  15.2   7.5 
   320  13.0   8.0 
   321  14.5   7.0 
   322  14.5   4.0 
   323  18.0   3.3 
   324  18.2   2.5 
   325  17.8   3.1 
   326  18.0   1.4 
   327  19.2   1.6 
   328  19.0   1.5 
   329  18.0   1.5 
   330  18.0   2.5 
   331  17.6   1.6 
   332  17.6   1.5 
   333  16.5   3.5 
   334  16.2   9.2 
   335  19.0   9.5 
   336  18.8   2.0 
   337  18.9   0.1 
   338  15.0   5.4 
   339  16.4   3.9 
   340  17.3   8.9 
   341  17.2   1.7 
   342  17.3   1.5 
   343  17.1   1.2 
   344  15.9  -1.0 
   345  14.4  -1.0 
   346  14.0  -2.0 
   347  13.6  -2.5 
   348  12.8  -1.2 
   349  13.5  -0.6 
   350  13.0  -1.9 
   351  12.6  -1.8 
   352  14.0   1.5 
   353  16.0  -1.8 
   354  14.0  -3.1 
   355  15.2  -4.3 
   356  15.5  -4.5 
   357  15.0  -4.6 
   358  15.0  -2.8 
   359  14.8  -4.0 
   360  14.6  -4.0 
   361  15.8  -2.5 
   362  15.5  -3.2 
   363  16.6  -3.8 
   364  14.8  -3.0 
   365  17.5  -3.0 
