1992          Temperature for JIRI                    
        Tmax  Tmin
     1   9.0  -5.8 
     2   9.5  -6.1 
     3  10.2  -5.0 
     4  13.0  -5.2 
     5  13.2  -4.8 
     6  11.5  -3.8 
     7  14.1  -2.5 
     8  13.1  -2.0 
     9  13.9   2.5 
    10  13.6  -2.1 
    11  15.0  -3.2 
    12  12.0   0.0 
    13  13.6  -2.5 
    14  14.6  -0.5 
    15  14.5  -2.4 
    16  13.6  -2.5 
    17  15.2  -3.5 
    18  12.0  -1.2 
    19  13.0   2.0 
    20  13.3   1.0 
    21  13.3   1.0 
    22  12.8   1.0 
    23  12.4  -3.0 
    24  13.6  -1.0 
    25  14.1  -1.0 
    26  15.1   3.4 
    27  15.6   6.8 
    28  16.0   2.1 
    29  17.0   0.9 
    30  16.9   2.2 
    31  13.0   2.0 
    32  15.5  -1.0 
    33  13.7   4.1 
    34  12.7  -2.5 
    35  13.0  -3.6 
    36  12.4  -3.3 
    37  12.6   1.0 
    38   7.0   6.0 
    39  12.0  -3.0 
    40  13.0  -0.2 
    41  13.0  -3.2 
    42  13.2   DNA 
    43   DNA   1.0 
    44  14.6   1.0 
    45  15.0   1.0 
    46  14.3   0.7 
    47  14.5   1.8 
    48  13.5  -3.0 
    49  12.5  -1.6 
    50  13.7  -3.0 
    51  13.6   1.1 
    52  14.5   3.0 
    53  15.0   3.0 
    54  14.0  -1.0 
    55  12.5  -4.5 
    56  12.2  -4.6 
    57  14.3  -2.9 
    58  13.6  -0.8 
    59  15.6   5.1 
    60  18.5   0.5 
    61  20.0   1.4 
    62  21.1   DNA 
    63  20.6  -0.5 
    64  20.8   2.0 
    65  20.0   1.8 
    66  20.0   0.8 
    67  22.5   1.0 
    68  19.5   1.0 
    69  22.0   0.8 
    70  20.3   1.0 
    71  20.1  -0.5 
    72  20.5   1.6 
    73  21.7   3.0 
    74  22.6   4.9 
    75  20.0   3.0 
    76  21.0   2.0 
    77  19.0   1.8 
    78  19.0   3.8 
    79  20.3   2.9 
    80  20.5   2.8 
    81  23.5   5.2 
    82  23.0   6.5 
    83  22.0   6.5 
    84  23.8   3.0 
    85  25.2   4.0 
    86  24.5   5.0 
    87  26.5   4.5 
    88  25.3   5.0 
    89  25.0   6.4 
    90  24.0   3.8 
    91  22.5   5.5 
    92  21.2   3.0 
    93  22.2   2.8 
    94  21.5   2.5 
    95  21.5   4.7 
    96  22.1   4.9 
    97  22.6   6.1 
    98  24.1   4.9 
    99  25.0   6.4 
   100  25.5   6.6 
   101  27.6   7.1 
   102  27.6   8.7 
   103  28.2   5.2 
   104  28.0   6.0 
   105  27.2   4.8 
   106  26.6   3.3 
   107  25.0   1.2 
   108  23.0   3.2 
   109  23.8   4.0 
   110  24.0   4.6 
   111  25.4   6.8 
   112  24.7   9.3 
   113  27.7  11.0 
   114  25.0   6.7 
   115  24.6   4.5 
   116  24.4   6.0 
   117  23.1   8.0 
   118  19.4  11.0 
   119  19.6   7.7 
   120  21.6  10.5 
   121  17.0   7.2 
   122  20.0   8.5 
   123  20.1   5.5 
   124  20.6   7.6 
   125  19.1  10.0 
   126  20.8   6.0 
   127  22.5   9.4 
   128  23.6   6.3 
   129  23.6   9.9 
   130  23.8  12.2 
   131  22.1   8.0 
   132  23.5   9.1 
   133  23.0   9.9 
   134  25.5  10.0 
   135  22.7  11.6 
   136  21.2  10.4 
   137  24.5   9.8 
   138  26.0  10.0 
   139  25.0   7.5 
   140  25.5   7.6 
   141  24.0   8.5 
   142  22.4   5.1 
   143  20.0   6.0 
   144  18.4   9.9 
   145  21.7  11.1 
   146  18.7   7.7 
   147  19.2  12.1 
   148  21.2  12.5 
   149  21.8  13.2 
   150  23.5  11.2 
   151  25.8  13.0 
   152  25.8  10.0 
   153  26.1   7.6 
   154  26.2   8.9 
   155  26.3   8.9 
   156  26.0  10.6 
   157  26.6  11.8 
   158  26.4   9.6 
   159  25.0  12.7 
   160  23.8  12.1 
   161  24.0  13.0 
   162  23.0  14.0 
   163  23.7  13.5 
   164  24.5  12.2 
   165  24.5  15.0 
   166  25.3  12.6 
   167  23.8  15.5 
   168  24.5  15.0 
   169  27.0  14.5 
   170  25.5  17.0 
   171  24.6  16.0 
   172  23.6  18.2 
   173  25.6  16.7 
   174  25.2  17.8 
   175  24.7  18.0 
   176  24.4  13.6 
   177  23.8  15.0 
   178  24.4  16.5 
   179  24.5  16.0 
   180  24.2  16.4 
   181  24.6  17.2 
   182  25.0  14.7 
   183  25.0  15.8 
   184  24.5  15.5 
   185  24.6  17.0 
   186  25.3  15.0 
   187  25.9  17.8 
   188  23.8  17.1 
   189  25.2  13.4 
   190  25.0  15.1 
   191  24.4  15.7 
   192  23.5  17.0 
   193  22.5  16.0 
   194  21.8  17.0 
   195  23.1  16.2 
   196  25.3  17.0 
   197  23.5  17.0 
   198  21.9  16.5 
   199  23.1  16.7 
   200  23.6  16.8 
   201  25.0  15.6 
   202  23.1  16.1 
   203  24.3  17.1 
   204  22.2  16.4 
   205  24.1  17.3 
   206  24.2  17.4 
   207  24.5  16.0 
   208  25.6  15.0 
   209  24.6  17.2 
   210  24.2  16.8 
   211  24.1  17.5 
   212  20.4  17.0 
   213  20.2  17.0 
   214  23.3  17.2 
   215  21.7  16.8 
   216  24.2  17.0 
   217  22.7  17.5 
   218  23.4  16.1 
   219  23.9  17.4 
   220  23.6  16.6 
   221  23.8  15.6 
   222  23.6  15.8 
   223  25.2  16.8 
   224  24.5  16.5 
   225  23.6  16.8 
   226  25.6  13.2 
   227  24.9  16.5 
   228  22.3  18.0 
   229  24.9  16.8 
   230  22.8  17.6 
   231  23.3  17.9 
   232  23.3  16.7 
   233  23.4  16.0 
   234  22.8  18.6 
   235  24.0  17.7 
   236  23.5  17.4 
   237  24.2  15.2 
   238  20.5  16.7 
   239  24.2  14.2 
   240  23.5  13.7 
   241  22.7  15.6 
   242  25.1  16.7 
   243  26.5  19.0 
   244  25.8  18.0 
   245  25.8  19.1 
   246  26.7  17.6 
   247  25.7  14.5 
   248  24.0  17.0 
   249  24.0  17.0 
   250  24.0  15.5 
   251  24.6  15.8 
   252  25.0  16.4 
   253  24.6  16.0 
   254  25.0  14.0 
   255  24.5  15.0 
   256  22.5  15.0 
   257  21.2  16.4 
   258  23.0  13.4 
   259  22.6  16.8 
   260  22.0  15.5 
   261  24.3  15.0 
   262  22.2  15.9 
   263  23.1  15.0 
   264  24.2  12.7 
   265  25.2  11.9 
   266  24.6  10.7 
   267  25.2  10.3 
   268  24.9  12.0 
   269  23.4  11.9 
   270  22.5  13.4 
   271  22.6  12.8 
   272  20.7  15.0 
   273  20.0  15.2 
   274  21.0  15.3 
   275  22.0  15.2 
   276  21.7  15.2 
   277  22.5  11.7 
   278  23.0  11.4 
   279  22.6  12.4 
   280  22.0   9.4 
   281  22.4   8.3 
   282  22.8   8.6 
   283  23.7  10.5 
   284  23.0   7.4 
   285  22.7  10.5 
   286  21.9  15.0 
   287  21.1  12.5 
   288  22.5  15.0 
   289  21.1  16.0 
   290  15.9  14.0 
   291  19.0  13.6 
   292  15.7  13.1 
   293  20.0  11.5 
   294  21.0  11.0 
   295  21.1  10.0 
   296  20.7   8.4 
   297  19.4   5.3 
   298  18.8   4.5 
   299  18.3   7.2 
   300  18.5   5.8 
   301  19.4   4.1 
   302  19.4   5.0 
   303  21.0   4.1 
   304  21.5   4.5 
   305  21.1   3.7 
   306  20.1   4.0 
   307  19.7   3.4 
   308  18.7   3.7 
   309  18.8   3.0 
   310  18.2   2.0 
   311  18.6   4.1 
   312  17.6   2.5 
   313  17.9   4.0 
   314  18.3   3.6 
   315  17.4   9.8 
   316  18.6   8.1 
   317  19.0   4.0 
   318  18.6   3.2 
   319  17.7   3.0 
   320  18.1   3.5 
   321  18.5   2.7 
   322  18.1   2.2 
   323  18.5   1.5 
   324  17.5   1.3 
   325  18.0   1.7 
   326  17.1   2.3 
   327  17.5   3.0 
   328  10.5   4.4 
   329  15.5  -1.1 
   330  20.0  -0.8 
   331  14.5  -2.0 
   332  14.9  -0.4 
   333  15.4   0.6 
   334  16.0   0.2 
   335  15.2   3.0 
   336  13.0   6.4 
   337  14.0   2.0 
   338  12.0   1.0 
   339  11.5   4.0 
   340  13.1   3.0 
   341  13.2  -2.0 
   342  15.5  -2.2 
   343  15.0  -2.0 
   344  15.1  -0.5 
   345  14.6  -2.3 
   346  16.6  -2.5 
   347  19.7  -1.8 
   348  18.3  -3.3 
   349  14.6  -4.2 
   350  12.6  -4.4 
   351  16.0  -2.8 
   352  13.7  -0.4 
   353  13.1  -1.1 
   354  14.0   0.4 
   355  14.0  -1.8 
   356  13.6  -1.4 
   357  13.5  -0.4 
   358  15.0  -0.5 
   359  17.0  -3.5 
   360  15.0  -4.0 
   361  12.4  -3.5 
   362  12.9   2.4 
   363  12.6   2.6 
   364  13.0  -1.3 
   365  13.5  -1.1 
   366  15.3   4.4 
