1990          Temperature for SYANGJA                 
        Tmax  Tmin
     1  22.0   6.0 
     2  19.4   7.2 
     3  22.4   6.2 
     4  23.2   6.0 
     5  23.4   5.6 
     6  21.8   7.0 
     7  23.0   8.2 
     8  25.4   9.2 
     9  24.0  10.0 
    10  23.4  10.0 
    11  23.0  11.2 
    12  24.8  10.0 
    13  24.0  11.0 
    14  23.2  11.0 
    15  25.0  10.2 
    16  26.4  10.0 
    17  21.8  10.0 
    18  24.4   7.0 
    19  23.4  11.2 
    20  21.2   9.0 
    21  23.0   7.0 
    22  26.4   5.2 
    23  26.4   7.0 
    24  23.0  10.0 
    25  22.2   6.2 
    26  23.0   7.0 
    27  25.0   7.0 
    28  20.0   9.2 
    29  20.4   7.0 
    30  26.4   5.2 
    31  22.4   6.4 
    32  22.0   8.2 
    33  16.4  12.2 
    34  18.4  12.0 
    35  21.2   9.0 
    36  21.2   8.0 
    37  20.6  10.0 
    38  18.0   9.0 
    39  22.4   8.0 
    40  20.6   7.0 
    41  21.0   7.0 
    42  21.4   6.2 
    43  21.2   8.0 
    44  19.8   6.0 
    45  22.4   9.0 
    46  21.2   8.0 
    47  21.2   8.0 
    48  20.6  10.0 
    49  21.0  11.2 
    50  23.4   8.4 
    51  23.4   7.8 
    52  22.4   7.2 
    53  19.6   9.0 
    54  19.8   9.0 
    55  21.4  10.0 
    56  21.0  11.2 
    57  22.0   6.4 
    58  24.4   8.4 
    59  21.4   9.4 
    60  20.0   7.2 
    61  21.0   8.0 
    62  22.6   7.0 
    63  22.6   7.2 
    64  23.2   7.2 
    65  23.0   8.2 
    66  24.4   6.0 
    67  21.2  10.2 
    68  20.0   9.0 
    69  22.2   8.0 
    70  23.4   7.0 
    71  19.6   9.0 
    72  20.8   7.2 
    73  18.4  13.2 
    74  23.8  11.2 
    75  24.0   9.0 
    76  23.2   8.2 
    77  29.4  12.0 
    78  28.8  11.0 
    79  29.2   9.2 
    80  27.4   8.2 
    81  30.0  15.0 
    82  22.2  10.2 
    83  17.6  11.4 
    84  24.2   7.4 
    85  22.2   7.0 
    86  18.6   9.8 
    87  23.8  11.0 
    88  24.6  11.0 
    89  20.2   9.8 
    90  26.6  12.2 
    91  24.4  12.2 
    92  25.2  11.4 
    93  25.4  12.0 
    94  26.6  13.2 
    95  25.6  15.0 
    96  26.4  11.0 
    97  27.2  12.2 
    98  28.2  13.0 
    99  26.8  13.0 
   100  31.4  13.0 
   101  31.6  16.0 
   102  30.6  13.2 
   103  31.2  13.2 
   104  31.6  14.4 
   105  25.4  12.0 
   106  33.0  13.0 
   107  28.0  17.0 
   108  29.8  14.2 
   109  27.4  13.2 
   110  32.4  12.0 
   111  33.4  13.0 
   112  31.0  17.2 
   113  31.0  17.0 
   114  31.8  17.0 
   115  32.2  16.2 
   116  31.4  11.2 
   117  28.6  10.0 
   118  27.6  15.0 
   119  31.4  13.2 
   120  30.0  12.8 
   121  22.0  11.8 
   122  28.4  14.6 
   123  29.0  14.8 
   124  23.0  14.8 
   125  30.0  15.2 
   126  28.8  16.0 
   127  30.0  16.0 
   128  30.6  15.4 
   129  31.6  17.2 
   130  30.2  20.0 
   131  33.0  20.6 
   132  31.6  18.2 
   133  31.4  19.0 
   134  28.2  18.4 
   135  30.8  20.0 
   136  31.6  21.4 
   137  31.6  22.2 
   138  28.2  17.0 
   139  31.6  21.0 
   140  30.0  19.0 
   141  30.0  20.0 
   142  30.0  16.0 
   143  30.4  17.2 
   144  28.4  19.0 
   145  30.6  18.2 
   146  28.4  20.2 
   147  30.2  18.0 
   148  31.8  22.0 
   149  31.6  19.2 
   150  31.6  18.2 
   151  31.4  21.0 
   152  32.4  20.0 
   153  32.6  21.0 
   154  30.0  19.4 
   155  27.4  17.4 
   156  25.8  16.0 
   157  32.8  20.0 
   158  30.4  18.2 
   159  32.2  18.2 
   160  30.8  20.2 
   161  29.6  20.2 
   162  30.0  20.0 
   163  28.6  20.0 
   164  31.4  20.0 
   165  33.0  20.2 
   166  31.2  19.0 
   167  31.0  22.0 
   168  33.2  23.0 
   169  33.6  22.0 
   170  32.4  22.0 
   171  33.4  21.4 
   172  32.6  22.0 
   173  32.2  21.2 
   174  29.4  22.2 
   175  31.8  23.0 
   176  31.4  24.0 
   177  33.2  21.2 
   178  32.4  21.4 
   179  31.2  19.2 
   180  32.2  22.0 
   181  30.4  23.0 
   182  33.2  23.2 
   183  33.6  24.0 
   184  33.6  21.2 
   185  32.2  23.0 
   186  30.0  23.0 
   187  32.4  20.4 
   188  31.8  23.0 
   189  30.4  22.0 
   190  30.2  21.0 
   191  30.4  23.2 
   192  32.0  22.0 
   193  32.4  22.2 
   194  31.8  22.0 
   195  27.6  22.0 
   196  32.4  21.2 
   197  30.4  22.2 
   198  29.0  22.0 
   199  24.0  21.4 
   200  26.4  21.0 
   201  29.0  21.4 
   202  33.2  22.0 
   203  33.4  21.2 
   204  33.4  22.2 
   205  33.4  21.4 
   206  31.4  23.0 
   207  26.0  22.6 
   208  31.8  22.4 
   209  30.6  22.0 
   210  30.6  22.0 
   211  31.8  22.0 
   212  27.8  23.0 
   213  32.8  20.0 
   214  29.0  20.2 
   215  30.4  20.0 
   216  31.8  22.2 
   217  32.2  22.0 
   218  30.0  22.2 
   219  31.6  22.0 
   220  32.6  21.2 
   221  32.8  21.2 
   222  31.8  21.0 
   223  27.2  21.2 
   224  27.2  21.0 
   225  26.8  21.0 
   226  30.2  20.2 
   227  30.0  21.2 
   228  32.8  22.0 
   229  31.4  22.0 
   230  32.8  22.2 
   231  32.8  22.2 
   232  34.0  21.0 
   233  32.4  23.0 
   234  32.8  20.0 
   235  32.8  22.2 
   236  32.4  22.0 
   237  29.6  23.2 
   238  31.6  23.0 
   239  30.2  21.0 
   240  32.4  21.4 
   241  30.0  22.2 
   242  33.0  23.0 
   243  32.4  21.0 
   244  33.8  21.8 
   245  34.0  22.0 
   246  32.0  21.2 
   247  32.2  22.0 
   248  30.8  21.2 
   249  30.8  22.0 
   250  32.0  21.2 
   251  32.8  22.0 
   252  30.4  23.0 
   253  27.6  22.0 
   254  31.2  21.0 
   255  31.6  21.2 
   256  30.8  21.0 
   257  33.2  22.0 
   258  31.6  21.2 
   259  32.4  21.0 
   260  32.0  21.2 
   261  32.8  20.0 
   262  30.0  21.0 
   263  33.8  24.2 
   264  31.2  20.0 
   265  31.0  21.0 
   266  32.2  22.0 
   267  25.0  20.2 
   268  32.6  22.0 
   269  32.4  20.8 
   270  31.4  18.4 
   271  31.0  20.0 
   272  31.8  22.0 
   273  30.6  24.0 
   274  30.6  23.0 
   275  30.0  20.0 
   276  30.6  20.2 
   277  30.6  20.0 
   278  32.4  20.0 
   279  31.6  20.2 
   280  31.6  20.2 
   281  32.6  19.2 
   282  29.4  19.0 
   283  27.6  20.0 
   284  28.2  20.2 
   285  30.0  21.6 
   286  32.4  17.2 
   287  28.4  16.0 
   288  27.4  15.2 
   289  28.0  14.2 
   290  28.0  14.2 
   291  27.2  14.2 
   292  27.2  13.2 
   293  28.6  13.8 
   294  28.6  14.6 
   295  28.0  15.0 
   296  25.4  12.2 
   297  24.6  14.2 
   298  25.0  13.2 
   299  27.2  12.0 
   300  27.2  11.0 
   301  27.2  11.0 
   302  25.6  12.2 
   303  28.0  10.0 
   304  27.2  10.0 
   305  26.8  10.0 
   306  27.6  11.2 
   307  27.6   9.0 
   308  27.8  10.2 
   309  26.2  14.0 
   310  26.4  12.2 
   311  25.8  15.2 
   312  26.6  12.2 
   313  29.0  11.0 
   314  28.8  10.0 
   315  27.4  11.2 
   316  29.0  11.0 
   317  28.0  10.2 
   318  30.2  10.2 
   319  29.6  11.0 
   320  30.2  11.0 
   321  25.0  11.0 
   322  24.4   9.2 
   323  25.4  10.2 
   324  25.8  10.0 
   325  26.4  10.0 
   326  27.4  11.6 
   327  27.2   9.2 
   328  25.2   9.2 
   329  25.2   9.0 
   330  22.0   9.0 
   331  24.4   8.0 
   332  23.2   8.2 
   333  23.8   7.0 
   334  25.0  11.2 
   335  24.2   7.0 
   336  20.8  10.0 
   337  20.6   8.2 
   338  21.4   9.2 
   339  23.6   8.0 
   340  24.2   6.2 
   341  24.0   7.2 
   342  23.4   7.0 
   343  25.2   7.2 
   344  24.4   6.0 
   345  24.2   8.2 
   346  23.6   6.0 
   347  22.6   7.0 
   348  23.4   7.2 
   349  24.0   7.8 
   350  23.2   7.4 
   351  24.0   4.4 
   352  25.6   4.0 
   353  23.8   5.2 
   354  23.0   6.0 
   355  23.8   5.2 
   356  21.6   6.0 
   357  21.8   7.0 
   358  21.6   6.0 
   359  21.6   7.2 
   360  21.0   5.2 
   361  20.6   6.2 
   362  21.4   7.0 
   363  17.0   8.2 
   364  16.8   8.2 
   365  21.6   8.2 
