1977          Temperature for SYANGJA                 
        Tmax  Tmin
     1  19.3   4.5 
     2   DNA   3.5 
     3   DNA   DNA 
     4   DNA   5.0 
     5  20.5   DNA 
     6  27.0   6.3 
     7  20.0   6.0 
     8  18.1  10.0 
     9  17.5  10.0 
    10   DNA   DNA 
    11   DNA  10.0 
    12  22.1   8.0 
    13  21.7   6.5 
    14  20.0   7.0 
    15  21.0   6.9 
    16  20.6   6.2 
    17  20.0   5.0 
    18  20.0   5.5 
    19  17.3   7.0 
    20  16.3   9.0 
    21  17.0   6.5 
    22  20.0   4.0 
    23  18.3   5.0 
    24   DNA   5.0 
    25  17.3   5.3 
    26  23.0   5.0 
    27  21.7   7.0 
    28  17.5   4.0 
    29  17.0   3.6 
    30  17.5   4.0 
    31  19.0   5.0 
    32  21.0   5.0 
    33  22.0   6.5 
    34  22.5   6.0 
    35  14.0   9.0 
    36  21.0   8.1 
    37  19.1   7.0 
    38  19.0   5.0 
    39  20.0   4.0 
    40  20.0   4.8 
    41  19.0   6.0 
    42  22.0   7.0 
    43  23.0   6.5 
    44  23.1   7.0 
    45  23.0   8.0 
    46  23.0   8.3 
    47  25.0   9.0 
    48  24.0  10.0 
    49  24.0  11.0 
    50  24.0  10.0 
    51  27.0   9.0 
    52  27.0   9.0 
    53   DNA   9.1 
    54   DNA   DNA 
    55   DNA   DNA 
    56  25.0   DNA 
    57  26.5   8.0 
    58  25.0   8.0 
    59  27.0   DNA 
    60  27.5   9.0 
    61  26.9  11.2 
    62  28.1   8.7 
    63  30.0   8.0 
    64   DNA  10.0 
    65   DNA   DNA 
    66   DNA   DNA 
    67   DNA   DNA 
    68   DNA   DNA 
    69   DNA   DNA 
    70   DNA   DNA 
    71   DNA   DNA 
    72  26.0  11.0 
    73  25.5   8.5 
    74  25.2  11.5 
    75  26.0  11.9 
    76  27.0  11.9 
    77  27.2  11.0 
    78  27.2  11.2 
    79  28.2  12.0 
    80  28.2  12.8 
    81  30.2  13.5 
    82  30.8  12.0 
    83  31.1  12.2 
    84  30.5  10.0 
    85  29.0   9.0 
    86  26.2  12.8 
    87  27.0  14.0 
    88  27.0  13.0 
    89  27.1  14.0 
    90  25.0  13.3 
    91  27.0  14.8 
    92  17.0  10.3 
    93  25.2  13.2 
    94  26.0  12.8 
    95  29.0  15.1 
    96  29.9  12.7 
    97  28.4  14.1 
    98  19.2  12.1 
    99  24.8  13.0 
   100  27.0  14.9 
   101  26.0  15.0 
   102  28.7  13.7 
   103  28.7  13.0 
   104  30.0  16.4 
   105  29.0  15.3 
   106  29.5  13.0 
   107  30.8  11.5 
   108  30.0  12.6 
   109  30.0  12.8 
   110  31.0  14.5 
   111  31.2  14.8 
   112  32.5  13.8 
   113  28.9  12.0 
   114  30.2  11.0 
   115  32.0  12.5 
   116  30.1  15.0 
   117  28.5  15.0 
   118  27.0  13.0 
   119  29.1  13.1 
   120  31.0  17.0 
   121  31.0  13.0 
   122  31.2  15.8 
   123  32.5  17.5 
   124  32.0  17.0 
   125  26.0  16.0 
   126  29.5  15.0 
   127  27.5  15.5 
   128  26.0  15.5 
   129  28.2  18.0 
   130  29.0  16.0 
   131  30.0  16.8 
   132  30.0  19.0 
   133  29.0  16.0 
   134  30.5  18.5 
   135  22.0   9.0 
   136  25.0  13.0 
   137  22.5  14.2 
   138  20.0  11.0 
   139  21.0  11.5 
   140  22.0  11.0 
   141  26.0  14.5 
   142  28.0  15.0 
   143  23.2  14.8 
   144  26.8  15.5 
   145  28.0  13.6 
   146  28.8  17.7 
   147  28.0  16.0 
   148  30.0  14.9 
   149   DNA   DNA 
   150  33.0  18.2 
   151  32.8  19.0 
   152  32.7  18.0 
   153  30.0  18.0 
   154  29.0  16.1 
   155  27.8  16.5 
   156  26.7  15.5 
   157  26.5  13.0 
   158  28.0  17.0 
   159  27.0  17.5 
   160  28.5  16.8 
   161  29.5  17.6 
   162  28.3  17.0 
   163  28.5  18.5 
   164  27.8  15.5 
   165  28.2  15.8 
   166  17.6  16.5 
   167  29.0  19.0 
   168  28.3  15.5 
   169  29.2  18.7 
   170  29.5  18.1 
   171  28.5  20.1 
   172  30.0  19.0 
   173  30.0  21.1 
   174  31.2  20.0 
   175  31.8  22.0 
   176  31.5  22.2 
   177  31.7  22.5 
   178  29.6  19.0 
   179  26.8  19.9 
   180  30.0  20.0 
   181  29.8  20.0 
   182  28.5  20.0 
   183  28.3  20.0 
   184  27.0  19.1 
   185  27.9  20.0 
   186  30.5  20.0 
   187  30.5  21.5 
   188   DNA  21.0 
   189  30.5  20.5 
   190  32.0  21.0 
   191  30.0  21.1 
   192  26.0  19.0 
   193  27.0  19.2 
   194  27.6  20.0 
   195  29.8  20.1 
   196  30.0  19.0 
   197  28.0  19.0 
   198  26.1  19.5 
   199  29.6  20.1 
   200  28.4  20.2 
   201  29.0  21.0 
   202  25.5  21.0 
   203  29.6  20.9 
   204  27.8  19.9 
   205  30.0  19.4 
   206  30.0  22.0 
   207  31.5  22.0 
   208  31.0  21.8 
   209  31.0  22.0 
   210  32.1  20.4 
   211  31.0  20.0 
   212  29.0  20.0 
   213  30.1  22.0 
   214  28.8  20.0 
   215  28.0  21.1 
   216  32.1  19.0 
   217  31.0  21.2 
   218  31.6  19.0 
   219  29.9  20.0 
   220  29.1  19.8 
   221  26.2  20.0 
   222  30.0  20.1 
   223  26.4  19.9 
   224  27.2  20.0 
   225   DNA  19.2 
   226  26.0  18.9 
   227   DNA   DNA 
   228   DNA   DNA 
   229  30.0  22.0 
   230  30.5  22.5 
   231  31.0  23.0 
   232  33.5  21.8 
   233  32.0  22.0 
   234  31.6  21.8 
   235  30.5  22.0 
   236  30.5  20.5 
   237  28.0  21.0 
   238  27.5  21.1 
   239  31.5  20.5 
   240  29.1  20.0 
   241  29.5  20.0 
   242  31.8  20.0 
   243  31.0  20.0 
   244  29.5  20.0 
   245  27.0  19.5 
   246  29.0  19.0 
   247  29.0  20.5 
   248  31.0  19.5 
   249  29.5  21.0 
   250  31.0  20.5 
   251  32.5  21.8 
   252  30.0  20.5 
   253  27.0  21.5 
   254  31.0  21.0 
   255   DNA   DNA 
   256   DNA   DNA 
   257   DNA   DNA 
   258   DNA   DNA 
   259   DNA   DNA 
   260   DNA   DNA 
   261   DNA   DNA 
   262   DNA   DNA 
   263   DNA   DNA 
   264   DNA   DNA 
   265   DNA   DNA 
   266   DNA   DNA 
   267   DNA   DNA 
   268   DNA   DNA 
   269   DNA   DNA 
   270   DNA   DNA 
   271   DNA   DNA 
   272   DNA   DNA 
   273   DNA   DNA 
   274   DNA   DNA 
   275   DNA   DNA 
   276   DNA   DNA 
   277   DNA   DNA 
   278   DNA   DNA 
   279   DNA   DNA 
   280   DNA   DNA 
   281   DNA   DNA 
   282   DNA   DNA 
   283   DNA   DNA 
   284   DNA   DNA 
   285   DNA   DNA 
   286   DNA   DNA 
   287   DNA   DNA 
   288   DNA   DNA 
   289   DNA   DNA 
   290   DNA   DNA 
   291   DNA   DNA 
   292   DNA   DNA 
   293   DNA   DNA 
   294   DNA   DNA 
   295   DNA   DNA 
   296   DNA   DNA 
   297   DNA   DNA 
   298   DNA   DNA 
   299   DNA   DNA 
   300   DNA   DNA 
   301   DNA   DNA 
   302   DNA   DNA 
   303   DNA   DNA 
   304   DNA   DNA 
   305   DNA   DNA 
   306   DNA   DNA 
   307   DNA   DNA 
   308   DNA   DNA 
   309   DNA   DNA 
   310   DNA   DNA 
   311   DNA   DNA 
   312   DNA   DNA 
   313   DNA   DNA 
   314   DNA   DNA 
   315   DNA   DNA 
   316   DNA   DNA 
   317   DNA   DNA 
   318   DNA   DNA 
   319   DNA   DNA 
   320   DNA   DNA 
   321   DNA   DNA 
   322   DNA   DNA 
   323   DNA   DNA 
   324   DNA   DNA 
   325   DNA   DNA 
   326   DNA   DNA 
   327   DNA   DNA 
   328   DNA   DNA 
   329   DNA   DNA 
   330   DNA   DNA 
   331   DNA   DNA 
   332   DNA   DNA 
   333   DNA   DNA 
   334   DNA   DNA 
   335   DNA   DNA 
   336   DNA   DNA 
   337   DNA   DNA 
   338   DNA   DNA 
   339   DNA   DNA 
   340   DNA   DNA 
   341   DNA   DNA 
   342   DNA   DNA 
   343   DNA   DNA 
   344   DNA   DNA 
   345   DNA   DNA 
   346   DNA   DNA 
   347   DNA   DNA 
   348   DNA   DNA 
   349   DNA   DNA 
   350   DNA   DNA 
   351   DNA   DNA 
   352   DNA   DNA 
   353   DNA   DNA 
   354   DNA   DNA 
   355   DNA   DNA 
   356   DNA   DNA 
   357   DNA   DNA 
   358   DNA   DNA 
   359   DNA   DNA 
   360   DNA   DNA 
   361   DNA   DNA 
   362   DNA   DNA 
   363   DNA   DNA 
   364   DNA   DNA 
   365   DNA   DNA 
