2014          Temperature for SYANGJA                 
        Tmax  Tmin
     1  21.5   7.2 
     2  21.6   5.5 
     3  21.6   6.5 
     4  21.6   7.0 
     5  20.5   7.2 
     6  19.2   8.2 
     7  19.2   6.8 
     8  19.4   8.4 
     9  19.2   9.0 
    10  20.0  12.0 
    11  16.5   6.8 
    12  19.0   7.2 
    13  21.0   8.8 
    14  21.0   6.2 
    15  21.2   7.2 
    16  21.5   6.0 
    17  21.6   7.2 
    18  18.8  10.0 
    19  20.0   8.0 
    20  22.0   8.2 
    21  22.5   7.2 
    22  19.6   6.8 
    23  23.2  10.2 
    24  21.6   9.4 
    25  23.0   8.6 
    26  23.0  10.2 
    27  23.2   8.2 
    28  23.4   8.4 
    29  23.5   7.2 
    30  23.5   7.5 
    31  23.4   7.0 
    32  24.2   7.0 
    33  23.4   8.2 
    34  24.2   9.0 
    35  24.4   9.4 
    36  24.8  10.0 
    37  24.2   9.4 
    38  25.0   9.0 
    39  23.0  10.2 
    40  23.2   9.0 
    41  23.8   8.5 
    42  20.4   8.0 
    43  21.5   6.8 
    44  22.2   7.2 
    45  21.5   7.2 
    46  22.4  10.0 
    47  22.5  10.4 
    48  20.2  10.2 
    49  22.0  10.0 
    50  23.5   9.0 
    51  23.6  10.2 
    52  23.5  10.5 
    53  24.2  12.5 
    54  25.2   9.0 
    55  25.5   9.8 
    56  24.5   9.8 
    57  24.4  10.2 
    58  24.5  12.2 
    59  24.6  10.8 
    60  24.4  11.0 
    61  24.5   9.8 
    62  24.5   9.0 
    63  24.6   7.8 
    64  25.5   9.2 
    65  25.5   9.0 
    66  25.5  10.0 
    67  25.6   9.4 
    68  26.6   8.4 
    69  27.2   8.8 
    70  28.0   7.2 
    71  28.4   7.4 
    72  28.6   7.2 
    73  29.2   8.6 
    74  29.5   9.8 
    75  30.0  12.2 
    76  30.2  13.0 
    77  30.6  12.4 
    78  30.5   9.8 
    79  30.8   9.2 
    80  27.5  10.2 
    81  27.4  10.4 
    82  28.2  10.0 
    83  28.6   9.8 
    84  29.0   9.8 
    85  30.2  11.2 
    86  30.4  13.2 
    87  33.6  14.2 
    88  34.0  11.4 
    89  35.5  11.2 
    90  32.6  12.0 
    91  32.8  14.0 
    92  33.0  12.8 
    93  32.8  16.2 
    94  31.8  18.0 
    95  31.4  18.0 
    96  32.0  16.0 
    97  32.4  20.0 
    98  32.0  20.2 
    99  32.4  18.2 
   100  33.5  12.4 
   101  31.5  12.0 
   102  32.4  12.5 
   103  34.2  15.0 
   104  35.2  16.0 
   105  36.4  20.0 
   106  36.8  15.0 
   107  36.8  13.2 
   108  37.2  13.8 
   109  37.4  15.2 
   110  32.4  16.0 
   111  33.6  17.2 
   112  34.2  18.0 
   113  34.6  15.8 
   114  34.8  16.0 
   115  35.2  15.8 
   116  35.6  20.0 
   117  34.2  19.0 
   118  35.2  20.0 
   119  34.4  20.8 
   120  35.2  18.2 
   121  33.6  14.3 
   122  32.4  16.6 
   123  32.6  18.0 
   124  33.4  20.0 
   125  33.6  16.2 
   126  33.5  16.2 
   127  34.0  16.5 
   128  34.5  18.0 
   129  34.8  18.2 
   130  32.8  17.2 
   131  33.4  15.4 
   132  34.0  14.4 
   133  34.5  14.2 
   134  34.8  14.0 
   135  33.6  13.2 
   136  33.8  18.2 
   137  34.2  18.4 
   138  34.6  20.2 
   139  35.2  22.2 
   140  35.6  22.4 
   141  36.0  23.4 
   142  36.8  19.8 
   143  36.6  19.2 
   144  37.4  18.6 
   145  37.6  20.4 
   146  38.2  17.4 
   147  36.2  16.4 
   148  33.4  16.2 
   149  34.2  15.2 
   150  34.8  19.2 
   151  36.2  16.8 
   152  33.4  19.8 
   153  33.5  19.6 
   154  34.2  19.4 
   155  34.5  19.6 
   156  35.4  21.2 
   157  35.5  22.2 
   158  34.5  22.2 
   159  32.6  20.5 
   160  32.8  21.6 
   161  33.8  21.5 
   162  33.8  22.2 
   163  34.0  22.2 
   164  34.6  19.5 
   165  34.8  19.5 
   166  35.0  20.6 
   167  35.4  20.4 
   168  36.0  21.5 
   169  36.8  22.4 
   170  38.0  22.6 
   171  35.5  22.5 
   172  35.2  22.5 
   173  35.5  21.2 
   174  35.6  21.5 
   175   DNA  21.7 
   176   DNA  20.2 
   177   DNA  21.2 
   178   DNA  21.0 
   179   DNA  21.0 
   180   DNA  20.5 
   181   DNA  21.0 
   182  31.2  21.0 
   183  33.6  22.0 
   184  33.6  21.0 
   185  33.8  21.4 
   186  34.0  22.0 
   187  34.0  23.2 
   188  34.2  22.2 
   189  33.2  22.4 
   190  33.4  24.2 
   191  33.5  23.5 
   192  33.5  22.5 
   193  33.6  21.0 
   194  33.2  21.0 
   195  33.4  23.0 
   196  32.6  21.4 
   197  33.4  22.2 
   198  32.2  22.6 
   199  33.2  21.0 
   200  31.0  22.0 
   201  32.2  22.5 
   202  33.6  21.2 
   203  33.0  20.6 
   204  33.2  22.6 
   205  33.5  22.2 
   206  33.5  21.2 
   207  33.0  21.0 
   208  31.0  22.4 
   209  32.4  21.5 
   210  33.5  21.0 
   211  35.6  22.2 
   212  35.6  23.0 
   213  36.0  23.4 
   214  35.2  22.4 
   215  35.4  22.1 
   216  35.5  22.4 
   217  35.8  21.2 
   218  36.0  22.2 
   219  36.2  19.2 
   220  36.4  20.2 
   221  36.8  22.4 
   222  37.0  22.2 
   223  37.0  22.2 
   224  37.2  24.2 
   225  37.5  23.2 
   226  37.6  21.0 
   227  37.8  21.0 
   228  38.0  22.0 
   229  38.2  21.6 
   230  36.0  21.8 
   231  36.2  21.0 
   232  36.4  20.4 
   233  36.0  19.8 
   234  37.0  20.2 
   235  37.2  20.4 
   236  35.4  22.4 
   237  35.6  21.2 
   238  34.8  22.0 
   239  35.0  20.0 
   240  35.2  21.0 
   241  35.5  21.5 
   242  35.6  21.2 
   243  35.8  21.5 
   244  36.0  21.2 
   245  36.2  23.5 
   246  36.4  22.4 
   247  36.5  22.2 
   248  36.6  24.2 
   249  36.5  22.2 
   250  36.5  21.2 
   251  36.6  22.2 
   252  36.8  21.2 
   253  36.8  21.0 
   254  35.2  20.2 
   255  35.4  20.4 
   256  35.6  21.4 
   257  35.8  21.2 
   258  36.0  21.5 
   259  35.2  21.0 
   260  35.4  21.2 
   261  35.6  22.4 
   262  35.8  22.2 
   263  35.8  22.2 
   264  36.0  22.4 
   265  36.2  22.0 
   266  36.4  22.2 
   267  36.2  22.5 
   268  36.4  21.2 
   269  36.5  22.4 
   270  36.6  22.2 
   271  36.6  22.2 
   272  36.8  21.0 
   273  36.5  22.4 
   274  33.8  21.2 
   275  33.0  21.0 
   276  31.8  21.8 
   277  31.8  20.0 
   278  30.6  20.2 
   279  30.6  20.0 
   280  30.8  20.6 
   281  31.0  21.0 
   282  30.8  20.0 
   283  29.8  16.8 
   284  30.8  17.0 
   285  30.0  16.8 
   286  28.4  17.0 
   287  28.5  17.0 
   288  28.6  16.2 
   289  30.0  18.2 
   290  30.8  18.0 
   291  26.4  16.2 
   292  27.8  16.2 
   293  26.6  16.2 
   294  26.2  16.0 
   295  27.8  13.6 
   296  28.5  15.6 
   297  27.5  16.6 
   298  28.0  16.8 
   299  28.4  17.2 
   300  28.4  17.2 
   301  28.6  17.0 
   302  28.0  18.2 
   303  27.0  16.2 
   304  27.5  16.0 
   305  28.4  12.0 
   306  28.5  10.2 
   307  28.6  11.2 
   308  28.8  11.2 
   309  27.2  11.2 
   310  27.4  12.2 
   311  27.5  12.2 
   312  27.6  12.4 
   313  27.8  12.2 
   314  28.0  11.4 
   315  27.4  11.2 
   316  27.5  11.2 
   317  27.6  11.0 
   318  27.6  10.0 
   319  25.2   9.8 
   320  25.2  10.0 
   321  25.4  10.2 
   322  25.5   9.8 
   323  25.6  10.2 
   324  25.8   9.5 
   325  25.8  10.2 
   326  26.0  10.2 
   327  26.2  10.0 
   328  26.2   9.8 
   329  26.4  10.2 
   330  26.5   9.8 
   331  26.6  10.2 
   332  26.8  10.8 
   333  26.8   9.5 
   334  26.6   9.0 
   335  27.8  11.2 
   336  28.0  11.2 
   337  28.2   9.8 
   338  25.0   9.6 
   339  25.2  10.0 
   340  25.2  11.2 
   341  25.4  10.2 
   342  25.5  10.2 
   343  25.6   9.8 
   344  23.2   9.8 
   345  22.2   9.6 
   346  22.4   9.6 
   347  20.2   9.2 
   348  20.0   9.4 
   349  18.2   9.2 
   350  16.4   9.4 
   351  15.0   9.4 
   352  14.6   8.6 
   353  14.0   9.4 
   354  13.0   8.6 
   355  13.2   9.4 
   356  12.5   9.0 
   357  12.4   9.0 
   358  12.0   9.2 
   359  11.4   9.2 
   360  11.0   9.0 
   361  11.2   9.0 
   362  10.0   9.0 
   363  10.2   9.2 
   364  10.0   9.2 
   365   9.6   8.8 
