2001          Temperature for SYANGJA                 
        Tmax  Tmin
     1  21.5   9.5 
     2  20.0   9.0 
     3  20.5   7.2 
     4  20.5   5.5 
     5  18.0   7.0 
     6  17.6   4.0 
     7  19.0   3.0 
     8  19.0   3.5 
     9  18.2   3.2 
    10  15.5   3.5 
    11  16.8   3.2 
    12  18.0   3.0 
    13  18.5   3.0 
    14  20.0   3.0 
    15  21.0   4.0 
    16  21.2   3.5 
    17  21.5   4.0 
    18  21.4   4.2 
    19  20.6   4.5 
    20  21.2   5.6 
    21  21.6   4.5 
    22  22.0   5.2 
    23  20.0   7.0 
    24  18.0   5.0 
    25  17.5   6.2 
    26  17.0   6.5 
    27  19.0   6.0 
    28  19.0   6.5 
    29  21.0   6.5 
    30  22.5   6.0 
    31  23.8   8.8 
    32  22.0   9.0 
    33  23.0   7.0 
    34  23.5   6.4 
    35  21.0   6.5 
    36  23.0   5.0 
    37  22.4   4.2 
    38  22.0   4.5 
    39  21.2   5.2 
    40  21.0   5.8 
    41  23.5   6.0 
    42  23.5   6.0 
    43  23.5   6.0 
    44  24.5   7.5 
    45  21.8   7.8 
    46  22.8   8.5 
    47  21.8   9.0 
    48  23.0   8.6 
    49  24.2   8.8 
    50  25.2   8.6 
    51  25.5   8.0 
    52  25.5  10.0 
    53  24.0  11.0 
    54  21.0  11.0 
    55  22.0   9.0 
    56  20.0   9.4 
    57  23.0   9.0 
    58  24.4   8.0 
    59  25.0   9.5 
    60  26.0  11.0 
    61  25.0   7.0 
    62  26.5   6.6 
    63  24.5   8.5 
    64  25.0   8.2 
    65  25.5   7.0 
    66  27.8   8.0 
    67  24.5  10.0 
    68  24.4   8.2 
    69  26.0   8.2 
    70  27.0   9.0 
    71  27.0   9.0 
    72  26.0   9.0 
    73  25.0   8.6 
    74  27.0   9.0 
    75  26.5   9.5 
    76  27.5   9.5 
    77  28.0   9.5 
    78  28.5  10.0 
    79  29.5  10.5 
    80  28.0  10.6 
    81  29.5  11.5 
    82  25.0  12.0 
    83  26.0  11.5 
    84  27.5   9.0 
    85  28.5  10.5 
    86  29.2  11.0 
    87  28.4  12.5 
    88  28.5  13.0 
    89  30.0  15.0 
    90  31.0  15.2 
    91  29.0  11.5 
    92  29.0  10.0 
    93  29.0  10.0 
    94  30.5  10.5 
    95  31.5  11.8 
    96  32.2  11.6 
    97  32.0  15.0 
    98  33.0  14.0 
    99  32.8  13.0 
   100  32.5  13.0 
   101  33.4  13.5 
   102  34.8  13.4 
   103  34.5  14.0 
   104  29.2  16.0 
   105  29.8  16.0 
   106  26.5  14.0 
   107  29.8  13.4 
   108  29.8  12.4 
   109  27.0  16.5 
   110  29.6  14.2 
   111  29.8  14.4 
   112  29.8  13.4 
   113  30.8  13.2 
   114  31.6  15.5 
   115  30.6  17.0 
   116  30.2  14.5 
   117  31.8  15.6 
   118  31.0  16.0 
   119  32.0  16.0 
   120  29.0  16.0 
   121  30.2  16.2 
   122  27.8  17.5 
   123  28.8  18.0 
   124  27.4  17.2 
   125  30.5  15.8 
   126  29.5  19.0 
   127  29.0  16.8 
   128  29.0  18.0 
   129  27.5  20.5 
   130  29.5  17.5 
   131  29.4  20.5 
   132  31.8  19.5 
   133  31.5  22.0 
   134  30.0  20.0 
   135  29.0  19.0 
   136  29.4  19.0 
   137  26.0  19.4 
   138  29.4  17.2 
   139  30.4  19.5 
   140  30.6  18.0 
   141  28.6  18.0 
   142  30.6  19.0 
   143  30.0  19.0 
   144  29.6  20.0 
   145  30.5  19.0 
   146  30.6  17.5 
   147  31.2  18.5 
   148  31.0  19.0 
   149  30.0  19.4 
   150  30.6  19.0 
   151  31.2  18.4 
   152  28.6  20.5 
   153  30.2  20.2 
   154  27.2  20.0 
   155  29.2  21.0 
   156  29.0  20.2 
   157  30.8  20.4 
   158  31.5  19.2 
   159  31.8  18.2 
   160  31.0  19.0 
   161  31.5  20.0 
   162  32.4  19.5 
   163  33.0  22.2 
   164  32.0  21.4 
   165  31.6  21.4 
   166  31.6  21.0 
   167  31.4  21.4 
   168  30.2  21.2 
   169  30.2  21.5 
   170  30.8  22.5 
   171  29.0  21.4 
   172  30.0  21.4 
   173  28.8  21.4 
   174  31.8  22.2 
   175  32.4  21.4 
   176  29.5  22.2 
   177  30.5  21.8 
   178  32.8  22.6 
   179  32.4  23.4 
   180  33.0  22.6 
   181  32.2  22.0 
   182  33.0  22.0 
   183  30.2  23.4 
   184  33.0  21.4 
   185  33.2  22.2 
   186  32.0  20.5 
   187  34.5  23.4 
   188  31.6  22.8 
   189  32.8  21.0 
   190  34.2  22.5 
   191  32.2  22.5 
   192  32.2  21.8 
   193  32.5  22.5 
   194  29.6  23.4 
   195  28.0  22.4 
   196  25.8  21.5 
   197  24.5  21.2 
   198  29.5  21.4 
   199  33.6  21.6 
   200  31.6  21.6 
   201  28.4  21.0 
   202  32.5  21.0 
   203  33.4  21.5 
   204  32.0  23.4 
   205  30.2  23.2 
   206  30.4  22.5 
   207  29.8  22.4 
   208  28.5  22.0 
   209  30.2  22.5 
   210  30.2  22.0 
   211  28.4  22.2 
   212  28.6  22.2 
   213  30.2  21.8 
   214  29.0  22.2 
   215  26.5  22.2 
   216  31.2  21.5 
   217  33.0  20.5 
   218  29.0  22.2 
   219  31.8  22.0 
   220  32.4  21.8 
   221  31.8  22.2 
   222  32.0  22.2 
   223  31.6  23.0 
   224  31.8  22.6 
   225  30.2  21.4 
   226  33.2  22.2 
   227  33.8  23.0 
   228  33.2  22.4 
   229  31.4  23.0 
   230  33.0  22.2 
   231  30.8  21.2 
   232  31.6  22.2 
   233  33.4  22.6 
   234  26.8  21.4 
   235  27.0  20.0 
   236  28.8  20.0 
   237  31.8  21.5 
   238  32.6  21.8 
   239  30.4  21.8 
   240  27.5  21.8 
   241  29.8  20.0 
   242  32.6  20.5 
   243  32.2  21.2 
   244  22.0  20.5 
   245  23.6  20.0 
   246  29.6  20.0 
   247  30.6  20.4 
   248  28.2  21.4 
   249  28.8  21.6 
   250  31.2  20.0 
   251  31.0  21.2 
   252  29.6  20.8 
   253  31.5  21.6 
   254  31.5  20.0 
   255  25.6  21.0 
   256  28.2  20.2 
   257  29.4  20.0 
   258  31.6  20.2 
   259  31.5  19.6 
   260  31.2  18.6 
   261  30.5  19.5 
   262  30.6  20.4 
   263  29.8  20.4 
   264  31.4  20.6 
   265  31.4  21.5 
   266  31.5  22.0 
   267  30.6  21.2 
   268  30.6  22.0 
   269  31.6  19.2 
   270  31.0  19.0 
   271  30.5  20.0 
   272  30.0  20.6 
   273  31.0  21.0 
   274  28.2  20.4 
   275  28.2  19.4 
   276  30.5  19.6 
   277  26.4  19.4 
   278  30.4  19.2 
   279  30.5  20.4 
   280  29.4  18.5 
   281  30.2  20.0 
   282  29.0  16.2 
   283  28.4  18.6 
   284  28.2  15.6 
   285  27.0  16.5 
   286  27.5  14.4 
   287  25.6  17.6 
   288  25.8  18.0 
   289  27.6  16.0 
   290  28.0  16.6 
   291  28.0  16.0 
   292  28.2  13.0 
   293  28.2  14.6 
   294  28.4  13.2 
   295  28.0  14.2 
   296  28.4  14.0 
   297  29.0  14.4 
   298  28.6  14.4 
   299  29.2  14.2 
   300  28.6  15.0 
   301  28.6  13.0 
   302  28.8  14.0 
   303  28.6  13.8 
   304  28.8  14.2 
   305  27.2  14.5 
   306  26.0  14.5 
   307  26.6  17.6 
   308  26.0  15.0 
   309  26.0  15.4 
   310  25.8  16.0 
   311  23.8  12.5 
   312  25.5  10.6 
   313  25.6  11.2 
   314  25.5  11.0 
   315  24.8   9.0 
   316  24.8  10.4 
   317  26.2  10.8 
   318  26.2  10.5 
   319  26.4  10.0 
   320  26.8  10.2 
   321  27.0  11.0 
   322  26.4  11.2 
   323  26.5  12.2 
   324  25.4  11.5 
   325  24.2  11.6 
   326  23.8  12.5 
   327  25.0  13.8 
   328  23.4  11.5 
   329  23.2  10.0 
   330  23.8  11.0 
   331  24.5  11.6 
   332  24.6  11.0 
   333  24.6  10.0 
   334  23.0   8.0 
   335  21.8   9.5 
   336  21.8   8.5 
   337  21.6  10.2 
   338  21.8   8.6 
   339  21.0   9.0 
   340  19.2   9.8 
   341  18.0   9.6 
   342  18.8  10.0 
   343  19.0  10.2 
   344  16.5   9.0 
   345  19.0   7.0 
   346  19.5   7.5 
   347  19.2   7.5 
   348  20.4   7.5 
   349  20.5   9.0 
   350  20.0   6.0 
   351  20.0   7.0 
   352  20.4   6.4 
   353  21.8   6.4 
   354  22.0   6.0 
   355  20.0   6.0 
   356  23.0   6.2 
   357  22.0   4.8 
   358  21.2   5.4 
   359  22.0   6.0 
   360  23.0   6.0 
   361  21.6   6.0 
   362  20.8   6.8 
   363  19.5   6.8 
   364  18.8   5.5 
   365  19.5   5.0 
