      1    0.0
      2    0.0
      3    0.0
      4    0.0
      5    0.0
      6    0.0
      7    0.0
      8    0.0
      9    0.0
     10    0.0
     11    0.0
     12    0.0
     13    0.0
     14    0.0
     15    0.0
     16    0.0
     17    0.0
     18    0.0
     19    7.1
     20   40.1
     21    0.0
     22    0.0
     23    0.0
     24    0.0
     25    0.0
     26    0.0
     27    0.0
     28    0.0
     29    0.0
     30    0.0
     31    0.0
     32    0.0
     33    0.0
     34    3.2
     35    T  
     36    0.0
     37    0.0
     38    0.0
     39    0.0
     40    0.0
     41    0.0
     42    0.0
     43    0.0
     44    0.0
     45    0.0
     46    0.0
     47    0.0
     48    0.0
     49    0.0
     50    0.0
     51    0.0
     52    0.0
     53    0.0
     54    2.3
     55    0.0
     56   10.2
     57    0.0
     58    0.0
     59    0.0
     60    0.0
     61    0.0
     62    T  
     63    0.0
     64    0.0
     65    0.0
     66    0.0
     67    0.0
     68    0.0
     69    0.0
     70    0.0
     71    0.0
     72    T  
     73    0.0
     74    T  
     75   21.2
     76    2.2
     77    T  
     78    0.0
     79    0.5
     80   30.5
     81    0.0
     82    T  
     83    0.0
     84    0.0
     85    0.0
     86    0.0
     87    0.0
     88    T  
     89   17.1
     90    0.2
     91    T  
     92   10.5
     93    0.5
     94   49.5
     95    T  
     96   12.5
     97    0.0
     98    T  
     99    1.5
    100    0.0
    101    0.0
    102    0.0
    103    2.5
    104    T  
    105    0.0
    106    0.0
    107    0.0
    108    2.5
    109    0.0
    110    1.3
    111    0.0
    112    8.3
    113    0.0
    114    T  
    115    0.0
    116    2.9
    117    T  
    118    0.0
    119    3.5
    120    T  
    121   13.5
    122    0.0
    123   14.0
    124    T  
    125    T  
    126    8.4
    127   10.1
    128    2.3
    129    0.0
    130    0.0
    131    0.0
    132    0.0
    133    0.0
    134    0.0
    135    0.0
    136    0.0
    137    0.0
    138    0.0
    139    0.0
    140    0.0
    141    T  
    142    0.0
    143    0.0
    144    0.0
    145    T  
    146    0.7
    147    1.5
    148    0.7
    149    9.1
    150    0.0
    151    2.1
    152    T  
    153    0.0
    154    0.5
    155    8.7
    156    2.7
    157    T  
    158    T  
    159    2.1
    160   13.4
    161    0.0
    162    T  
    163    7.5
    164    8.1
    165    5.2
    166    T  
    167    0.0
    168    1.2
    169    T  
    170   19.5
    171    2.8
    172    0.0
    173    0.0
    174   25.2
    175    3.1
    176    9.1
    177   71.2
    178    5.4
    179    6.2
    180   42.3
    181    3.5
    182   58.5
    183    0.0
    184    4.5
    185    5.9
    186    0.0
    187    0.0
    188    0.0
    189   10.9
    190    T  
    191   21.2
    192    2.4
    193    6.1
    194    0.0
    195    0.0
    196   75.9
    197    0.0
    198   24.2
    199   30.5
    200   75.3
    201    0.0
    202    0.0
    203   15.1
    204    0.0
    205   36.1
    206   12.1
    207   15.2
    208   19.1
    209   23.5
    210   16.5
    211   19.8
    212    4.5
    213    5.7
    214    6.2
    215  174.5
    216    0.0
    217    0.0
    218   22.5
    219    8.5
    220   14.6
    221   10.1
    222    0.0
    223   82.3
    224   13.2
    225    8.1
    226    8.2
    227    0.0
    228    0.0
    229    0.0
    230    0.0
    231   10.3
    232    5.1
    233    6.2
    234    8.2
    235    3.3
    236    0.0
    237    5.3
    238    0.0
    239    0.0
    240    6.1
    241    2.1
    242    0.0
    243    0.0
    244    1.6
    245    0.0
    246    1.6
    247    0.0
    248    0.0
    249    0.0
    250   42.4
    251    0.0
    252    T  
    253    T  
    254   17.3
    255   18.4
    256    0.0
    257    0.0
    258    0.0
    259    0.0
    260    0.0
    261    2.6
    262    0.0
    263    0.0
    264    4.2
    265   10.1
    266    0.0
    267    0.0
    268    0.0
    269    0.0
    270    0.0
    271    0.0
    272    2.1
    273    T  
    274    0.0
    275   17.1
    276    2.1
    277    1.2
    278    T  
    279    T  
    280    T  
    281    T  
    282    0.0
    283    2.1
    284    T  
    285    3.2
    286    0.0
    287    0.0
    288    0.0
    289    0.0
    290    0.0
    291    0.0
    292    0.0
    293    0.0
    294    4.3
    295    T  
    296    0.0
    297    0.0
    298    2.3
    299    0.0
    300    0.0
    301    0.0
    302    T  
    303   14.3
    304    0.0
    305    0.0
    306    0.0
    307    0.0
    308    0.0
    309    0.0
    310    0.0
    311    0.0
    312    0.0
    313    0.0
    314   16.1
    315    3.1
    316    0.0
    317    0.0
    318    0.0
    319    0.0
    320    0.0
    321    0.0
    322    0.0
    323    0.0
    324    6.7
    325    0.0
    326    0.0
    327    0.0
    328    0.0
    329    0.0
    330   38.1
    331    5.3
    332    0.0
    333    0.0
    334    0.0
    335   26.5
    336    6.8
    337    0.0
    338    0.0
    339    0.0
    340    0.0
    341    0.0
    342    0.0
    343    3.2
    344   78.7
    345    0.0
    346    0.0
    347    0.0
    348   10.2
    349    0.0
    350    0.0
    351    0.0
    352    0.0
    353    0.0
    354    0.0
    355    0.0
    356    0.0
    357    0.0
    358    0.0
    359    0.0
    360    0.0
    361    0.0
    362    0.0
    363    0.0
    364   12.2
    365   17.3
