      1    0.0
      2    0.0
      3    0.0
      4    0.0
      5    0.0
      6    0.0
      7    0.0
      8    0.0
      9    0.0
     10    0.0
     11    0.0
     12    0.0
     13    0.0
     14    0.0
     15    0.0
     16    0.0
     17    0.2
     18   38.2
     19   57.2
     20    1.5
     21    0.0
     22    0.0
     23    0.0
     24    0.0
     25    0.0
     26    0.0
     27    0.0
     28    0.0
     29    0.0
     30    0.0
     31    0.0
     32   DNA   
     33   DNA   
     34   DNA   
     35   DNA   
     36   DNA   
     37   DNA   
     38   DNA   
     39   DNA   
     40   DNA   
     41   DNA   
     42   DNA   
     43   DNA   
     44   DNA   
     45   DNA   
     46   DNA   
     47   DNA   
     48   DNA   
     49   DNA   
     50   DNA   
     51   DNA   
     52   DNA   
     53   DNA   
     54   DNA   
     55   DNA   
     56   DNA   
     57   DNA   
     58   DNA   
     59   DNA   
     60   DNA   
     61    0.0
     62    0.0
     63    0.0
     64    0.0
     65    0.0
     66    0.0
     67    2.3
     68    0.0
     69    0.0
     70    0.0
     71    0.0
     72    T  
     73    0.0
     74    0.0
     75    0.0
     76    0.0
     77    0.0
     78    0.0
     79    0.0
     80    0.0
     81    0.0
     82    0.0
     83    0.0
     84    0.0
     85    0.0
     86    0.0
     87    0.0
     88    0.0
     89    0.0
     90    3.2
     91    0.0
     92    0.0
     93    0.0
     94    2.3
     95    0.0
     96    T  
     97    T  
     98    0.3
     99    8.4
    100   10.2
    101   12.3
    102   10.2
    103    2.3
    104    0.0
    105    0.0
    106   10.5
    107    8.4
    108    0.0
    109    0.0
    110    0.0
    111    0.0
    112    0.0
    113    0.0
    114    0.0
    115    0.0
    116    0.0
    117    T  
    118    0.2
    119    3.4
    120    2.5
    121    9.2
    122   DNA   
    123   DNA   
    124   DNA   
    125   DNA   
    126   DNA   
    127   DNA   
    128   DNA   
    129   DNA   
    130   DNA   
    131   DNA   
    132   DNA   
    133   DNA   
    134   DNA   
    135   DNA   
    136   DNA   
    137   DNA   
    138   DNA   
    139   DNA   
    140   DNA   
    141   DNA   
    142   DNA   
    143   DNA   
    144   DNA   
    145   DNA   
    146   DNA   
    147   DNA   
    148   DNA   
    149   DNA   
    150   DNA   
    151   DNA   
    152   DNA   
    153    0.0
    154    0.0
    155    0.0
    156    0.0
    157    0.0
    158    0.0
    159    0.0
    160    0.0
    161    0.0
    162    0.0
    163    0.0
    164    0.0
    165    0.0
    166    0.0
    167    0.0
    168    0.0
    169    0.0
    170    0.0
    171    0.0
    172    0.6
    173    T  
    174    0.0
    175    4.2
    176    0.0
    177    6.2
    178    0.0
    179    0.0
    180    4.8
    181    0.0
    182    0.0
    183    0.0
    184    0.0
    185    0.0
    186    0.0
    187   19.2
    188    6.8
    189   10.3
    190    1.2
    191    0.0
    192    0.0
    193    0.0
    194    0.0
    195   17.5
    196    T  
    197    5.2
    198   10.3
    199    0.0
    200    0.0
    201    0.0
    202    4.3
    203    0.0
    204    3.2
    205    0.0
    206    4.2
    207    7.2
    208    3.2
    209    4.2
    210    4.0
    211   40.3
    212    7.2
    213   11.2
    214   11.4
    215    4.3
    216    7.4
    217    0.0
    218    0.0
    219    3.2
    220    3.1
    221    0.0
    222   10.3
    223   40.2
    224    T  
    225    0.0
    226    1.2
    227   25.5
    228    0.0
    229    0.0
    230    3.2
    231    4.2
    232   17.2
    233   60.3
    234    T  
    235    4.3
    236    2.9
    237   30.2
    238    4.2
    239    T  
    240    T  
    241    T  
    242   68.3
    243   50.3
    244   70.3
    245    0.0
    246    0.0
    247    0.0
    248    0.0
    249    0.0
    250    0.0
    251    0.0
    252    0.0
    253    T  
    254    0.0
    255    0.0
    256    0.0
    257    0.0
    258    0.0
    259    0.0
    260    T  
    261    0.0
    262    0.0
    263    0.0
    264    0.0
    265    0.0
    266    0.0
    267    0.0
    268    0.0
    269    0.0
    270    0.0
    271    0.0
    272    0.0
    273    0.0
    274    0.0
    275    0.0
    276    0.0
    277    0.0
    278    0.0
    279    0.0
    280    T  
    281    0.0
    282    0.0
    283    0.0
    284    0.0
    285    0.0
    286    0.0
    287    0.0
    288    0.0
    289    0.0
    290    0.0
    291    0.0
    292    0.0
    293    0.0
    294    0.0
    295    0.0
    296    0.0
    297    0.0
    298    0.0
    299    0.0
    300    0.0
    301    0.0
    302    0.0
    303    0.0
    304    0.0
    305    0.0
    306    0.0
    307    0.0
    308    0.0
    309    0.0
    310    0.0
    311    0.0
    312    0.0
    313    0.0
    314    0.0
    315    0.0
    316    0.0
    317    0.0
    318    T  
    319    0.0
    320    0.0
    321    0.0
    322    0.0
    323    0.0
    324    0.0
    325    0.0
    326    0.0
    327    0.0
    328    0.0
    329    0.0
    330    0.0
    331    0.0
    332    0.0
    333    0.0
    334    0.0
    335    3.5
    336    0.0
    337    0.0
    338    0.0
    339    0.0
    340    0.0
    341    0.0
    342    0.0
    343    0.0
    344    0.0
    345    0.0
    346    0.0
    347    2.2
    348    0.0
    349    0.2
    350    9.3
    351    0.0
    352    0.0
    353    0.0
    354    0.0
    355    0.0
    356    0.0
    357    0.0
    358    0.0
    359    0.0
    360    0.0
    361    0.0
    362    0.0
    363    0.0
    364    0.0
    365    0.0
    366    0.0
