2003          Temperature for KANYAM TEA ESTATE       
        Tmax  Tmin
     1  14.0   4.0 
     2  15.0   1.5 
     3  15.5   5.0 
     4  15.0   3.5 
     5  16.0   3.0 
     6  16.5   3.0 
     7  15.0   2.5 
     8  15.0   2.5 
     9  15.0   2.5 
    10  12.0   2.0 
    11  11.0   2.0 
    12  14.0   2.5 
    13  13.0   2.0 
    14  14.0   2.0 
    15  13.5   4.5 
    16  13.5   4.0 
    17  13.0   4.0 
    18  15.0   4.0 
    19  16.0   5.0 
    20  15.0   4.5 
    21  14.0   5.0 
    22  14.0   3.0 
    23  13.0   3.0 
    24  12.5   2.5 
    25  12.5   1.5 
    26  13.0   1.5 
    27  14.5   3.0 
    28  16.0   4.0 
    29  15.0   4.5 
    30  12.0   4.5 
    31  10.5   3.0 
    32  15.5   5.5 
    33  16.0   4.5 
    34  18.5   5.0 
    35  13.0   5.0 
    36  15.0   6.5 
    37  14.0   4.5 
    38  13.0   5.0 
    39  14.0   5.5 
    40  15.5   3.5 
    41  13.0   3.5 
    42  12.5   4.5 
    43  12.0   5.0 
    44  13.0   3.5 
    45  11.5   2.5 
    46  14.5   3.5 
    47  14.0   3.5 
    48  14.5   5.0 
    49  14.0   5.5 
    50  10.5   7.0 
    51  14.0   4.5 
    52  14.5   4.0 
    53  13.0   5.0 
    54  13.0   6.0 
    55  14.0   5.5 
    56  13.5   7.5 
    57  13.0   5.5 
    58  13.5   5.0 
    59  16.0   5.5 
    60  18.0   7.5 
    61  18.5   7.5 
    62  16.0   7.5 
    63  16.5   8.0 
    64  16.5   9.0 
    65  14.5   2.5 
    66  14.0   3.5 
    67  14.5   3.5 
    68  14.5   4.5 
    69  16.2   5.5 
    70  16.4   5.5 
    71  17.5   8.0 
    72  23.4   4.0 
    73  14.2   5.0 
    74  15.0   7.5 
    75  16.0   8.5 
    76  16.0   9.0 
    77  17.0   7.0 
    78  17.5   7.5 
    79  17.0   7.0 
    80  14.5   8.0 
    81  15.6   7.5 
    82  17.5   9.0 
    83  19.5   9.5 
    84  19.5   9.0 
    85  19.5   9.5 
    86  18.0   7.5 
    87  17.2  10.5 
    88  20.0  10.0 
    89  20.0  11.0 
    90  20.0  10.5 
    91  17.0  11.5 
    92  20.5  11.0 
    93  19.0  11.5 
    94  22.0  11.0 
    95  21.0   9.5 
    96  22.0  11.0 
    97  22.5  12.5 
    98  23.5  12.5 
    99  23.0  11.5 
   100  23.5  12.5 
   101  22.5  12.0 
   102  22.5  13.0 
   103  23.5  13.5 
   104  20.5  12.0 
   105  21.0  12.5 
   106  22.5  11.0 
   107  23.5  13.0 
   108  20.5  13.0 
   109  24.0  13.0 
   110  22.0  12.0 
   111  23.5  10.5 
   112  22.5  11.0 
   113  22.5  11.5 
   114  22.0  10.0 
   115  23.5  13.5 
   116  23.0  15.0 
   117  23.5  13.0 
   118  22.5  14.0 
   119  23.5  12.5 
   120  22.0  11.0 
   121  20.5  11.0 
   122  18.0  11.5 
   123  22.0  12.0 
   124  21.5  12.0 
   125  23.5  12.5 
   126  21.8  13.0 
   127  21.5  12.0 
   128  23.8  16.0 
   129  22.5  13.0 
   130  22.6  11.5 
   131  20.8  11.0 
   132  22.5  12.0 
   133  21.6  12.0 
   134  21.2  12.5 
   135  21.4  11.5 
   136  22.5  12.0 
   137  24.5  13.0 
   138  24.0  14.0 
   139  22.5  12.0 
   140  24.0  15.0 
   141  25.0  11.0 
   142  23.0  12.5 
   143  20.5  12.5 
   144  19.8  13.5 
   145  20.5  14.5 
   146  21.5  15.0 
   147  23.5  13.0 
   148  24.5  15.0 
   149  24.5  15.0 
   150  23.5  15.5 
   151  23.0  16.0 
   152   DNA   DNA 
   153   DNA   DNA 
   154   DNA   DNA 
   155   DNA   DNA 
   156   DNA   DNA 
   157   DNA   DNA 
   158   DNA   DNA 
   159   DNA   DNA 
   160   DNA   DNA 
   161   DNA   DNA 
   162   DNA   DNA 
   163   DNA   DNA 
   164   DNA   DNA 
   165   DNA   DNA 
   166   DNA   DNA 
   167   DNA   DNA 
   168   DNA   DNA 
   169   DNA   DNA 
   170   DNA   DNA 
   171   DNA   DNA 
   172   DNA   DNA 
   173   DNA   DNA 
   174   DNA   DNA 
   175   DNA   DNA 
   176   DNA   DNA 
   177   DNA   DNA 
   178   DNA   DNA 
   179   DNA   DNA 
   180   DNA   DNA 
   181   DNA   DNA 
   182   DNA   DNA 
   183   DNA   DNA 
   184   DNA   DNA 
   185   DNA   DNA 
   186   DNA   DNA 
   187   DNA   DNA 
   188   DNA   DNA 
   189   DNA   DNA 
   190   DNA   DNA 
   191   DNA   DNA 
   192   DNA   DNA 
   193   DNA   DNA 
   194   DNA   DNA 
   195   DNA   DNA 
   196   DNA   DNA 
   197   DNA   DNA 
   198   DNA   DNA 
   199   DNA   DNA 
   200   DNA   DNA 
   201   DNA   DNA 
   202   DNA   DNA 
   203   DNA   DNA 
   204   DNA   DNA 
   205   DNA   DNA 
   206   DNA   DNA 
   207   DNA   DNA 
   208   DNA   DNA 
   209   DNA   DNA 
   210   DNA   DNA 
   211   DNA   DNA 
   212   DNA   DNA 
   213  21.0  16.0 
   214  21.0  16.5 
   215  24.5  18.0 
   216  26.5  15.5 
   217  27.0  17.0 
   218  26.0  16.0 
   219  26.0  16.5 
   220  26.5  15.0 
   221  26.0  17.0 
   222  25.5  16.0 
   223  24.5  16.5 
   224  24.5  16.5 
   225  23.5  16.5 
   226  22.5  16.0 
   227  22.5  16.5 
   228  22.5  17.0 
   229  22.0  16.5 
   230  21.5  16.0 
   231  20.5  16.0 
   232  24.0  15.0 
   233  24.0  15.5 
   234  25.5  16.5 
   235  24.5  16.0 
   236  25.5  16.0 
   237  23.5  15.5 
   238  25.5  15.5 
   239  26.5  16.5 
   240  24.5  16.0 
   241  23.5  16.0 
   242  24.5  16.5 
   243  23.0  16.0 
   244  25.5  15.5 
   245  21.5  15.5 
   246  20.0  15.5 
   247  21.0  16.0 
   248  22.0  16.0 
   249  23.5  15.5 
   250  20.5  15.5 
   251  20.5  15.5 
   252  20.0  16.0 
   253  22.0  16.0 
   254  22.5  16.5 
   255  26.5  15.5 
   256  24.5  16.0 
   257  23.5  16.0 
   258  24.0  16.0 
   259  23.5  15.0 
   260  24.0  15.5 
   261  23.5  15.5 
   262  22.5  16.0 
   263  23.0  15.5 
   264  23.5  15.0 
   265  23.0  16.0 
   266  23.8  15.0 
   267  24.5  15.5 
   268  25.0  15.5 
   269  22.5  14.0 
   270  22.5  14.0 
   271  25.5  15.0 
   272  20.0  15.0 
   273  20.6  15.0 
   274  24.0  14.5 
   275  22.5  14.0 
   276  22.5  14.5 
   277  22.5  15.0 
   278  22.0  14.5 
   279  21.0  14.5 
   280  21.5  15.0 
   281  22.5  12.5 
   282  19.0  13.0 
   283  19.5  13.0 
   284  21.5  12.5 
   285  21.0  12.5 
   286  21.0  11.5 
   287  20.5  13.0 
   288  21.5  13.5 
   289  21.2  11.5 
   290  21.6  10.5 
   291  20.6  10.5 
   292  20.4  10.5 
   293  23.0  11.0 
   294  20.0  11.0 
   295  20.2  12.5 
   296  19.5   9.5 
   297  19.0  12.0 
   298  19.5  10.5 
   299  19.5  10.5 
   300  20.0  10.5 
   301  20.0  10.5 
   302  22.0  11.5 
   303  22.5  11.5 
   304  22.0  11.5 
   305  21.0   9.5 
   306  18.5  10.5 
   307  19.5   8.5 
   308  19.5   9.0 
   309  20.0   8.5 
   310  19.0   8.0 
   311  18.5   9.5 
   312  18.0  10.0 
   313  18.0   9.0 
   314  18.5   8.0 
   315  17.0   9.0 
   316  17.5   8.0 
   317  18.0   7.0 
   318  19.5   7.0 
   319  19.5   6.5 
   320  19.5   8.0 
   321  19.0   7.5 
   322  17.5   6.0 
   323  16.5   6.5 
   324  17.0   6.5 
   325  16.5   6.0 
   326  17.0   7.0 
   327  18.5   7.0 
   328  18.0   6.5 
   329  18.5   6.5 
   330  18.5   5.5 
   331  18.0   5.5 
   332  17.5   5.5 
   333  17.0   5.0 
   334  16.5   4.5 
   335  16.0   5.0 
   336  16.5   4.0 
   337  15.5   5.0 
   338  15.5   5.0 
   339  15.0   4.0 
   340  15.5   3.5 
   341  18.0   5.0 
   342  17.5   5.5 
   343  17.5   6.0 
   344  16.0   5.0 
   345  15.5   4.5 
   346  16.0   5.5 
   347  17.0   5.5 
   348  17.0   5.0 
   349  18.5   5.0 
   350  17.0   6.5 
   351  14.5   4.5 
   352  16.0   4.5 
   353  15.5   4.0 
   354  17.0   4.5 
   355  17.5   4.0 
   356  16.5   4.0 
   357  16.0   4.5 
   358  15.5   3.0 
   359  16.0   4.0 
   360  16.0   3.5 
   361  15.5   5.0 
   362  15.0   2.0 
   363  13.5   1.0 
   364  13.5   1.5 
   365  15.0   1.5 
