2001          Temperature for KANYAM TEA ESTATE       
        Tmax  Tmin
     1  14.8   6.0 
     2  16.4   5.0 
     3  14.2   4.5 
     4  13.0   4.0 
     5  12.8   2.5 
     6  13.0   3.0 
     7  13.0   1.5 
     8  12.4   1.0 
     9  13.0   1.0 
    10  12.4   1.0 
    11  12.0   1.0 
    12  15.6   1.0 
    13  15.8   2.0 
    14  12.2   1.5 
    15  12.8   1.0 
    16  12.6   3.0 
    17  15.2   3.0 
    18  13.0   3.0 
    19  15.8   3.0 
    20  12.4   4.0 
    21  15.0   3.5 
    22  14.4   3.0 
    23  13.6   4.0 
    24  12.0   2.5 
    25  11.2   3.0 
    26  12.8   2.0 
    27  13.2   1.5 
    28  12.4   3.0 
    29  13.4   2.0 
    30  12.8   4.0 
    31  12.8   5.0 
    32  12.6   4.0 
    33  15.2   5.0 
    34  18.6   5.0 
    35  12.8   5.5 
    36  12.4   5.0 
    37  12.4   3.5 
    38  13.0   5.0 
    39  12.6   4.5 
    40  16.2   4.5 
    41  15.2   5.0 
    42  15.0   5.0 
    43  14.8   4.5 
    44  14.8   5.0 
    45  18.8   6.5 
    46  18.6   7.0 
    47  18.0   8.0 
    48  18.6   7.5 
    49  18.4   7.0 
    50  18.0   6.5 
    51  14.0   6.0 
    52  15.0   4.5 
    53  18.4   6.5 
    54  13.6   5.5 
    55  13.5   6.0 
    56  14.8   6.5 
    57  16.2   5.0 
    58  18.4   5.5 
    59  17.4   7.5 
    60  16.8   7.0 
    61  15.4   7.0 
    62  15.6   7.0 
    63  19.0   6.5 
    64  19.4   6.5 
    65  16.2   4.5 
    66  19.2   6.5 
    67  18.4   7.0 
    68  20.0   6.0 
    69  20.0   7.5 
    70  19.8   6.5 
    71  20.8   7.5 
    72  17.8   7.5 
    73  18.0   8.0 
    74  19.2   8.5 
    75  19.8   8.0 
    76  18.0   7.5 
    77  19.0   8.0 
    78  19.2   8.5 
    79  19.6   9.0 
    80  18.6   9.5 
    81  18.0  10.0 
    82  18.8  10.0 
    83  19.6  10.0 
    84  21.8   9.5 
    85  21.4  10.0 
    86  20.8  10.0 
    87  19.8  10.5 
    88  20.4  10.0 
    89  20.8  10.5 
    90  21.0  10.5 
    91  20.8  10.5 
    92  21.2  10.0 
    93  21.6  10.0 
    94  21.6  10.5 
    95  22.4  10.5 
    96  23.4  11.0 
    97  23.4  11.0 
    98  23.0  13.0 
    99  25.6  13.0 
   100  25.0  15.0 
   101  24.4  13.0 
   102  22.4  12.5 
   103  21.8  13.5 
   104  23.2  12.0 
   105  22.4  10.5 
   106  22.2  11.0 
   107  23.0  10.5 
   108  21.0  12.0 
   109  20.0  10.0 
   110  20.0  12.0 
   111  22.0  10.5 
   112  22.8  10.5 
   113  23.0  11.5 
   114  24.8  12.5 
   115  23.6  11.5 
   116  23.4  13.0 
   117  24.6  14.0 
   118  24.6  12.5 
   119  20.4  13.0 
   120  23.0  12.0 
   121  23.0  12.0 
   122  23.4  12.0 
   123  22.0  12.5 
   124  22.8  12.0 
   125  20.0  12.5 
   126  22.0  12.5 
   127  19.0  13.0 
   128  20.8  13.5 
   129  21.8  13.0 
   130  22.4  12.5 
   131  22.0  13.0 
   132  23.0  12.0 
   133  22.0  13.5 
   134  23.2  15.0 
   135  22.0  12.0 
   136  24.0  14.0 
   137  24.0  14.0 
   138  23.2  12.5 
   139  22.0  12.5 
   140  22.6  14.0 
   141  22.8  14.0 
   142  22.0  14.5 
   143  22.6  16.0 
   144  22.6  13.5 
   145  23.4  13.5 
   146  22.4  13.5 
   147  22.6  14.0 
   148   DNA  13.5 
   149   DNA  13.5 
   150   DNA  14.5 
   151   DNA  14.5 
   152   DNA  13.5 
   153   DNA  13.5 
   154   DNA  15.0 
   155   DNA  13.5 
   156   DNA  15.5 
   157   DNA  14.5 
   158   DNA  12.5 
   159   DNA  14.5 
   160   DNA  14.5 
   161   DNA  15.0 
   162   DNA  15.0 
   163   DNA  16.5 
   164   DNA  16.0 
   165   DNA  16.0 
   166   DNA  15.5 
   167   DNA  15.0 
   168   DNA  14.0 
   169   DNA  16.0 
   170   DNA  16.5 
   171   DNA  17.0 
   172   DNA  16.0 
   173   DNA  16.0 
   174   DNA  16.5 
   175   DNA  16.5 
   176   DNA  16.5 
   177   DNA  16.0 
   178   DNA  16.0 
   179   DNA  16.5 
   180   DNA  16.5 
   181   DNA  16.5 
   182   DNA  16.0 
   183   DNA  15.0 
   184   DNA  16.0 
   185   DNA  16.0 
   186   DNA  16.5 
   187   DNA  15.0 
   188   DNA  16.0 
   189   DNA  16.0 
   190   DNA  16.5 
   191   DNA  16.0 
   192   DNA  16.0 
   193   DNA  16.5 
   194   DNA  16.0 
   195   DNA  16.0 
   196   DNA  16.5 
   197   DNA  17.0 
   198   DNA  16.5 
   199   DNA  16.5 
   200   DNA  17.0 
   201   DNA  16.0 
   202   DNA  16.5 
   203   DNA  16.0 
   204   DNA  17.0 
   205   DNA  16.5 
   206   DNA  17.0 
   207   DNA  16.0 
   208   DNA  16.5 
   209   DNA  16.0 
   210   DNA  16.5 
   211   DNA  16.5 
   212   DNA  16.0 
   213   DNA  16.5 
   214   DNA  17.0 
   215   DNA  16.5 
   216   DNA  16.0 
   217   DNA  15.5 
   218  28.5  15.0 
   219  26.5  15.0 
   220  26.0  15.0 
   221  27.0  15.0 
   222  26.0  17.0 
   223  25.0  16.5 
   224  22.5  16.0 
   225  24.5  16.0 
   226  21.8  17.0 
   227  24.0  16.5 
   228  25.0  16.0 
   229  26.0  16.5 
   230  25.5  16.5 
   231  25.0  16.5 
   232  25.0  17.0 
   233  25.5  17.0 
   234  23.0  16.5 
   235  22.0  15.5 
   236  22.5  15.5 
   237  24.5  15.5 
   238  23.5  16.0 
   239  23.0  16.0 
   240  23.5  16.0 
   241  24.0  15.0 
   242  24.5  15.5 
   243  25.0  16.5 
   244  22.5  15.5 
   245  23.0  16.0 
   246  21.0  16.5 
   247  21.0  15.0 
   248  20.5  15.5 
   249  23.0  16.0 
   250  20.0  15.5 
   251  20.0  17.0 
   252  23.0  15.5 
   253  21.0  16.0 
   254  21.8  15.0 
   255  23.0  15.5 
   256  23.0  16.0 
   257  23.0  16.5 
   258  24.0  14.0 
   259  25.0  13.5 
   260  23.5  14.0 
   261  23.0  15.0 
   262  25.0  14.0 
   263  22.5  16.5 
   264  22.0  13.0 
   265  24.0  14.0 
   266  28.0  13.0 
   267  24.5  15.0 
   268  26.0  15.0 
   269  21.8  14.0 
   270  24.0  15.0 
   271  23.5  14.0 
   272  26.5  13.0 
   273  24.4  13.5 
   274  23.0  14.0 
   275  19.4  14.0 
   276  21.0  14.0 
   277  22.0  14.5 
   278  19.4  13.5 
   279  21.0  12.5 
   280  22.0  12.5 
   281  24.0  12.5 
   282  22.0  15.0 
   283  21.0  13.0 
   284  22.0  12.5 
   285  22.0  13.5 
   286  22.0  12.5 
   287  24.0  12.0 
   288  23.0  11.5 
   289  23.6  11.0 
   290  23.0  11.0 
   291  22.4  12.0 
   292  20.8  10.0 
   293  21.0   9.0 
   294  22.5  11.0 
   295  21.0  10.5 
   296  21.0  11.0 
   297  22.8  11.5 
   298  18.8  10.5 
   299  23.0   9.5 
   300  19.4  10.0 
   301  21.8  10.5 
   302  21.6  10.0 
   303  22.8   9.5 
   304  20.6  10.0 
   305  20.0   9.0 
   306  17.0  10.0 
   307  15.5  10.0 
   308  19.5  10.5 
   309  19.0   9.5 
   310  16.0   9.5 
   311  17.5   8.5 
   312  19.0   8.0 
   313  19.0   7.0 
   314  20.0   7.5 
   315  17.5   9.0 
   316  16.5  10.0 
   317  16.0   6.5 
   318  16.5   7.0 
   319  19.0   8.5 
   320  19.0   8.5 
   321  15.5   6.0 
   322  18.5   6.5 
   323  19.0   7.0 
   324  20.0   7.5 
   325  18.5   6.5 
   326  15.5   6.0 
   327  20.0   7.0 
   328  18.5   7.0 
   329  18.0   6.5 
   330  17.5   6.5 
   331  17.0   6.5 
   332  17.0   8.0 
   333  18.0   6.0 
   334  16.0   3.5 
   335  16.0   4.0 
   336  13.5   3.5 
   337  15.0   4.5 
   338  16.0   3.5 
   339  15.5   3.0 
   340  14.5   3.0 
   341  15.0   3.0 
   342  14.0   4.5 
   343  13.0   2.5 
   344  13.0   3.0 
   345  13.5   2.5 
   346  14.0   2.5 
   347  14.0   3.0 
   348  15.0   3.5 
   349  18.0   3.5 
   350  16.5   3.5 
   351  16.0   4.0 
   352  14.0   4.0 
   353  17.0   3.5 
   354  16.0   3.0 
   355  19.0   2.5 
   356  16.5   3.0 
   357  18.0   3.5 
   358  17.0   3.5 
   359  16.0   2.0 
   360  14.5   3.0 
   361  14.0   3.5 
   362  16.0   1.5 
   363  14.0   2.0 
   364  16.0   3.0 
   365  14.0   1.5 
