1979          Temperature for KANYAM TEA ESTATE       
        Tmax  Tmin
     1  13.3   4.4 
     2  13.3   5.0 
     3  12.6   4.6 
     4  13.0   4.3 
     5  12.2   4.4 
     6  14.1   4.0 
     7  18.3   7.2 
     8  15.1   7.7 
     9  13.0   4.9 
    10  12.5   3.6 
    11  14.0   4.7 
    12  13.5   5.4 
    13  13.4   4.7 
    14  11.8   5.0 
    15  12.6   4.9 
    16  12.6   5.8 
    17  13.7   6.2 
    18  14.8   6.2 
    19  13.0   6.0 
    20  13.2   6.3 
    21  13.0   6.0 
    22  11.9   7.0 
    23  12.0   5.8 
    24  13.6   6.2 
    25  15.5   6.7 
    26  14.7   7.8 
    27  12.9   6.0 
    28  14.2   5.0 
    29  10.3   6.3 
    30  12.7   5.8 
    31  11.9   5.7 
    32   9.9   5.5 
    33  12.0   4.2 
    34  10.0   4.3 
    35  12.3   3.9 
    36  14.6   5.5 
    37  15.4   6.7 
    38  13.0   7.6 
    39   8.1   3.6 
    40   7.6   3.4 
    41   9.9   2.9 
    42  10.4   4.4 
    43  12.3   4.3 
    44  13.9   5.3 
    45  14.7   6.0 
    46  16.8   7.8 
    47  17.0   9.5 
    48  17.0  10.0 
    49  16.2   8.5 
    50  17.5  10.0 
    51  17.0   9.2 
    52  14.2   7.8 
    53  13.4   6.9 
    54  12.1   5.6 
    55  13.8   5.2 
    56  14.3   5.0 
    57  14.2   6.0 
    58  15.2   5.6 
    59  15.1   6.4 
    60  15.9   6.5 
    61  16.0   8.5 
    62  17.5   8.5 
    63  17.8   8.3 
    64  18.5   8.8 
    65  19.7   9.8 
    66  21.4  11.5 
    67  19.5  14.3 
    68  16.0  10.0 
    69  14.0   6.3 
    70  12.7   5.2 
    71  14.8   5.0 
    72  14.3   5.9 
    73  16.5   8.7 
    74  17.9   8.8 
    75  16.3   8.9 
    76  17.4   9.2 
    77  18.7  12.2 
    78  18.5  10.5 
    79  19.0   9.8 
    80  19.7  11.7 
    81  19.9  12.5 
    82  20.9  10.5 
    83  21.3  12.1 
    84  21.9  13.3 
    85  20.3  11.9 
    86  21.5  13.1 
    87  20.8  12.1 
    88  19.2  13.0 
    89  20.8  12.0 
    90  21.4  11.9 
    91  22.0  13.3 
    92  21.3  14.0 
    93  20.7  14.3 
    94  23.9  14.0 
    95  23.3  16.3 
    96  23.8  15.3 
    97  24.0  13.1 
    98  22.7  14.4 
    99  23.2  15.0 
   100  21.3  14.8 
   101  21.5   9.8 
   102  23.0  13.9 
   103  21.3  13.0 
   104  21.5  12.9 
   105  18.7  14.0 
   106  19.5  12.7 
   107  19.1  12.7 
   108  19.3  11.6 
   109  18.4  13.3 
   110  20.5  14.0 
   111  21.2  14.5 
   112  21.9  14.1 
   113  20.9  13.2 
   114  22.3  14.0 
   115  24.3  16.0 
   116  24.5  17.1 
   117  24.5  17.0 
   118  22.5  17.7 
   119  22.3  17.0 
   120  20.3  14.4 
   121  20.4  15.5 
   122  18.2  14.7 
   123  19.6  15.7 
   124  21.0  16.1 
   125  22.8  15.6 
   126  23.9  16.0 
   127  24.2  16.3 
   128  23.1  15.8 
   129  24.0  15.5 
   130  20.8  15.0 
   131  19.8  16.0 
   132  22.0  16.9 
   133  22.8  17.1 
   134  22.5  17.2 
   135  22.4  18.3 
   136  22.7  19.0 
   137  23.0  19.0 
   138  23.3  17.2 
   139  23.6  16.5 
   140  21.8  17.1 
   141  21.7  15.9 
   142  23.3  16.1 
   143  22.5  14.1 
   144  22.8  12.0 
   145  23.9  13.8 
   146  24.0  15.9 
   147  24.1  17.0 
   148  23.3  16.7 
   149  24.2  16.8 
   150  24.0  16.0 
   151  24.6  15.0 
   152  25.7  16.8 
   153  25.9  17.5 
   154  24.7  17.6 
   155  24.7  19.0 
   156  25.5  18.6 
   157  25.9  19.1 
   158  21.5  16.6 
   159  22.5  17.0 
   160  24.0  15.3 
   161  22.8  16.3 
   162  20.2  16.5 
   163  21.9  16.6 
   164  21.2  16.3 
   165  21.0  16.3 
   166  20.2  16.3 
   167  21.0  16.2 
   168  22.8  17.9 
   169  24.0  16.5 
   170  23.1  18.0 
   171  23.9  18.5 
   172  22.9  18.4 
   173  23.2  17.5 
   174  23.2  17.4 
   175  22.9  18.8 
   176  22.6  18.2 
   177  22.2  18.7 
   178  22.4  18.7 
   179  24.0  18.6 
   180  24.3  19.4 
   181  22.3  18.9 
   182  20.8  18.7 
   183  22.4  19.0 
   184  23.4  18.1 
   185  23.4  18.0 
   186  23.7  18.3 
   187  25.8  18.5 
   188  25.3  19.3 
   189  22.3  19.9 
   190  22.0  18.6 
   191  21.6  18.8 
   192  20.2  17.7 
   193  22.0  17.4 
   194  22.1  17.5 
   195  19.2  17.3 
   196  28.7  17.4 
   197  20.7  18.0 
   198  21.2  18.0 
   199  19.8  17.9 
   200  19.7  17.8 
   201  19.8  18.0 
   202  21.2  17.8 
   203  21.9  17.5 
   204  23.0  17.6 
   205  20.3  17.9 
   206  19.7  17.1 
   207  21.0  17.0 
   208  21.0  18.1 
   209  21.0  17.5 
   210  20.4  17.5 
   211  21.2  17.6 
   212  22.7  17.1 
   213  22.9  18.0 
   214  22.9  18.0 
   215  24.0  18.1 
   216  24.1  18.3 
   217  24.8  19.7 
   218  25.5  19.9 
   219  24.2  20.8 
   220  21.9  19.0 
   221  22.7  17.4 
   222  23.3  18.3 
   223  24.4  19.0 
   224  24.2  18.4 
   225  24.1  18.1 
   226  25.2  18.8 
   227  22.8  18.2 
   228  19.0  16.5 
   229  21.8  17.3 
   230  21.6  18.0 
   231  22.7  17.8 
   232  20.1  18.0 
   233  21.9  17.8 
   234  21.2  17.9 
   235  21.8  17.0 
   236  22.2  18.1 
   237  21.6  18.8 
   238  21.9  17.5 
   239  20.4  17.1 
   240  20.3  17.7 
   241  20.8  17.2 
   242  20.2  17.3 
   243  21.5  16.1 
   244  20.5  17.0 
   245  19.8  17.5 
   246  21.2  16.9 
   247  18.9  17.3 
   248  19.5  16.8 
   249  21.3  17.0 
   250  20.7  16.5 
   251  21.7  17.0 
   252  21.7  16.0 
   253  19.7  16.4 
   254  20.3  16.4 
   255  21.0  16.4 
   256  19.8  14.9 
   257  20.8  14.9 
   258  18.9  15.1 
   259  21.2  14.9 
   260  21.3  15.0 
   261  23.0  14.3 
   262  22.2  14.5 
   263  22.5  14.5 
   264  22.4  15.3 
   265  22.0  16.0 
   266  21.2  16.9 
   267  21.7  15.5 
   268  22.5  15.7 
   269  22.2  16.1 
   270  24.4  17.5 
   271  22.0  16.0 
   272  19.0  17.1 
   273  18.5  17.0 
   274  21.8  15.0 
   275  21.9  16.0 
   276  21.4  17.7 
   277  21.3  17.3 
   278  21.0  17.3 
   279  20.1  16.3 
   280  20.0  15.0 
   281  18.1  15.0 
   282  16.8  13.4 
   283  16.5  13.8 
   284  17.2  13.5 
   285  17.1  13.3 
   286  19.2  12.0 
   287  18.5  12.0 
   288  18.5  12.1 
   289  18.8  12.7 
   290  18.6  12.1 
   291  19.6  11.5 
   292  19.6  10.6 
   293  20.8  11.3 
   294  20.6  12.2 
   295  21.2  13.5 
   296  20.8  11.5 
   297  18.8  11.0 
   298  17.4  11.0 
   299  18.1  13.9 
   300  17.5  10.0 
   301  18.3   9.7 
   302  19.0  11.0 
   303  20.0  11.6 
   304  20.6  11.2 
   305  19.0  12.0 
   306  18.6  11.0 
   307  17.5  10.3 
   308  18.5  10.0 
   309  20.7  10.6 
   310  20.5  10.9 
   311  18.5  10.0 
   312  18.7  10.8 
   313  18.4  10.0 
   314  16.7  10.5 
   315  16.8   9.9 
   316  17.9   9.5 
   317  18.5   8.9 
   318  17.2   8.8 
   319  15.0   9.8 
   320  15.3   8.8 
   321  15.7  10.0 
   322  16.8  10.0 
   323  16.8  11.2 
   324  15.3  12.2 
   325  15.1   9.6 
   326  15.7   9.5 
   327  14.8  11.5 
   328  14.2  11.0 
   329  17.0  11.0 
   330  16.1   9.8 
   331  16.5  10.0 
   332  14.6  11.1 
   333  15.0  10.9 
   334  13.8  11.2 
   335  13.0   9.7 
   336  13.8   7.3 
   337  14.8   7.9 
   338  14.0   8.1 
   339  14.5   7.7 
   340  16.1   7.5 
   341  16.3   7.2 
   342  14.6   8.9 
   343  15.8   7.7 
   344  13.8   7.4 
   345  12.8   8.8 
   346  14.9   7.2 
   347  14.5   5.9 
   348  13.1   4.7 
   349  12.5   4.8 
   350   9.8   6.0 
   351  12.5   3.1 
   352  11.3   3.7 
   353   9.5   4.0 
   354  10.6   3.7 
   355  10.2   4.1 
   356  10.8   4.5 
   357  12.1   4.5 
   358  13.8   4.5 
   359  13.8   4.8 
   360  13.8   4.6 
   361  13.8   4.3 
   362  12.7   3.8 
   363  13.0   4.6 
   364   9.5   6.1 
   365  11.2   3.8 
