      1    0.0
      2    0.0
      3    0.0
      4    0.0
      5    0.0
      6    0.0
      7    0.0
      8    0.0
      9    0.0
     10    0.0
     11    0.0
     12    0.0
     13    0.0
     14    0.0
     15    0.0
     16    0.0
     17    0.0
     18    0.0
     19    0.0
     20    0.0
     21    0.0
     22    0.0
     23    0.0
     24    0.0
     25    0.0
     26    0.0
     27    0.0
     28    0.0
     29    0.0
     30    0.0
     31    0.0
     32    0.0
     33    0.0
     34    0.0
     35    0.0
     36    0.0
     37    0.0
     38    0.0
     39    0.0
     40    0.0
     41    0.0
     42    0.0
     43    0.0
     44    0.0
     45    0.0
     46    0.0
     47    0.0
     48    0.0
     49    0.0
     50    0.0
     51    0.0
     52    0.0
     53    0.0
     54    0.0
     55    3.6
     56    4.2
     57    0.0
     58    5.3
     59    0.0
     60    0.0
     61    0.0
     62    0.0
     63    0.0
     64    0.0
     65    3.1
     66    5.3
     67    0.0
     68    0.0
     69    0.0
     70    5.1
     71    0.0
     72    5.3
     73    0.0
     74    0.0
     75    0.0
     76    0.0
     77    4.5
     78    0.0
     79    2.1
     80    0.0
     81    5.5
     82    9.6
     83    3.2
     84    4.7
     85    6.0
     86   15.5
     87    9.7
     88    9.3
     89   25.8
     90    0.0
     91    0.0
     92    0.0
     93    0.0
     94    5.3
     95    4.6
     96   18.6
     97   11.3
     98   22.5
     99   15.3
    100   25.8
    101    0.0
    102   41.7
    103    0.0
    104   39.3
    105    0.0
    106   21.5
    107   61.3
    108    0.0
    109   12.5
    110   20.3
    111    0.0
    112    8.2
    113    7.3
    114    0.0
    115   17.0
    116    5.1
    117    0.0
    118   21.5
    119   25.7
    120    0.0
    121   30.3
    122    8.2
    123    4.3
    124    0.0
    125   11.3
    126    7.5
    127   18.4
    128    5.5
    129    0.0
    130    3.1
    131    5.1
    132    0.0
    133    5.3
    134   22.0
    135    9.3
    136    3.1
    137   25.7
    138   11.3
    139    5.5
    140    5.3
    141    0.0
    142    4.3
    143   30.3
    144    0.0
    145    8.2
    146    5.5
    147    5.1
    148    0.0
    149    0.0
    150    4.3
    151    0.0
    152   50.3
    153    0.0
    154    0.0
    155    0.0
    156    0.0
    157    0.0
    158    0.0
    159    0.0
    160    0.0
    161    0.0
    162    0.0
    163    0.0
    164    0.0
    165    0.0
    166    0.0
    167    0.0
    168    1.0
    169    T  
    170    0.0
    171   12.5
    172    0.0
    173    0.0
    174    0.0
    175    0.0
    176    5.1
    177    0.0
    178    0.0
    179    T  
    180    T  
    181    0.0
    182    0.0
    183    0.0
    184    0.0
    185    T  
    186    5.1
    187    0.0
    188   18.4
    189    3.1
    190    4.3
    191    0.0
    192    0.0
    193    0.0
    194    5.5
    195    8.2
    196   20.3
    197   12.5
    198   10.3
    199    0.0
    200   17.4
    201    4.1
    202    0.0
    203    0.0
    204    7.4
    205    2.1
    206    0.0
    207    0.0
    208    5.3
    209    4.1
    210    0.0
    211    0.0
    212    0.0
    213    5.3
    214    7.2
    215    0.0
    216    8.4
    217    5.3
    218    0.0
    219    7.3
    220    5.2
    221    0.0
    222    0.0
    223   17.4
    224    7.4
    225    5.3
    226    0.0
    227    0.0
    228    7.4
    229   11.4
    230   17.4
    231    7.5
    232    0.0
    233    0.0
    234    T  
    235    T  
    236    7.4
    237    5.3
    238   20.7
    239    T  
    240    7.4
    241   18.5
    242    7.3
    243    4.1
    244    T  
    245   17.4
    246    7.4
    247    5.3
    248   10.4
    249    T  
    250   17.5
    251   11.4
    252    T  
    253    T  
    254   18.5
    255    7.4
    256    5.3
    257    0.0
    258    0.0
    259    0.0
    260    0.0
    261    0.0
    262    0.0
    263    7.4
    264    T  
    265    0.0
    266    0.0
    267    0.0
    268    5.3
    269    7.5
    270    0.0
    271    0.0
    272    0.0
    273    T  
    274    T  
    275    0.0
    276    0.0
    277   11.4
    278    7.4
    279    0.0
    280    0.0
    281    T  
    282    T  
    283    5.3
    284   11.7
    285    0.0
    286    0.0
    287    4.3
    288    7.3
    289    0.0
    290    0.0
    291    0.0
    292    0.0
    293    0.0
    294    0.0
    295    T  
    296    0.0
    297    0.0
    298    T  
    299    T  
    300    0.0
    301    0.0
    302    0.0
    303    0.0
    304    7.3
    305    T  
    306   11.4
    307    0.0
    308    0.0
    309    0.0
    310    0.0
    311    0.0
    312    5.3
    313    0.0
    314    0.0
    315    0.0
    316    0.0
    317    0.0
    318    0.0
    319    0.0
    320    0.0
    321    0.0
    322    0.0
    323    0.0
    324    0.0
    325    0.0
    326    0.0
    327    0.0
    328    0.0
    329    T  
    330    0.0
    331    0.0
    332    0.0
    333    0.0
    334    0.0
    335    0.0
    336    0.0
    337    0.0
    338    T  
    339    T  
    340    0.0
    341    0.0
    342    0.0
    343    0.0
    344    0.0
    345    0.0
    346    T  
    347    0.0
    348    0.0
    349    0.0
    350    0.0
    351    0.0
    352    0.0
    353    0.0
    354    0.0
    355    0.0
    356    0.0
    357    0.0
    358    0.0
    359    0.0
    360    T  
    361    0.0
    362    0.0
    363    0.0
    364    0.0
    365    0.0
