      1    T  
      2    0.0
      3    0.0
      4    0.0
      5    0.0
      6    0.0
      7    0.0
      8    0.0
      9    0.0
     10    0.0
     11    0.0
     12    0.0
     13    0.0
     14    T  
     15   DNA   
     16   DNA   
     17   DNA   
     18   DNA   
     19   DNA   
     20   DNA   
     21   DNA   
     22   DNA   
     23   DNA   
     24   DNA   
     25   DNA   
     26   DNA   
     27   DNA   
     28   DNA   
     29   DNA   
     30   DNA   
     31   DNA   
     32   DNA   
     33   DNA   
     34   DNA   
     35   DNA   
     36   DNA   
     37   DNA   
     38   DNA   
     39   DNA   
     40   DNA   
     41   DNA   
     42   DNA   
     43   DNA   
     44    0.0
     45    0.0
     46    0.0
     47    0.0
     48    9.2
     49    0.0
     50    0.0
     51    0.0
     52    0.0
     53    0.0
     54    0.0
     55    0.0
     56    0.0
     57    0.0
     58    0.0
     59    0.0
     60    0.0
     61    0.0
     62    0.0
     63    0.0
     64    0.0
     65    0.0
     66    0.0
     67    0.0
     68    0.0
     69    0.0
     70    0.0
     71    0.0
     72    0.0
     73    0.0
     74    0.0
     75    0.0
     76    0.0
     77    0.0
     78    0.0
     79    0.0
     80    0.0
     81    0.0
     82    0.0
     83    0.0
     84    0.0
     85    0.0
     86    0.0
     87    0.0
     88    0.0
     89    0.0
     90    0.0
     91    0.0
     92    0.0
     93    0.0
     94    0.0
     95    0.0
     96    0.0
     97    0.0
     98    0.0
     99    0.0
    100    2.1
    101    0.0
    102    0.0
    103    0.0
    104    0.0
    105    0.0
    106    0.0
    107    2.1
    108    3.2
    109    0.0
    110    T  
    111    0.0
    112    0.0
    113    0.0
    114    3.4
    115    2.1
    116    0.0
    117    0.0
    118    2.1
    119    0.0
    120    0.0
    121    0.0
    122    2.1
    123    T  
    124    0.0
    125    3.1
    126    2.1
    127    0.0
    128    0.0
    129    0.0
    130    T  
    131    2.1
    132    0.0
    133    0.0
    134    0.0
    135    2.1
    136    3.2
    137    2.1
    138    0.0
    139    0.0
    140    3.1
    141    T  
    142    T  
    143    0.0
    144    0.0
    145    3.2
    146    4.1
    147    2.1
    148    0.0
    149    0.0
    150    T  
    151    5.1
    152    2.1
    153    4.1
    154    2.1
    155    3.1
    156    0.0
    157    0.0
    158    T  
    159    2.1
    160    4.1
    161    5.1
    162    T  
    163    T  
    164    2.1
    165    0.0
    166    0.0
    167    0.0
    168    T  
    169    2.1
    170    2.3
    171    4.1
    172    T  
    173    T  
    174    2.1
    175    0.0
    176    0.0
    177    3.2
    178    0.0
    179    T  
    180    0.0
    181    0.0
    182    T  
    183    T  
    184    2.1
    185    3.1
    186    2.1
    187    0.0
    188    2.1
    189    T  
    190    T  
    191    0.0
    192    0.0
    193    0.0
    194    3.1
    195    4.1
    196    T  
    197    0.0
    198    2.1
    199    3.1
    200    0.0
    201    0.0
    202    3.1
    203    0.0
    204    0.0
    205    4.1
    206    2.1
    207    3.2
    208    0.0
    209    0.0
    210    3.1
    211    4.1
    212    T  
    213    2.1
    214    4.1
    215    0.0
    216    0.0
    217    2.1
    218    0.0
    219    0.0
    220    0.0
    221    0.0
    222    T  
    223    T  
    224    4.1
    225    3.2
    226    2.1
    227    2.1
    228    3.1
    229    2.1
    230    2.1
    231    0.0
    232    0.0
    233    0.0
    234    T  
    235    T  
    236    0.0
    237    0.0
    238    2.1
    239    3.1
    240    4.1
    241    0.0
    242    0.0
    243    0.0
    244    0.0
    245    2.1
    246    T  
    247    T  
    248    0.0
    249    0.0
    250    0.0
    251    0.0
    252    0.0
    253    0.0
    254    0.0
    255    T  
    256    2.1
    257    0.0
    258    0.0
    259    0.0
    260    0.0
    261   DNA   
    262   DNA   
    263   DNA   
    264   DNA   
    265   DNA   
    266   DNA   
    267   DNA   
    268   DNA   
    269   DNA   
    270   DNA   
    271   DNA   
    272   DNA   
    273   DNA   
    274   DNA   
    275   DNA   
    276   DNA   
    277   DNA   
    278   DNA   
    279   DNA   
    280   DNA   
    281   DNA   
    282   DNA   
    283   DNA   
    284   DNA   
    285   DNA   
    286   DNA   
    287   DNA   
    288   DNA   
    289   DNA   
    290   DNA   
    291   DNA   
    292   DNA   
    293   DNA   
    294   DNA   
    295   DNA   
    296   DNA   
    297   DNA   
    298   DNA   
    299   DNA   
    300   DNA   
    301   DNA   
    302   DNA   
    303   DNA   
    304   DNA   
    305   DNA   
    306   DNA   
    307   DNA   
    308   DNA   
    309   DNA   
    310   DNA   
    311   DNA   
    312   DNA   
    313   DNA   
    314   DNA   
    315   DNA   
    316   DNA   
    317   DNA   
    318   DNA   
    319   DNA   
    320   DNA   
    321    0.0
    322    0.0
    323    0.0
    324    0.0
    325    0.0
    326    0.0
    327    0.0
    328    0.0
    329    0.0
    330    0.0
    331    0.0
    332    0.0
    333    0.0
    334    0.0
    335    0.0
    336    0.0
    337    0.0
    338    0.0
    339    0.0
    340    0.0
    341    0.0
    342    0.0
    343    0.0
    344    0.0
    345    0.0
    346    0.0
    347    0.0
    348    0.0
    349    0.0
    350    0.0
    351    0.0
    352    0.0
    353    0.0
    354    0.0
    355    0.0
    356    0.0
    357    0.0
    358    0.0
    359    0.0
    360    0.0
    361    0.0
    362    0.0
    363    0.0
    364    0.0
    365    0.0
    366    0.0
