      1    0.0
      2    0.0
      3    0.0
      4    0.0
      5    0.0
      6    0.0
      7    0.0
      8    0.0
      9    0.0
     10    0.0
     11    0.0
     12    0.0
     13    0.0
     14    0.0
     15    0.0
     16    0.0
     17    0.0
     18    0.0
     19    0.0
     20   15.8
     21   10.3
     22    0.0
     23    0.0
     24    0.0
     25    0.0
     26    0.0
     27    0.0
     28    0.0
     29    0.0
     30    0.0
     31    0.0
     32    4.7
     33    0.0
     34    0.0
     35    2.5
     36    3.5
     37    0.0
     38    0.0
     39    0.0
     40    0.0
     41    0.0
     42    0.0
     43    0.0
     44    0.0
     45    0.0
     46    0.0
     47    0.0
     48    0.0
     49    0.0
     50    0.0
     51    0.0
     52    0.0
     53    2.1
     54    0.0
     55    0.0
     56    0.0
     57    0.0
     58    0.0
     59    0.0
     60    0.0
     61    0.0
     62    0.0
     63    0.0
     64    0.0
     65    0.0
     66    0.0
     67    0.0
     68    0.0
     69    0.0
     70    0.0
     71    0.0
     72    0.0
     73    0.0
     74    0.0
     75    0.0
     76    0.0
     77    0.0
     78    0.0
     79    0.0
     80    0.0
     81    0.0
     82    0.0
     83    0.0
     84    0.0
     85    0.0
     86    0.0
     87    0.0
     88    0.0
     89   10.2
     90    0.0
     91   12.5
     92    T  
     93    9.1
     94    0.0
     95    9.5
     96    6.2
     97    0.0
     98    0.0
     99   17.5
    100    9.6
    101    T  
    102    0.0
    103    4.2
    104    0.0
    105    0.0
    106    0.0
    107    0.0
    108    0.0
    109    0.0
    110    9.6
    111    0.0
    112   25.7
    113    0.0
    114    5.3
    115    4.2
    116   12.5
    117    5.5
    118   22.5
    119   20.3
    120    0.0
    121    T  
    122    0.0
    123    0.0
    124    0.0
    125   22.3
    126    0.0
    127    0.0
    128    0.0
    129    0.0
    130    0.0
    131    0.0
    132    0.0
    133    0.0
    134    0.0
    135    0.0
    136    0.0
    137    0.0
    138    0.0
    139    9.7
    140    4.3
    141    4.2
    142    5.5
    143    0.0
    144   22.3
    145   25.8
    146    0.0
    147   15.5
    148    0.0
    149    5.5
    150   20.3
    151    0.0
    152    0.0
    153    0.0
    154   11.3
    155    0.0
    156    5.5
    157    7.5
    158   17.5
    159    0.0
    160   15.3
    161    4.2
    162    0.0
    163    7.5
    164    4.2
    165    0.0
    166   25.7
    167   21.5
    168    0.0
    169   61.6
    170   17.0
    171    3.6
    172   18.6
    173    2.0
    174   22.0
    175    0.0
    176    0.0
    177    7.6
    178    8.2
    179    5.1
    180    7.3
    181    5.6
    182    0.0
    183    4.6
    184    0.0
    185    0.0
    186    0.0
    187    3.1
    188    9.3
    189   30.4
    190    9.3
    191   23.0
    192   41.7
    193    0.0
    194    3.1
    195    0.0
    196    0.0
    197    4.2
    198    3.6
    199    2.0
    200   22.0
    201    7.3
    202    5.1
    203    0.0
    204    0.0
    205    5.6
    206    0.0
    207   21.5
    208    0.0
    209    0.0
    210    0.0
    211    0.0
    212    4.6
    213    3.1
    214    0.0
    215    0.0
    216    0.0
    217   41.0
    218   61.6
    219   21.5
    220    0.0
    221    0.0
    222    0.0
    223    0.0
    224    0.0
    225   22.2
    226   25.8
    227    7.3
    228    4.6
    229    4.2
    230    0.0
    231    0.0
    232    0.0
    233    0.0
    234    5.5
    235    0.0
    236    0.0
    237    9.6
    238    0.0
    239    0.0
    240    0.0
    241    0.0
    242    0.0
    243    0.0
    244    0.0
    245    5.3
    246    5.5
    247    0.0
    248    0.0
    249    0.0
    250    0.0
    251    0.0
    252    0.0
    253    3.1
    254    5.1
    255    0.0
    256    0.0
    257    0.0
    258    0.0
    259    0.0
    260    0.0
    261    0.0
    262    0.0
    263    0.0
    264    5.1
    265    2.0
    266    5.5
    267    4.2
    268    2.2
    269    0.1
    270    0.0
    271    0.0
    272    0.0
    273    0.0
    274    5.3
    275    0.0
    276    0.0
    277    0.0
    278    0.0
    279    0.0
    280    0.0
    281    0.0
    282    0.0
    283    0.0
    284    0.0
    285    0.0
    286    0.0
    287    5.5
    288    0.0
    289    0.0
    290    0.0
    291    0.0
    292    0.0
    293    0.0
    294    0.0
    295    5.1
    296    3.1
    297    5.5
    298    0.1
    299    0.0
    300    0.0
    301    0.0
    302    0.0
    303    0.0
    304    5.3
    305    0.0
    306    0.0
    307    0.0
    308    0.0
    309    0.0
    310    0.0
    311    0.0
    312    0.0
    313    0.0
    314    0.0
    315    4.6
    316    0.0
    317    0.0
    318    0.0
    319    0.0
    320    0.0
    321    0.0
    322    0.0
    323    0.0
    324    0.0
    325    0.0
    326    0.0
    327    0.0
    328    0.0
    329    0.0
    330    0.0
    331    0.0
    332    0.0
    333    0.0
    334    4.2
    335    7.5
    336    3.1
    337    0.0
    338    0.0
    339    0.0
    340    0.0
    341    0.0
    342    8.2
    343    7.5
    344    0.0
    345    0.0
    346    0.0
    347    3.1
    348    4.2
    349    0.0
    350    0.0
    351    0.0
    352    0.0
    353    0.0
    354    0.0
    355    0.0
    356    0.0
    357    0.0
    358    0.0
    359    0.0
    360    0.0
    361    0.0
    362    0.0
    363    0.0
    364    0.0
    365    0.0
