      1    0.0
      2    0.0
      3    0.0
      4    0.0
      5    0.0
      6    0.0
      7    0.0
      8    0.0
      9    0.0
     10    0.0
     11    0.0
     12    0.0
     13    0.0
     14    0.0
     15    0.0
     16    0.0
     17    0.0
     18    0.0
     19    0.0
     20    0.0
     21    0.0
     22    0.0
     23    0.0
     24    0.0
     25    0.0
     26    0.0
     27    0.0
     28    0.0
     29    0.0
     30    0.0
     31    0.0
     32    0.0
     33    0.0
     34    0.0
     35    0.0
     36    0.0
     37    0.0
     38    0.0
     39    0.0
     40    0.0
     41    0.0
     42    2.0
     43    3.0
     44    0.0
     45   18.0
     46    0.0
     47    0.0
     48    0.0
     49    0.0
     50    0.0
     51    0.0
     52    0.0
     53    0.0
     54    7.0
     55   12.0
     56    0.0
     57    0.0
     58    0.0
     59    0.0
     60    0.0
     61    0.0
     62    0.0
     63    0.0
     64    0.0
     65    0.0
     66   10.0
     67   10.0
     68    0.0
     69   19.5
     70   20.5
     71    0.0
     72    0.0
     73    0.0
     74    0.0
     75    0.0
     76    0.0
     77    0.0
     78    0.0
     79    7.0
     80    8.0
     81    T  
     82   16.0
     83    0.0
     84    0.0
     85    0.0
     86    0.0
     87    0.0
     88    0.0
     89    0.0
     90    0.0
     91    0.0
     92    0.0
     93   11.0
     94   12.0
     95    0.0
     96    0.0
     97    0.0
     98    5.0
     99    0.0
    100    7.7
    101    0.0
    102    0.0
    103    0.0
    104    0.0
    105    0.0
    106    0.0
    107    0.0
    108    0.0
    109    0.0
    110    0.0
    111    0.0
    112    9.0
    113    3.0
    114    0.0
    115    5.0
    116    9.0
    117   15.0
    118    5.0
    119    0.0
    120    0.0
    121    6.0
    122    9.0
    123    3.0
    124    1.0
    125   19.0
    126   14.0
    127   11.5
    128    0.0
    129    0.0
    130    0.0
    131    0.0
    132    0.0
    133    9.5
    134    0.0
    135    6.0
    136    0.0
    137    9.0
    138   29.0
    139    0.0
    140    T  
    141    7.0
    142    6.0
    143    1.0
    144    6.1
    145   15.1
    146    5.0
    147    0.0
    148    0.0
    149   40.0
    150    0.0
    151    5.0
    152    1.0
    153    0.0
    154    0.0
    155    0.0
    156   19.0
    157    0.0
    158    5.0
    159    4.0
    160    3.0
    161   10.0
    162    0.0
    163    0.0
    164    4.0
    165   12.0
    166   78.0
    167    2.0
    168    T  
    169    3.0
    170    0.0
    171   42.0
    172   20.0
    173   22.0
    174    0.0
    175    2.0
    176   17.0
    177   13.0
    178    3.0
    179    3.0
    180   10.0
    181   88.0
    182   11.0
    183    9.0
    184    6.0
    185    1.0
    186    2.0
    187    0.0
    188   49.0
    189    1.0
    190   18.0
    191    5.0
    192    2.5
    193    7.0
    194    6.0
    195   20.0
    196    0.0
    197    0.0
    198   15.0
    199   27.0
    200   28.0
    201    8.0
    202   32.0
    203    9.0
    204    0.0
    205    0.0
    206    0.0
    207   30.0
    208    8.0
    209    0.0
    210    8.0
    211    0.0
    212   46.0
    213    6.0
    214   10.0
    215   10.0
    216    9.0
    217   41.0
    218   20.0
    219   10.0
    220   12.0
    221   25.0
    222    0.0
    223   30.0
    224   47.0
    225   19.0
    226   20.0
    227   15.0
    228    0.0
    229    0.0
    230    0.0
    231   11.0
    232   12.0
    233   15.0
    234   16.0
    235   11.0
    236    0.0
    237    0.0
    238    0.0
    239   15.0
    240   70.0
    241    T  
    242    7.0
    243   27.0
    244    0.0
    245    0.0
    246    0.0
    247   14.0
    248    5.0
    249    0.0
    250    0.0
    251   14.0
    252    9.0
    253   19.0
    254   40.0
    255    8.0
    256    0.0
    257    0.0
    258    0.0
    259    6.0
    260   20.0
    261   20.0
    262    0.0
    263    0.0
    264   14.0
    265   10.0
    266   10.0
    267    2.0
    268    0.0
    269   26.0
    270    0.0
    271    0.0
    272    0.0
    273   16.0
    274    0.0
    275    8.0
    276    0.0
    277   10.0
    278    T  
    279    0.0
    280    0.0
    281    0.0
    282    0.0
    283    0.0
    284    0.0
    285    0.0
    286    0.0
    287   30.0
    288    0.0
    289    0.0
    290    0.0
    291    0.0
    292    0.0
    293    0.0
    294    0.0
    295    0.0
    296    0.0
    297    0.0
    298    0.0
    299    0.0
    300    0.0
    301    0.0
    302    0.0
    303    0.0
    304    0.0
    305    0.0
    306    0.0
    307    0.0
    308    0.0
    309    0.0
    310    0.0
    311    0.0
    312    0.0
    313    0.0
    314    0.0
    315    0.0
    316    0.0
    317    0.0
    318    0.0
    319    0.0
    320    0.0
    321    0.0
    322    0.0
    323    0.0
    324    0.0
    325    0.0
    326    0.0
    327    0.0
    328    0.0
    329    0.0
    330    0.0
    331    0.0
    332    0.0
    333    0.0
    334    0.0
    335    0.0
    336    0.0
    337    0.0
    338    0.0
    339    0.0
    340    0.0
    341    0.0
    342    0.0
    343    0.0
    344    0.0
    345    0.0
    346    0.0
    347    0.0
    348    0.0
    349    0.0
    350    0.0
    351    0.0
    352    0.0
    353    0.0
    354    0.0
    355    0.0
    356    0.0
    357    0.0
    358    0.0
    359    0.0
    360    0.0
    361    0.0
    362    0.0
    363    0.0
    364    0.0
    365    0.0
