      1    0.0
      2    0.0
      3    0.0
      4    0.0
      5    0.0
      6    0.0
      7    0.0
      8    0.0
      9    0.0
     10    0.0
     11    0.0
     12    0.0
     13    0.0
     14    0.0
     15    0.0
     16    0.0
     17    0.0
     18    0.0
     19    0.0
     20    0.0
     21    0.0
     22    0.0
     23    0.0
     24    0.0
     25    0.0
     26    0.0
     27    0.0
     28   14.8
     29    0.0
     30    0.0
     31    T  
     32   14.5
     33    6.1
     34    0.2
     35    T  
     36    0.0
     37    0.0
     38    0.0
     39    0.0
     40    0.0
     41    0.0
     42    0.0
     43    0.0
     44    0.0
     45    0.0
     46    0.0
     47    0.0
     48    0.0
     49    0.0
     50    0.0
     51    0.0
     52    0.0
     53    0.0
     54    0.0
     55    0.0
     56    0.0
     57    0.0
     58    0.0
     59    0.0
     60    0.5
     61    0.3
     62   10.3
     63    T  
     64    T  
     65    1.5
     66   16.5
     67    0.0
     68    0.0
     69    0.0
     70    0.0
     71    0.0
     72    0.0
     73    0.0
     74    0.0
     75    0.0
     76    0.0
     77    0.0
     78    7.8
     79    T  
     80    0.0
     81    0.0
     82    0.0
     83    0.0
     84    T  
     85    0.0
     86    0.0
     87    0.0
     88    0.0
     89    0.0
     90    0.0
     91    0.0
     92    0.0
     93    0.0
     94    0.0
     95    0.0
     96    0.0
     97    0.0
     98    0.0
     99    0.0
    100    0.0
    101    0.0
    102    0.0
    103    T  
    104    1.7
    105    0.0
    106    0.0
    107   18.6
    108    0.2
    109    6.1
    110    0.2
    111    0.9
    112    T  
    113    T  
    114    3.2
    115   11.1
    116   11.5
    117   10.1
    118    0.0
    119    0.0
    120    0.0
    121    0.0
    122    0.0
    123    T  
    124    8.0
    125    T  
    126    0.0
    127    0.0
    128    0.0
    129    0.0
    130    0.0
    131   16.5
    132    3.1
    133    0.0
    134    2.1
    135   20.2
    136    0.0
    137    0.0
    138    0.0
    139    0.0
    140    0.0
    141    T  
    142    0.0
    143   29.7
    144    T  
    145    0.0
    146    0.0
    147    0.0
    148    T  
    149   12.5
    150    0.0
    151    0.0
    152    0.0
    153    0.0
    154    T  
    155   23.7
    156    2.3
    157   12.1
    158    T  
    159    T  
    160   28.3
    161    1.5
    162   46.3
    163    8.9
    164   11.5
    165    T  
    166    0.3
    167    4.1
    168    2.1
    169    2.5
    170    9.3
    171    0.0
    172    0.0
    173    0.0
    174   24.3
    175   15.6
    176    2.2
    177    5.3
    178   11.5
    179    2.1
    180    0.0
    181    0.0
    182   25.6
    183    0.8
    184    T  
    185    0.1
    186    0.3
    187   56.3
    188   13.8
    189   23.4
    190   13.4
    191    5.1
    192   22.7
    193    5.6
    194    4.2
    195    0.0
    196    1.3
    197    1.2
    198    0.3
    199    4.6
    200   40.2
    201    0.0
    202    T  
    203    0.0
    204    T  
    205    0.0
    206   11.3
    207    T  
    208   11.2
    209    2.3
    210    0.2
    211    T  
    212   14.1
    213    0.2
    214   31.4
    215    T  
    216    2.5
    217   23.6
    218    4.5
    219    5.1
    220   32.1
    221    5.3
    222    1.6
    223    3.1
    224    2.4
    225    0.0
    226    0.3
    227   17.3
    228    1.0
    229    2.1
    230    0.0
    231    3.4
    232    8.5
    233    0.3
    234    0.0
    235    0.1
    236    2.0
    237    T  
    238    T  
    239   39.5
    240    3.5
    241   36.2
    242   37.2
    243    4.3
    244    0.0
    245    0.0
    246    0.0
    247   19.6
    248    3.1
    249    2.3
    250    3.1
    251    0.0
    252    0.0
    253    T  
    254    T  
    255    2.3
    256   14.1
    257   44.4
    258    T  
    259    0.0
    260    2.5
    261    2.2
    262    6.2
    263   15.7
    264    2.5
    265    0.0
    266    0.0
    267    6.4
    268    0.0
    269    0.0
    270    0.0
    271    0.0
    272    0.0
    273    0.0
    274    0.0
    275    0.0
    276    0.0
    277    0.0
    278    0.0
    279    0.0
    280    0.0
    281    0.0
    282   12.1
    283    0.2
    284    8.5
    285    0.0
    286    0.0
    287    0.0
    288    0.0
    289    0.0
    290    0.3
    291    T  
    292    0.0
    293    0.0
    294    0.0
    295    0.0
    296    0.0
    297    0.0
    298    0.0
    299    0.0
    300    0.0
    301    0.0
    302    0.0
    303    0.0
    304    0.0
    305    0.0
    306    0.0
    307    0.0
    308    0.0
    309    0.0
    310    0.0
    311    0.0
    312    0.0
    313    T  
    314    9.1
    315    0.0
    316    0.0
    317    0.0
    318    0.0
    319    0.0
    320    0.0
    321    0.0
    322    0.0
    323    0.0
    324    0.0
    325    0.0
    326    0.0
    327    0.0
    328    0.0
    329    0.0
    330    0.0
    331    0.0
    332    0.0
    333    0.0
    334    0.0
    335    0.0
    336    0.0
    337    0.0
    338    0.0
    339    0.0
    340    0.0
    341    0.0
    342    0.0
    343    0.0
    344    0.0
    345    0.0
    346    0.0
    347    0.0
    348    0.0
    349    0.0
    350    0.0
    351    0.0
    352    0.0
    353    0.0
    354    0.0
    355    0.0
    356    0.0
    357    0.0
    358    0.0
    359    0.0
    360    0.0
    361    0.0
    362    0.0
    363    0.0
    364    0.0
    365    0.0
