      1    0.0
      2    0.0
      3    0.0
      4    0.0
      5    0.0
      6    0.0
      7    0.0
      8    0.0
      9    0.0
     10    0.0
     11    0.0
     12    0.0
     13    0.0
     14    0.0
     15    0.0
     16    0.0
     17    0.0
     18    0.0
     19    9.4
     20    0.0
     21    0.0
     22    0.0
     23    0.0
     24    0.0
     25    0.0
     26    0.0
     27    0.0
     28    0.0
     29    0.0
     30    0.0
     31    0.0
     32    0.0
     33    0.0
     34    0.0
     35    0.0
     36    0.0
     37    0.2
     38    0.4
     39    0.0
     40    0.0
     41    0.0
     42    0.0
     43    0.0
     44    0.0
     45    0.0
     46    0.0
     47    0.8
     48   24.4
     49    8.2
     50    0.0
     51    0.0
     52    T  
     53    0.0
     54    0.0
     55    0.0
     56    0.4
     57    0.0
     58    0.0
     59    0.0
     60    0.0
     61    0.0
     62    0.0
     63    0.0
     64    0.0
     65    0.0
     66    0.0
     67    2.0
     68    0.0
     69    T  
     70    6.2
     71    0.0
     72    0.0
     73    0.0
     74    0.0
     75    0.0
     76    0.0
     77    0.0
     78    0.0
     79    0.0
     80    0.0
     81    0.0
     82    0.0
     83    0.0
     84    0.0
     85    0.0
     86    0.0
     87    0.0
     88    0.0
     89    0.0
     90    0.0
     91    0.0
     92    0.0
     93    0.2
     94    0.0
     95    0.0
     96    0.0
     97    0.0
     98    0.0
     99    0.0
    100    0.0
    101    0.0
    102    0.0
    103    0.0
    104    0.0
    105    0.0
    106    0.0
    107    3.4
    108    1.0
    109   12.2
    110    3.6
    111    6.8
    112   18.8
    113    2.4
    114    1.6
    115   13.2
    116    0.0
    117    0.0
    118    0.0
    119    0.0
    120    0.0
    121    0.0
    122    0.0
    123    0.0
    124    0.0
    125    0.0
    126    T  
    127    0.0
    128    1.8
    129    0.0
    130    0.0
    131    0.0
    132    1.6
    133    0.0
    134    0.0
    135    0.2
    136    3.4
    137    0.2
    138    0.0
    139   13.2
    140    2.4
    141    0.6
    142    6.8
    143    9.2
    144    7.4
    145    0.0
    146    0.0
    147   12.2
    148    0.6
    149   18.8
    150    T  
    151   31.2
    152    0.4
    153    0.0
    154   15.2
    155    0.6
    156    0.2
    157   10.0
    158    0.4
    159    T  
    160    0.2
    161    8.8
    162    0.0
    163    0.0
    164    0.0
    165    0.0
    166    0.4
    167   23.2
    168    1.0
    169   29.2
    170   18.8
    171   14.0
    172    T  
    173   23.2
    174    0.0
    175    0.4
    176    6.0
    177    0.2
    178    5.6
    179    8.0
    180   10.2
    181    4.0
    182    5.0
    183    0.2
    184    0.0
    185    T  
    186    0.6
    187   10.2
    188   40.8
    189    7.0
    190    6.6
    191   51.6
    192   22.2
    193    T  
    194    0.0
    195    2.2
    196    T  
    197    0.0
    198    0.0
    199   12.0
    200   29.2
    201    5.6
    202    0.2
    203   35.4
    204   10.0
    205    1.0
    206    0.8
    207    0.4
    208    0.2
    209    4.0
    210    6.0
    211    T  
    212   12.0
    213    2.8
    214   12.0
    215   17.4
    216    1.8
    217   40.6
    218    7.4
    219    6.6
    220   16.0
    221    7.2
    222    0.0
    223    8.4
    224   33.8
    225    0.6
    226    T  
    227   10.2
    228    2.0
    229   10.6
    230    1.8
    231    3.2
    232    T  
    233    5.4
    234    T  
    235    0.0
    236    2.8
    237    0.0
    238    6.2
    239    0.4
    240    5.0
    241    0.0
    242    T  
    243    0.0
    244    T  
    245   24.8
    246   12.0
    247    7.6
    248    0.0
    249    0.0
    250    0.0
    251    0.0
    252    3.4
    253    0.0
    254    0.0
    255    0.0
    256    0.0
    257    0.4
    258    3.6
    259    0.0
    260    0.0
    261    0.0
    262    4.4
    263    5.0
    264    0.0
    265    0.0
    266    0.0
    267   44.6
    268    6.2
    269    0.0
    270    0.0
    271    0.0
    272    0.0
    273    0.0
    274    2.2
    275    0.4
    276    3.6
    277    1.4
    278    6.2
    279    5.8
    280    T  
    281    0.0
    282    0.0
    283    0.0
    284    0.0
    285    0.0
    286    0.0
    287   30.6
    288   90.8
    289    1.0
    290    0.0
    291    0.0
    292    0.0
    293    0.0
    294    0.4
    295    0.0
    296    0.0
    297    0.0
    298    0.0
    299    0.0
    300    0.0
    301    0.0
    302    0.0
    303    0.0
    304    0.0
    305    0.0
    306    0.0
    307    0.0
    308    0.0
    309    0.0
    310    0.0
    311    0.0
    312    0.0
    313    0.0
    314    0.0
    315    0.0
    316    0.0
    317    0.0
    318    0.0
    319    0.0
    320    0.0
    321    0.0
    322    0.0
    323    0.0
    324    0.0
    325    0.0
    326    0.0
    327    0.0
    328    0.0
    329    0.0
    330    0.0
    331    0.0
    332    0.0
    333    0.0
    334    0.0
    335    0.0
    336    0.0
    337    0.0
    338    0.0
    339    0.0
    340    0.0
    341    0.0
    342    0.0
    343    0.0
    344    0.0
    345    0.0
    346    0.0
    347    0.0
    348    0.0
    349    0.0
    350    0.0
    351    0.0
    352    0.0
    353    0.0
    354    0.0
    355    0.0
    356    0.0
    357    0.0
    358    0.0
    359    0.0
    360    0.0
    361    0.0
    362    0.0
    363    0.0
    364    0.0
    365    0.0
