1981.0 1.0 1.0   0.0  24.0   6.4   0.0   0.0   0.0
1981.0 1.0 2.0   0.0  23.2   6.0   0.0   0.0   0.0
1981.0 1.0 3.0   0.0  23.7   6.8   0.0   0.0   0.0
1981.0 1.0 4.0   0.0  24.2   9.8   0.0   0.0   0.0
1981.0 1.0 5.0   0.0  25.6   8.5   0.0   0.0   0.0
1981.0 1.0 6.0   0.0  25.5   8.6   0.0   0.0   0.0
1981.0 1.0 7.0   0.0  25.6   5.7   0.0   0.0   0.0
1981.0 1.0 8.0   0.0  25.7   5.8   8.4   0.0   0.0
1981.0 1.0 9.0   0.0  24.8   7.0   0.0   0.0   0.0
1981.0 1.010.0   0.0  23.8   7.8   0.0   0.0   0.0
1981.0 1.011.0   0.0  24.7   6.6   0.0   0.0   0.0
1981.0 1.012.0   0.0  24.8   6.4   0.0   0.0   0.0
1981.0 1.013.0   0.0  24.4   6.2  13.6   0.0   0.0
1981.0 1.014.0   0.0  23.2   3.9   0.0   0.0   0.0
1981.0 1.015.0   0.0  23.2   3.6   0.0   0.0   0.0
1981.0 1.016.0   0.0  23.7   6.0   0.0   0.0   0.0
1981.0 1.017.0   0.0  23.8   5.8   0.0   0.0   0.0
1981.0 1.018.0   0.0  25.1   7.2   0.0   0.0   0.0
1981.0 1.019.0   0.0  24.8   7.0   0.0   0.0   0.0
1981.0 1.020.0   0.0  25.0   7.2   0.0   0.0   0.0
1981.0 1.021.0   0.0  25.8   7.1   0.0   0.0   0.0
1981.0 1.022.0   0.0  27.1   6.9   0.0   0.0   0.0
1981.0 1.023.0   0.0  25.4   9.4   0.0   0.0   0.0
1981.0 1.024.0   0.0  27.1  13.0   0.0   0.0   0.0
1981.0 1.025.0   0.0  25.4  13.6  31.2   0.0   0.0
1981.0 1.026.0   0.0  24.6  16.0   0.0   0.0   0.0
1981.0 1.027.0   0.0  20.6  15.0   0.0   0.0   0.0
1981.0 1.028.0   0.0  25.0   7.6   0.0   0.0   0.0
1981.0 1.029.0   0.0  25.0   6.6   0.0   0.0   0.0
1981.0 1.030.0   0.0  25.5   7.8   0.0   0.0   0.0
1981.0 1.031.0   0.0  20.8  12.1   0.0   0.0   0.0
1981.0 2.0 1.0   0.0  17.8  14.2   0.0   0.0   0.0
1981.0 2.0 2.0   0.0  23.2   7.0   0.0   0.0   0.0
1981.0 2.0 3.0   0.0  21.0   9.0   0.0   0.0   0.0
1981.0 2.0 4.0   0.0  23.0  10.0   0.0   0.0   0.0
1981.0 2.0 5.0   0.0  24.2   7.8   0.0   0.0   0.0
1981.0 2.0 6.0   0.0  20.8   4.8   0.0   0.0   0.0
1981.0 2.0 7.0   0.0  22.0   5.2   0.0   0.0   0.0
1981.0 2.0 8.0   0.0  22.0   5.6   0.0   0.0   0.0
1981.0 2.0 9.0   0.0  22.6   5.8   0.0   0.0   0.0
1981.0 2.010.0   0.0  22.6   6.6   0.0   0.0   0.0
1981.0 2.011.0   0.0  25.4   9.4   0.0   0.0   0.0
1981.0 2.012.0   0.0  24.0  10.6   0.0   0.0   0.0
1981.0 2.013.0   0.0  26.1   8.4   0.0   0.0   0.0
1981.0 2.014.0   0.0  25.6   7.4   0.0   0.0   0.0
1981.0 2.015.0   0.0  23.6   7.4   0.0   0.0   0.0
1981.0 2.016.0   0.0  23.0  12.0   0.0   0.0   0.0
1981.0 2.017.0   0.0  26.6  12.8   0.0   0.0   0.0
1981.0 2.018.0   0.0  27.0   8.0   0.0   0.0   0.0
1981.0 2.019.0   0.0  28.2   8.4   0.0   0.0   0.0
1981.0 2.020.0   0.0  28.0   6.9   0.0   0.0   0.0
1981.0 2.021.0   0.0  28.8   8.6   0.0   0.0   0.0
1981.0 2.022.0   0.0  28.0   6.2   0.0   0.0   0.0
1981.0 2.023.0   0.0  24.0   5.8   0.0   0.0   0.0
1981.0 2.024.0   0.0  25.4   6.0   0.0   0.0   0.0
1981.0 2.025.0   0.0  24.2   7.0   0.0   0.0   0.0
1981.0 2.026.0   0.0  26.4   6.2   0.0   0.0   0.0
1981.0 2.027.0   0.0  27.0   8.0   0.0   0.0   0.0
1981.0 2.028.0   0.0  27.4  11.0   0.0   0.0   0.0
1981.0 3.0 1.0   0.0  29.2  14.9   0.0   0.0   0.0
1981.0 3.0 2.0   0.0  25.0  16.8   0.0   0.0   0.0
1981.0 3.0 3.0   0.0  25.7  11.8   0.0   0.0   0.0
1981.0 3.0 4.0   0.0  23.5   7.6   0.0   0.0   0.0
1981.0 3.0 5.0   0.0  20.0  14.1   0.0   0.0   0.0
1981.0 3.0 6.0   0.0  23.2  10.0   0.0   0.0   0.0
1981.0 3.0 7.0   0.0  24.0  10.4   0.0   0.0   0.0
1981.0 3.0 8.0   0.0  26.8  10.1   0.0   0.0   0.0
1981.0 3.0 9.0   0.0  25.6   9.9   0.0   0.0   0.0
1981.0 3.010.0   0.0  27.8   9.0   0.0   0.0   0.0
1981.0 3.011.0   0.0  30.0  11.9   0.0   0.0   0.0
1981.0 3.012.0   0.0  28.8  10.4   0.0   0.0   0.0
1981.0 3.013.0   0.0  27.4   8.5   0.0   0.0   0.0
1981.0 3.014.0   0.0  28.2  10.6   0.0   0.0   0.0
1981.0 3.015.0   0.0  30.0  12.0   0.0   0.0   0.0
1981.0 3.016.0   0.0  30.4  14.3   0.0   0.0   0.0
1981.0 3.017.0   0.0  29.8  16.2   2.9   0.0   0.0
1981.0 3.018.0   0.0  32.0  15.6   0.0   0.0   0.0
1981.0 3.019.0   0.0  32.4  14.2   0.0   0.0   0.0
1981.0 3.020.0   0.0  30.6  12.6   0.0   0.0   0.0
1981.0 3.021.0   0.0  32.0  12.5   0.0   0.0   0.0
1981.0 3.022.0   0.0  33.2  14.0   0.0   0.0   0.0
1981.0 3.023.0   0.0  34.2  15.8   0.0   0.0   0.0
1981.0 3.024.0   0.0  32.2  17.6   0.0   0.0   0.0
1981.0 3.025.0   0.0  31.0  17.8   0.0   0.0   0.0
1981.0 3.026.0   0.0  32.0  14.3   0.1   0.0   0.0
1981.0 3.027.0   0.0  31.4  10.6  16.4   0.0   0.0
1981.0 3.028.0   0.0  32.0  12.0   0.0   0.0   0.0
1981.0 3.029.0   0.0  34.0  14.8   0.0   0.0   0.0
1981.0 3.030.0   0.0  34.4  15.6   0.0   0.0   0.0
1981.0 3.031.0   0.0  33.0  17.2  21.9   0.0   0.0
1981.0 4.0 1.0   0.0  31.0  19.6   0.0   0.0   0.0
1981.0 4.0 2.0   0.0  33.4  19.8   3.1   0.0   0.0
1981.0 4.0 3.0   0.0  33.6  13.5   0.0   0.0   0.0
1981.0 4.0 4.0   0.0  35.2  15.6   0.0   0.0   0.0
1981.0 4.0 5.0   0.0  37.2  18.2   0.0   0.0   0.0
1981.0 4.0 6.0   0.0  37.0  19.0   0.0   0.0   0.0
1981.0 4.0 7.0   0.0  36.6  19.9   0.0   0.0   0.0
1981.0 4.0 8.0   0.0  34.6  17.6   0.0   0.0   0.0
1981.0 4.0 9.0   0.0  35.0  14.2   0.0   0.0   0.0
1981.0 4.010.0   0.0  35.6  16.2   0.0   0.0   0.0
1981.0 4.011.0   0.0  36.0  17.4   0.0   0.0   0.0
1981.0 4.012.0   0.0  35.8  18.5   2.5   0.0   0.0
1981.0 4.013.0   0.0  34.2  19.0   0.0   0.0   0.0
1981.0 4.014.0   0.0  33.5  20.1   0.0   0.0   0.0
1981.0 4.015.0   0.0  33.2  17.5   0.0   0.0   0.0
1981.0 4.016.0   0.0  33.4  20.6  28.7   0.0   0.0
1981.0 4.017.0   0.0  32.8  20.6  32.8   0.0   0.0
1981.0 4.018.0   0.0  26.8  17.0   4.4   0.0   0.0
1981.0 4.019.0   0.0  29.2  18.0   0.0   0.0   0.0
1981.0 4.020.0   0.0  30.8  20.0   0.0   0.0   0.0
1981.0 4.021.0   0.0  32.0  17.8   0.0   0.0   0.0
1981.0 4.022.0   0.0  33.8  19.1   0.0   0.0   0.0
1981.0 4.023.0   0.0  34.6  22.4   0.0   0.0   0.0
1981.0 4.024.0   0.0  34.0  23.0   0.0   0.0   0.0
1981.0 4.025.0   0.0  36.0  23.0   3.9   0.0   0.0
1981.0 4.026.0   0.0  33.8  21.0  30.3   0.0   0.0
1981.0 4.027.0   0.0  33.0  21.7   1.5   0.0   0.0
1981.0 4.028.0   0.0  35.0  18.8   0.0   0.0   0.0
1981.0 4.029.0   0.0  36.4  19.0   0.2   0.0   0.0
1981.0 4.030.0   0.0  35.2  17.2   0.0   0.0   0.0
1981.0 5.0 1.0   0.0  36.2  17.6   0.0   0.0   0.0
1981.0 5.0 2.0   0.0  36.8  22.2   0.0   0.0   0.0
1981.0 5.0 3.0   0.0  37.0  23.7   0.0   0.0   0.0
1981.0 5.0 4.0   0.0  35.8  23.2   0.0   0.0   0.0
1981.0 5.0 5.0   0.0  35.6  24.2   0.0   0.0   0.0
1981.0 5.0 6.0   0.0  39.4  26.4   0.0   0.0   0.0
1981.0 5.0 7.0   0.0  38.7  21.7   0.0   0.0   0.0
1981.0 5.0 8.0   0.0  40.2  19.9   5.6   0.0   0.0
1981.0 5.0 9.0   0.0  41.0  20.2   0.0   0.0   0.0
1981.0 5.010.0   0.0  38.6  26.6   0.0   0.0   0.0
1981.0 5.011.0   0.0  37.0  20.4   0.0   0.0   0.0
1981.0 5.012.0   0.0  39.6  20.0   1.1   0.0   0.0
1981.0 5.013.0   0.0  37.4  19.6   0.0   0.0   0.0
1981.0 5.014.0   0.0  32.6  19.2   0.0   0.0   0.0
1981.0 5.015.0   0.0  32.6  23.5   5.1   0.0   0.0
1981.0 5.016.0   0.0  35.6  22.2   0.6   0.0   0.0
1981.0 5.017.0   0.0  34.6  16.8   5.6   0.0   0.0
1981.0 5.018.0   0.0  35.6  17.4   0.0   0.0   0.0
1981.0 5.019.0   0.0  37.4  17.5   0.0   0.0   0.0
1981.0 5.020.0   0.0  37.5  20.0   0.0   0.0   0.0
1981.0 5.021.0   0.0  38.6  23.8 109.3   0.0   0.0
1981.0 5.022.0   0.0  39.2  21.4   4.6   0.0   0.0
1981.0 5.023.0   0.0  38.6  20.0  19.6   0.0   0.0
1981.0 5.024.0   0.0  39.8  20.6   0.0   0.0   0.0
1981.0 5.025.0   0.0  40.6  21.2   0.0   0.0   0.0
1981.0 5.026.0   0.0  41.4  25.0   0.0   0.0   0.0
1981.0 5.027.0   0.0  41.8  25.6  38.9   0.0   0.0
1981.0 5.028.0   0.0  38.4  29.2   5.6   0.0   0.0
1981.0 5.029.0   0.0  35.6  21.6  22.6   0.0   0.0
1981.0 5.030.0   0.0  37.8  25.6   0.0   0.0   0.0
1981.0 5.031.0   0.0  36.6  27.3   0.0   0.0   0.0
1981.0 6.0 1.0   0.0  38.6  26.0   9.4   0.0   0.0
1981.0 6.0 2.0   0.0  36.8  23.7   0.0   0.0   0.0
1981.0 6.0 3.0   0.0  35.0  27.5   0.0   0.0   0.0
1981.0 6.0 4.0   0.0  34.4  24.5   0.0   0.0   0.0
1981.0 6.0 5.0   0.0  33.0  25.7  20.4   0.0   0.0
1981.0 6.0 6.0   0.0  34.8  24.5   0.0   0.0   0.0
1981.0 6.0 7.0   0.0  32.2  26.0   1.0   0.0   0.0
1981.0 6.0 8.0   0.0  32.2  26.7   0.0   0.0   0.0
1981.0 6.0 9.0   0.0  31.0  25.5   0.0   0.0   0.0
1981.0 6.010.0   0.0  32.8  24.2   0.0   0.0   0.0
1981.0 6.011.0   0.0  27.4  21.6   0.0   0.0   0.0
1981.0 6.012.0   0.0  30.2  24.5   0.0   0.0   0.0
1981.0 6.013.0   0.0  32.6  24.5   0.0   0.0   0.0
1981.0 6.014.0   0.0  31.4  24.6   0.0   0.0   0.0
1981.0 6.015.0   0.0  32.8  24.0   0.0   0.0   0.0
1981.0 6.016.0   0.0  32.6  24.8   0.0   0.0   0.0
1981.0 6.017.0   0.0  34.2  25.0   0.0   0.0   0.0
1981.0 6.018.0   0.0  32.4  23.2   0.0   0.0   0.0
1981.0 6.019.0   0.0  34.2  25.2   0.7   0.0   0.0
1981.0 6.020.0   0.0  35.0  25.5   0.0   0.0   0.0
1981.0 6.021.0   0.0  34.4  24.6   5.5   0.0   0.0
1981.0 6.022.0   0.0  34.2  25.6   0.0   0.0   0.0
1981.0 6.023.0   0.0  34.0  24.9   0.7   0.0   0.0
1981.0 6.024.0   0.0  31.6  25.8   0.0   0.0   0.0
1981.0 6.025.0   0.0  33.6  24.8   0.0   0.0   0.0
1981.0 6.026.0   0.0  33.8  24.5   0.0   0.0   0.0
1981.0 6.027.0   0.0  32.2  23.2  22.4   0.0   0.0
1981.0 6.028.0   0.0  31.2  24.0 178.2   0.0   0.0
1981.0 6.029.0   0.0  32.5  24.8  28.4   0.0   0.0
1981.0 6.030.0   0.0  35.0  25.2   4.4   0.0   0.0
1981.0 7.0 1.0   0.0  33.6  25.4 144.0   0.0   0.0
1981.0 7.0 2.0   0.0  34.8  26.7  52.0   0.0   0.0
1981.0 7.0 3.0   0.0  35.2  26.4   5.0   0.0   0.0
1981.0 7.0 4.0   0.0  35.0  27.4  26.0   0.0   0.0
1981.0 7.0 5.0   0.0  34.0  26.2  10.0   0.0   0.0
1981.0 7.0 6.0   0.0  33.2  24.7  19.0   0.0   0.0
1981.0 7.0 7.0   0.0  32.2  24.8  10.5   0.0   0.0
1981.0 7.0 8.0   0.0  32.6  25.8   0.0   0.0   0.0
1981.0 7.0 9.0   0.0  31.2  23.4   0.0   0.0   0.0
1981.0 7.010.0   0.0  29.0  23.6   0.0   0.0   0.0
1981.0 7.011.0   0.0  29.0  23.6   0.0   0.0   0.0
1981.0 7.012.0   0.0  33.6  25.9   0.0   0.0   0.0
1981.0 7.013.0   0.0  32.2  25.6   2.0   0.0   0.0
1981.0 7.014.0   0.0  32.4  25.7   1.0   0.0   0.0
1981.0 7.015.0   0.0  33.1  25.3   4.0   0.0   0.0
1981.0 7.016.0   0.0  35.0  25.8  34.8   0.0   0.0
1981.0 7.017.0   0.0  34.8  26.6  71.0   0.0   0.0
1981.0 7.018.0   0.0  34.0  27.5  54.0   0.0   0.0
1981.0 7.019.0   0.0  33.4  24.2   4.7   0.0   0.0
1981.0 7.020.0   0.0  33.2  26.4  14.5   0.0   0.0
1981.0 7.021.0   0.0  32.8  26.4   3.5   0.0   0.0
1981.0 7.022.0   0.0  31.2  25.4   3.8   0.0   0.0
1981.0 7.023.0   0.0  32.4  25.0  13.7   0.0   0.0
1981.0 7.024.0   0.0  31.2  24.0   0.4   0.0   0.0
1981.0 7.025.0   0.0  29.4  24.0  10.4   0.0   0.0
1981.0 7.026.0   0.0  30.0  25.0  52.4   0.0   0.0
1981.0 7.027.0   0.0  31.4  25.4  30.0   0.0   0.0
1981.0 7.028.0   0.0  33.0  26.0  86.2   0.0   0.0
1981.0 7.029.0   0.0  32.5  26.6   0.4   0.0   0.0
1981.0 7.030.0   0.0  34.0  25.7   1.8   0.0   0.0
1981.0 7.031.0   0.0  33.8  24.4 206.2   0.0   0.0
1981.0 8.0 1.0   0.0  36.2  26.0  62.8   0.0   0.0
1981.0 8.0 2.0   0.0  35.6  26.4   4.5   0.0   0.0
1981.0 8.0 3.0   0.0  33.0  24.6   0.0   0.0   0.0
1981.0 8.0 4.0   0.0  28.4  25.4   0.6   0.0   0.0
1981.0 8.0 5.0   0.0  33.0  24.8   0.0   0.0   0.0
1981.0 8.0 6.0   0.0  34.2  26.0   0.0   0.0   0.0
1981.0 8.0 7.0   0.0  34.4  27.2   0.0   0.0   0.0
1981.0 8.0 8.0   0.0  33.2  25.5   0.0   0.0   0.0
1981.0 8.0 9.0   0.0  32.4  26.0   0.0   0.0   0.0
1981.0 8.010.0   0.0  34.0  26.4   0.0   0.0   0.0
1981.0 8.011.0   0.0  35.2  26.2 102.4   0.0   0.0
1981.0 8.012.0   0.0  34.6  26.2   2.5   0.0   0.0
1981.0 8.013.0   0.0  34.8  25.8   0.0   0.0   0.0
1981.0 8.014.0   0.0  33.6  26.4  14.4   0.0   0.0
1981.0 8.015.0   0.0  32.6  25.8   0.0   0.0   0.0
1981.0 8.016.0   0.0  34.2  26.4   0.0   0.0   0.0
1981.0 8.017.0   0.0  34.8  26.8   0.0   0.0   0.0
1981.0 8.018.0   0.0  35.4  25.8   7.0   0.0   0.0
1981.0 8.019.0   0.0  34.2  25.4   8.6   0.0   0.0
1981.0 8.020.0   0.0  33.6  25.8  34.0   0.0   0.0
1981.0 8.021.0   0.0  33.8  26.6   1.7   0.0   0.0
1981.0 8.022.0   0.0  33.8  26.4  22.7   0.0   0.0
1981.0 8.023.0   0.0  34.0  26.5  37.7   0.0   0.0
1981.0 8.024.0   0.0  31.4  25.2  11.7   0.0   0.0
1981.0 8.025.0   0.0  33.6  25.2   1.4   0.0   0.0
1981.0 8.026.0   0.0  32.8  25.8  19.2   0.0   0.0
1981.0 8.027.0   0.0  31.4  25.8   1.1   0.0   0.0
1981.0 8.028.0   0.0  32.2  24.6   0.0   0.0   0.0
1981.0 8.029.0   0.0  32.4  25.2   0.0   0.0   0.0
1981.0 8.030.0   0.0  31.8  24.6   0.0   0.0   0.0
1981.0 8.031.0   0.0  30.4  25.6   2.1   0.0   0.0
1981.0 9.0 1.0   0.0  32.8  26.2  18.2   0.0   0.0
1981.0 9.0 2.0   0.0  34.2  25.2   2.9   0.0   0.0
1981.0 9.0 3.0   0.0  35.0  25.2   0.0   0.0   0.0
1981.0 9.0 4.0   0.0  31.8  26.3   0.0   0.0   0.0
1981.0 9.0 5.0   0.0  35.6  25.4  36.2   0.0   0.0
1981.0 9.0 6.0   0.0  33.2  26.0   1.1   0.0   0.0
1981.0 9.0 7.0   0.0  36.0  25.6   5.6   0.0   0.0
1981.0 9.0 8.0   0.0  36.4  25.0   0.0   0.0   0.0
1981.0 9.0 9.0   0.0  37.0  24.8  58.8   0.0   0.0
1981.0 9.010.0   0.0  30.2  25.2  71.8   0.0   0.0
1981.0 9.011.0   0.0  27.8  24.6   0.0   0.0   0.0
1981.0 9.012.0   0.0  30.6  24.7   1.1   0.0   0.0
1981.0 9.013.0   0.0  27.0  24.4   8.6   0.0   0.0
1981.0 9.014.0   0.0  30.8  23.8  19.1   0.0   0.0
1981.0 9.015.0   0.0  32.4  23.8  24.9   0.0   0.0
1981.0 9.016.0   0.0  33.0  24.3   4.5   0.0   0.0
1981.0 9.017.0   0.0  32.0  25.2   0.0   0.0   0.0
1981.0 9.018.0   0.0  27.6  23.6   0.0   0.0   0.0
1981.0 9.019.0   0.0  30.2  22.7   0.0   0.0   0.0
1981.0 9.020.0   0.0  31.0  24.2   0.0   0.0   0.0
1981.0 9.021.0   0.0  33.0  23.2   0.2   0.0   0.0
1981.0 9.022.0   0.0  33.4  23.5   0.0   0.0   0.0
1981.0 9.023.0   0.0  34.8  23.0   0.0   0.0   0.0
1981.0 9.024.0   0.0  32.2  23.4   0.0   0.0   0.0
1981.0 9.025.0   0.0  32.4  23.6   0.0   0.0   0.0
1981.0 9.026.0   0.0  32.4  21.0   0.0   0.0   0.0
1981.0 9.027.0   0.0  31.8  20.9   0.0   0.0   0.0
1981.0 9.028.0   0.0  33.2  20.8   0.0   0.0   0.0
1981.0 9.029.0   0.0  32.8  21.2  34.8   0.0   0.0
1981.0 9.030.0   0.0  33.2  20.8   1.1   0.0   0.0
1981.010.0 1.0   0.0  33.2  19.4   0.0   0.0   0.0
1981.010.0 2.0   0.0  33.0  20.5   0.0   0.0   0.0
1981.010.0 3.0   0.0  34.0  20.5   0.0   0.0   0.0
1981.010.0 4.0   0.0  33.0  20.8   0.0   0.0   0.0
1981.010.0 5.0   0.0  32.2  18.7   0.0   0.0   0.0
1981.010.0 6.0   0.0  32.6  18.3   0.0   0.0   0.0
1981.010.0 7.0   0.0  32.0  17.6   0.0   0.0   0.0
1981.010.0 8.0   0.0  32.2  18.8   0.0   0.0   0.0
1981.010.0 9.0   0.0  33.0  20.6   0.0   0.0   0.0
1981.010.010.0   0.0  32.0  18.5   0.0   0.0   0.0
1981.010.011.0   0.0  32.0  19.4   0.0   0.0   0.0
1981.010.012.0   0.0  32.2  17.6   0.0   0.0   0.0
1981.010.013.0   0.0  32.4  17.6   0.0   0.0   0.0
1981.010.014.0   0.0  32.2  18.8   0.0   0.0   0.0
1981.010.015.0   0.0  32.2  18.6   0.0   0.0   0.0
1981.010.016.0   0.0  33.2  17.4   0.0   0.0   0.0
1981.010.017.0   0.0  29.4  17.2   0.0   0.0   0.0
1981.010.018.0   0.0  33.0  21.0   0.0   0.0   0.0
1981.010.019.0   0.0  32.4  17.2   0.0   0.0   0.0
1981.010.020.0   0.0  32.0  18.2   0.0   0.0   0.0
1981.010.021.0   0.0  32.4  21.0   0.0   0.0   0.0
1981.010.022.0   0.0  24.2  21.4   0.0   0.0   0.0
1981.010.023.0   0.0  27.8  20.0   0.0   0.0   0.0
1981.010.024.0   0.0  29.0  18.0   0.0   0.0   0.0
1981.010.025.0   0.0  30.0  18.0   0.0   0.0   0.0
1981.010.026.0   0.0  29.4  16.0   0.2   0.0   0.0
1981.010.027.0   0.0  29.0  17.0   0.0   0.0   0.0
1981.010.028.0   0.0  29.0  18.0   0.0   0.0   0.0
1981.010.029.0   0.0  30.0  16.8   0.0   0.0   0.0
1981.010.030.0   0.0  31.0  16.4   0.0   0.0   0.0
1981.010.031.0   0.0  29.4  17.0   0.0   0.0   0.0
1981.011.0 1.0   0.0  30.0  17.2   0.0   0.0   0.0
1981.011.0 2.0   0.0  30.4  15.6   0.0   0.0   0.0
1981.011.0 3.0   0.0  29.8  15.2   0.0   0.0   0.0
1981.011.0 4.0   0.0  29.4  15.4  12.3   0.0   0.0
1981.011.0 5.0   0.0  28.2  13.2   0.0   0.0   0.0
1981.011.0 6.0   0.0  27.4  14.0   0.0   0.0   0.0
1981.011.0 7.0   0.0  27.8  15.0   0.0   0.0   0.0
1981.011.0 8.0   0.0  29.2  16.6   0.0   0.0   0.0
1981.011.0 9.0   0.0  21.2  17.9   0.0   0.0   0.0
1981.011.010.0   0.0  24.4  15.0   0.0   0.0   0.0
1981.011.011.0   0.0  27.2  16.2   0.0   0.0   0.0
1981.011.012.0   0.0  25.0  17.7   0.0   0.0   0.0
1981.011.013.0   0.0  26.0  16.0   0.0   0.0   0.0
1981.011.014.0   0.0  27.6  15.0   0.0   0.0   0.0
1981.011.015.0   0.0  29.2  15.4   0.0   0.0   0.0
1981.011.016.0   0.0  28.0  14.0   0.0   0.0   0.0
1981.011.017.0   0.0  28.8  15.6   0.0   0.0   0.0
1981.011.018.0   0.0  28.8  14.8   0.0   0.0   0.0
1981.011.019.0   0.0  28.4  15.1   0.0   0.0   0.0
1981.011.020.0   0.0  27.8  21.2   0.0   0.0   0.0
1981.011.021.0   0.0  24.6  18.6   0.0   0.0   0.0
1981.011.022.0   0.0  28.6  14.9   0.0   0.0   0.0
1981.011.023.0   0.0  27.2  12.4   0.0   0.0   0.0
1981.011.024.0   0.0  25.5  13.8   0.0   0.0   0.0
1981.011.025.0   0.0  26.0   9.1   0.0   0.0   0.0
1981.011.026.0   0.0  28.8   9.5   0.0   0.0   0.0
1981.011.027.0   0.0  25.2   9.3   0.0   0.0   0.0
1981.011.028.0   0.0  24.6   8.1   0.0   0.0   0.0
1981.011.029.0   0.0  23.6   7.2   0.0   0.0   0.0
1981.011.030.0   0.0  24.3   7.1   0.0   0.0   0.0
1981.012.0 1.0   0.0  24.7   6.9   0.0   0.0   0.0
1981.012.0 2.0   0.0  24.9   8.6   0.0   0.0   0.0
1981.012.0 3.0   0.0  24.9   9.0   0.0   0.0   0.0
1981.012.0 4.0   0.0  24.8  10.1   0.0   0.0   0.0
1981.012.0 5.0   0.0  24.0  10.0   0.0   0.0   0.0
1981.012.0 6.0   0.0  23.6   9.6   0.0   0.0   0.0
1981.012.0 7.0   0.0  23.9   7.2   0.0   0.0   0.0
1981.012.0 8.0   0.0  24.8   8.2   0.0   0.0   0.0
1981.012.0 9.0   0.0  24.8   8.3   0.0   0.0   0.0
1981.012.010.0   0.0  23.6   7.4   0.0   0.0   0.0
1981.012.011.0   0.0  22.6   8.4   0.0   0.0   0.0
1981.012.012.0   0.0  22.8   9.4   0.0   0.0   0.0
1981.012.013.0   0.0  24.8  10.1   0.0   0.0   0.0
1981.012.014.0   0.0  25.4   9.8   0.0   0.0   0.0
1981.012.015.0   0.0  25.2   9.2   0.0   0.0   0.0
1981.012.016.0   0.0  24.6   8.5   0.0   0.0   0.0
1981.012.017.0   0.0  23.8   6.9   0.0   0.0   0.0
1981.012.018.0   0.0  24.0   7.8   0.0   0.0   0.0
1981.012.019.0   0.0  23.6   8.9   0.0   0.0   0.0
1981.012.020.0   0.0  25.2  10.0   0.0   0.0   0.0
1981.012.021.0   0.0  24.6  10.2   0.0   0.0   0.0
1981.012.022.0   0.0  25.0   9.6   0.0   0.0   0.0
1981.012.023.0   0.0  24.7   8.1   0.0   0.0   0.0
1981.012.024.0   0.0  25.0   8.6   0.0   0.0   0.0
1981.012.025.0   0.0  23.4   5.7   0.0   0.0   0.0
1981.012.026.0   0.0  24.1   6.3   0.0   0.0   0.0
1981.012.027.0   0.0  25.3   7.1   0.0   0.0   0.0
1981.012.028.0   0.0  23.1  10.4   0.0   0.0   0.0
1981.012.029.0   0.0  24.1  12.8   0.0   0.0   0.0
1981.012.030.0   0.0  21.8   6.2   0.0   0.0   0.0
1981.012.031.0   0.0  13.3   7.5   0.0   0.0   0.0
