  1998   1   1     0  11.8   9.5   0.0     0     0
  1998   1   2     0  14.6   8.5   0.0     0     0
  1998   1   3     0  12.2   9.5   0.0     0     0
  1998   1   4     0  17.5  10.1   0.0     0     0
  1998   1   5     0  12.7   8.0   0.0     0     0
  1998   1   6     0  13.6  10.9   0.0     0     0
  1998   1   7     0  13.5  10.8   0.0     0     0
  1998   1   8     0  13.5  11.0   0.0     0     0
  1998   1   9     0  12.5  10.8   0.0     0     0
  1998   1  10     0  13.4  10.2   0.0     0     0
  1998   1  11     0  20.8   6.0   0.0     0     0
  1998   1  12     0  15.2   5.5   0.0     0     0
  1998   1  13     0  17.4   9.3   0.0     0     0
  1998   1  14     0  16.4   8.5   0.0     0     0
  1998   1  15     0  14.0  10.8   0.0     0     0
  1998   1  16     0  21.4  10.4   0.0     0     0
  1998   1  17     0  21.8   8.0   0.0     0     0
  1998   1  18     0  22.6   6.4   0.0     0     0
  1998   1  19     0  21.4   5.4   0.0     0     0
  1998   1  20     0  22.0   5.0   0.0     0     0
  1998   1  21     0  22.5   6.0   0.0     0     0
  1998   1  22     0  21.5   4.5   0.0     0     0
  1998   1  23     0  23.0   5.5   0.0     0     0
  1998   1  24     0  23.4   5.4   0.0     0     0
  1998   1  25     0  24.1   5.5   0.0     0     0
  1998   1  26     0  25.0   6.0   0.0     0     0
  1998   1  27     0  25.0   7.0   0.0     0     0
  1998   1  28     0  25.0  10.0   0.0     0     0
  1998   1  29     0  23.6   9.9   0.0     0     0
  1998   1  30     0  25.0   7.8   5.2     0     0
  1998   1  31     0  23.0   7.8   0.0     0     0
  1998   2   1     0  23.9   8.5   0.0     0     0
  1998   2   2     0  24.5  10.9   0.0     0     0
  1998   2   3     0  28.2   9.5   0.0     0     0
  1998   2   4     0  24.4   7.5   0.0     0     0
  1998   2   5     0  22.5   6.4   0.0     0     0
  1998   2   6     0  23.5   5.2   0.0     0     0
  1998   2   7     0  24.1   7.0   0.0     0     0
  1998   2   8     0  24.4   7.4   0.0     0     0
  1998   2   9     0  25.0   6.8   0.0     0     0
  1998   2  10     0  25.9   7.9   0.0     0     0
  1998   2  11     0  26.5   8.5   0.0     0     0
  1998   2  12     0  26.6  10.0   0.0     0     0
  1998   2  13     0  26.6  11.5   0.0     0     0
  1998   2  14     0  27.6  11.5   0.0     0     0
  1998   2  15     0  26.6  12.5   0.0     0     0
  1998   2  16     0  29.1  12.0   0.0     0     0
  1998   2  17     0  29.3  11.5   0.0     0     0
  1998   2  18     0  30.5  11.6   0.0     0     0
  1998   2  19     0  28.6  11.0   0.0     0     0
  1998   2  20     0  27.1   9.0   0.0     0     0
  1998   2  21     0  27.0   6.5   0.0     0     0
  1998   2  22     0  27.0   6.0   0.0     0     0
  1998   2  23     0  27.0   5.7   0.0     0     0
  1998   2  24     0  26.0  13.4   0.0     0     0
  1998   2  25     0  24.5  15.2  15.4     0     0
  1998   2  26     0  27.7  11.0   2.4     0     0
  1998   2  27     0  27.7  10.0   0.0     0     0
  1998   2  28     0  26.4  11.0   0.0     0     0
  1998   3   1     0  25.6  10.4   0.0     0     0
  1998   3   2     0  27.0   9.2   0.0     0     0
  1998   3   3     0  27.6  11.0   0.0     0     0
  1998   3   4     0  28.1  13.2   0.0     0     0
  1998   3   5     0  26.0  13.8   0.0     0     0
  1998   3   6     0  28.5  16.8   2.8     0     0
  1998   3   7     0  26.6  12.4   3.8     0     0
  1998   3   8     0  24.4   9.0   0.0     0     0
  1998   3   9     0  26.2   8.4   0.0     0     0
  1998   3  10     0  27.4   9.2   0.0     0     0
  1998   3  11     0  29.4   9.5   0.0     0     0
  1998   3  12     0  27.4  15.6     T     0     0
  1998   3  13     0  29.7  13.6   7.8     0     0
  1998   3  14     0  29.0  10.8   0.0     0     0
  1998   3  15     0  29.3  10.4   0.0     0     0
  1998   3  16     0  30.2  10.5   0.0     0     0
  1998   3  17     0  27.2  13.6   0.0     0     0
  1998   3  18     0  29.0  14.4   0.0     0     0
  1998   3  19     0  30.2  12.4   0.0     0     0
  1998   3  20     0  29.8  12.0   0.0     0     0
  1998   3  21     0  29.8  13.6   0.0     0     0
  1998   3  22     0  30.6  15.6   0.0     0     0
  1998   3  23     0  30.2  16.9   0.0     0     0
  1998   3  24     0  29.3  14.5   3.0     0     0
  1998   3  25     0  29.0  12.4   0.2     0     0
  1998   3  26     0  29.6  10.9   0.0     0     0
  1998   3  27     0  30.4  13.0   0.0     0     0
  1998   3  28     0  31.0  15.5   0.0     0     0
  1998   3  29     0  27.7  17.7   0.0     0     0
  1998   3  30     0  23.4  15.3  42.8     0     0
  1998   3  31     0  26.5  12.8   0.0     0     0
  1998   4   1     0  29.6  13.5   0.0     0     0
  1998   4   2     0  32.5  15.5   0.0     0     0
  1998   4   3     0  33.0  17.5   0.0     0     0
  1998   4   4     0  30.0  20.5   0.0     0     0
  1998   4   5     0  31.5  17.0  11.6     0     0
  1998   4   6     0  30.5  19.5   0.0     0     0
  1998   4   7     0  30.5  20.5   5.4     0     0
  1998   4   8     0  31.5  22.0   0.0     0     0
  1998   4   9     0  31.5  20.0   0.3     0     0
  1998   4  10     0  35.5  15.0   0.6     0     0
  1998   4  11     0  37.0  15.6   0.0     0     0
  1998   4  12     0  36.5  16.0   0.0     0     0
  1998   4  13     0  35.8  13.6   0.0     0     0
  1998   4  14     0  36.5  13.0   0.0     0     0
  1998   4  15     0  37.0  13.8   0.0     0     0
  1998   4  16     0  35.4  14.2   0.0     0     0
  1998   4  17     0  33.4  17.8   0.0     0     0
  1998   4  18     0  33.0  21.0   0.0     0     0
  1998   4  19     0  34.4  22.5   0.0     0     0
  1998   4  20     0  32.0  20.0  23.2     0     0
  1998   4  21     0  33.4  22.3   0.0     0     0
  1998   4  22     0  32.6  22.9   0.0     0     0
  1998   4  23     0  28.0  22.2  22.4     0     0
  1998   4  24     0  28.8  21.0   3.0     0     0
  1998   4  25     0  32.7  23.1   0.0     0     0
  1998   4  26     0  33.6  24.4   0.0     0     0
  1998   4  27     0  33.5  20.0   4.0     0     0
  1998   4  28     0  34.5  23.9   0.0     0     0
  1998   4  29     0  35.5  22.4   0.0     0     0
  1998   4  30     0  36.2  23.1   0.0     0     0
  1998   5   1     0  36.0  25.2   0.0     0     0
  1998   5   2     0  33.4  21.4  24.4     0     0
  1998   5   3     0  32.8  23.4   0.0     0     0
  1998   5   4     0  34.2  24.5   0.0     0     0
  1998   5   5     0  34.7  25.2   0.0     0     0
  1998   5   6     0  34.4  25.0   6.4     0     0
  1998   5   7     0  35.1  25.2   0.0     0     0
  1998   5   8     0  33.5  21.0  26.2     0     0
  1998   5   9     0  34.6  23.0   0.0     0     0
  1998   5  10     0  30.8  22.1   0.0     0     0
  1998   5  11     0  30.8  18.4   0.0     0     0
  1998   5  12     0  33.5  17.5   0.0     0     0
  1998   5  13     0  35.5  21.8   0.0     0     0
  1998   5  14     0  36.7  23.4   0.0     0     0
  1998   5  15     0  37.0  23.2   0.0     0     0
  1998   5  16     0  37.0  25.6   0.0     0     0
  1998   5  17     0  36.8  27.0   0.0     0     0
  1998   5  18     0  38.0  25.4   0.0     0     0
  1998   5  19     0  39.0  25.1   0.0     0     0
  1998   5  20     0  40.5  25.0   0.0     0     0
  1998   5  21     0  40.5  26.5   0.0     0     0
  1998   5  22     0  40.6  28.6   0.0     0     0
  1998   5  23     0  40.6  28.1     T     0     0
  1998   5  24     0  39.2  22.5  12.4     0     0
  1998   5  25     0  37.1  28.0   0.0     0     0
  1998   5  26     0  37.2  23.6  95.0     0     0
  1998   5  27     0  33.2  25.0   0.0     0     0
  1998   5  28     0  34.5  26.2   0.0     0     0
  1998   5  29     0  39.5  26.0   0.0     0     0
  1998   5  30     0  38.6  23.2   0.0     0     0
  1998   5  31     0  39.6  27.6   0.0     0     0
  1998   6   1     0  39.6  28.0   0.0     0     0
  1998   6   2     0  36.6  27.5   0.0     0     0
  1998   6   3     0  37.5  25.6   0.0     0     0
  1998   6   4     0  37.5  24.5   0.0     0     0
  1998   6   5     0  38.0  25.5   0.0     0     0
  1998   6   6     0  40.5  27.5   0.0     0     0
  1998   6   7     0  40.5  26.4   0.0     0     0
  1998   6   8     0  40.0  25.9   0.0     0     0
  1998   6   9     0  40.6  24.0   0.0     0     0
  1998   6  10     0  40.6  26.6   0.0     0     0
  1998   6  11     0  40.5  27.0   0.0     0     0
  1998   6  12     0  40.7  27.0   0.0     0     0
  1998   6  13     0  40.0  27.2   0.0     0     0
  1998   6  14     0  38.6  27.2   0.0     0     0
  1998   6  15     0  38.6  27.5     T     0     0
  1998   6  16     0  39.0  28.2     T     0     0
  1998   6  17     0  40.6  27.0   0.0     0     0
  1998   6  18     0  40.6  28.5   5.0     0     0
  1998   6  19     0  40.0  28.5   5.0     0     0
  1998   6  20     0  35.5  26.5  10.0     0     0
  1998   6  21     0  30.5  25.1  30.8     0     0
  1998   6  22     0  33.0  24.8 103.0     0     0
  1998   6  23     0  35.4  26.8  11.0     0     0
  1998   6  24     0  35.9  27.5   0.0     0     0
  1998   6  25     0  36.0  26.8   0.0     0     0
  1998   6  26     0  36.0  27.1   0.0     0     0
  1998   6  27     0  35.1  26.7   0.4     0     0
  1998   6  28     0  35.5  27.0   0.6     0     0
  1998   6  29     0  35.5  27.5     T     0     0
  1998   6  30     0  35.1  27.8   0.0     0     0
  1998   7   1     0  34.6  26.0   9.2     0     0
  1998   7   2     0  34.7  27.0   9.2     0     0
  1998   7   3     0  36.5  25.6   0.1     0     0
  1998   7   4     0  36.5  26.4   0.1     0     0
  1998   7   5     0  36.1  26.8     T     0     0
  1998   7   6     0  35.0  27.0   0.4     0     0
  1998   7   7     0  33.7  25.6  25.4     0     0
  1998   7   8     0  31.4  25.2  81.2     0     0
  1998   7   9     0  31.4  26.0   3.2     0     0
  1998   7  10     0  34.0  25.5   5.8     0     0
  1998   7  11     0  35.0  26.6   0.0     0     0
  1998   7  12     0  35.0  25.0  21.6     0     0
  1998   7  13     0  34.0  25.5   0.0     0     0
  1998   7  14     0  34.0  25.6     T     0     0
  1998   7  15     0  34.1  25.6   0.5     0     0
  1998   7  16     0  32.6  26.2   0.6     0     0
  1998   7  17     0  32.6  25.2  60.4     0     0
  1998   7  18     0  32.0  25.5  33.6     0     0
  1998   7  19     0  30.4  25.4  30.8     0     0
  1998   7  20     0  33.5  25.5  19.2     0     0
  1998   7  21     0  33.5  24.8  94.0     0     0
  1998   7  22     0  31.5  24.5  42.0     0     0
  1998   7  23     0  35.0  25.5  68.0     0     0
  1998   7  24     0  35.0  25.0 162.4     0     0
  1998   7  25     0  31.0  24.2 165.2     0     0
  1998   7  26     0  32.7  25.4  19.2     0     0
  1998   7  27     0  32.7  24.6 188.2     0     0
  1998   7  28     0  34.5  24.6  27.0     0     0
  1998   7  29     0  34.5  25.7  16.8     0     0
  1998   7  30     0  34.4  26.1   0.4     0     0
  1998   7  31     0  33.4  25.7  31.0     0     0
  1998   8   1     0  33.6  26.6   2.8     0     0
  1998   8   2     0  34.0  26.5   8.0     0     0
  1998   8   3     0  34.0  24.6  35.8     0     0
  1998   8   4     0  33.3  24.7  22.6     0     0
  1998   8   5     0  33.1  25.1  82.9     0     0
  1998   8   6     0  34.2  25.4   6.0     0     0
  1998   8   7     0  34.0  25.4  30.8     0     0
  1998   8   8     0  34.1  27.2     T     0     0
  1998   8   9     0  35.5  25.5   5.2     0     0
  1998   8  10     0  35.5  27.0   6.2     0     0
  1998   8  11     0  35.2  26.5   9.6     0     0
  1998   8  12     0  35.2  24.8  14.6     0     0
  1998   8  13     0  33.5  25.0  18.4     0     0
  1998   8  14     0  33.5  25.5  43.3     0     0
  1998   8  15     0  32.5  26.1   5.4     0     0
  1998   8  16     0  32.5  25.2  12.0     0     0
  1998   8  17     0  31.9  25.6  30.3     0     0
  1998   8  18     0  31.7  24.4  98.4     0     0
  1998   8  19     0  32.8  24.5   1.6     0     0
  1998   8  20     0  33.2  24.4  59.0     0     0
  1998   8  21     0  33.2  24.5   2.1     0     0
  1998   8  22     0  34.2  24.5  26.6     0     0
  1998   8  23     0  34.2  25.5   0.0     0     0
  1998   8  24     0  33.7  25.5  15.7     0     0
  1998   8  25     0  34.4  25.0  15.7     0     0
  1998   8  26     0  34.4  25.6   2.0     0     0
  1998   8  27     0  34.0  25.8   0.0     0     0
  1998   8  28     0  34.5  24.9  32.0     0     0
  1998   8  29     0  34.1  26.0   0.2     0     0
  1998   8  30     0  32.4  25.5  30.0     0     0
  1998   8  31     0  29.7  24.4 211.0     0     0
  1998   9   1     0  31.2  24.6  19.6     0     0
  1998   9   2     0  31.2  25.5   2.0     0     0
  1998   9   3     0  30.3  25.3     T     0     0
  1998   9   4     0  32.7  24.5   0.0     0     0
  1998   9   5     0  33.8  25.1   0.0     0     0
  1998   9   6     0  33.8  24.6  76.6     0     0
  1998   9   7     0  34.5  23.4   2.4     0     0
  1998   9   8     0  35.4  23.8   0.0     0     0
  1998   9   9     0  35.4  24.7   0.0     0     0
  1998   9  10     0  33.4  25.3   0.0     0     0
  1998   9  11     0  32.5  25.0     T     0     0
  1998   9  12     0  33.0  25.0   0.0     0     0
  1998   9  13     0  33.6  25.0   0.0     0     0
  1998   9  14     0  33.7  24.2   0.0     0     0
  1998   9  15     0  34.6  23.4   0.0     0     0
  1998   9  16     0  35.5  23.4   0.0     0     0
  1998   9  17     0  35.8  24.5   0.0     0     0
  1998   9  18     0  34.0  24.2  38.0     0     0
  1998   9  19     0  35.1  25.5   0.2     0     0
  1998   9  20     0  35.5  26.0   0.0     0     0
  1998   9  21     0  33.5  23.7  35.2     0     0
  1998   9  22     0  35.4  24.4   0.0     0     0
  1998   9  23     0  35.8  25.0   0.0     0     0
  1998   9  24     0  35.8  23.7  50.2     0     0
  1998   9  25     0  35.6  24.5   0.0     0     0
  1998   9  26     0  35.3  24.8   0.0     0     0
  1998   9  27     0  36.2  24.7   0.0     0     0
  1998   9  28     0  26.4  22.4   0.1     0     0
  1998   9  29     0  31.4  24.0  55.4     0     0
  1998   9  30     0  35.4  23.9   0.0     0     0
  1998  10   1     0  32.2  23.2  42.4     0     0
  1998  10   2     0  31.0  23.4   7.4     0     0
  1998  10   3     0  27.2  23.2   4.3     0     0
  1998  10   4     0  32.2  22.7  14.6     0     0
  1998  10   5     0  34.0  22.0   0.0     0     0
  1998  10   6     0  35.0  22.0   0.0     0     0
  1998  10   7     0  35.5  23.0   0.0     0     0
  1998  10   8     0  35.2  23.4   0.0     0     0
  1998  10   9     0  35.5  23.1   0.0     0     0
  1998  10  10     0  35.5  23.4   0.0     0     0
  1998  10  11     0  35.2  22.9   0.0     0     0
  1998  10  12     0  35.5  22.3   0.0     0     0
  1998  10  13     0  35.5  22.1   0.0     0     0
  1998  10  14     0  35.0  22.7   0.0     0     0
  1998  10  15     0  35.0  22.9   0.0     0     0
  1998  10  16     0  34.0  23.0   0.0     0     0
  1998  10  17     0  34.6  23.6   0.0     0     0
  1998  10  18     0  33.4  23.9   0.0     0     0
  1998  10  19     0  33.4  24.0   7.2     0     0
  1998  10  20     0  33.4  22.2   3.0     0     0
  1998  10  21     0  33.4  22.2   0.0     0     0
  1998  10  22     0  33.2  23.2   0.0     0     0
  1998  10  23     0  33.6  23.5   0.0     0     0
  1998  10  24     0  33.6  23.4   0.0     0     0
  1998  10  25     0  32.4  21.5   0.0     0     0
  1998  10  26     0  33.2  20.0   0.0     0     0
  1998  10  27     0  33.0  19.7   0.0     0     0
  1998  10  28     0  32.5  18.0   0.0     0     0
  1998  10  29     0  32.5  18.5   0.0     0     0
  1998  10  30     0  32.5  18.0   0.0     0     0
  1998  10  31     0  31.2  17.9   0.0     0     0
  1998  11   1     0  31.3  17.5   0.0     0     0
  1998  11   2     0  32.4  18.5   0.0     0     0
  1998  11   3     0  33.1  17.8   0.0     0     0
  1998  11   4     0  33.1  17.6   0.0     0     0
  1998  11   5     0  33.0  18.7   0.0     0     0
  1998  11   6     0  32.5  17.0   0.0     0     0
  1998  11   7     0  32.2  18.0   0.0     0     0
  1998  11   8     0  31.7  17.4   0.0     0     0
  1998  11   9     0  31.7  18.5   0.0     0     0
  1998  11  10     0  31.6  18.6   0.0     0     0
  1998  11  11     0  31.0  18.0   0.0     0     0
  1998  11  12     0  31.0  15.6   0.0     0     0
  1998  11  13     0  31.5  14.8   0.0     0     0
  1998  11  14     0  31.5  14.4   0.0     0     0
  1998  11  15     0  32.2  14.0   0.0     0     0
  1998  11  16     0  32.2  18.5     T     0     0
  1998  11  17     0  27.2  18.2   1.0     0     0
  1998  11  18     0  25.5  19.0   8.4     0     0
  1998  11  19     0  26.5  17.5   0.0     0     0
  1998  11  20     0  30.6  17.0     T     0     0
  1998  11  21     0  31.3  17.8   0.0     0     0
  1998  11  22     0  32.5  17.2   0.0     0     0
  1998  11  23     0  32.5  19.2   0.0     0     0
  1998  11  24     0  30.1  18.0   0.0     0     0
  1998  11  25     0  30.0  13.0   0.0     0     0
  1998  11  26     0  29.0  13.0   0.0     0     0
  1998  11  27     0  30.0  12.8   0.0     0     0
  1998  11  28     0  30.0  12.5   0.0     0     0
  1998  11  29     0  30.0  12.5   0.0     0     0
  1998  11  30     0  29.7  12.6   0.0     0     0
  1998  12   1     0  29.0  11.8   0.0     0     0
  1998  12   2     0  27.6  12.4   0.0     0     0
  1998  12   3     0  27.0  11.0   0.0     0     0
  1998  12   4     0  28.4  11.6   0.0     0     0
  1998  12   5     0  27.5  12.0   0.0     0     0
  1998  12   6     0  27.5  12.2   0.0     0     0
  1998  12   7     0  28.5  14.4   0.0     0     0
  1998  12   8     0  28.0  13.5   0.0     0     0
  1998  12   9     0  27.3  12.8   0.0     0     0
  1998  12  10     0  26.4  13.0   0.0     0     0
  1998  12  11     0  25.4  13.6   1.5     0     0
  1998  12  12     0  26.5  12.5   0.0     0     0
  1998  12  13     0  28.4  10.5   0.0     0     0
  1998  12  14     0  28.5   9.5   0.0     0     0
  1998  12  15     0  28.0   9.5   0.0     0     0
  1998  12  16     0  27.0   9.3   0.0     0     0
  1998  12  17     0  25.6   7.5   0.0     0     0
  1998  12  18     0  25.4   7.5   0.0     0     0
  1998  12  19     0  26.6   8.5   0.0     0     0
  1998  12  20     0  27.0   6.8   0.0     0     0
  1998  12  21     0  26.0   7.5   0.0     0     0
  1998  12  22     0  25.5   8.7   0.0     0     0
  1998  12  23     0  25.7   8.7   0.0     0     0
  1998  12  24     0  26.2   8.0   0.0     0     0
  1998  12  25     0  26.0   7.5   0.0     0     0
  1998  12  26     0  23.2   6.5   0.0     0     0
  1998  12  27     0  12.0   9.5   0.0     0     0
  1998  12  28     0  16.5   8.2   0.0     0     0
  1998  12  29     0  12.5   5.5   0.0     0     0
  1998  12  30     0  17.8   8.5   0.0     0     0
  1998  12  31     0  22.2   5.0   0.0     0     0
