      1    0.0
      2    0.0
      3    0.0
      4    0.0
      5    0.0
      6    0.0
      7    0.0
      8    0.0
      9    0.0
     10    0.0
     11    0.0
     12    0.0
     13    0.0
     14    0.0
     15    0.0
     16    0.0
     17    0.0
     18    0.0
     19    0.0
     20    0.0
     21    0.0
     22    0.0
     23    0.0
     24    0.0
     25    0.0
     26    0.0
     27    0.0
     28    0.0
     29    0.0
     30    0.0
     31    0.0
     32    0.0
     33    0.0
     34    0.0
     35    0.0
     36    0.0
     37    0.0
     38    0.0
     39    0.0
     40    0.0
     41    0.0
     42    0.0
     43    0.0
     44    0.0
     45    0.0
     46    0.0
     47    0.0
     48    0.0
     49    0.0
     50    0.0
     51    0.0
     52    0.0
     53    0.0
     54    0.0
     55    0.0
     56    0.0
     57    0.0
     58    0.0
     59    0.0
     60    0.0
     61    0.0
     62    0.0
     63    0.0
     64    0.0
     65    0.0
     66    0.0
     67    0.0
     68    0.0
     69    0.0
     70    0.0
     71    0.0
     72    0.0
     73    0.0
     74    0.0
     75    0.0
     76    0.0
     77    0.0
     78    0.0
     79    0.0
     80    0.0
     81    0.0
     82    0.0
     83    0.0
     84    0.0
     85    0.0
     86    0.0
     87    0.0
     88    0.0
     89    0.0
     90    0.0
     91    0.0
     92    0.0
     93    0.0
     94   10.4
     95    0.0
     96   15.0
     97    0.0
     98    0.0
     99    0.0
    100    0.0
    101    0.0
    102    0.0
    103    0.0
    104    0.0
    105    0.0
    106   10.2
    107    2.0
    108    0.0
    109    0.0
    110    0.0
    111    0.0
    112    0.0
    113    0.0
    114    0.0
    115    0.0
    116    0.0
    117    0.0
    118    0.0
    119    0.0
    120    0.0
    121    2.0
    122    6.4
    123    0.0
    124    0.0
    125    1.6
    126    0.0
    127    2.2
    128    0.0
    129    0.0
    130    0.0
    131   16.6
    132    0.0
    133    0.0
    134    0.0
    135    0.0
    136    0.0
    137    0.0
    138    4.5
    139   14.2
    140   28.0
    141    1.0
    142   34.1
    143    4.2
    144    1.5
    145    0.0
    146    0.0
    147    1.4
    148    2.2
    149    0.0
    150    0.0
    151    0.0
    152    0.0
    153    0.0
    154    0.0
    155    0.0
    156    0.0
    157    0.0
    158    4.0
    159    0.0
    160   16.8
    161    0.0
    162   12.0
    163   20.2
    164   18.2
    165    4.2
    166   72.0
    167   28.5
    168    2.0
    169   14.4
    170    6.6
    171    6.4
    172   18.2
    173    4.0
    174    8.0
    175   18.2
    176   12.0
    177    8.2
    178   38.2
    179   24.4
    180    4.4
    181   30.5
    182    6.5
    183   28.5
    184   16.0
    185    0.0
    186    1.0
    187    6.6
    188    6.4
    189    2.0
    190   26.4
    191   18.0
    192    6.2
    193   24.0
    194    8.5
    195   22.5
    196   16.2
    197   12.4
    198   16.5
    199   20.2
    200   14.8
    201    6.5
    202   10.2
    203    8.6
    204   12.0
    205    0.0
    206    8.4
    207   10.2
    208    0.0
    209   22.0
    210   24.2
    211   18.4
    212   22.6
    213   26.6
    214   28.0
    215   38.0
    216   68.0
    217   10.5
    218    2.0
    219   10.0
    220   10.8
    221   18.2
    222    8.5
    223   46.5
    224   12.0
    225    0.4
    226   34.2
    227   34.2
    228   30.0
    229    1.5
    230    0.0
    231    0.0
    232   20.5
    233   10.0
    234   16.0
    235   24.0
    236    0.2
    237   10.0
    238    0.0
    239   14.5
    240   40.5
    241   10.0
    242    6.0
    243    6.5
    244    4.5
    245    0.0
    246    0.0
    247    0.0
    248    2.0
    249    0.6
    250    0.0
    251    8.0
    252    0.4
    253    0.6
    254    4.4
    255   10.0
    256    8.2
    257   58.4
    258   50.0
    259    0.0
    260    2.5
    261    2.0
    262    0.0
    263    0.3
    264    0.2
    265    0.0
    266    0.2
    267    0.0
    268   18.5
    269   10.0
    270    2.0
    271    0.0
    272    0.0
    273   34.0
    274    6.1
    275    0.0
    276    0.0
    277    0.0
    278    0.0
    279   10.0
    280    0.0
    281    0.0
    282    0.0
    283    0.0
    284    0.0
    285    0.0
    286    2.6
    287    0.0
    288    0.0
    289    2.5
    290    0.0
    291    0.0
    292    0.0
    293    0.0
    294    0.0
    295    0.0
    296    0.0
    297    0.0
    298    0.0
    299    0.0
    300    0.0
    301    0.0
    302    0.0
    303    0.0
    304    0.0
    305    0.0
    306    0.0
    307    0.0
    308    0.0
    309    0.0
    310    0.0
    311    0.0
    312    0.0
    313    0.0
    314    0.0
    315    0.0
    316    0.0
    317    0.0
    318    0.0
    319    0.0
    320    0.0
    321    0.0
    322    0.0
    323    0.0
    324    0.0
    325    0.0
    326    0.0
    327    0.0
    328    0.0
    329    0.0
    330    0.0
    331    0.0
    332    0.0
    333    0.0
    334    0.0
    335    0.0
    336    0.0
    337    0.0
    338    0.0
    339    0.0
    340    0.0
    341    0.0
    342    0.0
    343    0.0
    344    0.0
    345    0.0
    346    0.0
    347    0.0
    348    0.0
    349    0.0
    350    0.0
    351    0.0
    352    0.0
    353    0.0
    354    0.0
    355    0.0
    356    0.0
    357    0.0
    358    0.0
    359    0.0
    360    0.0
    361    0.0
    362    0.0
    363    0.0
    364    0.0
    365    0.0
    366    0.0
