      1    0.0
      2    0.0
      3    0.0
      4    0.0
      5    0.0
      6    0.0
      7    0.0
      8    0.0
      9    0.0
     10    0.0
     11    0.0
     12    0.0
     13    0.0
     14    0.0
     15    0.0
     16    6.8
     17    8.2
     18    0.0
     19    0.0
     20    0.0
     21    0.0
     22    0.0
     23    0.0
     24    0.0
     25    0.0
     26    0.0
     27    0.0
     28    8.4
     29    0.0
     30    0.0
     31    0.0
     32    0.0
     33    0.0
     34    0.0
     35    0.0
     36    0.0
     37    0.0
     38    0.0
     39    0.0
     40    0.0
     41    0.0
     42    0.0
     43    0.0
     44    0.0
     45    0.0
     46    0.0
     47    0.0
     48    0.0
     49    0.0
     50    0.0
     51    0.0
     52    0.0
     53    0.0
     54    0.0
     55    0.0
     56    0.0
     57    0.0
     58    0.0
     59    0.0
     60    0.0
     61    0.0
     62    0.0
     63    6.4
     64    0.0
     65    0.0
     66   20.0
     67    0.0
     68    0.0
     69    0.0
     70    0.0
     71    0.0
     72    0.0
     73    0.0
     74    0.0
     75    0.0
     76    0.0
     77   34.0
     78    0.0
     79    0.0
     80    0.0
     81    0.0
     82    4.0
     83    0.0
     84    3.0
     85    0.0
     86    2.0
     87    0.0
     88    0.0
     89    0.0
     90    0.0
     91    1.0
     92    1.8
     93    0.0
     94    0.0
     95    0.0
     96    0.0
     97    0.0
     98    0.0
     99    0.0
    100    4.2
    101    0.0
    102    1.1
    103    0.0
    104    0.0
    105    0.0
    106    0.0
    107    0.0
    108    0.0
    109    0.0
    110    0.0
    111    0.0
    112    6.4
    113   26.2
    114    0.6
    115    1.0
    116    0.0
    117   12.0
    118    0.0
    119    0.0
    120    0.0
    121    0.0
    122    0.0
    123    0.0
    124    8.0
    125    0.0
    126    0.0
    127    0.0
    128    0.0
    129    0.0
    130    0.0
    131    0.0
    132    0.0
    133    0.0
    134   10.0
    135   40.0
    136   36.0
    137   64.0
    138   45.0
    139   56.0
    140    0.0
    141    0.0
    142    0.0
    143    1.0
    144    1.4
    145    0.0
    146   14.0
    147   48.0
    148    2.0
    149    2.5
    150    0.0
    151    3.0
    152    2.0
    153    2.0
    154    4.2
    155    1.0
    156    0.0
    157   22.0
    158   10.5
    159    8.4
    160   16.2
    161    6.8
    162   18.2
    163   30.0
    164    1.0
    165    0.0
    166   30.4
    167    4.2
    168    3.2
    169    4.4
    170    1.0
    171    2.4
    172    5.0
    173    8.8
    174    1.0
    175    2.4
    176    2.0
    177    8.0
    178    4.6
    179    0.0
    180    0.0
    181    2.2
    182    8.4
    183   42.4
    184   60.2
    185   50.2
    186   28.0
    187   14.8
    188    2.0
    189    0.0
    190    0.0
    191   20.0
    192   16.5
    193   30.4
    194    0.0
    195    6.2
    196    4.0
    197   16.6
    198   18.0
    199   28.4
    200    0.0
    201   48.2
    202   10.0
    203   40.0
    204  179.5
    205   18.0
    206   18.0
    207    0.0
    208    0.0
    209   14.0
    210    0.0
    211    0.0
    212    5.4
    213   26.0
    214    4.0
    215   22.0
    216    6.5
    217   40.0
    218   22.4
    219   18.2
    220   30.6
    221    5.2
    222   20.0
    223   36.5
    224   50.5
    225   46.0
    226    0.0
    227    8.2
    228   18.0
    229   40.2
    230   28.0
    231    0.0
    232   30.0
    233   42.0
    234   50.0
    235   64.8
    236    2.4
    237    4.6
    238    4.0
    239    0.0
    240   40.5
    241   32.0
    242    5.0
    243   10.4
    244    0.0
    245   12.0
    246    2.0
    247   40.0
    248    2.2
    249    0.0
    250    0.0
    251    6.8
    252    0.0
    253    2.0
    254    0.0
    255    0.0
    256   14.5
    257    0.0
    258    0.0
    259    0.0
    260    0.0
    261    8.0
    262    5.0
    263    0.0
    264    0.0
    265   54.0
    266   20.0
    267   34.0
    268   20.0
    269   38.2
    270    8.5
    271    1.0
    272    0.0
    273    0.0
    274    0.0
    275    0.0
    276    0.0
    277    0.0
    278    0.0
    279    0.0
    280    0.0
    281   32.0
    282   18.0
    283    0.0
    284    0.0
    285    0.0
    286    0.0
    287    0.0
    288    0.0
    289    0.0
    290    0.0
    291    0.0
    292    0.0
    293    0.0
    294    0.0
    295    0.0
    296    0.0
    297    0.0
    298    0.0
    299    0.0
    300    0.0
    301    0.0
    302    0.0
    303    0.0
    304    0.0
    305    0.0
    306    0.0
    307    0.0
    308    0.0
    309    0.0
    310    0.0
    311    0.0
    312    0.0
    313    0.0
    314    0.0
    315    0.0
    316    0.0
    317   26.4
    318    0.0
    319    0.0
    320    0.0
    321    0.0
    322    0.0
    323    0.0
    324    0.0
    325    0.0
    326    0.0
    327    0.0
    328    0.0
    329    0.0
    330    0.0
    331    0.0
    332    0.0
    333    0.0
    334    0.0
    335    0.0
    336    0.0
    337    0.0
    338    0.0
    339    0.0
    340    0.0
    341    0.0
    342    0.0
    343    0.0
    344    0.0
    345    0.0
    346    0.0
    347    0.0
    348    0.0
    349    0.0
    350    0.0
    351    0.0
    352    0.0
    353    0.0
    354    0.0
    355    0.0
    356    0.0
    357    0.0
    358    0.0
    359    0.0
    360    0.0
    361    0.0
    362    0.0
    363    0.0
    364    0.0
    365    0.0
