      1    0.0
      2    0.0
      3    0.0
      4    0.0
      5    0.0
      6    0.0
      7    3.0
      8    5.0
      9    0.0
     10    0.0
     11    0.0
     12    0.0
     13    0.0
     14    0.0
     15    0.0
     16    0.0
     17    0.0
     18    0.0
     19    0.0
     20    0.0
     21    0.0
     22    0.0
     23    0.0
     24    0.0
     25    0.0
     26    0.0
     27    0.0
     28    0.0
     29    0.0
     30    0.0
     31    7.2
     32   11.0
     33    0.0
     34    0.0
     35    0.0
     36    0.0
     37    0.0
     38    0.0
     39    0.0
     40    0.0
     41    0.0
     42    0.0
     43    0.0
     44    0.0
     45    0.0
     46    0.0
     47    0.0
     48    2.5
     49    0.0
     50   11.5
     51    0.0
     52    0.0
     53    0.0
     54    0.0
     55    0.0
     56    0.0
     57    0.0
     58    0.0
     59    0.0
     60    1.5
     61    0.0
     62    0.0
     63    0.0
     64    0.0
     65    0.0
     66    0.0
     67    0.0
     68    0.0
     69    0.0
     70    1.5
     71    0.0
     72    0.0
     73    0.0
     74    2.0
     75    0.0
     76    0.0
     77    0.0
     78    0.0
     79    0.0
     80    0.0
     81    0.0
     82    0.0
     83    0.0
     84    1.0
     85    3.0
     86   10.0
     87   20.0
     88    0.0
     89    0.0
     90    0.0
     91    0.0
     92    0.0
     93    0.0
     94    0.0
     95    0.0
     96    0.0
     97    0.0
     98    0.0
     99    0.0
    100    0.0
    101    0.0
    102    5.0
    103   22.5
    104    5.0
    105    0.0
    106    0.0
    107    0.0
    108    0.0
    109    3.5
    110    0.0
    111    0.0
    112    5.0
    113   22.5
    114   40.5
    115   10.5
    116   15.5
    117    0.0
    118    0.0
    119    1.0
    120    0.0
    121    0.0
    122    0.0
    123    0.0
    124    0.0
    125    2.0
    126   13.0
    127   40.5
    128    0.0
    129    0.0
    130    0.0
    131   20.5
    132    2.5
    133    0.0
    134    2.5
    135    9.5
    136   10.0
    137   13.0
    138    6.5
    139    0.0
    140    0.0
    141    0.0
    142    5.5
    143    2.5
    144    5.0
    145    2.5
    146    5.5
    147    9.5
    148   13.0
    149   50.0
    150    5.5
    151    0.0
    152    0.0
    153    0.0
    154    9.5
    155   11.5
    156   13.5
    157   11.5
    158    1.0
    159   13.5
    160   15.0
    161   20.0
    162    5.5
    163   10.0
    164    5.0
    165   54.5
    166    5.0
    167    8.5
    168    0.0
    169   40.5
    170   30.0
    171    0.0
    172    0.0
    173    0.0
    174   45.5
    175    5.5
    176   18.5
    177   28.0
    178    4.0
    179    5.5
    180    8.0
    181    5.5
    182   10.0
    183    4.5
    184    1.5
    185    5.0
    186    2.0
    187    1.0
    188    0.0
    189    0.0
    190   15.5
    191   13.5
    192   18.0
    193    8.0
    194   10.5
    195   40.0
    196   36.5
    197   36.5
    198    6.0
    199    5.5
    200   19.5
    201   25.5
    202   24.0
    203   28.0
    204    0.0
    205    5.0
    206    4.5
    207   14.0
    208   46.0
    209   48.5
    210    8.0
    211   15.5
    212   17.0
    213   18.5
    214   14.0
    215   12.5
    216   16.0
    217   30.0
    218    4.0
    219   20.5
    220   12.5
    221   30.0
    222   50.0
    223   46.0
    224    5.0
    225   15.0
    226   16.5
    227   30.0
    228   34.0
    229   50.0
    230   65.5
    231    5.0
    232    6.5
    233    4.0
    234    3.5
    235    5.0
    236    0.0
    237   42.5
    238    0.0
    239    2.0
    240    2.5
    241    3.0
    242    3.0
    243    2.0
    244    0.0
    245    3.0
    246    0.0
    247    0.0
    248   10.0
    249    0.0
    250    0.0
    251    0.0
    252    0.0
    253    0.0
    254    0.0
    255    0.0
    256    0.0
    257   20.0
    258    0.0
    259    3.0
    260    0.0
    261   36.5
    262    6.5
    263    8.4
    264    7.6
    265    9.2
    266    6.5
    267   14.0
    268   12.0
    269    8.0
    270    0.0
    271    0.0
    272    0.0
    273    0.0
    274    0.0
    275    0.0
    276   10.0
    277   18.5
    278   16.5
    279   14.2
    280    1.0
    281    0.0
    282    0.0
    283    0.0
    284    0.0
    285    0.0
    286    0.0
    287    0.0
    288    0.0
    289    0.0
    290    0.0
    291    0.0
    292    0.0
    293    0.0
    294    0.0
    295    0.0
    296    0.0
    297    0.0
    298    0.0
    299    0.0
    300    0.0
    301    0.0
    302    0.0
    303    0.0
    304    0.0
    305    0.0
    306    0.0
    307    1.0
    308    0.0
    309    0.0
    310    0.0
    311    0.0
    312    0.0
    313    0.0
    314    0.0
    315    0.0
    316    0.0
    317    0.0
    318    0.0
    319    0.0
    320    0.0
    321    0.0
    322    0.0
    323    0.0
    324    0.0
    325    0.0
    326    0.0
    327    0.0
    328    0.0
    329    0.0
    330    0.0
    331    0.0
    332    0.0
    333    0.0
    334    0.0
    335    0.0
    336    0.0
    337    0.0
    338    0.0
    339    0.0
    340    0.0
    341    0.0
    342    0.0
    343    0.0
    344    0.0
    345    0.0
    346    0.0
    347    0.0
    348    0.0
    349    0.0
    350    0.0
    351    0.0
    352    0.0
    353    0.0
    354    0.0
    355    0.0
    356    0.0
    357    0.0
    358    0.0
    359    0.0
    360    0.0
    361    0.0
    362    0.0
    363    0.0
    364    0.0
    365    0.0
