      1    0.0
      2    0.0
      3    0.0
      4    0.0
      5    0.0
      6    0.0
      7    0.0
      8    0.0
      9    0.0
     10    0.0
     11    0.0
     12    0.0
     13    0.0
     14    0.0
     15    0.0
     16    0.0
     17    0.0
     18    0.0
     19    0.0
     20    0.0
     21    0.0
     22    2.8
     23    0.0
     24    0.0
     25    0.0
     26    0.0
     27    0.0
     28    0.0
     29    0.0
     30    0.0
     31    0.0
     32    0.0
     33    0.0
     34    0.0
     35    0.0
     36    0.0
     37    0.0
     38    0.0
     39    0.0
     40    0.0
     41    0.0
     42    0.0
     43    0.0
     44    0.0
     45    0.0
     46    0.0
     47    0.0
     48    0.0
     49    0.0
     50    0.0
     51    0.0
     52    0.0
     53    0.0
     54    0.0
     55    0.0
     56    0.0
     57    0.0
     58    0.0
     59   11.6
     60   13.2
     61    0.0
     62    0.0
     63    0.0
     64    1.6
     65   10.0
     66    0.0
     67    0.0
     68    0.0
     69    0.0
     70    0.0
     71    0.0
     72    0.0
     73    0.0
     74    0.0
     75    0.0
     76    0.0
     77    0.0
     78    0.0
     79    0.0
     80    0.0
     81    0.0
     82    0.0
     83    0.0
     84    0.0
     85    0.0
     86    0.0
     87   11.6
     88    0.0
     89    0.0
     90    9.6
     91    0.0
     92    0.8
     93    0.0
     94    0.0
     95    0.0
     96    0.0
     97    6.0
     98    0.0
     99    0.0
    100   11.2
    101    0.0
    102    5.2
    103    0.0
    104    0.8
    105    1.2
    106    0.0
    107    2.0
    108    9.2
    109    1.6
    110    8.0
    111    2.0
    112   13.6
    113   16.8
    114    1.6
    115    0.4
    116    0.0
    117    0.0
    118    0.8
    119    4.8
    120    6.0
    121    4.8
    122    9.2
    123    4.0
    124    2.0
    125    2.4
    126    0.4
    127    4.0
    128    0.0
    129    0.0
    130    0.0
    131    0.0
    132   29.6
    133    8.0
    134    4.0
    135   15.6
    136    0.0
    137    0.0
    138    2.4
    139    0.0
    140    0.0
    141   29.6
    142    4.0
    143    0.0
    144    0.0
    145    0.0
    146    0.4
    147    0.0
    148    0.0
    149    0.8
    150    0.0
    151    0.8
    152   12.8
    153    0.0
    154    0.0
    155   14.0
    156   18.8
    157   10.0
    158   40.0
    159   22.8
    160   40.0
    161   40.8
    162   40.0
    163   40.0
    164   22.0
    165   33.6
    166   19.2
    167   30.0
    168    0.4
    169    0.0
    170    0.4
    171   40.0
    172   27.2
    173    4.0
    174   40.8
    175   16.0
    176   40.0
    177   35.6
    178    0.0
    179    0.0
    180   40.0
    181   39.6
    182   13.2
    183    0.0
    184   11.6
    185    5.6
    186   40.0
    187    7.2
    188    0.8
    189    7.2
    190    9.2
    191   33.2
    192   24.0
    193    4.0
    194   26.0
    195   40.0
    196    0.0
    197    0.0
    198   12.0
    199    0.0
    200    9.2
    201    0.0
    202    3.6
    203   40.0
    204    4.0
    205    0.0
    206   40.0
    207   26.0
    208   42.0
    209    7.6
    210    0.0
    211   38.0
    212    6.0
    213   14.0
    214    7.6
    215   40.0
    216   20.0
    217   38.0
    218   13.2
    219   44.0
    220   40.0
    221   29.6
    222   17.6
    223    0.4
    224    9.2
    225   12.0
    226    3.2
    227   14.0
    228   23.6
    229   40.0
    230   19.6
    231   24.0
    232    0.8
    233   28.0
    234    0.8
    235    0.0
    236    0.0
    237   40.0
    238   38.0
    239   40.8
    240    8.0
    241    2.0
    242    5.6
    243    1.2
    244    2.0
    245    0.4
    246   40.0
    247    6.0
    248   13.2
    249   14.0
    250   17.6
    251    0.0
    252    0.0
    253    0.8
    254    5.2
    255    0.0
    256    0.0
    257   40.0
    258   25.2
    259    0.4
    260    0.0
    261    0.0
    262    0.0
    263    0.0
    264   13.2
    265    0.0
    266    3.6
    267    1.0
    268    0.0
    269    0.0
    270    0.0
    271    0.0
    272    0.0
    273    0.0
    274    0.0
    275   11.6
    276    4.0
    277   38.0
    278    0.0
    279    0.0
    280    0.0
    281    0.0
    282    0.0
    283    0.0
    284   23.2
    285    0.0
    286   19.6
    287   17.2
    288    4.0
    289   10.0
    290    0.4
    291   32.0
    292    1.6
    293    0.0
    294    0.0
    295   18.0
    296    0.0
    297    0.0
    298    0.0
    299    0.0
    300    0.0
    301    0.0
    302    0.0
    303    0.0
    304    0.0
    305    0.0
    306    0.0
    307    0.0
    308    0.0
    309    0.0
    310    3.2
    311    0.0
    312    0.4
    313    0.0
    314    0.0
    315    0.0
    316    0.0
    317    0.0
    318    0.0
    319    0.0
    320    0.0
    321    0.0
    322    0.0
    323    0.0
    324    0.0
    325    0.0
    326    0.0
    327    0.0
    328    0.0
    329    0.4
    330    0.4
    331    0.4
    332    0.0
    333    0.0
    334    0.0
    335    0.0
    336    0.0
    337    0.0
    338    0.0
    339    0.0
    340    0.0
    341    0.0
    342    0.0
    343    0.0
    344    0.0
    345    0.0
    346    0.0
    347    0.0
    348    0.0
    349    0.0
    350    0.0
    351    0.0
    352    0.0
    353    0.0
    354    0.0
    355    0.0
    356    0.0
    357    0.0
    358    0.0
    359    0.0
    360    0.0
    361    0.0
    362    0.0
    363    0.0
    364    0.0
    365    0.0
