      1    0.0
      2    0.0
      3    0.0
      4    0.0
      5    0.0
      6    0.0
      7    0.0
      8    0.0
      9    0.0
     10    0.0
     11    0.0
     12    0.0
     13    0.0
     14    0.0
     15    0.0
     16    0.0
     17    0.0
     18    0.0
     19    4.4
     20    0.0
     21    0.0
     22    0.0
     23    0.0
     24    0.0
     25    0.0
     26    0.0
     27    0.0
     28    0.0
     29    0.0
     30    0.0
     31    0.0
     32    0.0
     33    0.0
     34    0.0
     35    0.0
     36    0.0
     37    0.0
     38    0.0
     39    0.0
     40    0.0
     41    0.0
     42    0.0
     43    0.0
     44    0.0
     45    0.0
     46    4.6
     47    2.4
     48   10.0
     49    0.0
     50    0.0
     51    0.0
     52    0.0
     53    0.0
     54    0.0
     55    0.0
     56    0.0
     57    0.0
     58    0.0
     59    0.0
     60    0.0
     61   18.4
     62    0.0
     63    0.0
     64    0.0
     65    0.0
     66    0.0
     67    0.0
     68    0.0
     69    0.0
     70    0.0
     71    0.0
     72    0.0
     73    0.0
     74    0.0
     75    0.0
     76    0.0
     77    0.0
     78    0.0
     79    0.0
     80    6.4
     81   14.4
     82    4.6
     83    0.0
     84    0.0
     85    0.0
     86    0.0
     87    0.0
     88    0.0
     89    0.0
     90    0.0
     91    0.0
     92    0.0
     93    0.0
     94    0.0
     95    0.0
     96    0.0
     97    0.0
     98    0.0
     99    0.0
    100    0.0
    101    0.0
    102    0.0
    103    0.0
    104    0.0
    105    0.0
    106    0.0
    107    0.0
    108    0.0
    109    0.0
    110    0.0
    111    0.0
    112    0.0
    113    0.0
    114    0.0
    115    0.0
    116    0.0
    117    0.0
    118    0.0
    119    0.0
    120    0.0
    121    0.0
    122   14.2
    123   26.0
    124    0.0
    125    0.0
    126    0.0
    127    0.0
    128    0.0
    129    0.0
    130    0.0
    131    0.0
    132    0.0
    133    0.0
    134    0.0
    135    0.0
    136    0.0
    137    0.0
    138    0.0
    139    0.0
    140    0.0
    141    0.0
    142    0.0
    143    0.0
    144    0.0
    145    0.0
    146    0.0
    147    0.0
    148    0.0
    149    0.0
    150    4.0
    151    2.0
    152    0.0
    153    0.0
    154    0.0
    155    0.0
    156    0.0
    157    0.0
    158    0.0
    159    0.0
    160    0.0
    161    0.0
    162    0.0
    163    0.0
    164    0.0
    165    0.0
    166    0.0
    167    0.0
    168    0.0
    169    0.0
    170    8.4
    171    2.0
    172   10.0
    173   14.0
    174    0.0
    175    0.0
    176    0.0
    177    0.0
    178    0.0
    179    0.0
    180    0.0
    181    6.0
    182    2.0
    183   42.4
    184    0.0
    185    0.0
    186    4.0
    187    8.0
    188    0.0
    189    0.0
    190    6.4
    191   15.0
    192   40.0
    193   30.0
    194   28.4
    195   34.6
    196   12.0
    197   40.0
    198   28.0
    199    0.0
    200    0.0
    201    0.0
    202   46.0
    203   30.4
    204   22.4
    205   48.0
    206    6.0
    207   10.4
    208    0.0
    209    0.0
    210   18.0
    211   16.4
    212    4.0
    213   40.0
    214   30.2
    215   26.4
    216   14.0
    217    4.4
    218    8.4
    219   10.0
    220   32.4
    221    0.0
    222   12.4
    223   20.0
    224    6.4
    225   18.0
    226   16.0
    227    0.0
    228    2.0
    229   16.4
    230   60.4
    231    0.0
    232    4.4
    233    2.2
    234   12.0
    235    6.0
    236    3.2
    237   30.0
    238   36.0
    239   75.0
    240   14.4
    241    4.6
    242   40.0
    243    4.2
    244   DNA   
    245   DNA   
    246   DNA   
    247   DNA   
    248   DNA   
    249   DNA   
    250   DNA   
    251   DNA   
    252   DNA   
    253   DNA   
    254   DNA   
    255   DNA   
    256   DNA   
    257   DNA   
    258   DNA   
    259   DNA   
    260   DNA   
    261   DNA   
    262   DNA   
    263   DNA   
    264   DNA   
    265   DNA   
    266   DNA   
    267   DNA   
    268   DNA   
    269   DNA   
    270   DNA   
    271   DNA   
    272   DNA   
    273   DNA   
    274    0.0
    275    0.0
    276    0.0
    277    0.0
    278    0.0
    279    0.0
    280    0.0
    281    0.0
    282    0.0
    283    0.0
    284    0.0
    285    0.0
    286    0.0
    287   16.0
    288   58.4
    289    0.0
    290    0.0
    291    0.0
    292    0.0
    293    0.0
    294    0.0
    295    0.0
    296    0.0
    297    0.0
    298    0.0
    299    0.0
    300    0.0
    301    0.0
    302    0.0
    303    0.0
    304    0.0
    305    0.0
    306    0.0
    307    0.0
    308    0.0
    309    0.0
    310    0.0
    311    0.0
    312    0.0
    313    0.0
    314    0.0
    315    0.0
    316    0.0
    317    0.0
    318    0.0
    319    0.0
    320    0.0
    321    0.0
    322    0.0
    323    0.0
    324    0.0
    325    0.0
    326    0.0
    327    0.0
    328    0.0
    329    0.0
    330    0.0
    331    0.0
    332    0.0
    333    0.0
    334    0.0
    335    0.0
    336    0.0
    337    0.0
    338    0.0
    339    0.0
    340    0.0
    341    0.0
    342    0.0
    343    0.0
    344    0.0
    345    0.0
    346    0.0
    347    0.0
    348    6.0
    349   12.0
    350    2.0
    351    0.0
    352    0.0
    353    0.0
    354    0.0
    355    0.0
    356    0.0
    357    0.0
    358    0.0
    359    0.0
    360    0.0
    361    0.0
    362    0.0
    363    0.0
    364    0.0
    365    0.0
