      1    0.0
      2    0.0
      3    0.0
      4    0.0
      5    0.0
      6    0.0
      7    0.0
      8    3.6
      9    8.0
     10    0.0
     11    0.0
     12    0.0
     13    1.2
     14    0.0
     15    0.0
     16    0.0
     17    0.0
     18    0.0
     19    0.0
     20    0.0
     21    6.0
     22    4.0
     23    0.4
     24    0.0
     25    0.0
     26    0.0
     27    0.0
     28    0.4
     29    4.0
     30    0.0
     31    0.0
     32    0.0
     33    0.0
     34    0.0
     35    0.0
     36    0.0
     37    0.0
     38    0.0
     39    0.0
     40    0.0
     41    0.0
     42    0.0
     43    0.0
     44    0.0
     45    0.0
     46    0.0
     47    0.0
     48    0.0
     49    0.0
     50    0.0
     51    0.0
     52    0.0
     53    0.0
     54    0.0
     55    0.0
     56    0.8
     57    4.0
     58    6.0
     59   24.0
     60    0.4
     61    0.0
     62    0.0
     63    0.0
     64   22.0
     65    2.0
     66   32.0
     67   14.0
     68    0.0
     69    0.0
     70    0.0
     71    0.8
     72    0.0
     73    0.0
     74    0.0
     75    0.0
     76    0.0
     77    0.0
     78    0.0
     79    0.0
     80    0.0
     81    0.0
     82    0.0
     83    0.0
     84    0.0
     85    0.0
     86    0.0
     87    0.0
     88    0.0
     89    0.0
     90    0.0
     91    0.0
     92    0.0
     93    0.0
     94    0.0
     95    0.0
     96    0.0
     97    0.0
     98    0.0
     99    0.0
    100    0.0
    101    0.0
    102    0.0
    103    0.0
    104    4.0
    105    0.0
    106    0.0
    107    0.0
    108    0.0
    109    0.0
    110    0.0
    111    0.0
    112    0.0
    113   10.8
    114    0.0
    115    0.0
    116    0.0
    117    0.0
    118   19.2
    119    0.0
    120    0.0
    121    3.2
    122    0.0
    123    0.0
    124   20.0
    125    0.0
    126    0.0
    127    0.0
    128    4.0
    129   15.2
    130    0.4
    131    0.0
    132    6.0
    133    0.0
    134    0.0
    135    2.0
    136    3.2
    137   18.0
    138    0.0
    139    0.8
    140    4.0
    141    8.0
    142    9.2
    143   12.0
    144    0.8
    145    6.0
    146    4.0
    147    0.0
    148    6.0
    149    9.2
    150    0.0
    151    4.0
    152    0.0
    153    4.0
    154    0.0
    155    0.4
    156    0.0
    157    9.2
    158    2.0
    159    0.8
    160    2.0
    161    5.2
    162    4.0
    163   20.0
    164   12.0
    165   26.0
    166    4.0
    167   42.0
    168   44.0
    169   38.0
    170   12.0
    171   10.0
    172   16.2
    173   24.0
    174    6.0
    175    1.6
    176    0.0
    177   24.0
    178    7.2
    179   12.0
    180   24.0
    181   32.0
    182    0.0
    183    0.8
    184    0.0
    185    0.0
    186   46.0
    187   18.0
    188   19.6
    189   16.0
    190    0.0
    191    0.4
    192   27.6
    193   24.0
    194   13.6
    195   28.0
    196   14.0
    197   32.0
    198   37.6
    199   27.2
    200   22.0
    201    0.0
    202    7.2
    203    0.0
    204    3.2
    205   10.0
    206   44.0
    207   14.8
    208   18.0
    209    3.2
    210    4.0
    211    0.0
    212    4.0
    213    6.0
    214   36.0
    215   35.6
    216   20.0
    217    0.0
    218   10.0
    219   17.2
    220   15.6
    221   42.0
    222   38.0
    223   41.6
    224    8.0
    225    0.4
    226    6.0
    227   34.0
    228    0.4
    229   10.0
    230    3.2
    231   40.8
    232    3.2
    233   27.6
    234    0.0
    235   18.8
    236    0.0
    237   29.6
    238    8.0
    239    0.0
    240   10.0
    241    0.0
    242    0.0
    243   17.6
    244   24.0
    245   22.0
    246   19.2
    247   12.0
    248   10.0
    249   17.6
    250   10.0
    251   20.0
    252    8.0
    253    7.6
    254   16.0
    255   24.0
    256   17.6
    257   14.0
    258   13.2
    259   24.0
    260    8.0
    261   11.2
    262    1.2
    263    0.0
    264    0.0
    265   12.0
    266    0.0
    267   16.0
    268    0.0
    269   22.0
    270   23.6
    271    0.0
    272    0.0
    273    8.0
    274   24.0
    275   19.6
    276   10.0
    277   28.0
    278    8.0
    279    0.0
    280    0.0
    281    8.0
    282    0.0
    283    0.0
    284   10.0
    285   19.6
    286   16.0
    287    0.0
    288    0.0
    289    0.0
    290    0.0
    291    0.0
    292    0.0
    293    0.0
    294    0.0
    295    0.4
    296    0.0
    297    0.0
    298    0.0
    299    0.0
    300    0.0
    301   10.0
    302    0.8
    303    0.0
    304    0.0
    305    8.0
    306    0.4
    307    0.0
    308    0.0
    309    0.0
    310    8.0
    311    0.0
    312    0.0
    313    0.0
    314    0.0
    315    0.0
    316    0.0
    317    0.0
    318    0.0
    319    0.0
    320    0.0
    321    0.0
    322    0.0
    323    0.0
    324    0.0
    325    0.0
    326    0.0
    327    0.0
    328    0.0
    329    0.0
    330    0.0
    331    0.0
    332    0.0
    333    0.0
    334    0.0
    335    0.0
    336    0.0
    337    0.0
    338    0.0
    339    0.0
    340    0.0
    341    0.0
    342    0.0
    343    0.0
    344    0.0
    345    0.0
    346    0.0
    347    0.0
    348    0.0
    349    0.0
    350    0.0
    351    0.0
    352    0.0
    353    0.0
    354    0.0
    355    0.0
    356    0.0
    357    0.0
    358    0.0
    359    0.0
    360    0.0
    361    0.0
    362    0.0
    363    0.0
    364    0.0
    365    0.0
