      1    4.0
      2   13.7
      3   10.2
      4    0.0
      5    0.0
      6    0.0
      7    0.0
      8    0.0
      9    0.0
     10    0.0
     11    0.0
     12    0.0
     13    0.0
     14    0.0
     15    0.0
     16    0.0
     17    0.0
     18    0.0
     19    0.0
     20    0.0
     21    0.0
     22    0.0
     23    0.8
     24    0.0
     25    0.0
     26    0.0
     27    0.0
     28    0.0
     29    0.0
     30    0.0
     31    0.0
     32    0.0
     33    0.0
     34    0.0
     35    0.0
     36    0.0
     37    0.0
     38    0.0
     39    0.0
     40    0.0
     41    0.0
     42    0.0
     43    0.0
     44    0.0
     45    0.0
     46   10.4
     47   10.8
     48    0.0
     49    0.0
     50    0.0
     51    0.0
     52    0.0
     53    0.0
     54    0.0
     55    0.0
     56    4.4
     57   19.8
     58    0.0
     59    0.0
     60    0.0
     61    0.0
     62    0.0
     63    0.0
     64    0.0
     65    0.0
     66    0.0
     67    0.0
     68    0.0
     69    0.0
     70    0.0
     71    0.0
     72    0.0
     73    0.0
     74    4.2
     75    0.0
     76    0.0
     77    0.0
     78    0.0
     79    0.0
     80    T  
     81   14.9
     82    1.7
     83    T  
     84    0.0
     85    0.0
     86    0.0
     87    0.0
     88    T  
     89    6.5
     90   23.4
     91    T  
     92    0.0
     93    0.0
     94    0.0
     95    0.0
     96    0.0
     97    0.0
     98    0.0
     99    0.0
    100    2.3
    101    T  
    102    0.0
    103    1.7
    104    0.0
    105    7.5
    106   17.2
    107    2.6
    108    2.3
    109    0.8
    110    0.0
    111    0.0
    112    T  
    113    0.0
    114    0.0
    115    0.0
    116    2.8
    117    0.0
    118    0.0
    119    1.5
    120    1.5
    121    1.4
    122    0.5
    123    1.8
    124    0.1
    125    0.0
    126    0.0
    127    4.3
    128    0.0
    129    1.2
    130    4.5
    131    6.0
    132    0.0
    133    0.0
    134   15.2
    135    7.3
    136   14.5
    137    0.0
    138    T  
    139    0.2
    140    1.0
    141    T  
    142    2.4
    143    0.0
    144    T  
    145    9.0
    146    0.0
    147    0.0
    148    T  
    149    0.0
    150   14.8
    151    0.5
    152    0.0
    153    0.0
    154    0.0
    155   22.8
    156    T  
    157    1.7
    158    0.0
    159    0.0
    160    1.7
    161    1.5
    162    0.6
    163   24.5
    164    7.5
    165    5.6
    166    0.0
    167    4.5
    168    4.0
    169    3.2
    170   12.5
    171    0.0
    172    4.8
    173    3.8
    174   21.5
    175   25.0
    176   23.7
    177    6.5
    178    5.0
    179    T  
    180    T  
    181    1.5
    182    7.5
    183    0.0
    184    0.0
    185    T  
    186    0.0
    187    0.0
    188    1.5
    189   12.7
    190    3.0
    191    0.6
    192    4.0
    193   15.5
    194    4.3
    195    0.5
    196    0.5
    197   11.5
    198    4.4
    199    1.4
    200    T  
    201   18.2
    202    1.6
    203    0.5
    204   10.3
    205    T  
    206    0.0
    207    2.6
    208    1.0
    209    2.8
    210    0.1
    211    0.0
    212    4.4
    213    0.0
    214    0.0
    215   22.2
    216    8.4
    217   10.5
    218    7.5
    219    0.0
    220    9.7
    221   16.5
    222   14.6
    223    1.2
    224    0.1
    225   12.8
    226    5.6
    227    4.0
    228    7.2
    229    0.0
    230    0.0
    231    0.0
    232    0.5
    233    1.0
    234    T  
    235    0.0
    236    6.7
    237    1.8
    238    0.0
    239    0.0
    240    0.0
    241    0.0
    242    0.2
    243    T  
    244    1.4
    245    0.1
    246    7.3
    247    4.4
    248    2.0
    249    3.8
    250    T  
    251    0.1
    252    0.2
    253    0.0
    254    0.0
    255    0.0
    256    5.5
    257   16.0
    258    3.5
    259    0.0
    260    0.0
    261    0.0
    262    0.0
    263    0.0
    264    0.0
    265    0.0
    266    0.0
    267    0.0
    268    0.0
    269    0.0
    270    0.0
    271    0.0
    272    0.0
    273    0.0
    274   10.6
    275    1.0
    276    0.0
    277    0.0
    278    0.0
    279    0.0
    280    0.0
    281    0.0
    282    0.0
    283    0.0
    284    0.0
    285    0.0
    286    0.0
    287    0.0
    288    0.0
    289    0.0
    290    0.0
    291    0.0
    292    0.0
    293    0.0
    294    0.0
    295    0.0
    296    0.0
    297    0.0
    298    0.0
    299    0.0
    300    0.0
    301    0.0
    302    0.0
    303    0.0
    304    0.0
    305    0.0
    306    0.0
    307    0.0
    308    0.0
    309    0.0
    310    0.0
    311    1.2
    312    0.0
    313    T  
    314    0.0
    315    0.0
    316    0.0
    317    0.0
    318    0.0
    319    0.0
    320    0.0
    321    0.0
    322    0.0
    323    0.0
    324    0.0
    325    0.0
    326    0.0
    327    0.0
    328    0.0
    329    0.0
    330    0.0
    331    0.0
    332    0.0
    333    0.0
    334    0.0
    335    0.0
    336    0.0
    337    0.0
    338    0.0
    339    0.0
    340    0.0
    341    0.0
    342    0.0
    343    0.0
    344    0.0
    345    0.0
    346    0.0
    347    0.0
    348    0.0
    349    0.0
    350    0.0
    351    0.0
    352    0.0
    353    0.0
    354    0.0
    355    0.0
    356    0.0
    357    0.0
    358    0.0
    359    0.0
    360    0.0
    361    0.0
    362    0.0
    363    0.0
    364    0.0
    365    0.0
