      1    0.0
      2    0.0
      3    0.0
      4    0.0
      5    0.0
      6    0.0
      7    0.0
      8    0.0
      9    0.0
     10    0.0
     11    0.0
     12    0.0
     13    0.0
     14    0.0
     15    0.0
     16    0.0
     17    0.0
     18    0.0
     19    0.0
     20    0.0
     21    0.0
     22    0.0
     23    0.0
     24    0.0
     25    0.0
     26    0.0
     27    0.0
     28    0.0
     29    0.0
     30    0.0
     31    0.0
     32    0.0
     33    0.0
     34    0.0
     35    0.0
     36    0.0
     37    0.0
     38    0.0
     39    0.5
     40   24.8
     41    0.0
     42    0.7
     43    0.0
     44    2.5
     45   34.0
     46    0.0
     47    0.0
     48    0.0
     49    0.0
     50    5.5
     51    2.2
     52    0.7
     53    0.0
     54    0.4
     55    1.8
     56    0.0
     57    3.0
     58    0.0
     59    T  
     60   12.2
     61    3.0
     62    0.0
     63    0.0
     64    0.0
     65    0.0
     66    0.0
     67    0.0
     68    0.0
     69    1.5
     70    T  
     71    0.0
     72    0.0
     73    0.0
     74    0.0
     75    0.0
     76   10.2
     77    1.0
     78    1.6
     79    0.0
     80    T  
     81    2.4
     82   37.5
     83    9.2
     84    1.0
     85    0.0
     86    1.0
     87    5.3
     88    8.9
     89    0.0
     90    1.2
     91    5.6
     92    1.7
     93    T  
     94    T  
     95    0.0
     96    0.0
     97    1.8
     98    1.2
     99    0.0
    100    0.0
    101    0.0
    102    0.0
    103    0.0
    104   11.6
    105    0.0
    106    0.0
    107    0.0
    108    0.0
    109    4.6
    110    0.0
    111    0.0
    112    0.0
    113    0.0
    114    0.0
    115    0.0
    116    0.0
    117    0.0
    118    2.0
    119    2.4
    120    0.0
    121   10.7
    122    0.0
    123    0.0
    124    0.0
    125    1.8
    126    3.7
    127    0.2
    128    0.0
    129    0.0
    130    0.0
    131    2.5
    132    0.5
    133    1.8
    134    1.2
    135    0.0
    136    0.0
    137    0.0
    138    0.3
    139    0.1
    140    0.0
    141    0.0
    142    0.0
    143    0.0
    144    0.0
    145    0.4
    146    0.0
    147    T  
    148    0.0
    149    1.5
    150    4.2
    151    0.0
    152    0.0
    153    0.0
    154    0.0
    155    0.0
    156    0.2
    157    0.0
    158    0.0
    159    0.0
    160    5.3
    161    0.0
    162    3.3
    163    0.0
    164    0.0
    165    0.0
    166    0.0
    167    4.1
    168    6.8
    169    6.7
    170   19.1
    171    T  
    172    0.0
    173    3.5
    174    0.0
    175    0.0
    176    0.0
    177    0.0
    178    1.6
    179    0.0
    180    7.8
    181   40.4
    182    8.8
    183    0.0
    184    0.0
    185    0.0
    186    7.2
    187   10.5
    188   15.8
    189    5.2
    190   10.2
    191    0.0
    192    9.0
    193   10.6
    194    1.7
    195    2.7
    196    2.1
    197    5.4
    198    2.4
    199    0.4
    200    0.0
    201    1.7
    202   20.8
    203    3.3
    204   12.2
    205    6.8
    206    1.0
    207    2.7
    208    6.4
    209    4.4
    210    4.7
    211   23.6
    212    3.9
    213   18.5
    214    0.0
    215    3.1
    216    2.3
    217    4.3
    218    5.3
    219    1.1
    220   30.7
    221   17.2
    222    9.8
    223    1.9
    224    2.2
    225   18.2
    226    2.2
    227    3.5
    228    4.4
    229    7.6
    230    0.2
    231    0.1
    232   15.5
    233    0.0
    234    1.0
    235    3.2
    236    8.0
    237    0.1
    238    0.0
    239    0.0
    240    3.4
    241   27.2
    242    3.5
    243    1.8
    244    0.2
    245    T  
    246    0.0
    247   11.8
    248    4.0
    249    5.9
    250   16.7
    251    3.2
    252    0.5
    253    T  
    254    0.0
    255    0.0
    256    4.7
    257   20.5
    258    1.0
    259    2.2
    260    0.4
    261    0.0
    262    0.0
    263    0.4
    264    1.0
    265    0.1
    266    0.1
    267    0.0
    268   16.3
    269    0.1
    270    0.0
    271    0.0
    272    0.0
    273    0.0
    274    0.1
    275    0.0
    276    0.0
    277    0.0
    278    0.0
    279    0.0
    280    0.0
    281    0.0
    282    0.0
    283    0.0
    284    0.0
    285    0.6
    286    6.5
    287   10.5
    288    0.0
    289    0.0
    290    0.0
    291    0.0
    292    0.0
    293    0.0
    294    0.0
    295    0.0
    296    0.0
    297    0.0
    298    0.0
    299    0.0
    300    0.0
    301    0.0
    302    0.0
    303    0.0
    304    0.0
    305    0.0
    306    0.0
    307    0.0
    308    0.0
    309    0.0
    310    0.0
    311    0.0
    312    0.0
    313    0.0
    314    0.0
    315    0.0
    316    0.0
    317    0.0
    318    0.0
    319    0.0
    320    0.0
    321    0.0
    322    0.0
    323    0.0
    324    0.0
    325    1.0
    326    0.0
    327    0.0
    328    0.0
    329    0.0
    330    0.0
    331    0.0
    332    0.0
    333    0.0
    334    0.0
    335    0.0
    336    0.0
    337    0.0
    338    0.0
    339    0.0
    340    0.0
    341    0.0
    342    0.0
    343    0.0
    344    0.0
    345    0.0
    346    0.0
    347    0.0
    348    0.0
    349    0.0
    350    0.0
    351    0.0
    352    0.0
    353    0.0
    354    0.0
    355    0.0
    356    0.0
    357    0.0
    358    0.0
    359    0.0
    360    0.0
    361    0.0
    362    0.0
    363    0.0
    364    0.0
    365   11.0
