      1    0.0
      2    0.0
      3    0.0
      4    0.0
      5    0.0
      6    0.0
      7    0.0
      8    0.0
      9    0.0
     10    0.0
     11    0.0
     12    0.0
     13    0.0
     14    0.0
     15    0.0
     16    0.0
     17    0.0
     18    0.0
     19    0.0
     20    0.0
     21    0.0
     22    3.2
     23    0.0
     24    0.0
     25   74.0
     26   11.0
     27    0.0
     28    0.0
     29    0.0
     30    0.0
     31    0.0
     32    0.0
     33    0.0
     34    0.0
     35    0.0
     36    0.0
     37    0.0
     38    0.0
     39    0.0
     40    0.0
     41    0.0
     42    0.0
     43    0.0
     44    0.0
     45    0.0
     46    0.0
     47    0.0
     48    0.0
     49    0.0
     50   10.7
     51   29.0
     52    0.0
     53    0.0
     54    0.0
     55    0.0
     56    0.0
     57    0.0
     58    0.0
     59    0.0
     60    0.0
     61    0.0
     62    0.0
     63    0.0
     64   13.7
     65   39.7
     66    0.0
     67    0.0
     68    0.0
     69    0.0
     70    0.0
     71    0.0
     72    0.0
     73    0.0
     74    0.0
     75    0.0
     76    0.0
     77    0.0
     78    0.0
     79    0.0
     80    0.0
     81    0.0
     82    0.0
     83    0.0
     84    0.0
     85    0.0
     86    0.0
     87    0.0
     88    0.0
     89    0.0
     90    0.0
     91    0.0
     92    0.0
     93    0.0
     94    0.0
     95    0.0
     96    0.0
     97    0.0
     98    0.0
     99    0.0
    100    0.0
    101    0.0
    102    0.0
    103    0.0
    104    0.0
    105    0.0
    106    0.0
    107    0.0
    108    0.0
    109    0.0
    110    3.2
    111    7.2
    112    0.0
    113    0.0
    114    0.0
    115    0.0
    116    0.0
    117   21.5
    118    8.7
    119    8.7
    120   21.7
    121   16.5
    122    5.0
    123    1.0
    124    0.0
    125    0.0
    126    0.0
    127    5.5
    128    0.0
    129    0.0
    130    0.5
    131    0.0
    132    1.0
    133    1.2
    134    0.0
    135    2.5
    136    2.5
    137    1.1
    138    0.0
    139    0.0
    140    2.3
    141    0.0
    142    0.0
    143    0.0
    144   12.6
    145   13.0
    146    6.7
    147    2.5
    148    0.0
    149   18.0
    150   18.2
    151    1.0
    152    6.5
    153    0.0
    154    1.2
    155    0.0
    156    3.7
    157    0.0
    158   16.7
    159   10.7
    160   18.7
    161   41.5
    162   20.2
    163    6.2
    164   11.7
    165   28.2
    166   20.2
    167    8.2
    168    0.0
    169    0.0
    170   29.2
    171    8.5
    172    8.5
    173    7.0
    174   42.2
    175   24.5
    176   21.7
    177   34.7
    178   21.7
    179   97.2
    180   18.2
    181    0.7
    182    9.4
    183    3.6
    184    3.3
    185    9.7
    186   20.3
    187    2.0
    188    3.3
    189   55.9
    190    8.6
    191    0.0
    192    0.0
    193    5.8
    194    0.0
    195    3.6
    196    0.0
    197   31.0
    198    5.6
    199    3.9
    200   19.1
    201    0.0
    202    5.1
    203    5.1
    204    4.8
    205    5.1
    206   28.4
    207   38.1
    208   38.1
    209    3.0
    210   14.0
    211   34.3
    212    6.4
    213    5.8
    214   17.8
    215    0.0
    216   36.1
    217    4.1
    218    9.1
    219   32.0
    220   44.7
    221   45.2
    222    0.0
    223    4.6
    224    6.4
    225   34.5
    226    0.0
    227    0.0
    228   11.9
    229   64.8
    230   41.4
    231   30.7
    232   11.9
    233    5.0
    234   11.9
    235   55.9
    236   15.2
    237   22.9
    238   47.2
    239   18.8
    240   28.2
    241   14.2
    242    3.0
    243   19.1
    244   12.7
    245   49.8
    246   38.1
    247   15.2
    248   20.3
    249   30.2
    250    8.6
    251    9.4
    252   48.3
    253    4.1
    254   10.4
    255   21.6
    256    5.1
    257    0.0
    258   10.2
    259   16.5
    260   21.6
    261   15.2
    262   17.9
    263    5.1
    264    6.4
    265   14.2
    266   22.9
    267    0.0
    268    0.0
    269    0.0
    270    0.0
    271    0.0
    272    0.0
    273    0.0
    274    0.0
    275    0.0
    276    0.0
    277    2.5
    278    3.0
    279    0.0
    280    0.0
    281    0.0
    282    0.0
    283    0.0
    284    0.0
    285    0.0
    286    0.0
    287    0.0
    288   10.2
    289    3.0
    290    0.0
    291    0.0
    292    0.0
    293    0.0
    294    0.0
    295    0.0
    296    0.0
    297    0.0
    298    0.0
    299    0.0
    300    0.0
    301    0.0
    302    0.0
    303    0.0
    304    0.0
    305    0.0
    306    0.0
    307    0.0
    308    0.0
    309    0.0
    310    0.0
    311    0.0
    312    0.0
    313    0.0
    314    0.0
    315    0.0
    316    0.0
    317    0.0
    318    0.0
    319    0.0
    320    0.0
    321    0.0
    322    0.0
    323    0.0
    324    0.0
    325    0.0
    326    0.0
    327    0.0
    328    0.0
    329    0.0
    330    0.0
    331    0.0
    332    0.0
    333    0.0
    334    0.0
    335    0.0
    336    0.0
    337    0.0
    338    0.0
    339    0.0
    340    6.6
    341    0.0
    342    0.0
    343    0.0
    344    0.0
    345    0.0
    346    0.0
    347    0.0
    348    0.0
    349   11.7
    350    0.0
    351    0.0
    352   11.7
    353    0.0
    354    0.0
    355    0.0
    356    0.0
    357    0.0
    358    0.0
    359    0.0
    360    0.0
    361    0.0
    362    0.0
    363    0.0
    364    3.6
    365    0.0
