      1    0.0
      2    0.0
      3    0.0
      4    0.0
      5    0.0
      6    0.0
      7    0.0
      8    0.0
      9    0.0
     10    0.0
     11    0.0
     12    0.0
     13    0.0
     14    0.0
     15    0.0
     16    0.0
     17    0.0
     18   25.2
     19    9.3
     20    0.0
     21    0.0
     22    0.0
     23    T  
     24    0.0
     25    T  
     26    0.0
     27    0.0
     28    0.0
     29    0.0
     30    0.0
     31    0.0
     32    0.0
     33    0.0
     34    0.0
     35    0.0
     36    0.0
     37    8.0
     38    0.0
     39    0.0
     40    0.0
     41    0.0
     42    T  
     43    0.0
     44    0.0
     45    0.0
     46    0.4
     47    3.6
     48    0.0
     49    0.0
     50    0.0
     51    0.0
     52    0.0
     53    0.0
     54    0.0
     55    0.0
     56    T  
     57    0.0
     58    0.0
     59    0.0
     60    0.0
     61    0.0
     62    0.0
     63    0.0
     64    0.0
     65    0.0
     66    0.0
     67    0.0
     68    0.0
     69    0.0
     70    0.0
     71    0.0
     72    0.0
     73    0.0
     74    T  
     75    0.0
     76    0.0
     77    0.0
     78    0.0
     79    0.0
     80    0.0
     81    0.0
     82    0.0
     83    0.0
     84    0.0
     85    0.0
     86    0.0
     87    0.0
     88    0.0
     89    0.0
     90    0.0
     91    0.0
     92    5.2
     93    0.0
     94    0.0
     95    0.0
     96    0.0
     97    0.0
     98    0.0
     99    0.0
    100    0.0
    101    0.0
    102    0.0
    103    0.0
    104    0.0
    105    0.0
    106    0.0
    107    0.0
    108    0.0
    109    1.0
    110    0.0
    111    0.0
    112   17.3
    113    0.0
    114    9.3
    115    1.1
    116    8.4
    117    8.3
    118    3.1
    119   17.6
    120    T  
    121    0.0
    122    0.0
    123    0.0
    124    0.0
    125    0.0
    126    0.0
    127    0.0
    128    0.0
    129   20.6
    130    T  
    131    0.0
    132   19.5
    133    6.6
    134    1.5
    135    3.0
    136   17.7
    137    1.1
    138    T  
    139    1.1
    140   31.6
    141    0.9
    142    6.7
    143    0.8
    144    1.8
    145    1.8
    146    0.0
    147    0.0
    148    0.6
    149    0.0
    150    0.0
    151    1.4
    152    0.0
    153    T  
    154   25.6
    155    0.0
    156    2.9
    157    9.6
    158   41.8
    159    5.2
    160    5.8
    161    0.0
    162  117.4
    163    4.0
    164    2.6
    165   18.2
    166   12.4
    167   19.2
    168    T  
    169   15.6
    170   14.2
    171   13.5
    172    0.0
    173    T  
    174    0.0
    175    0.0
    176    T  
    177   46.8
    178   14.5
    179    T  
    180    T  
    181    0.0
    182  107.0
    183   13.5
    184   36.4
    185    0.0
    186   19.6
    187    T  
    188    0.0
    189    0.0
    190    2.2
    191    7.7
    192    0.0
    193   53.5
    194    3.6
    195   15.0
    196   72.0
    197    0.7
    198   27.8
    199   63.2
    200    8.7
    201    T  
    202    1.7
    203   27.3
    204   16.0
    205    3.7
    206    0.9
    207    T  
    208    0.0
    209   60.2
    210   33.0
    211   19.2
    212    3.7
    213   15.7
    214   15.8
    215    7.9
    216    T  
    217   34.4
    218    2.6
    219   11.3
    220    0.0
    221    4.7
    222    5.5
    223    0.3
    224   21.0
    225    7.5
    226   31.3
    227    7.8
    228    0.5
    229   45.0
    230    5.3
    231    3.6
    232   19.3
    233    T  
    234    0.4
    235    3.5
    236   55.1
    237   28.6
    238    0.0
    239    5.5
    240    4.2
    241    1.2
    242   19.3
    243   11.0
    244    6.8
    245   77.2
    246    0.0
    247    4.8
    248    0.0
    249   25.7
    250   20.5
    251   17.0
    252    7.8
    253    1.3
    254    4.6
    255   72.8
    256   15.4
    257    4.0
    258   15.1
    259   26.2
    260    T  
    261   22.5
    262    8.6
    263   25.6
    264    0.0
    265    6.4
    266    3.2
    267    0.0
    268    0.0
    269    0.0
    270    3.6
    271   17.8
    272    0.0
    273   14.0
    274    T  
    275    8.3
    276    T  
    277    0.0
    278    0.0
    279    0.0
    280    0.0
    281    3.7
    282    0.0
    283    0.0
    284    0.0
    285    0.0
    286    0.0
    287    0.0
    288    0.0
    289    0.0
    290    0.0
    291    0.0
    292    0.0
    293    0.0
    294    0.0
    295    0.0
    296    0.0
    297    0.0
    298    0.0
    299    0.0
    300    0.0
    301    0.0
    302    0.0
    303    0.0
    304    0.0
    305    0.0
    306    0.0
    307    0.0
    308    0.0
    309    0.0
    310    0.0
    311    0.0
    312    0.0
    313    0.0
    314    0.0
    315    0.0
    316    0.0
    317    0.0
    318    0.0
    319    0.0
    320    0.0
    321    0.0
    322    0.0
    323    0.0
    324    0.0
    325    0.0
    326    0.0
    327    0.0
    328    0.0
    329    0.0
    330    0.0
    331    0.0
    332    0.0
    333    0.0
    334    0.0
    335    0.0
    336    0.0
    337    0.0
    338    0.0
    339    0.0
    340    0.0
    341    0.0
    342    0.0
    343    0.0
    344    0.0
    345    0.0
    346    0.0
    347    0.0
    348    0.0
    349    0.0
    350    0.0
    351    0.0
    352    0.0
    353    0.0
    354    0.0
    355    0.0
    356    0.0
    357    0.0
    358    0.0
    359    0.0
    360    0.0
    361    0.0
    362    0.0
    363    0.0
    364    0.0
    365    0.0
    366    0.0
