      1    0.0
      2    0.0
      3    0.0
      4    0.0
      5    0.0
      6    0.0
      7    4.3
      8    8.0
      9    3.5
     10    0.0
     11    0.0
     12    0.0
     13    0.0
     14    0.0
     15    0.0
     16    0.0
     17    0.0
     18    0.0
     19    0.0
     20    0.0
     21    0.0
     22    0.0
     23    0.0
     24    0.0
     25    0.0
     26    0.0
     27    0.0
     28    0.0
     29    0.0
     30    0.0
     31    0.0
     32    0.0
     33    0.0
     34    0.0
     35    0.0
     36    0.0
     37    0.0
     38    0.0
     39    0.0
     40    0.0
     41    0.0
     42    0.0
     43    0.0
     44    0.0
     45    0.0
     46    0.0
     47    0.0
     48    4.5
     49    0.0
     50   13.5
     51    0.0
     52    0.0
     53    0.0
     54    0.0
     55    0.0
     56    0.0
     57    0.0
     58    0.9
     59    0.0
     60    3.0
     61    0.1
     62    0.0
     63    0.0
     64    0.0
     65    0.0
     66    0.0
     67    0.0
     68    0.0
     69    0.0
     70    0.0
     71    0.0
     72    0.0
     73    0.0
     74    8.7
     75    0.0
     76    0.0
     77    0.0
     78    0.0
     79    0.0
     80    0.0
     81    0.0
     82    0.0
     83    0.5
     84    8.0
     85   13.1
     86   16.8
     87    0.0
     88    0.0
     89    0.0
     90    0.0
     91    0.0
     92    0.0
     93    0.0
     94    0.0
     95    0.0
     96    0.0
     97    0.0
     98    0.0
     99    2.1
    100    0.0
    101    0.0
    102    4.4
    103   13.8
    104    2.0
    105    0.0
    106    0.0
    107    0.0
    108    0.0
    109    0.0
    110    0.0
    111    4.6
    112    4.5
    113   14.7
    114    0.0
    115   32.8
    116    7.6
    117    0.0
    118    0.0
    119    9.4
    120    0.0
    121    0.0
    122    T  
    123    2.0
    124    0.0
    125    0.0
    126    0.0
    127    2.7
    128    0.0
    129    0.0
    130   11.2
    131   16.0
    132    7.5
    133    0.0
    134    3.2
    135    0.0
    136    8.6
    137    0.5
    138    7.0
    139    0.0
    140    0.0
    141    6.7
    142    0.0
    143    0.0
    144    0.0
    145   43.2
    146    0.0
    147    0.0
    148    T  
    149    4.1
    150   29.4
    151    0.3
    152    0.0
    153    4.2
    154   34.3
    155   17.9
    156   42.5
    157    0.6
    158   24.5
    159    4.3
    160    7.5
    161    6.5
    162   11.5
    163    0.5
    164    0.0
    165    0.0
    166    5.6
    167    2.0
    168    0.2
    169    2.0
    170    9.4
    171    0.0
    172    0.0
    173   27.0
    174   26.9
    175    6.2
    176   15.2
    177    6.2
    178    8.8
    179    3.5
    180    3.7
    181    0.3
    182    9.5
    183   12.4
    184    8.5
    185    4.5
    186    1.0
    187    0.0
    188    0.0
    189    0.0
    190    0.0
    191   13.5
    192    0.0
    193    0.0
    194    0.0
    195   23.5
    196    8.9
    197    0.2
    198   26.0
    199    3.6
    200    2.0
    201   84.2
    202   29.0
    203  113.3
    204    4.5
    205   26.2
    206   51.7
    207    3.5
    208    2.9
    209    8.5
    210    8.0
    211    0.7
    212    0.4
    213    0.3
    214   15.0
    215   28.0
    216    2.6
    217   13.0
    218    9.9
    219   59.5
    220   10.7
    221   27.5
    222   58.1
    223   49.9
    224    3.6
    225   16.1
    226   17.7
    227   57.2
    228   16.4
    229    9.6
    230    1.8
    231   14.2
    232   20.2
    233    7.9
    234    0.5
    235   33.0
    236   37.2
    237   35.2
    238    9.2
    239    0.5
    240    0.0
    241   37.6
    242   42.6
    243   13.0
    244    1.7
    245    5.6
    246    0.9
    247    7.9
    248    1.2
    249   29.7
    250   11.0
    251    1.4
    252    7.3
    253    0.3
    254    0.0
    255    0.0
    256    0.0
    257   25.2
    258    0.0
    259    6.5
    260    1.8
    261    0.0
    262    0.0
    263    0.0
    264    3.6
    265    1.8
    266   10.6
    267   11.5
    268   60.2
    269   37.2
    270    2.1
    271    0.0
    272    0.0
    273    0.0
    274    0.0
    275    0.0
    276    0.0
    277   12.0
    278    0.0
    279   12.6
    280    0.0
    281    0.0
    282    0.0
    283    0.0
    284    0.0
    285    0.0
    286    0.0
    287    0.0
    288    0.0
    289    0.0
    290    0.0
    291    0.0
    292    0.0
    293    0.0
    294    0.0
    295    0.0
    296    0.0
    297    0.0
    298    0.0
    299    0.0
    300    0.0
    301    0.0
    302    0.0
    303    0.0
    304    0.0
    305    0.0
    306    0.0
    307    2.0
    308    0.0
    309    0.0
    310    0.0
    311    0.0
    312    0.0
    313    0.0
    314    0.0
    315    0.0
    316    0.0
    317    0.0
    318    0.0
    319    0.0
    320    0.0
    321    0.0
    322    0.0
    323    0.0
    324    0.0
    325    0.0
    326    0.0
    327    0.0
    328    0.0
    329    0.0
    330    0.0
    331    0.0
    332    0.0
    333    0.0
    334    0.0
    335    0.0
    336    0.0
    337    0.0
    338    0.0
    339    0.0
    340    0.0
    341    0.0
    342    0.0
    343    0.0
    344    0.0
    345    0.0
    346    0.0
    347    0.0
    348    0.0
    349    0.0
    350    0.0
    351    0.0
    352    0.0
    353    0.0
    354    0.0
    355    0.0
    356    0.0
    357    0.0
    358    0.0
    359    0.0
    360    0.0
    361    0.0
    362    0.0
    363    0.0
    364    0.0
    365    0.0
