      1    0.0
      2    0.0
      3   41.9
      4   32.8
      5    T  
      6    0.0
      7    0.0
      8    0.0
      9    0.0
     10    0.0
     11    0.0
     12    0.0
     13    0.0
     14    0.0
     15    0.0
     16    0.0
     17    0.0
     18    0.0
     19    0.0
     20    0.0
     21    0.0
     22    0.0
     23    0.0
     24    0.0
     25    0.0
     26    0.0
     27    0.0
     28    T  
     29    0.0
     30    0.0
     31    0.0
     32    0.0
     33    0.0
     34    0.0
     35    0.0
     36    0.0
     37    0.0
     38    0.0
     39    0.0
     40    0.0
     41    0.0
     42    0.0
     43    0.0
     44    0.0
     45    0.0
     46    0.0
     47    0.0
     48    T  
     49    8.0
     50   31.0
     51    0.4
     52    0.0
     53    0.0
     54    0.0
     55    0.0
     56    0.0
     57    0.0
     58    0.0
     59    0.0
     60    0.0
     61    0.0
     62    T  
     63    T  
     64    0.8
     65    4.0
     66    T  
     67    T  
     68    0.1
     69    1.5
     70    0.0
     71    0.0
     72    0.0
     73    T  
     74    0.3
     75    1.1
     76    T  
     77    T  
     78    0.0
     79    0.0
     80    T  
     81    T  
     82    0.8
     83    3.0
     84    0.0
     85    0.0
     86    0.0
     87    T  
     88    0.0
     89    0.0
     90    0.0
     91    0.0
     92    0.0
     93    0.0
     94    T  
     95    0.2
     96    0.0
     97    0.0
     98    0.0
     99    0.0
    100    0.0
    101    0.0
    102    0.0
    103    0.0
    104    0.0
    105    0.0
    106    0.0
    107    0.0
    108    0.0
    109    0.0
    110    0.0
    111    0.0
    112    0.0
    113    0.0
    114    0.0
    115    0.0
    116    0.0
    117    0.0
    118    0.0
    119    0.0
    120    0.0
    121    0.0
    122    0.0
    123    0.0
    124    T  
    125    0.2
    126    0.1
    127    0.0
    128    0.0
    129    0.0
    130    T  
    131   20.8
    132   16.0
    133   21.5
    134    0.0
    135    0.0
    136    0.0
    137    T  
    138   11.0
    139    1.6
    140    T  
    141    T  
    142    3.1
    143    0.5
    144    0.8
    145   11.1
    146   42.0
    147   11.0
    148    0.5
    149    4.3
    150    0.2
    151    0.0
    152    0.0
    153    0.0
    154    T  
    155    T  
    156    0.4
    157    2.0
    158   14.5
    159    T  
    160    0.0
    161    T  
    162    T  
    163   31.0
    164    6.5
    165    0.8
    166   11.8
    167    6.2
    168    0.9
    169    0.1
    170    T  
    171    1.0
    172    T  
    173    0.0
    174    0.0
    175   18.0
    176   41.9
    177   18.0
    178    0.6
    179    T  
    180    1.5
    181    4.8
    182    T  
    183    T  
    184    T  
    185   18.0
    186   10.0
    187    9.5
    188   41.0
    189   18.5
    190    6.5
    191   11.0
    192    1.8
    193    0.8
    194    T  
    195    T  
    196    7.2
    197    5.0
    198    0.8
    199   11.0
    200    2.0
    201    3.5
    202    0.8
    203    T  
    204    1.8
    205   11.5
    206   18.0
    207    8.4
    208   21.0
    209    4.1
    210    5.9
    211    0.9
    212    3.2
    213    8.2
    214    5.0
    215    3.1
    216    6.5
    217    4.1
    218    T  
    219    0.3
    220    0.3
    221    1.0
    222    T  
    223    4.0
    224   14.0
    225   20.0
    226    8.0
    227    T  
    228    1.3
    229    3.0
    230    T  
    231    T  
    232    1.5
    233    0.4
    234   15.1
    235   12.0
    236    6.0
    237    6.4
    238    2.8
    239    1.0
    240    0.6
    241    T  
    242    T  
    243    0.0
    244    1.6
    245    0.3
    246    8.1
    247    5.0
    248    0.4
    249    3.5
    250    3.1
    251    1.9
    252    1.9
    253    0.8
    254    3.0
    255    8.3
    256   17.5
    257    0.0
    258    0.0
    259    0.0
    260    0.0
    261    0.0
    262    0.0
    263    0.0
    264    0.0
    265    0.0
    266    0.0
    267    0.0
    268    0.0
    269    0.0
    270    0.0
    271    0.0
    272    0.0
    273    0.0
    274    0.0
    275    0.0
    276    0.0
    277    0.0
    278    0.0
    279    0.0
    280    0.0
    281    0.0
    282    0.0
    283    0.0
    284    0.0
    285    0.0
    286    0.0
    287    0.0
    288    0.0
    289    0.0
    290    0.0
    291    0.0
    292    0.0
    293    0.0
    294    0.0
    295    0.0
    296    0.0
    297    0.0
    298    0.0
    299    0.0
    300    0.0
    301    0.0
    302    0.3
    303    T  
    304    0.0
    305    0.0
    306    0.0
    307    0.0
    308    0.0
    309    0.0
    310    0.0
    311    0.0
    312    0.0
    313    0.0
    314    0.0
    315    0.0
    316    0.0
    317    0.0
    318    T  
    319    0.0
    320    0.0
    321    0.0
    322    0.0
    323    0.0
    324    0.0
    325    0.0
    326    0.0
    327    0.0
    328    0.0
    329    0.0
    330    0.0
    331    0.0
    332    0.0
    333    0.0
    334    0.0
    335    0.0
    336    0.0
    337    0.0
    338    0.0
    339    0.0
    340    0.0
    341    0.0
    342    0.0
    343    0.0
    344    0.0
    345    0.0
    346    0.0
    347    0.0
    348    0.0
    349    0.0
    350    0.0
    351    0.0
    352    0.0
    353    0.0
    354    0.0
    355    0.0
    356    0.0
    357    0.0
    358    0.0
    359    0.3
    360    T  
    361    0.0
    362    0.0
    363    0.0
    364    0.0
    365    0.0
