      1    0.0
      2    0.0
      3    0.0
      4    0.0
      5    0.0
      6    0.0
      7    0.0
      8    0.0
      9    0.0
     10    0.0
     11    0.0
     12    0.0
     13    0.0
     14    0.0
     15    0.0
     16    0.0
     17    0.0
     18    0.0
     19    0.0
     20    0.0
     21    0.0
     22    0.0
     23    0.0
     24    0.0
     25    0.0
     26    0.0
     27    0.0
     28    0.0
     29    5.0
     30    T  
     31    0.0
     32    0.0
     33    0.0
     34    0.0
     35    0.0
     36    0.0
     37    0.0
     38    0.0
     39   12.4
     40    0.0
     41    0.0
     42    0.0
     43    0.0
     44    0.0
     45    0.0
     46    0.0
     47    T  
     48    0.0
     49    0.0
     50   14.1
     51    0.0
     52    0.0
     53    0.0
     54    0.0
     55    0.0
     56    0.0
     57    0.0
     58    0.0
     59    0.0
     60    0.0
     61    0.0
     62    0.0
     63    0.0
     64    0.0
     65    0.0
     66    0.0
     67    0.0
     68    0.0
     69    0.0
     70    0.0
     71    0.0
     72    0.0
     73    0.0
     74    0.0
     75    0.0
     76    0.0
     77    0.0
     78    0.0
     79    0.0
     80    0.0
     81    0.0
     82    0.0
     83    0.0
     84    0.0
     85    0.0
     86    0.0
     87    0.0
     88    0.0
     89    0.0
     90    0.0
     91    0.0
     92    0.0
     93    0.0
     94    0.0
     95    0.0
     96    0.0
     97    0.0
     98    0.0
     99    0.0
    100    0.0
    101    0.0
    102    0.0
    103    0.0
    104    0.0
    105    0.2
    106   25.0
    107    0.0
    108    0.0
    109    0.0
    110    0.0
    111    0.0
    112    0.0
    113    0.0
    114    0.0
    115    0.0
    116    0.0
    117    0.0
    118    0.0
    119    0.0
    120   26.8
    121    0.0
    122    0.0
    123    0.0
    124    0.0
    125    0.0
    126    0.0
    127    0.0
    128    0.0
    129    0.0
    130   30.2
    131    0.0
    132    0.0
    133    0.0
    134    0.0
    135    0.0
    136    0.0
    137    0.0
    138    0.0
    139    0.0
    140    0.0
    141    0.0
    142    0.0
    143    2.0
    144    0.0
    145    0.0
    146    0.0
    147    0.0
    148    0.0
    149    0.0
    150    0.0
    151    0.0
    152    0.0
    153    0.0
    154    0.0
    155    0.0
    156    0.0
    157    0.0
    158    0.0
    159   21.4
    160   29.8
    161    0.0
    162    0.0
    163    0.0
    164    0.0
    165   20.4
    166   10.2
    167   12.0
    168   14.0
    169    0.0
    170    4.3
    171    0.0
    172    0.0
    173   50.4
    174    0.0
    175   38.0
    176    0.0
    177    0.0
    178    0.0
    179    0.0
    180    3.7
    181    1.4
    182   73.3
    183   66.0
    184   12.4
    185    7.0
    186   18.5
    187    0.0
    188    0.0
    189    0.0
    190    1.0
    191    0.0
    192    1.7
    193    3.4
    194   55.4
    195    0.0
    196   39.0
    197   28.3
    198    0.0
    199    0.0
    200   44.0
    201   16.1
    202   18.4
    203   39.7
    204    3.4
    205  267.0
    206   68.0
    207    T  
    208   56.4
    209  106.4
    210    4.3
    211   26.2
    212    0.0
    213   12.0
    214    0.0
    215    0.0
    216    0.0
    217    0.0
    218   28.5
    219    0.0
    220    0.0
    221    0.0
    222   80.0
    223    0.0
    224    0.0
    225    0.0
    226  189.3
    227    0.0
    228   10.4
    229   15.0
    230    T  
    231    4.0
    232   35.2
    233   82.0
    234   66.0
    235    0.0
    236    2.4
    237    1.0
    238    T  
    239   29.3
    240    0.0
    241   29.9
    242    0.0
    243   29.2
    244    0.0
    245    0.0
    246    8.5
    247    6.6
    248   32.4
    249   17.0
    250    1.4
    251    0.0
    252    0.0
    253    0.0
    254   22.4
    255   41.0
    256    0.0
    257    9.0
    258    T  
    259    T  
    260    0.0
    261    0.0
    262    0.0
    263    7.4
    264    0.0
    265    0.0
    266    0.0
    267    0.0
    268    0.0
    269    0.0
    270    0.0
    271    0.0
    272    0.0
    273    T  
    274    T  
    275   22.2
    276    6.2
    277    1.4
    278   10.0
    279    T  
    280   10.2
    281    0.0
    282    0.0
    283    4.2
    284    0.0
    285    0.0
    286    2.4
    287    0.0
    288    0.0
    289    0.0
    290    0.0
    291    0.0
    292    0.0
    293    0.0
    294    0.0
    295    0.0
    296    0.0
    297    0.0
    298    0.0
    299    0.0
    300    0.0
    301    0.0
    302    0.0
    303    0.0
    304    0.0
    305    0.0
    306    0.0
    307    0.0
    308    9.0
    309    0.0
    310    0.0
    311    0.0
    312    0.0
    313    0.0
    314    0.0
    315    0.0
    316    0.0
    317    0.0
    318    0.0
    319    0.0
    320    0.0
    321    0.0
    322    0.0
    323    0.0
    324    0.0
    325    0.0
    326    0.0
    327    0.0
    328    0.0
    329    0.0
    330    0.0
    331    0.0
    332    0.0
    333    6.0
    334    4.0
    335    0.0
    336    0.0
    337    0.0
    338    0.0
    339    0.0
    340    0.0
    341    0.0
    342    0.0
    343    0.0
    344    0.0
    345    0.0
    346    0.0
    347    0.0
    348    0.0
    349    0.0
    350    0.0
    351    4.0
    352    0.0
    353    0.0
    354    0.0
    355    0.0
    356    0.0
    357    0.0
    358    0.0
    359    0.0
    360    0.0
    361    0.0
    362    0.0
    363    0.0
    364   11.0
    365    0.0
