      1    0.0
      2    0.0
      3    0.0
      4    0.0
      5    0.0
      6    0.0
      7    0.0
      8    0.0
      9    0.0
     10    0.0
     11    0.0
     12    0.0
     13    0.0
     14    0.0
     15    0.0
     16    0.0
     17    0.0
     18    0.0
     19    0.0
     20    0.0
     21    0.0
     22    0.0
     23    0.0
     24    0.0
     25    0.0
     26    0.0
     27    0.0
     28    0.0
     29    0.0
     30    0.0
     31    0.0
     32    0.0
     33    0.0
     34    0.0
     35    0.0
     36    0.0
     37    0.0
     38    0.0
     39    0.0
     40    0.0
     41    0.0
     42    0.0
     43    0.0
     44    0.0
     45    0.0
     46    0.0
     47    0.0
     48    0.0
     49    0.0
     50    0.0
     51    T  
     52    0.0
     53    0.0
     54    0.0
     55    0.0
     56    0.0
     57    0.0
     58    0.0
     59    0.0
     60    0.0
     61    0.0
     62    0.0
     63    0.0
     64    0.0
     65    0.0
     66    0.0
     67    0.0
     68    0.0
     69    0.0
     70    4.8
     71   12.2
     72    0.0
     73    0.0
     74    0.0
     75    2.4
     76    0.0
     77    0.0
     78    0.0
     79    0.0
     80    0.0
     81    1.4
     82    0.0
     83    0.0
     84    0.0
     85    0.0
     86    0.0
     87    0.0
     88    0.0
     89    0.0
     90    0.0
     91    0.0
     92    0.0
     93    0.0
     94    T  
     95    8.6
     96    0.0
     97   14.2
     98   10.2
     99    0.8
    100    0.1
    101    3.4
    102    0.0
    103    0.0
    104    0.0
    105    0.0
    106    0.0
    107    0.0
    108   65.3
    109   30.3
    110    9.8
    111    1.4
    112    0.0
    113    9.0
    114    0.0
    115    0.0
    116    0.0
    117    1.4
    118    0.0
    119    T  
    120    0.0
    121    0.0
    122    8.8
    123    3.6
    124    0.0
    125    0.1
    126    T  
    127    0.0
    128   26.6
    129    0.0
    130   15.4
    131    5.6
    132    0.4
    133   43.2
    134    9.4
    135    0.2
    136    0.3
    137    0.0
    138    0.0
    139    0.2
    140    6.8
    141    5.7
    142    0.0
    143    0.0
    144    T  
    145   26.4
    146    3.4
    147    3.4
    148    2.4
    149    0.2
    150    0.2
    151    0.8
    152    0.0
    153    0.0
    154    0.0
    155   33.0
    156    3.8
    157   54.2
    158   30.1
    159   25.6
    160   20.6
    161   29.4
    162    8.2
    163    0.0
    164    0.0
    165    0.0
    166    0.0
    167    0.3
    168    0.0
    169    0.0
    170    0.0
    171    0.4
    172   42.0
    173    4.8
    174   17.6
    175    0.1
    176   21.6
    177    6.8
    178   16.8
    179    5.2
    180   59.7
    181    5.6
    182    2.2
    183    6.4
    184    0.0
    185    0.0
    186    0.0
    187    4.2
    188    0.8
    189   18.2
    190   11.4
    191    7.0
    192   43.0
    193   20.6
    194   12.4
    195    5.8
    196   36.0
    197   13.4
    198    0.0
    199    0.0
    200   28.0
    201   12.6
    202    0.6
    203    0.0
    204    4.0
    205    6.0
    206   79.4
    207    6.2
    208    0.0
    209    0.0
    210    0.3
    211    0.8
    212    0.0
    213    3.6
    214   34.8
    215    3.5
    216    0.0
    217    0.0
    218    0.0
    219    0.0
    220    0.2
    221    0.5
    222   20.4
    223    0.0
    224    0.0
    225   36.6
    226    0.0
    227    4.7
    228   21.0
    229   47.8
    230    0.0
    231   32.0
    232   53.2
    233    7.4
    234    1.0
    235    0.0
    236    0.0
    237    0.2
    238   56.4
    239   19.8
    240    0.8
    241    1.4
    242    4.2
    243    0.0
    244    0.0
    245    0.6
    246    9.2
    247    0.0
    248    0.0
    249    0.0
    250    0.0
    251    0.0
    252    7.8
    253    6.6
    254   17.6
    255   32.2
    256    4.0
    257    0.0
    258    0.5
    259    4.5
    260    0.3
    261   13.4
    262    0.4
    263   14.2
    264   45.8
    265    2.2
    266    7.0
    267    6.8
    268   38.2
    269   34.2
    270    0.6
    271    4.6
    272    5.6
    273   28.2
    274    0.8
    275    0.0
    276    0.0
    277    0.0
    278    0.0
    279    0.0
    280    T  
    281    0.4
    282    0.6
    283    0.0
    284    0.0
    285    0.0
    286    0.0
    287    0.0
    288    0.0
    289    0.0
    290    0.0
    291    0.0
    292    0.1
    293    0.0
    294    2.4
    295    2.8
    296    2.2
    297    0.0
    298    0.0
    299    0.0
    300    0.0
    301    0.0
    302    0.0
    303    0.0
    304    0.0
    305    0.0
    306    0.0
    307    0.0
    308    0.0
    309    0.0
    310    0.0
    311    0.0
    312    0.0
    313    0.0
    314    0.0
    315    0.0
    316    0.0
    317    0.0
    318    0.0
    319    0.0
    320    0.0
    321    0.0
    322    0.0
    323    0.0
    324    0.0
    325    0.0
    326    0.0
    327    0.0
    328    0.0
    329    0.0
    330    0.0
    331    0.0
    332    0.0
    333    0.0
    334    0.0
    335    0.0
    336    0.0
    337    0.0
    338    0.0
    339    0.0
    340    0.0
    341    0.0
    342    0.0
    343    0.0
    344    0.0
    345    0.0
    346    9.6
    347    0.0
    348    0.0
    349    0.0
    350    0.0
    351    0.0
    352    0.0
    353    0.0
    354    0.0
    355    0.0
    356    0.0
    357    0.0
    358    0.0
    359    0.0
    360    0.0
    361    0.0
    362    0.0
    363    0.0
    364    0.0
    365    0.0
