      1    0.0
      2    0.0
      3    0.0
      4    0.0
      5    0.0
      6    0.0
      7    0.0
      8    0.0
      9    0.0
     10    0.0
     11    0.0
     12    0.0
     13    0.0
     14    0.0
     15    0.0
     16    0.0
     17    0.0
     18    0.0
     19    0.0
     20    0.0
     21    0.0
     22    0.0
     23    0.0
     24    0.0
     25    0.0
     26    0.0
     27    0.0
     28    0.0
     29    0.0
     30    0.0
     31    0.0
     32    0.0
     33    0.0
     34    1.2
     35    0.0
     36    0.0
     37    0.0
     38    0.0
     39    0.0
     40    0.0
     41    0.0
     42    0.0
     43    0.0
     44    0.0
     45    0.0
     46    0.0
     47    0.0
     48    0.0
     49    0.2
     50    0.0
     51    0.0
     52    0.0
     53    0.0
     54    0.0
     55    0.0
     56    0.0
     57    0.0
     58    0.0
     59    0.0
     60    1.6
     61    5.2
     62    1.2
     63    0.0
     64    0.9
     65    1.6
     66    1.7
     67    1.4
     68    0.0
     69    0.8
     70    1.1
     71    0.0
     72    0.0
     73    0.0
     74    0.0
     75    0.0
     76    0.0
     77    6.9
     78    0.0
     79    0.0
     80    0.5
     81    0.0
     82    0.0
     83    0.0
     84    0.0
     85    0.0
     86    0.0
     87    0.2
     88    0.0
     89    0.0
     90    0.7
     91    1.7
     92    0.0
     93    0.0
     94    0.0
     95    0.0
     96    0.0
     97    0.0
     98    0.0
     99    0.0
    100    0.0
    101    0.0
    102    0.0
    103    0.0
    104    0.0
    105    0.0
    106    0.0
    107    0.0
    108    0.0
    109    0.0
    110    0.0
    111    0.0
    112    0.0
    113    0.0
    114    0.0
    115    0.0
    116    0.0
    117    0.0
    118    0.0
    119    0.1
    120    0.0
    121   12.6
    122    0.0
    123    0.0
    124   14.8
    125    0.0
    126   10.9
    127    1.1
    128    0.0
    129    1.4
    130    2.4
    131    0.0
    132   10.7
    133    0.3
    134    0.0
    135    0.0
    136    5.9
    137    0.2
    138    3.0
    139    0.0
    140    2.6
    141    2.3
    142    0.1
    143    1.1
    144    0.0
    145    0.0
    146   23.0
    147    1.5
    148    3.2
    149    6.5
    150    1.1
    151    0.4
    152   33.3
    153    1.8
    154    9.1
    155    0.0
    156    1.4
    157   15.4
    158    0.0
    159    0.0
    160    9.4
    161   48.2
    162    0.0
    163    6.0
    164   16.8
    165    1.4
    166    2.5
    167   15.1
    168    3.0
    169    0.0
    170    T  
    171    8.9
    172    2.9
    173   10.2
    174    0.0
    175    8.2
    176    6.7
    177    3.8
    178    3.3
    179   11.8
    180    0.0
    181    0.0
    182    0.5
    183   42.5
    184    0.0
    185    0.0
    186    1.9
    187    0.0
    188   11.9
    189    T  
    190   11.1
    191    7.8
    192    0.0
    193    0.0
    194    8.7
    195   16.8
    196   10.0
    197   23.6
    198    5.5
    199   10.7
    200   54.4
    201   18.1
    202   29.5
    203   16.5
    204   11.1
    205   22.0
    206    9.3
    207    1.9
    208    7.9
    209    2.5
    210    0.4
    211   12.6
    212    5.5
    213    9.9
    214   18.8
    215    6.3
    216    0.0
    217    0.8
    218    0.0
    219   13.0
    220    7.7
    221   24.1
    222    8.0
    223    4.7
    224    0.0
    225    0.1
    226    1.1
    227    1.7
    228    0.1
    229    3.4
    230    2.5
    231   30.5
    232   36.6
    233   12.3
    234    8.4
    235   18.6
    236    0.2
    237    0.3
    238    1.9
    239    0.0
    240    4.4
    241    2.0
    242    1.0
    243    0.0
    244   31.0
    245   36.0
    246    0.0
    247    2.8
    248    1.0
    249   34.4
    250    3.5
    251    0.0
    252    0.0
    253    1.3
    254   34.3
    255    3.3
    256   38.2
    257    1.6
    258    1.0
    259    0.0
    260    0.0
    261    0.6
    262    2.5
    263    1.6
    264    0.0
    265    5.8
    266    0.0
    267    0.0
    268    0.7
    269    2.5
    270    0.0
    271    1.0
    272    1.4
    273    7.6
    274   28.0
    275    0.0
    276    0.0
    277    0.0
    278    0.0
    279    0.0
    280    0.7
    281    0.0
    282    4.8
    283    0.0
    284    0.7
    285    0.0
    286    0.0
    287    1.2
    288    5.9
    289    0.0
    290    0.0
    291    0.0
    292    7.2
    293    0.0
    294    0.7
    295    0.6
    296    0.0
    297    0.0
    298    0.0
    299    0.0
    300    0.0
    301    0.0
    302    0.0
    303    0.0
    304    0.0
    305    0.0
    306    0.0
    307    0.0
    308    0.0
    309    0.0
    310    0.0
    311    0.0
    312    0.0
    313    0.0
    314    0.0
    315    0.0
    316    0.0
    317    0.0
    318    0.0
    319    0.0
    320    0.0
    321    0.0
    322    0.0
    323    0.0
    324    0.0
    325    0.0
    326    0.0
    327    0.0
    328    0.0
    329    0.0
    330    0.0
    331    0.0
    332    0.0
    333    0.0
    334    0.0
    335    2.1
    336    0.0
    337    0.0
    338    0.0
    339    0.0
    340    0.0
    341    0.0
    342    0.0
    343    0.0
    344    0.0
    345    0.0
    346    0.0
    347    0.0
    348    0.0
    349    0.0
    350    0.0
    351    0.0
    352    0.0
    353    0.0
    354    0.0
    355    0.0
    356    0.0
    357    0.0
    358    0.0
    359    1.0
    360    0.0
    361    0.0
    362    0.0
    363    0.0
    364    0.0
    365    0.0
    366    0.0
