      1    0.0
      2    0.0
      3    0.0
      4    0.0
      5    0.0
      6    0.0
      7    0.0
      8    0.0
      9    0.0
     10    0.0
     11    0.0
     12    0.0
     13    0.0
     14    0.0
     15    0.0
     16    0.7
     17    0.0
     18    0.0
     19    0.0
     20    0.0
     21    0.0
     22    0.0
     23    0.0
     24    0.0
     25    0.0
     26    0.0
     27    0.0
     28    0.0
     29    0.0
     30    0.0
     31    0.0
     32    0.0
     33    0.0
     34    0.0
     35    1.6
     36    0.0
     37    0.0
     38    0.0
     39    0.0
     40    0.0
     41    0.0
     42    0.0
     43    0.0
     44    0.0
     45   15.3
     46    0.0
     47    0.0
     48    0.0
     49    2.6
     50    0.0
     51    0.0
     52    0.0
     53    0.0
     54    0.0
     55    0.0
     56    0.0
     57    0.0
     58    0.0
     59    0.0
     60    0.0
     61    0.0
     62    0.0
     63    0.0
     64    0.0
     65    1.4
     66   13.0
     67    0.0
     68    0.0
     69    0.0
     70    0.0
     71    0.0
     72    0.0
     73    0.0
     74    0.0
     75    0.0
     76    0.0
     77    0.0
     78    0.0
     79    0.0
     80    0.0
     81    0.0
     82    0.0
     83    0.0
     84    0.0
     85    0.0
     86    0.3
     87   19.4
     88    8.7
     89    0.0
     90    0.0
     91    0.0
     92    0.0
     93    0.0
     94    0.0
     95    0.0
     96    0.0
     97    6.0
     98    0.0
     99    0.0
    100    0.0
    101    2.0
    102    2.8
    103    0.0
    104    0.0
    105    4.0
    106    5.0
    107    6.0
    108    0.0
    109    0.3
    110    0.0
    111    0.0
    112    0.0
    113    0.0
    114    0.0
    115    0.0
    116    0.0
    117    0.0
    118    0.0
    119    0.0
    120    0.0
    121    0.0
    122    0.0
    123    0.0
    124    2.1
    125    0.6
    126    0.0
    127    0.0
    128    0.0
    129    3.0
    130    0.0
    131    0.0
    132    2.9
    133    0.0
    134    7.8
    135    2.9
    136   23.9
    137    0.0
    138    0.0
    139   12.1
    140    0.2
    141    3.5
    142    0.3
    143    0.1
    144    4.5
    145   17.2
    146    0.0
    147   51.3
    148    2.0
    149    0.0
    150    0.0
    151    0.0
    152    0.0
    153    3.9
    154   12.0
    155    9.4
    156    0.1
    157    2.1
    158    0.0
    159    0.6
    160    3.2
    161    2.4
    162    0.0
    163    0.3
    164    0.2
    165    0.0
    166    2.0
    167    1.6
    168   20.2
    169   32.0
    170    6.4
    171    2.1
    172   20.8
    173    9.0
    174    2.9
    175   14.4
    176   15.8
    177    6.8
    178    0.0
    179    1.1
    180   10.9
    181    8.3
    182    0.1
    183    7.9
    184    0.0
    185    7.8
    186    6.2
    187    0.4
    188    1.9
    189    0.0
    190    0.0
    191    0.0
    192    5.5
    193    0.2
    194    0.0
    195    0.0
    196    0.8
    197   15.1
    198    3.7
    199   26.9
    200   24.3
    201    6.2
    202    8.2
    203    7.5
    204   18.6
    205    3.2
    206    0.2
    207   22.1
    208    2.3
    209   16.0
    210   25.0
    211   20.0
    212   16.7
    213    7.6
    214    3.9
    215   22.1
    216   15.2
    217   10.1
    218   10.5
    219   38.9
    220    3.0
    221    0.6
    222    0.0
    223   89.4
    224   17.8
    225    1.6
    226   49.0
    227    0.0
    228    0.0
    229    0.0
    230    0.0
    231    0.0
    232    2.0
    233    9.6
    234    0.0
    235   25.6
    236    4.1
    237    0.0
    238    0.0
    239    0.0
    240    0.0
    241    1.3
    242    0.0
    243    0.0
    244    0.0
    245   25.9
    246    0.0
    247   17.6
    248   33.4
    249    8.3
    250    6.5
    251   21.3
    252    2.1
    253    5.4
    254    0.0
    255    0.5
    256    1.4
    257    5.3
    258    0.0
    259    0.0
    260    0.0
    261    0.0
    262    0.0
    263   12.4
    264    0.0
    265    0.0
    266   11.4
    267    3.6
    268   28.1
    269    0.8
    270   72.8
    271   21.3
    272    1.3
    273    0.0
    274    0.0
    275    0.0
    276    0.0
    277    0.0
    278    0.0
    279    0.0
    280    0.0
    281    6.3
    282   14.0
    283    0.0
    284    0.0
    285    0.0
    286    0.0
    287    0.0
    288    0.3
    289    0.0
    290    0.0
    291    0.0
    292    0.0
    293    0.0
    294    0.0
    295    0.0
    296    0.0
    297    0.0
    298    0.0
    299    0.0
    300    0.0
    301    0.0
    302    0.0
    303    1.9
    304   24.2
    305    0.0
    306    0.0
    307    0.0
    308    0.0
    309    0.0
    310    0.0
    311    0.0
    312    0.0
    313    0.0
    314    0.0
    315    0.0
    316    0.0
    317    0.0
    318    0.0
    319    1.0
    320    0.0
    321    0.0
    322    0.0
    323    0.3
    324    0.0
    325    0.0
    326    0.0
    327    0.0
    328    0.0
    329    0.0
    330    0.0
    331    5.4
    332    5.6
    333    0.0
    334    0.0
    335    0.0
    336    0.0
    337    0.0
    338    0.0
    339    0.0
    340    0.0
    341    0.0
    342    0.0
    343    0.0
    344    0.0
    345    0.0
    346    0.0
    347    0.0
    348    0.0
    349    0.0
    350    0.0
    351    0.0
    352    0.0
    353    0.0
    354    0.0
    355    0.0
    356    0.0
    357    0.0
    358    0.0
    359    0.0
    360    0.0
    361    0.0
    362    0.0
    363    0.0
    364    0.0
    365    0.0
    366    0.0
