      1    0.0
      2    0.0
      3    0.0
      4    0.0
      5    0.0
      6    0.0
      7    0.0
      8    0.0
      9    0.0
     10    0.0
     11    0.0
     12    0.0
     13    0.0
     14    0.0
     15    0.0
     16    0.0
     17    0.0
     18    0.0
     19    0.0
     20    0.0
     21    0.0
     22    0.0
     23    0.0
     24    0.0
     25    0.0
     26    0.0
     27    0.0
     28    0.0
     29    0.0
     30    0.0
     31    0.0
     32    0.0
     33    0.0
     34    T  
     35    0.0
     36    0.0
     37    0.0
     38    0.0
     39    0.0
     40    0.0
     41    0.0
     42    0.0
     43    0.0
     44    0.0
     45    0.0
     46    0.0
     47    0.0
     48    0.0
     49    0.0
     50    0.0
     51    0.0
     52    0.0
     53    0.0
     54    0.0
     55    0.0
     56    0.0
     57    0.0
     58    0.0
     59    0.0
     60    0.0
     61   11.5
     62    5.0
     63    T  
     64    T  
     65    1.0
     66    T  
     67    3.0
     68    T  
     69    T  
     70    T  
     71    0.0
     72    0.0
     73    0.0
     74    0.0
     75    0.0
     76    0.0
     77    T  
     78    0.0
     79    0.0
     80    0.0
     81    0.0
     82    2.0
     83    0.0
     84    0.0
     85    0.0
     86    0.0
     87    0.0
     88    0.0
     89    0.0
     90    0.0
     91    0.0
     92    0.0
     93    T  
     94    0.0
     95    0.0
     96    0.0
     97    0.0
     98    0.0
     99    0.0
    100    0.0
    101    0.0
    102    0.0
    103    0.0
    104    0.0
    105    0.0
    106    0.0
    107    0.0
    108    0.0
    109    0.0
    110    0.0
    111    1.0
    112    0.0
    113    0.0
    114    0.0
    115    0.0
    116    0.0
    117    0.0
    118    0.0
    119    0.0
    120    0.0
    121    0.0
    122    0.0
    123    T  
    124    2.0
    125    0.0
    126   30.0
    127    0.0
    128    T  
    129    T  
    130    3.0
    131    1.0
    132    2.5
    133    5.0
    134    2.0
    135    2.0
    136    0.0
    137    0.0
    138    0.0
    139    1.5
    140    3.0
    141   24.0
    142   19.0
    143    3.0
    144    3.5
    145    3.0
    146   11.5
    147    1.5
    148   10.5
    149   39.0
    150   10.0
    151   11.0
    152   16.0
    153   19.5
    154   14.0
    155    0.0
    156    0.0
    157    0.0
    158    1.0
    159    6.5
    160    4.0
    161   15.0
    162    2.5
    163    T  
    164    7.0
    165    9.0
    166    6.0
    167   20.0
    168    0.5
    169    0.0
    170   10.5
    171   24.9
    172   30.5
    173    3.0
    174    0.5
    175   17.0
    176    T  
    177    T  
    178    T  
    179    T  
    180    T  
    181    1.0
    182    0.0
    183    2.0
    184    9.5
    185    1.0
    186    3.0
    187    0.0
    188    6.0
    189    8.0
    190   12.0
    191   25.0
    192   15.5
    193   10.0
    194    2.0
    195    1.0
    196    3.0
    197    T  
    198   10.0
    199  130.0
    200    4.5
    201   57.0
    202   42.5
    203   32.5
    204    4.5
    205    2.5
    206    0.0
    207    0.0
    208    0.0
    209    1.0
    210    6.0
    211    6.5
    212    7.0
    213   10.0
    214    2.0
    215   16.0
    216    T  
    217    0.0
    218    2.0
    219    8.0
    220    0.0
    221   27.0
    222   14.0
    223    6.5
    224    1.5
    225   22.0
    226    3.5
    227    0.5
    228   21.0
    229    8.0
    230    7.0
    231    T  
    232    7.0
    233   21.0
    234   30.5
    235   10.5
    236    1.5
    237    T  
    238    0.0
    239    2.0
    240   41.0
    241    4.0
    242    8.0
    243    0.0
    244    6.0
    245    2.0
    246    0.0
    247   25.0
    248    0.0
    249   41.0
    250    0.0
    251    0.0
    252    0.0
    253    0.0
    254    0.0
    255    0.0
    256   34.0
    257   26.0
    258   26.0
    259    T  
    260    0.0
    261   14.5
    262   17.5
    263    0.5
    264    0.0
    265    9.0
    266    T  
    267    2.5
    268    0.0
    269    0.0
    270    0.0
    271    T  
    272    T  
    273   16.0
    274    8.0
    275    1.5
    276    0.0
    277    0.0
    278    0.0
    279    0.0
    280    0.0
    281    0.0
    282   82.0
    283    0.0
    284    2.0
    285    0.0
    286    1.5
    287    0.0
    288    5.0
    289    0.0
    290    0.0
    291    0.0
    292    0.0
    293    0.0
    294    0.0
    295    9.0
    296    0.0
    297   22.0
    298    0.0
    299    T  
    300    0.0
    301    0.0
    302    0.0
    303    0.0
    304    0.0
    305    0.0
    306    0.0
    307    0.0
    308    0.0
    309    0.0
    310    0.0
    311    0.0
    312    0.0
    313    0.0
    314    0.0
    315    0.0
    316    0.0
    317    0.0
    318    0.0
    319    0.0
    320    0.0
    321    0.0
    322    0.0
    323    0.0
    324    0.0
    325    0.0
    326    0.0
    327    0.0
    328    0.0
    329    0.0
    330    0.0
    331    0.0
    332    0.0
    333    0.0
    334    0.0
    335    0.0
    336    0.0
    337    0.0
    338    0.0
    339    0.0
    340    0.0
    341    0.0
    342    0.0
    343    0.0
    344    0.0
    345    0.0
    346    0.0
    347    0.0
    348    0.0
    349    0.0
    350    0.0
    351    0.0
    352    0.0
    353    0.0
    354    0.0
    355    0.0
    356    0.0
    357    0.0
    358    0.0
    359    0.0
    360    0.0
    361    0.0
    362    0.0
    363    0.0
    364    0.0
    365    0.0
    366    0.0
