      1    0.0
      2    5.0
      3    0.0
      4    0.0
      5    0.0
      6    0.0
      7    0.0
      8    0.0
      9    0.0
     10    0.0
     11    0.0
     12    0.0
     13    0.0
     14    0.0
     15    0.0
     16    0.0
     17    0.0
     18    0.0
     19    0.0
     20    0.0
     21    0.0
     22    0.0
     23    0.0
     24    0.0
     25    0.0
     26    0.0
     27    0.0
     28    0.0
     29    0.0
     30    0.0
     31    0.0
     32    0.0
     33    0.0
     34    8.5
     35    1.3
     36   11.2
     37    0.0
     38    0.0
     39    0.0
     40    0.0
     41    0.0
     42    0.0
     43    0.0
     44    0.0
     45    0.0
     46    0.0
     47    0.0
     48    0.0
     49    0.0
     50    0.0
     51    0.0
     52    0.0
     53    0.0
     54    0.0
     55    0.0
     56    0.0
     57    0.0
     58    0.0
     59    0.0
     60    0.0
     61    0.0
     62    0.0
     63    0.0
     64    0.0
     65    0.0
     66    7.5
     67    0.0
     68    0.0
     69    T  
     70    0.0
     71    0.0
     72    0.0
     73    0.0
     74    0.0
     75    0.0
     76    0.0
     77    0.0
     78    0.0
     79    0.0
     80    0.0
     81    0.0
     82    0.0
     83    0.0
     84    0.0
     85    0.0
     86    T  
     87    0.0
     88    0.0
     89    0.0
     90    3.0
     91    0.0
     92    0.0
     93    0.0
     94    0.0
     95    0.0
     96    0.0
     97    0.0
     98    0.0
     99    0.0
    100    0.0
    101    0.0
    102    0.0
    103    0.0
    104    0.0
    105    0.0
    106    0.0
    107    0.0
    108    0.0
    109    0.0
    110    0.0
    111    0.0
    112    0.0
    113    0.0
    114    0.0
    115    0.0
    116    0.0
    117    0.0
    118    0.0
    119    0.0
    120    0.0
    121    0.0
    122    0.0
    123    0.0
    124    0.0
    125    0.0
    126    0.0
    127    1.5
    128    0.0
    129    1.0
    130    0.0
    131    0.0
    132   57.5
    133    0.0
    134    0.0
    135    7.5
    136    0.0
    137    0.0
    138    2.8
    139    0.0
    140    0.0
    141    4.5
    142    0.0
    143    0.0
    144    0.0
    145    0.0
    146    0.0
    147    0.0
    148   22.8
    149    0.0
    150   24.2
    151    0.3
    152   12.1
    153    0.0
    154    0.0
    155   43.4
    156    0.0
    157    6.7
    158    0.0
    159    T  
    160    0.0
    161  140.5
    162    7.4
    163   11.5
    164    T  
    165    0.0
    166    0.0
    167    T  
    168   28.5
    169    0.0
    170    0.0
    171   35.9
    172    6.5
    173    T  
    174    0.0
    175    0.0
    176    0.0
    177    T  
    178   88.3
    179    9.7
    180   33.0
    181    0.0
    182    1.5
    183   19.3
    184   42.3
    185    0.0
    186    0.0
    187    3.0
    188    6.2
    189   32.3
    190   31.6
    191   42.3
    192   24.4
    193    0.0
    194    T  
    195   22.0
    196   40.7
    197   22.3
    198   27.5
    199    3.0
    200    0.5
    201    0.0
    202   16.2
    203   35.0
    204    0.0
    205   50.6
    206   37.5
    207    T  
    208   17.4
    209   62.3
    210   25.0
    211    1.6
    212    T  
    213    4.9
    214   17.5
    215   27.6
    216    0.0
    217    T  
    218    2.2
    219   32.0
    220   72.0
    221    2.4
    222    T  
    223    0.0
    224    2.0
    225   16.9
    226   11.0
    227    1.5
    228   12.7
    229    4.1
    230    1.2
    231    0.0
    232    0.0
    233    0.0
    234   20.2
    235    1.0
    236   33.2
    237   11.3
    238   40.0
    239   11.1
    240    T  
    241   43.9
    242    3.5
    243    1.5
    244    0.0
    245   92.3
    246    1.7
    247    0.0
    248    0.0
    249   39.9
    250  104.0
    251    1.3
    252   25.5
    253   21.0
    254    2.9
    255    T  
    256    0.0
    257    1.0
    258    0.0
    259    0.0
    260    0.0
    261    0.0
    262   48.3
    263    5.8
    264   11.0
    265   46.3
    266    T  
    267    0.0
    268    0.0
    269   10.5
    270    0.0
    271   21.0
    272    0.0
    273    0.0
    274    0.0
    275    0.0
    276    0.0
    277    0.0
    278    0.0
    279    0.0
    280    0.0
    281    0.0
    282    0.0
    283    0.0
    284    0.0
    285    0.0
    286    0.0
    287    0.0
    288    0.0
    289    0.0
    290    0.0
    291    6.2
    292    0.0
    293    0.0
    294   23.0
    295    0.3
    296    0.0
    297    0.0
    298    0.0
    299    0.0
    300    0.0
    301    0.0
    302    0.0
    303    0.0
    304    0.0
    305    0.0
    306    0.0
    307    0.0
    308    0.0
    309    0.0
    310    0.0
    311    0.0
    312    0.0
    313    0.0
    314    0.0
    315    0.0
    316    0.0
    317    0.0
    318    0.0
    319    0.0
    320    0.0
    321    0.0
    322    0.0
    323    0.0
    324    0.0
    325    0.0
    326    0.0
    327    0.0
    328    0.0
    329    0.0
    330    0.0
    331    0.0
    332    0.0
    333    0.0
    334    0.0
    335    0.0
    336    0.0
    337    0.0
    338    0.0
    339    0.0
    340    0.0
    341    0.0
    342    0.0
    343    0.0
    344    0.0
    345    0.0
    346    0.0
    347    0.0
    348    0.0
    349    0.0
    350    0.0
    351    0.0
    352    0.0
    353    0.0
    354    0.0
    355    0.0
    356    0.0
    357    0.0
    358    0.0
    359    0.0
    360    0.0
    361    0.0
    362    0.0
    363    0.0
    364    0.0
    365    0.0
    366    0.0
