      1   13.0
      2    0.0
      3    0.0
      4    0.0
      5    0.0
      6    0.0
      7    0.0
      8    0.0
      9    0.0
     10    0.0
     11    0.0
     12    0.0
     13    0.0
     14    0.0
     15    0.0
     16    0.0
     17    6.0
     18    0.0
     19    0.0
     20    0.0
     21    0.0
     22    0.0
     23    0.0
     24    0.0
     25    0.0
     26    0.0
     27    0.0
     28    6.4
     29    0.0
     30    0.0
     31    0.0
     32    0.0
     33    0.0
     34    0.0
     35    0.0
     36    0.0
     37    0.0
     38   28.9
     39   33.5
     40    0.2
     41    3.7
     42    0.0
     43    0.0
     44    0.0
     45    0.0
     46    0.0
     47    6.5
     48    1.5
     49    0.0
     50    2.9
     51   18.9
     52    0.0
     53    0.0
     54    0.0
     55    0.0
     56    0.0
     57    0.0
     58    0.0
     59    0.0
     60    0.0
     61    0.0
     62    0.0
     63    0.0
     64    0.0
     65    0.0
     66    0.3
     67    0.0
     68    0.0
     69    0.0
     70    0.0
     71    0.0
     72    0.0
     73    0.0
     74    0.0
     75    0.0
     76    0.0
     77    0.5
     78    0.0
     79    0.0
     80    0.0
     81    0.0
     82    0.0
     83    0.0
     84    0.0
     85    0.0
     86    0.0
     87    0.0
     88    0.0
     89    0.0
     90    0.0
     91    0.0
     92    0.0
     93    0.0
     94    0.0
     95    T  
     96    2.2
     97    0.0
     98    0.0
     99    0.0
    100    0.0
    101    0.0
    102    0.0
    103    0.0
    104    0.0
    105    0.0
    106    4.0
    107    3.9
    108    0.0
    109    0.0
    110    0.0
    111    0.0
    112    0.0
    113    0.0
    114    0.0
    115    0.0
    116    0.0
    117    0.0
    118    0.0
    119    0.0
    120    0.0
    121    0.0
    122    0.0
    123    0.0
    124    0.0
    125    0.0
    126    0.0
    127    0.0
    128    0.0
    129    0.0
    130    0.0
    131    0.0
    132    0.0
    133    8.5
    134    0.0
    135   40.5
    136   87.2
    137    0.0
    138    0.0
    139    0.0
    140    0.0
    141    0.0
    142    T  
    143    T  
    144    0.0
    145    0.0
    146    0.0
    147    0.0
    148    0.0
    149    0.0
    150    0.0
    151    0.0
    152    0.0
    153    0.0
    154    0.0
    155    0.0
    156    0.0
    157    0.0
    158    0.0
    159    0.0
    160   82.5
    161    6.6
    162    0.0
    163   38.3
    164    3.5
    165   18.0
    166    2.3
    167    0.0
    168   12.0
    169    0.1
    170   53.7
    171    T  
    172    1.0
    173    9.0
    174    8.5
    175    2.5
    176   21.0
    177   12.0
    178    3.0
    179   77.5
    180   83.4
    181    7.5
    182   17.7
    183    9.5
    184    0.0
    185    0.0
    186    0.0
    187    0.0
    188    0.0
    189    8.9
    190   19.2
    191    2.7
    192   51.8
    193   40.5
    194    8.7
    195    T  
    196    0.0
    197   13.5
    198    T  
    199    0.0
    200   87.7
    201    6.5
    202   60.3
    203   27.3
    204    T  
    205   49.1
    206   89.3
    207   17.7
    208   17.7
    209    4.0
    210    0.0
    211    3.5
    212    5.5
    213   32.5
    214    3.4
    215    6.4
    216    T  
    217   11.1
    218    0.0
    219    T  
    220   15.9
    221    8.4
    222    4.9
    223    0.0
    224   29.0
    225    0.0
    226   40.0
    227   21.4
    228   53.1
    229    5.5
    230   25.0
    231    0.4
    232   30.5
    233   26.0
    234    0.0
    235    0.0
    236    0.0
    237    0.0
    238    0.0
    239   13.9
    240    T  
    241    T  
    242    0.0
    243    0.0
    244    0.0
    245    0.0
    246   49.6
    247    T  
    248    0.0
    249    0.0
    250    0.0
    251    0.0
    252    0.0
    253    0.0
    254    0.0
    255    T  
    256    T  
    257    0.0
    258    0.0
    259    0.0
    260    5.5
    261    0.0
    262    0.0
    263    0.0
    264    0.0
    265    0.0
    266    0.0
    267    0.0
    268    0.0
    269    0.0
    270    0.0
    271    0.0
    272    0.0
    273    0.0
    274   41.0
    275   21.8
    276   12.6
    277    T  
    278    0.0
    279    0.0
    280    0.0
    281    0.0
    282    0.0
    283    0.0
    284    0.0
    285    0.0
    286    9.1
    287    T  
    288    0.0
    289    0.0
    290    0.0
    291    0.0
    292    0.0
    293    0.0
    294    0.0
    295    0.0
    296    0.0
    297    0.0
    298    0.0
    299    0.0
    300    0.0
    301    0.0
    302    0.0
    303    0.0
    304    0.0
    305    0.0
    306    0.0
    307    0.0
    308    0.0
    309    0.0
    310    0.0
    311    0.0
    312    0.0
    313    0.0
    314    0.0
    315    0.0
    316    0.0
    317    0.0
    318    0.0
    319    0.0
    320    0.0
    321    0.0
    322    0.0
    323    0.0
    324    0.0
    325    0.0
    326    0.0
    327    0.0
    328    0.0
    329    0.0
    330    0.0
    331    0.0
    332    0.0
    333    0.0
    334    8.5
    335    0.3
    336    0.0
    337    0.0
    338    0.0
    339    0.0
    340    0.0
    341    0.0
    342    0.0
    343    0.0
    344    0.0
    345    0.0
    346    0.0
    347    0.0
    348    0.0
    349    0.0
    350    4.0
    351    T  
    352    0.0
    353    0.0
    354    0.0
    355    0.0
    356    0.0
    357    0.0
    358    0.0
    359    0.0
    360    0.0
    361    0.0
    362    0.0
    363    0.0
    364   27.5
    365   22.3
