      1   38.1
      2    0.0
      3    0.0
      4    0.0
      5    0.0
      6    0.0
      7    0.0
      8    0.0
      9    0.0
     10    0.0
     11    0.0
     12    0.0
     13    0.0
     14    0.0
     15    0.0
     16    0.0
     17    0.0
     18    0.0
     19    0.0
     20    0.0
     21    0.0
     22    0.0
     23    0.0
     24    0.0
     25    0.0
     26    0.0
     27    0.0
     28    0.0
     29   14.2
     30    T  
     31   41.0
     32    4.0
     33    2.6
     34    4.0
     35    0.0
     36    0.0
     37    0.0
     38    0.0
     39    0.0
     40    0.0
     41    0.0
     42    0.0
     43    0.0
     44    0.0
     45    0.0
     46    0.0
     47    0.0
     48    0.0
     49    0.0
     50   22.0
     51    7.4
     52    0.0
     53    0.0
     54    0.0
     55    0.0
     56    0.0
     57    0.0
     58    0.0
     59    0.0
     60    0.0
     61    0.0
     62    0.0
     63    0.0
     64    0.0
     65    0.0
     66    0.0
     67    0.0
     68    0.0
     69    0.0
     70    0.0
     71    0.0
     72    0.2
     73    0.0
     74    0.0
     75    0.0
     76    0.0
     77    0.0
     78    0.0
     79    0.0
     80    0.0
     81    0.0
     82    0.0
     83    0.0
     84    0.0
     85    0.0
     86    0.0
     87    0.0
     88    0.0
     89    0.0
     90    0.0
     91    0.0
     92    0.0
     93    0.0
     94    0.0
     95    0.0
     96    0.0
     97    0.0
     98    0.0
     99    0.0
    100    0.0
    101    0.0
    102    0.0
    103    0.0
    104    0.0
    105    0.0
    106    0.0
    107   16.1
    108    0.0
    109    0.0
    110    0.5
    111    0.0
    112    0.0
    113    0.0
    114    0.0
    115    0.0
    116    0.0
    117    2.4
    118    0.0
    119    T  
    120    0.0
    121    0.0
    122    T  
    123    0.0
    124   21.4
    125    T  
    126    0.0
    127    0.0
    128    0.0
    129    0.0
    130    0.0
    131    0.0
    132    0.0
    133    0.0
    134   20.4
    135    0.0
    136    0.0
    137    0.0
    138    0.0
    139    0.0
    140    0.0
    141    T  
    142   38.1
    143    4.0
    144    0.0
    145    0.0
    146    0.0
    147    0.0
    148    0.0
    149    0.0
    150    0.0
    151    0.0
    152    0.0
    153    0.0
    154    T  
    155    0.0
    156   11.0
    157    0.0
    158   10.8
    159   26.8
    160    T  
    161    T  
    162    0.0
    163   16.8
    164    0.0
    165    2.0
    166    T  
    167    7.0
    168    T  
    169    T  
    170    1.8
    171   59.0
    172    1.4
    173    T  
    174   30.2
    175   36.2
    176   27.0
    177    T  
    178   14.6
    179    7.0
    180   15.1
    181    T  
    182    6.4
    183   34.0
    184    3.2
    185    6.0
    186   24.6
    187    0.0
    188    6.4
    189    0.0
    190   19.4
    191   40.0
    192   40.0
    193   12.0
    194   10.4
    195    1.1
    196   39.8
    197    0.0
    198    0.0
    199    0.0
    200   14.2
    201  100.2
    202   22.4
    203   48.0
    204   41.0
    205    0.4
    206    0.0
    207    0.0
    208    1.8
    209    0.0
    210    0.0
    211    0.0
    212   41.2
    213   19.0
    214    3.2
    215    6.4
    216    T  
    217    0.0
    218   17.0
    219    0.0
    220    0.0
    221   51.1
    222    0.0
    223    0.2
    224   42.5
    225    6.4
    226    T  
    227    T  
    228    0.0
    229   24.4
    230   42.0
    231   26.0
    232    2.2
    233    0.6
    234    0.6
    235    0.0
    236    0.0
    237    0.0
    238   14.6
    239    6.0
    240    7.0
    241   34.6
    242    4.4
    243   11.8
    244   26.4
    245   14.6
    246   16.4
    247   25.4
    248   50.0
    249   23.8
    250    4.6
    251    9.6
    252   10.4
    253   73.2
    254    0.0
    255    0.0
    256    0.0
    257    0.0
    258   22.4
    259    0.0
    260   10.2
    261    6.6
    262    0.0
    263    0.0
    264   58.6
    265    6.2
    266    2.0
    267   28.2
    268   26.0
    269    1.0
    270    1.0
    271    0.0
    272    1.0
    273    6.4
    274   26.4
    275   74.6
    276   16.4
    277   25.4
    278   50.0
    279   23.8
    280    4.6
    281    9.6
    282   10.4
    283   73.2
    284    0.0
    285    0.0
    286    0.0
    287    0.0
    288   22.4
    289    0.0
    290   10.2
    291    6.6
    292    0.0
    293    0.0
    294   58.6
    295   62.0
    296    2.0
    297   28.2
    298   26.0
    299    0.0
    300    1.0
    301    0.0
    302    1.0
    303    6.4
    304    0.0
    305    0.0
    306    0.0
    307    0.0
    308    0.0
    309    0.0
    310    0.0
    311    0.0
    312    0.0
    313    0.0
    314    0.0
    315    0.0
    316    0.0
    317    0.0
    318    0.0
    319    0.0
    320    0.0
    321    0.0
    322    0.0
    323    0.0
    324    0.0
    325    0.0
    326    0.0
    327    0.0
    328    0.0
    329    0.0
    330    0.0
    331    0.0
    332    0.0
    333    0.0
    334    0.0
    335    0.0
    336    0.0
    337    0.0
    338    0.0
    339    0.0
    340    0.0
    341    0.0
    342    0.0
    343    0.0
    344    0.0
    345    0.0
    346    0.0
    347    0.0
    348    0.0
    349    0.0
    350    0.0
    351    0.0
    352    0.0
    353    0.0
    354    0.0
    355    0.0
    356    0.0
    357    0.0
    358    0.0
    359    0.0
    360    0.0
    361    0.0
    362    6.8
    363    0.0
    364    0.0
    365    0.0
