      1    0.0
      2    0.0
      3    0.0
      4    0.0
      5    0.0
      6    0.0
      7    0.0
      8    0.0
      9    0.0
     10    0.0
     11    0.0
     12    0.0
     13    0.0
     14    0.0
     15    0.0
     16    0.0
     17    0.0
     18    0.0
     19    0.0
     20    0.0
     21    0.0
     22    0.0
     23    0.0
     24    0.0
     25    0.0
     26    0.0
     27    0.0
     28    8.5
     29   16.5
     30    T  
     31    0.0
     32    0.0
     33    0.0
     34    0.0
     35    0.0
     36    0.0
     37    0.0
     38    0.0
     39    0.0
     40    0.0
     41    0.0
     42    0.0
     43    0.0
     44    0.0
     45    0.0
     46    0.0
     47    0.0
     48    0.0
     49    0.0
     50    0.0
     51    0.0
     52    0.0
     53    0.0
     54    0.0
     55    0.0
     56    7.1
     57    0.0
     58    0.0
     59    0.0
     60    0.0
     61    0.0
     62    0.0
     63    0.0
     64    0.0
     65    0.0
     66    0.0
     67    0.0
     68    0.0
     69    0.0
     70    0.0
     71    0.0
     72    0.0
     73    0.0
     74    0.0
     75    0.0
     76    0.0
     77    0.0
     78    0.0
     79    0.0
     80    1.1
     81    0.0
     82    0.0
     83    0.0
     84    0.0
     85    0.0
     86    0.0
     87    0.0
     88    0.0
     89    0.0
     90    0.0
     91    0.0
     92    0.0
     93    0.0
     94    0.0
     95    0.0
     96    0.0
     97    0.0
     98    0.0
     99    0.0
    100    T  
    101    0.0
    102    0.0
    103    0.5
    104    0.0
    105    0.0
    106    0.0
    107    0.0
    108    0.0
    109    2.1
    110    0.0
    111    0.0
    112    0.0
    113    0.0
    114    0.0
    115    0.0
    116    0.0
    117    0.0
    118    0.0
    119    0.0
    120    0.0
    121    T  
    122    4.6
    123    0.0
    124    0.0
    125    0.0
    126    0.0
    127    0.0
    128    0.0
    129    0.0
    130    T  
    131   17.5
    132    9.5
    133    T  
    134    0.0
    135    6.5
    136    T  
    137    4.2
    138   24.7
    139    0.0
    140    0.0
    141    0.0
    142   22.6
    143    1.3
    144    6.8
    145    0.0
    146    0.0
    147    0.0
    148    0.0
    149    0.0
    150    0.0
    151    0.0
    152    0.0
    153    0.0
    154    0.0
    155    0.0
    156    0.0
    157    0.0
    158    0.0
    159    0.0
    160    T  
    161   13.0
    162    9.2
    163   11.9
    164    0.0
    165    0.0
    166    0.0
    167    7.8
    168    0.0
    169    0.0
    170    0.0
    171    0.0
    172    0.0
    173    0.0
    174    0.0
    175    T  
    176   23.5
    177    1.8
    178    1.9
    179    2.0
    180    0.0
    181    0.0
    182   56.9
    183   68.7
    184    5.0
    185   12.5
    186    1.5
    187    T  
    188    0.0
    189    T  
    190    0.0
    191    0.0
    192    T  
    193    T  
    194    3.1
    195    0.0
    196    0.0
    197    0.0
    198   73.5
    199    3.0
    200   36.6
    201   33.9
    202    0.0
    203    T  
    204    1.2
    205   22.1
    206    1.1
    207   13.5
    208    3.0
    209    1.8
    210    T  
    211    T  
    212   11.5
    213    7.6
    214   35.0
    215    0.0
    216   25.0
    217   60.1
    218    8.5
    219    0.0
    220    0.0
    221   16.2
    222    0.0
    223    8.0
    224    T  
    225   48.2
    226    T  
    227    T  
    228    T  
    229    0.0
    230   12.3
    231   10.5
    232    8.5
    233    0.0
    234    0.3
    235   22.3
    236   38.1
    237    4.4
    238    1.8
    239   26.8
    240   22.6
    241    7.7
    242    5.6
    243   54.4
    244   71.3
    245    0.2
    246    T  
    247   48.2
    248    2.5
    249    4.2
    250    0.0
    251    0.9
    252    2.4
    253   12.7
    254   85.2
    255   23.5
    256    0.0
    257    0.0
    258    0.0
    259   16.0
    260   12.2
    261   24.5
    262   26.9
    263   51.1
    264    0.0
    265    3.7
    266    5.7
    267    0.5
    268    7.5
    269   31.8
    270    0.0
    271   29.5
    272    0.0
    273    0.0
    274   43.7
    275   52.5
    276    7.4
    277    0.0
    278    0.0
    279    0.0
    280    0.0
    281    0.0
    282    0.0
    283   16.5
    284   81.5
    285   86.0
    286   10.5
    287    0.0
    288    0.0
    289    0.0
    290    0.0
    291    0.0
    292    0.0
    293    0.0
    294    0.0
    295    0.0
    296    0.0
    297    5.4
    298    0.0
    299    0.0
    300    0.0
    301    0.0
    302    0.0
    303    0.0
    304    0.0
    305    0.0
    306    0.0
    307    0.0
    308    0.0
    309    0.0
    310    0.0
    311    0.0
    312    0.0
    313    0.0
    314    0.0
    315    0.0
    316    0.0
    317    0.0
    318    0.0
    319    0.0
    320    0.0
    321    0.0
    322    0.0
    323    0.0
    324    0.0
    325    0.0
    326    0.0
    327    0.0
    328    0.0
    329    0.0
    330    0.0
    331    0.0
    332    0.0
    333    0.0
    334    0.0
    335    0.0
    336    0.0
    337    0.0
    338    0.0
    339    0.0
    340    0.0
    341    0.0
    342    0.0
    343    0.0
    344    0.0
    345    0.0
    346    0.0
    347    0.0
    348    0.0
    349    0.0
    350    0.0
    351    0.0
    352    0.0
    353    0.0
    354    0.5
    355    0.0
    356    0.0
    357    0.0
    358    0.0
    359    0.0
    360   23.2
    361   21.6
    362    0.0
    363    0.0
    364    0.0
    365    0.0
