1978          Temperature for THAKMARPHA              
        Tmax  Tmin
     1   5.5  -2.5 
     2   5.0  -1.0 
     3   DNA  -4.5 
     4   5.5  -3.0 
     5   DNA  -3.5 
     6   DNA   DNA 
     7   DNA  -4.5 
     8   7.3  -4.5 
     9   DNA  -2.2 
    10   8.0  -4.5 
    11   9.0  -2.5 
    12  12.0  -3.0 
    13   4.5  -2.5 
    14   7.0  -2.5 
    15   9.0  -2.0 
    16   DNA  -3.0 
    17  12.0  -1.5 
    18   DNA  -3.5 
    19   DNA  -7.0 
    20  12.0  -2.0 
    21  11.5  -2.5 
    22   DNA  -2.5 
    23   DNA  -2.4 
    24   9.5  -2.2 
    25   9.0  -2.5 
    26   DNA  -5.0 
    27  13.0  -2.0 
    28  11.0  -0.5 
    29  11.0  -3.2 
    30  10.0  -3.2 
    31   9.5  -9.5 
    32   DNA  -1.5 
    33   DNA  -2.0 
    34   7.5  -2.5 
    35   8.0  -2.0 
    36   DNA  -2.3 
    37  10.2  -1.5 
    38   6.0  -0.8 
    39   8.0  -4.0 
    40   9.8  -3.0 
    41   9.5  -1.1 
    42  11.0  -0.5 
    43   9.0   0.5 
    44  11.0   1.0 
    45  11.0  -0.1 
    46  10.4   1.6 
    47   9.9   1.5 
    48   DNA   1.6 
    49   DNA   DNA 
    50   DNA   DNA 
    51  11.4  -2.0 
    52   7.8  -0.2 
    53   9.8  -1.4 
    54  12.5  -0.5 
    55  14.5  -1.2 
    56  15.2   0.8 
    57  17.2   2.6 
    58   DNA   2.5 
    59  15.0   2.5 
    60  13.5   4.0 
    61  13.5   1.5 
    62  13.0   0.0 
    63  12.5   0.7 
    64  13.5   1.0 
    65  13.4  -2.5 
    66  15.5   0.0 
    67  17.0   1.2 
    68  18.0   4.5 
    69  11.4   5.0 
    70  11.5   1.5 
    71   7.2   0.2 
    72  10.0  -2.0 
    73  13.6   0.5 
    74  12.5   1.4 
    75  12.0   1.0 
    76   DNA   0.6 
    77  12.3  -1.0 
    78  13.5  -1.0 
    79  11.5   1.3 
    80  10.6   1.5 
    81  13.7   4.7 
    82  13.7  -1.4 
    83  13.0   1.0 
    84  13.7   1.0 
    85  15.7   1.0 
    86  11.0   2.5 
    87  12.2   2.5 
    88  10.5   0.5 
    89  10.5   1.0 
    90  10.5  -1.2 
    91  13.2  -0.5 
    92  14.4   2.0 
    93  13.0   4.6 
    94  13.4   2.6 
    95  14.5   2.0 
    96  14.6   2.0 
    97  18.5   5.3 
    98  17.5   6.5 
    99  19.0   5.6 
   100  18.0   5.6 
   101  18.5   5.7 
   102  19.3   7.6 
   103  17.0   7.0 
   104  21.7   5.0 
   105  19.0   6.6 
   106  19.0   9.0 
   107  17.0   6.2 
   108  16.1   5.0 
   109  14.5   5.5 
   110  15.2   2.5 
   111  17.0   3.9 
   112  18.0   7.0 
   113  19.0   7.0 
   114  13.2   7.4 
   115  13.5   6.5 
   116  16.5   3.6 
   117  22.3   6.0 
   118  18.8   7.5 
   119  18.8   7.2 
   120  19.5   7.7 
   121  19.4   8.5 
   122  19.5   7.2 
   123  20.2   9.0 
   124  19.0   7.0 
   125  18.4   8.2 
   126  17.2   7.0 
   127  17.2   6.5 
   128  18.2   8.4 
   129  20.7   6.6 
   130  19.0   7.4 
   131  19.0   2.5 
   132  19.2  10.0 
   133  19.0   7.5 
   134  20.5  10.2 
   135  19.7  12.6 
   136  21.1  11.6 
   137  20.9  12.3 
   138  21.5  10.2 
   139  22.5  12.2 
   140  23.7  11.2 
   141  22.6  10.6 
   142  21.1  10.5 
   143  20.0   8.4 
   144  21.5   9.4 
   145  19.8   9.0 
   146  19.4   9.0 
   147  21.6   9.2 
   148  21.6   7.5 
   149  20.4   5.5 
   150  22.0  12.5 
   151  21.5   5.0 
   152  20.0  11.5 
   153  20.8   4.0 
   154  20.4   9.5 
   155  20.4   DNA 
   156  22.7   7.5 
   157  21.4  11.5 
   158  21.5  14.4 
   159  21.0  13.6 
   160  19.0  12.5 
   161  16.7  11.0 
   162   DNA  12.5 
   163  18.0   9.0 
   164  21.7  10.4 
   165  19.5  13.4 
   166  19.5   4.1 
   167   DNA   8.5 
   168  22.2   9.0 
   169  22.0   8.2 
   170  21.6  14.5 
   171  20.3  13.5 
   172  21.6   9.0 
   173  22.2  14.4 
   174  21.7  13.0 
   175  21.7  11.2 
   176  22.4  14.5 
   177  21.5  12.0 
   178  21.5  14.4 
   179  24.5  15.5 
   180  23.2  15.5 
   181  22.0  15.0 
   182  22.5  13.2 
   183  21.8  13.5 
   184  21.7  13.0 
   185  22.2  14.5 
   186  21.4  14.0 
   187  21.4  12.0 
   188  21.8  11.6 
   189  21.6  13.0 
   190  22.0  12.4 
   191  22.0  13.0 
   192  22.5  13.0 
   193  21.6  12.5 
   194  22.9  13.4 
   195   DNA  11.0 
   196  17.0  12.0 
   197  17.5  13.0 
   198  20.3  12.5 
   199  20.3  13.0 
   200  20.5  13.1 
   201   DNA  13.5 
   202   DNA   DNA 
   203   DNA   DNA 
   204  24.0  11.6 
   205  22.7  15.2 
   206  23.4  14.5 
   207  23.3  15.0 
   208  22.0  11.8 
   209  20.5  14.6 
   210  20.5  13.5 
   211  22.0  13.5 
   212  22.2  14.5 
   213  20.5  15.0 
   214  21.4  13.0 
   215  21.4  14.8 
   216  22.0  14.6 
   217  21.5  14.0 
   218  22.5  13.6 
   219  21.0  13.2 
   220  23.0  15.0 
   221  24.5  12.0 
   222  23.0  16.0 
   223  21.0  18.0 
   224  22.2  14.0 
   225  21.0  15.0 
   226  20.0  14.6 
   227   DNA  14.0 
   228   DNA   DNA 
   229   DNA   DNA 
   230   DNA   DNA 
   231   DNA   DNA 
   232   DNA   DNA 
   233   DNA   DNA 
   234   DNA   DNA 
   235  23.0  12.0 
   236  23.0  10.5 
   237  23.0  12.0 
   238  22.0  10.5 
   239  21.0  11.5 
   240  22.5  15.0 
   241  21.0  11.0 
   242  22.5  15.0 
   243  20.5  14.5 
   244  21.0  10.5 
   245   DNA  12.8 
   246   DNA   DNA 
   247   DNA   DNA 
   248   DNA   DNA 
   249  19.4  13.0 
   250  24.0  10.5 
   251  22.0  11.5 
   252  20.5  15.0 
   253  19.5  12.0 
   254  19.5  12.5 
   255  19.8  13.5 
   256  20.0  13.2 
   257  19.5  13.2 
   258  20.0  12.3 
   259  17.5  12.5 
   260  20.2  11.0 
   261  20.0  12.5 
   262  17.5   DNA 
   263  18.5  12.5 
   264  18.8  11.5 
   265  19.0  12.5 
   266  19.0   9.5 
   267  18.8   9.0 
   268  20.0  10.2 
   269  20.0  13.0 
   270  19.8  13.0 
   271  19.5  10.6 
   272  19.4  10.5 
   273  19.4   9.6 
   274  19.5   9.6 
   275  20.0   9.6 
   276  20.5  10.0 
   277  21.0  10.5 
   278  19.5  11.0 
   279  18.0   9.5 
   280  21.0   9.0 
   281  21.0   9.5 
   282  18.5  10.0 
   283  19.4   7.5 
   284  19.0   9.5 
   285  19.0   9.2 
   286  20.0   9.0 
   287  19.0   3.5 
   288  14.1   4.5 
   289  15.0   5.6 
   290  18.4   6.0 
   291  16.2   2.0 
   292  15.2   3.5 
   293  15.4   4.5 
   294  15.2   4.6 
   295  15.2   1.0 
   296  16.0   2.5 
   297  15.0   5.0 
   298  13.0   4.5 
   299  12.0   3.5 
   300  11.0   1.5 
   301  12.0   1.5 
   302  12.0   0.5 
   303  15.5   0.5 
   304  15.5   0.5 
   305  15.5   0.5 
   306  12.0   5.0 
   307   9.5   0.5 
   308  14.0   3.5 
   309  14.5   2.5 
   310   9.5   3.0 
   311   DNA   0.5 
   312   DNA   DNA 
   313   DNA   DNA 
   314  13.8   DNA 
   315  13.7   3.0 
   316   9.6   2.8 
   317  10.2   5.4 
   318  12.0   0.5 
   319  12.0  -0.5 
   320  12.8  -0.5 
   321  12.8   0.5 
   322  11.0  -0.5 
   323  11.0   0.7 
   324  14.5   0.6 
   325  12.0   0.7 
   326  11.5   1.5 
   327   9.5   0.9 
   328   DNA   0.4 
   329   DNA   DNA 
   330   DNA   DNA 
   331   DNA   DNA 
   332   DNA   DNA 
   333   DNA   DNA 
   334   DNA   DNA 
   335   DNA  -2.0 
   336   DNA   DNA 
   337  11.5  -2.0 
   338  12.0   0.6 
   339  15.5  -5.5 
   340  16.0   1.0 
   341  13.5   1.5 
   342  16.0   0.5 
   343  16.5   1.5 
   344  15.0   2.0 
   345  17.0   2.0 
   346  19.0   3.0 
   347  11.0   5.0 
   348  18.5   4.0 
   349  16.0   2.5 
   350  15.0   2.0 
   351  11.0  -1.0 
   352  16.0   1.0 
   353  14.0   1.0 
   354  17.5   1.0 
   355  16.5   1.5 
   356  12.5   0.5 
   357  13.0   2.0 
   358  16.5   2.5 
   359  12.5   0.5 
   360  12.5  -1.5 
   361  12.0  -1.5 
   362   DNA  -0.5 
   363   DNA   DNA 
   364   DNA   DNA 
   365   DNA  -5.5 
