1998          Temperature for THAKMARPHA              
        Tmax  Tmin
     1   9.5  -2.0 
     2  12.5  -1.0 
     3  10.0   0.5 
     4   9.5   1.0 
     5   9.5  -1.5 
     6  13.0   1.5 
     7  14.5   2.5 
     8  12.5   0.5 
     9  12.0   0.5 
    10  16.0   0.5 
    11  12.0   2.0 
    12  10.5  -1.5 
    13   7.5  -1.5 
    14  15.5  -1.0 
    15  10.5  -1.5 
    16  11.5  -2.5 
    17  12.0  -4.0 
    18   9.5  -4.0 
    19   9.5  -3.5 
    20   8.0  -5.0 
    21   6.5  -4.5 
    22  10.5  -4.5 
    23  10.0  -3.5 
    24  10.5  -3.5 
    25  12.0  -2.0 
    26  10.5  -2.5 
    27  13.0  -1.0 
    28   9.5  -1.0 
    29   4.5  -1.5 
    30   5.5  -1.5 
    31   5.5   0.0 
    32  10.0  -2.5 
    33   8.5  -2.0 
    34   9.5  -3.0 
    35   8.0  -3.5 
    36   9.0  -2.5 
    37  10.0  -1.5 
    38  10.0  -2.5 
    39  11.5  -1.0 
    40  13.5  -1.0 
    41  13.5   2.0 
    42  16.0   1.0 
    43  16.5   2.5 
    44  15.5   4.0 
    45  11.5   3.5 
    46  13.0   1.0 
    47  16.0   3.0 
    48  13.0   1.5 
    49  13.0  -0.5 
    50  10.5  -1.5 
    51  13.5   0.0 
    52   9.5   1.0 
    53   9.0  -3.0 
    54  10.0  -1.0 
    55   5.0   0.5 
    56  13.5   2.5 
    57  11.5   2.5 
    58  15.0   0.5 
    59  11.5   2.5 
    60  12.0  -1.0 
    61  17.5  -0.5 
    62  17.0   3.5 
    63  14.0   4.0 
    64  10.5   1.0 
    65  11.0   1.5 
    66   8.5  -0.5 
    67  10.0  -1.5 
    68  11.5  -0.5 
    69  10.0   2.0 
    70  12.0   2.0 
    71  14.0   4.5 
    72   4.0  -1.5 
    73  14.5  -1.5 
    74  14.0   0.4 
    75  15.5   1.0 
    76  12.5   3.5 
    77  10.0   0.0 
    78  12.5   0.0 
    79  14.0   1.5 
    80  12.5   4.5 
    81  15.0   4.5 
    82  12.0   4.0 
    83  11.0   2.5 
    84  11.5  -0.5 
    85  16.0   0.0 
    86  15.0   5.0 
    87  11.5   2.5 
    88   7.5   0.0 
    89  10.5   0.0 
    90  19.5   4.5 
    91  18.0   3.5 
    92  18.0   4.0 
    93  15.5   4.0 
    94  13.5   4.0 
    95  15.0   6.0 
    96  16.5   4.0 
    97  20.0   6.5 
    98  13.0   4.0 
    99  15.5   2.0 
   100  18.5   5.0 
   101  19.0   4.0 
   102  18.0   4.0 
   103  17.0   3.0 
   104  18.0   3.0 
   105  18.5   5.0 
   106  16.0   5.0 
   107  20.0   5.0 
   108  18.0   8.0 
   109  18.0   7.0 
   110  18.0   6.0 
   111  18.0   6.0 
   112  19.0   7.5 
   113  19.0   6.0 
   114  19.0   5.5 
   115  18.0   5.0 
   116  19.0   8.0 
   117  19.5   7.0 
   118  19.5   7.0 
   119  19.5   5.5 
   120  19.5   7.0 
   121  20.0   7.0 
   122  20.0   8.5 
   123  19.5  10.5 
   124  19.5   9.5 
   125  20.5  10.5 
   126  20.5  11.0 
   127  18.0  10.5 
   128  19.0   5.0 
   129  18.5   4.0 
   130  14.5   5.0 
   131  16.0   3.5 
   132  18.0   5.0 
   133  19.0   5.0 
   134  19.0  11.0 
   135  19.5   8.5 
   136  22.0  10.0 
   137  22.0  11.0 
   138  22.0  11.0 
   139  22.0   9.5 
   140  22.5  10.0 
   141  22.0  13.0 
   142  23.0  13.0 
   143  24.0  12.0 
   144   DNA  14.0 
   145  21.5  12.5 
   146  22.0  10.5 
   147  21.5  10.0 
   148  21.0  11.0 
   149  21.5  11.0 
   150  22.5   8.5 
   151  23.5  10.0 
   152  23.0  10.0 
   153  23.5  11.0 
   154  18.0  11.0 
   155  22.5  10.5 
   156  20.0   9.5 
   157  21.5   9.5 
   158  22.5  10.5 
   159  23.5  10.0 
   160  23.5  10.5 
   161  23.0  13.0 
   162  23.5  14.0 
   163  22.5  12.5 
   164  21.0  10.0 
   165  21.0  10.0 
   166  20.0  12.5 
   167  21.5  10.0 
   168  20.5  13.0 
   169  23.0  13.5 
   170  22.0  14.5 
   171  18.5  14.0 
   172  21.0  14.0 
   173  22.0  14.0 
   174  21.0  13.5 
   175  22.0  15.5 
   176  23.0  15.0 
   177  21.0  14.0 
   178  21.0  15.0 
   179  22.0  15.0 
   180  22.0  12.0 
   181  22.5  15.0 
   182  21.5  15.0 
   183  22.0  15.0 
   184  21.5  14.5 
   185  22.0  14.5 
   186  22.5  15.0 
   187  21.0  14.5 
   188  18.5  14.0 
   189  17.0  13.0 
   190  21.0  10.0 
   191  22.5  11.0 
   192  22.5  12.5 
   193  23.5  14.0 
   194  21.5  12.5 
   195  22.5  14.0 
   196  21.5  14.5 
   197  21.5  15.0 
   198  19.5  13.0 
   199  18.5  13.5 
   200  19.5  14.5 
   201  17.5  15.0 
   202  21.0  14.0 
   203  22.0  15.5 
   204  21.5  15.5 
   205  21.0  14.5 
   206  21.0  15.0 
   207  21.5  14.0 
   208  21.5  13.5 
   209  21.0  14.5 
   210  22.0  14.0 
   211  21.0  15.0 
   212  20.0  14.0 
   213  20.0  13.5 
   214  21.5  14.0 
   215  20.5  15.0 
   216  21.5  14.5 
   217  22.0  12.5 
   218  22.5  15.0 
   219  22.0  13.5 
   220  23.0  14.0 
   221  23.0  14.5 
   222  23.0  14.5 
   223  21.0  15.0 
   224  19.5  14.5 
   225  21.0  13.0 
   226  21.0  14.0 
   227  20.0  13.5 
   228  20.5  15.0 
   229  21.5  14.5 
   230  19.0  14.5 
   231  21.0  14.5 
   232  21.0  14.0 
   233  20.0  14.0 
   234  21.5  14.5 
   235  21.0  14.5 
   236  20.5  14.0 
   237  21.5  14.5 
   238  21.5  14.0 
   239  20.5  13.5 
   240  22.0  14.5 
   241  21.5  14.5 
   242  21.5  15.0 
   243  21.0  15.0 
   244  19.5  13.5 
   245  21.0  14.0 
   246  21.0  14.0 
   247  21.0  13.5 
   248  21.0  12.5 
   249  21.0  13.0 
   250  22.0  10.5 
   251  21.0  10.5 
   252  22.0  10.0 
   253  20.0  10.0 
   254  20.0  11.0 
   255  20.0  11.5 
   256  21.0  10.0 
   257  20.5  11.5 
   258  21.5  10.0 
   259  23.0  10.0 
   260  23.5  11.0 
   261  22.5  12.5 
   262  21.5  14.0 
   263  21.5  13.0 
   264  19.0  13.5 
   265  20.0  12.5 
   266  22.0  12.0 
   267  21.0  12.0 
   268  21.0   9.5 
   269  22.0  13.0 
   270  22.0  12.5 
   271  21.0  12.5 
   272  18.5  12.5 
   273  20.5  11.5 
   274  18.5  11.5 
   275  17.5  11.5 
   276  18.0  11.5 
   277  16.5  11.0 
   278  19.5   8.5 
   279  20.0   7.5 
   280  20.5   6.5 
   281  20.5   8.5 
   282  20.5  10.0 
   283  20.0   7.0 
   284  20.0   7.5 
   285  20.0   7.0 
   286  19.0   6.0 
   287  18.0   6.5 
   288  17.5   7.5 
   289  16.0  10.0 
   290  18.5  11.0 
   291  10.5   9.5 
   292  20.0   9.5 
   293  21.0   7.5 
   294  20.0   9.0 
   295  18.5  10.5 
   296  18.5   7.5 
   297  18.5   5.5 
   298  18.5   6.5 
   299  15.5  10.5 
   300  17.0   5.0 
   301  18.0   6.5 
   302  16.0   3.5 
   303  16.0   2.5 
   304  16.0   5.0 
   305  21.5   8.5 
   306  22.0   4.5 
   307  17.5   3.5 
   308  16.5   5.0 
   309  17.0   5.0 
   310  15.5   3.0 
   311  14.5   3.0 
   312  15.0   3.5 
   313  12.5   3.5 
   314  17.0   3.5 
   315  18.5   5.0 
   316  21.5   2.5 
   317  17.5   4.5 
   318  16.5   3.5 
   319  16.0   6.5 
   320  14.0   4.0 
   321  14.0   4.5 
   322  17.0   3.5 
   323  10.0   6.0 
   324  15.0   3.0 
   325  12.5   5.0 
   326  18.5   4.0 
   327  17.2   3.5 
   328  15.5   3.0 
   329  16.0   3.0 
   330  15.0   0.5 
   331  16.0   1.0 
   332  16.0   2.0 
   333  17.0   3.0 
   334  16.0   1.0 
   335  16.0   2.0 
   336  18.0   2.0 
   337  19.5   3.5 
   338  17.5   3.5 
   339  16.5   2.0 
   340  18.5   2.0 
   341  14.5   1.5 
   342  13.0   1.5 
   343  10.5   0.0 
   344  13.5   1.5 
   345  13.0   0.5 
   346  12.5   0.0 
   347  15.0   3.0 
   348  18.0   2.0 
   349  13.5   2.5 
   350  11.5  -1.0 
   351  13.5   3.0 
   352  15.5   0.0 
   353  16.5   0.5 
   354  13.5   0.5 
   355  12.5  -1.0 
   356  12.5  -1.5 
   357   8.5  -1.0 
   358   9.0  -3.5 
   359  12.5  -3.5 
   360  11.5  -2.0 
   361  11.0  -1.5 
   362  10.5  -3.5 
   363  11.0  -4.5 
   364   8.0  -4.0 
   365   6.5   0.0 
