1982          Temperature for THAKMARPHA              
        Tmax  Tmin
     1  15.2  -0.5 
     2  14.1   0.5 
     3  15.8   0.5 
     4  14.0   1.0 
     5  11.0   4.0 
     6  12.2  -0.8 
     7  16.8  -0.5 
     8  15.5   2.2 
     9  11.8   1.0 
    10   8.5   1.2 
    11  11.0   DNA 
    12  13.5   0.5 
    13  11.0  -1.5 
    14  13.2  -1.0 
    15  15.0   0.5 
    16  15.1   0.5 
    17  12.9  -1.0 
    18  14.2   1.5 
    19  10.4  -0.5 
    20  15.0  -0.8 
    21  10.0  -1.5 
    22  11.0  -2.6 
    23   7.0   3.4 
    24   9.2   3.5 
    25   7.0   2.5 
    26   2.8  -0.5 
    27   6.0  -8.5 
    28   5.9  -7.5 
    29   7.4  -6.0 
    30   6.5  -1.8 
    31   1.0  -2.0 
    32   4.0  -5.0 
    33   5.5  -2.0 
    34   3.0  -2.5 
    35   3.3  -2.8 
    36   4.5  -3.7 
    37   3.5  -3.5 
    38   1.1  -2.0 
    39   2.3  -2.5 
    40   5.5  -5.0 
    41   6.2  -1.5 
    42   5.0  -4.5 
    43   9.5   DNA 
    44  13.0  -1.0 
    45  13.9   DNA 
    46   8.9   DNA 
    47   6.0   DNA 
    48   8.5   DNA 
    49   3.2   DNA 
    50  11.0   DNA 
    51  11.4   DNA 
    52   9.5   DNA 
    53  11.0   DNA 
    54   9.8   DNA 
    55  10.0   DNA 
    56  12.3   DNA 
    57  13.0   DNA 
    58  14.9   DNA 
    59  10.3   DNA 
    60  11.3   DNA 
    61   7.0   DNA 
    62   6.8   DNA 
    63  10.5   DNA 
    64   6.7   DNA 
    65   5.0   DNA 
    66   4.9   DNA 
    67  11.9   DNA 
    68  10.0   DNA 
    69   7.5   DNA 
    70   8.5   DNA 
    71   8.3   DNA 
    72  14.0   DNA 
    73  17.8   DNA 
    74  14.9   DNA 
    75  12.0   DNA 
    76   5.8   DNA 
    77   9.8   DNA 
    78  11.8   DNA 
    79  19.2   DNA 
    80  17.4   DNA 
    81  14.0   DNA 
    82  14.2   DNA 
    83   9.0   DNA 
    84   7.8   DNA 
    85  11.8   DNA 
    86  15.8   DNA 
    87  14.8   DNA 
    88   DNA   DNA 
    89   DNA   3.6 
    90  15.2   3.6 
    91  17.8   6.6 
    92  17.0   7.2 
    93  18.8   5.0 
    94  18.4   6.4 
    95  16.8   7.4 
    96  17.2  10.0 
    97  17.0   5.6 
    98  15.0   7.0 
    99  20.9   7.4 
   100  16.4   4.4 
   101  15.0   4.6 
   102  16.4   2.6 
   103  15.0   3.8 
   104  16.2   3.6 
   105  18.4   6.2 
   106  16.4   5.4 
   107  17.0   4.2 
   108  15.2   3.4 
   109  13.0   4.0 
   110  14.8   2.6 
   111  15.0   2.0 
   112  17.8   3.4 
   113  17.5   5.4 
   114  17.5   5.4 
   115  15.9   6.2 
   116  16.6   4.6 
   117  13.8   5.8 
   118  18.0   4.0 
   119  14.0   8.0 
   120  16.2   3.0 
   121  22.0   4.4 
   122  19.0  10.0 
   123  18.0   7.1 
   124  19.6   6.8 
   125  20.5   7.4 
   126  20.0   7.8 
   127  18.0   5.4 
   128  19.0   7.0 
   129  19.8   6.6 
   130  12.4   6.0 
   131  16.8   5.6 
   132  16.0   6.4 
   133  14.0   4.6 
   134  14.6   3.0 
   135  17.0   4.2 
   136  15.6   5.4 
   137  17.5   3.1 
   138  18.8   4.6 
   139  17.9   4.5 
   140  17.0   5.4 
   141  17.5   5.0 
   142  17.3   4.4 
   143  17.5   4.3 
   144  16.5   4.5 
   145  20.1   4.5 
   146  21.5   7.0 
   147  22.0  11.0 
   148  20.3  11.0 
   149  19.9   5.8 
   150  21.0   7.4 
   151  21.3   8.0 
   152  20.5   9.0 
   153  19.0   6.8 
   154  20.2   7.0 
   155  15.8  10.2 
   156  14.0  11.0 
   157  18.3  10.4 
   158  20.5  12.0 
   159  21.0  12.8 
   160  18.0  13.8 
   161  21.3  10.6 
   162  19.0  12.4 
   163  19.3  11.6 
   164  19.0  11.8 
   165  17.3  12.0 
   166  19.5  10.8 
   167  19.8  12.0 
   168  18.5  12.8 
   169  20.5  13.0 
   170  21.2  11.8 
   171  20.0  11.6 
   172  21.2  10.6 
   173  21.6   9.6 
   174  21.2  12.2 
   175  21.4  12.2 
   176  20.0  12.2 
   177  20.2  11.0 
   178  20.0  12.0 
   179  19.0  10.0 
   180  20.6  10.8 
   181  21.6  10.4 
   182  21.2  11.2 
   183  22.2  12.8 
   184  22.0  12.8 
   185  23.6  12.2 
   186  21.5  14.8 
   187  18.0  14.8 
   188  21.8  14.6 
   189  22.0  14.6 
   190  21.6  14.6 
   191  20.2  14.2 
   192  20.4  13.8 
   193  19.8  13.6 
   194  21.6  13.4 
   195  23.0  13.4 
   196  21.5  12.8 
   197  22.0  12.8 
   198  22.6  14.2 
   199  22.8  14.8 
   200  19.4  15.0 
   201  21.4  13.4 
   202  21.8  14.0 
   203  24.4  13.6 
   204  22.2  14.1 
   205  19.0  13.4 
   206  20.0  14.0 
   207  21.8  12.4 
   208  22.0  13.4 
   209  20.6  14.8 
   210  21.8  13.8 
   211  22.8  14.8 
   212  23.4  15.2 
   213  20.8  13.4 
   214  20.8  12.6 
   215  20.4  13.4 
   216  22.0  14.4 
   217  22.0  13.4 
   218  23.2  13.8 
   219  23.6  14.2 
   220  24.0  13.2 
   221  20.8  13.8 
   222  22.0  14.0 
   223  25.0  13.2 
   224  23.0  12.4 
   225  22.8  12.0 
   226  22.6  13.2 
   227  21.8  14.4 
   228  23.0  13.4 
   229  23.0  14.6 
   230  22.8  14.0 
   231  21.8  14.2 
   232  22.0  14.0 
   233  21.6  13.2 
   234  21.8  12.8 
   235  22.0  13.0 
   236  21.0  13.4 
   237  21.0  13.4 
   238  20.5  13.2 
   239  20.0  12.4 
   240  21.0  13.0 
   241  20.0  12.4 
   242  18.5  10.2 
   243   DNA   DNA 
   244  19.0  11.2 
   245  21.5  11.4 
   246  21.8  11.6 
   247  21.5  12.0 
   248  22.0  13.2 
   249  22.2  12.8 
   250  16.8  12.6 
   251  22.0  10.2 
   252  22.2  11.6 
   253  20.4  11.2 
   254  16.2  12.8 
   255  13.4  11.6 
   256  17.9  10.8 
   257  20.8  10.6 
   258  20.0   9.2 
   259  20.0   9.4 
   260  20.0  11.0 
   261  19.4  13.2 
   262  20.2  10.6 
   263  19.8  12.2 
   264  19.1  12.2 
   265  19.6  12.0 
   266  18.8  12.2 
   267  13.0   9.8 
   268  18.2   7.4 
   269  19.0   7.0 
   270  18.0   7.0 
   271  18.5   5.0 
   272  17.8   5.2 
   273  18.0   6.6 
   274  17.0   3.4 
   275  17.5   4.0 
   276  18.2   5.4 
   277  18.2   5.4 
   278  17.5   4.4 
   279  17.0   5.0 
   280  18.0   6.0 
   281  17.2   4.0 
   282  16.0   3.0 
   283  15.0   3.0 
   284  15.0   2.4 
   285  16.0   2.0 
   286  16.0   3.8 
   287  17.0   3.8 
   288  17.0   4.0 
   289  17.0   4.2 
   290  16.0   2.9 
   291  18.0   2.9 
   292  19.2   5.2 
   293  18.8   5.8 
   294  16.0   7.2 
   295  16.0   5.0 
   296  16.2   5.2 
   297  15.0   3.0 
   298  16.2   4.0 
   299  15.7   3.9 
   300  16.0   3.8 
   301  16.2   4.2 
   302  16.0   4.6 
   303  16.4   4.6 
   304  12.0   4.5 
   305  12.0   1.2 
   306  15.0   1.2 
   307  15.2   3.0 
   308  15.5   3.2 
   309  14.8   4.0 
   310  13.0   5.0 
   311  13.0   5.2 
   312  13.2   5.0 
   313   8.0   4.0 
   314  15.2   3.0 
   315  16.8   0.6 
   316   9.0   0.6 
   317  13.0   0.4 
   318  13.2   0.2 
   319  13.8   1.6 
   320  16.0   2.6 
   321  19.8   1.8 
   322  21.0   5.2 
   323  18.0   5.6 
   324  11.0   5.0 
   325  12.0   3.6 
   326  13.2   3.2 
   327  12.6   1.4 
   328  10.2   0.2 
   329   9.0  -1.8 
   330   8.0  -2.4 
   331  12.5  -1.4 
   332   4.2  -2.2 
   333  10.0  -2.4 
   334   8.5  -0.6 
   335   9.6  -1.6 
   336  12.0  -2.2 
   337  14.2   0.2 
   338  15.2   0.2 
   339  11.0  -0.6 
   340   8.2  -0.6 
   341  11.2  -2.2 
   342  11.0  -1.2 
   343  14.8   1.2 
   344  16.5   3.0 
   345  16.5   1.8 
   346  18.2   0.6 
   347  16.2   2.8 
   348   9.5   1.2 
   349  12.2  -1.2 
   350  13.9  -1.0 
   351  13.8  -1.4 
   352  13.8  -1.4 
   353   8.0  -1.4 
   354   9.0  -2.0 
   355  10.2  -2.0 
   356  10.2   2.0 
   357  10.2   2.0 
   358   8.6  -2.2 
   359  13.2  -2.2 
   360  13.0  -2.4 
   361  13.2  -2.8 
   362  13.2  -1.0 
   363  13.2  -6.8 
   364  13.2  -8.2 
   365  13.2  -8.4 
