2003          Temperature for DHULIKHEL               
        Tmax  Tmin
     1   9.5   3.0 
     2  12.5   2.0 
     3  16.0   3.0 
     4  13.0   3.5 
     5  12.5   3.0 
     6  14.0   3.0 
     7  15.0   3.0 
     8  13.0   2.5 
     9  12.5   1.5 
    10  13.0   2.0 
    11  14.0   1.5 
    12  13.5   1.5 
    13  14.0   2.0 
    14  13.0   1.0 
    15  15.0   1.5 
    16  16.0   2.0 
    17  15.5   4.0 
    18  16.0   4.5 
    19  16.5   4.0 
    20  18.0   4.0 
    21  15.0   3.5 
    22  15.0   2.5 
    23  14.5   3.0 
    24  14.0   3.0 
    25  12.5   2.5 
    26  14.0   3.0 
    27  12.5   4.5 
    28  14.5   4.0 
    29  10.5   5.0 
    30  13.0   4.5 
    31  13.5   4.5 
    32  13.0   5.0 
    33  12.5   5.5 
    34  15.5   2.0 
    35  15.0   3.5 
    36  15.5   2.5 
    37  16.5   3.5 
    38  15.5   4.5 
    39  16.5   6.5 
    40  15.5   4.0 
    41  17.5   3.0 
    42  18.4   3.5 
    43  15.5   4.5 
    44  16.5   2.5 
    45  14.5   2.0 
    46  15.0   2.0 
    47  16.0   6.0 
    48  17.0   8.0 
    49  18.0   8.0 
    50  10.5   6.5 
    51  15.5   4.0 
    52  16.0   3.5 
    53  16.5   4.5 
    54  17.0   7.5 
    55  18.0   6.5 
    56  17.5   6.5 
    57  16.5   6.5 
    58  16.0   5.0 
    59  18.5   7.5 
    60  19.0   8.0 
    61  21.0   7.5 
    62  23.0   9.0 
    63  21.5   8.0 
    64  21.5   4.5 
    65  18.0   4.0 
    66  17.5   5.0 
    67  18.5   3.0 
    68  18.0   4.5 
    69  22.0   5.5 
    70  21.5   7.0 
    71  17.0   7.0 
    72  18.0   4.5 
    73  18.5   6.0 
    74  19.0   9.0 
    75  22.0   9.0 
    76  21.0   6.0 
    77  21.0   8.0 
    78  20.0   8.0 
    79  21.0   7.0 
    80  20.5   9.0 
    81  22.0  10.5 
    82  22.5  11.0 
    83  21.5  11.5 
    84  20.0   9.0 
    85  19.5  10.0 
    86  21.0   8.0 
    87  22.0  11.5 
    88  19.0  12.5 
    89  22.0   8.5 
    90  23.0   9.5 
    91  22.0  10.0 
    92  23.5  10.0 
    93  24.0  10.5 
    94  24.0  11.0 
    95  24.5  10.5 
    96  25.0  10.0 
    97  26.0  10.5 
    98  26.0  10.5 
    99  26.5  11.0 
   100  27.0  11.0 
   101  26.0  11.5 
   102  25.5  11.5 
   103  28.0  13.0 
   104  27.0  13.0 
   105  26.0  10.5 
   106  27.5  12.0 
   107  28.0  11.5 
   108  27.5  12.0 
   109  28.5  13.5 
   110  27.5  12.0 
   111  26.0  12.0 
   112  26.0  10.5 
   113  25.5  12.5 
   114  26.0  15.0 
   115  26.5  15.0 
   116  25.5  10.0 
   117  25.0  12.0 
   118  23.0  14.0 
   119  22.5  12.0 
   120  20.0  10.0 
   121  21.5  11.0 
   122  22.0  13.0 
   123  24.0  12.5 
   124  24.5  10.0 
   125  27.0  11.5 
   126  27.5  10.5 
   127  27.0  11.0 
   128  27.5  11.5 
   129  27.0  11.0 
   130  25.0   9.5 
   131  24.5  11.5 
   132  24.0  10.5 
   133  26.0  14.0 
   134  24.0  10.5 
   135  25.5  13.0 
   136  25.5  13.0 
   137  26.0  14.0 
   138  27.5  13.0 
   139  25.0  11.5 
   140  24.0  13.5 
   141  26.0  14.0 
   142  21.5  14.0 
   143  23.0  14.0 
   144  26.5  15.0 
   145  26.5  14.0 
   146  27.5  14.0 
   147  28.5  14.0 
   148  30.0  14.0 
   149  30.0  14.5 
   150  30.0  15.5 
   151  28.0  16.5 
   152  28.0  15.5 
   153  28.0  17.0 
   154  29.0  16.5 
   155  24.0  14.0 
   156  25.5  14.5 
   157  24.0  14.5 
   158  25.0  15.0 
   159  25.5  16.0 
   160  25.5  17.0 
   161  27.0  18.0 
   162  26.0  16.5 
   163  26.0  16.5 
   164  26.5  17.0 
   165  24.5  16.5 
   166  26.0  15.0 
   167  23.5  16.0 
   168  27.5  15.0 
   169  27.5  17.0 
   170  28.5  17.5 
   171  24.0  17.0 
   172  26.0  17.5 
   173  28.0  18.0 
   174  24.0  18.0 
   175  22.5  17.0 
   176  28.0  17.5 
   177  27.0  18.5 
   178  24.5  17.5 
   179  23.0  18.0 
   180  25.5  18.5 
   181  27.0  18.0 
   182  23.5  17.0 
   183  27.0  17.0 
   184  27.5  17.5 
   185  21.5  18.0 
   186  23.0  17.5 
   187  26.0  17.5 
   188  27.0  18.0 
   189  24.0  18.0 
   190  21.5  18.5 
   191  22.5  17.5 
   192  28.0  18.0 
   193  23.5  18.5 
   194  25.0  18.0 
   195  25.0  19.0 
   196  27.0  18.5 
   197  27.0  18.0 
   198  25.5  18.5 
   199  26.5  18.5 
   200  23.0  19.0 
   201  24.0  18.5 
   202  26.5  19.0 
   203  26.5  19.5 
   204  28.0  19.5 
   205  28.0  17.0 
   206  28.0  19.0 
   207  28.0  17.0 
   208  28.0  18.0 
   209  28.0  18.0 
   210  27.0  19.5 
   211  22.5  19.5 
   212  24.0  18.5 
   213  27.0  18.5 
   214  23.5  19.0 
   215  25.5  18.5 
   216  28.0  19.5 
   217  27.5  19.0 
   218  26.5  18.0 
   219  28.5  19.0 
   220  28.0  18.0 
   221  27.0  19.0 
   222  26.5  19.5 
   223  26.5  18.5 
   224  26.5  19.5 
   225  27.5  19.5 
   226  27.5  18.5 
   227  28.0  19.0 
   228  27.0  18.0 
   229  23.6  19.0 
   230  23.0  18.0 
   231  20.5  18.0 
   232  21.0  18.0 
   233  26.5  18.0 
   234  27.0  19.5 
   235  26.5  19.0 
   236  25.5  18.0 
   237  24.0  18.5 
   238  26.0  18.0 
   239  26.0  18.0 
   240  26.0  19.0 
   241  26.0  18.5 
   242  25.5  18.5 
   243  24.0  19.0 
   244  24.5  17.5 
   245  24.0  18.5 
   246  24.5  19.0 
   247  26.0  18.0 
   248  25.0  17.0 
   249  27.5  16.5 
   250  26.5  18.0 
   251  25.0  19.0 
   252  25.0  18.5 
   253  27.0  17.5 
   254  26.5  16.5 
   255  25.0  19.0 
   256  25.0  18.5 
   257  25.0  17.5 
   258  23.5  17.5 
   259  24.5  16.5 
   260  25.0  18.0 
   261  24.0  18.0 
   262  25.5  17.0 
   263  25.0  19.0 
   264  24.0  18.4 
   265  23.0  18.0 
   266  22.5  17.5 
   267  19.0  16.0 
   268  23.0  16.5 
   269  23.5  16.5 
   270  25.0  17.0 
   271  24.5  17.0 
   272  22.0  17.5 
   273  19.5  16.5 
   274  23.5  16.5 
   275  24.0  16.5 
   276  24.0  17.0 
   277  23.5  17.0 
   278  23.5  13.0 
   279  23.0  13.5 
   280  23.5  13.5 
   281  21.5  16.0 
   282  20.0  15.5 
   283  24.0  16.0 
   284  23.5  13.5 
   285  23.5  13.5 
   286  23.5  13.0 
   287  23.0  13.0 
   288  23.0  14.0 
   289  23.5  14.5 
   290  23.5  14.0 
   291  24.0  12.5 
   292  23.0  12.5 
   293  22.0  12.0 
   294  23.0  11.0 
   295  22.0  10.0 
   296  21.0   9.5 
   297  19.0  12.5 
   298  18.5  14.0 
   299  19.0  12.5 
   300  23.0  13.0 
   301  22.0  14.0 
   302  23.0  10.0 
   303  23.5  10.5 
   304  23.5  11.0 
   305  20.5  11.5 
   306  19.0  11.0 
   307  20.0   9.0 
   308  19.5  10.0 
   309  19.5  11.0 
   310  19.0  10.0 
   311  19.5   8.5 
   312  20.0   9.5 
   313  19.5   9.0 
   314  19.5   9.5 
   315  18.0  10.0 
   316  17.0   8.5 
   317  19.5   8.5 
   318  19.5   9.0 
   319  20.0   9.5 
   320  20.0  10.0 
   321  18.5   9.5 
   322  18.0   7.5 
   323  19.0   6.5 
   324  17.5   5.5 
   325  19.0   7.0 
   326  18.0   8.0 
   327  17.0   8.5 
   328  19.0   7.5 
   329  18.0   8.0 
   330  17.0   9.0 
   331  18.0   7.5 
   332  18.0   7.0 
   333  16.5   6.5 
   334  17.0   5.5 
   335  17.0   5.5 
   336  16.5   6.0 
   337  17.0   7.0 
   338  16.5   7.0 
   339  15.0   6.0 
   340  14.5   6.0 
   341  14.0   6.5 
   342  15.0   6.0 
   343  14.5   6.0 
   344  14.0   7.0 
   345  15.0   5.5 
   346  16.5   5.5 
   347  17.0   5.0 
   348  16.0   5.0 
   349  15.5   4.5 
   350  13.0   5.5 
   351  16.0   3.0 
   352  16.0   4.0 
   353  15.5   4.5 
   354  14.0   4.0 
   355  14.0   4.5 
   356  14.5   4.5 
   357  15.0   4.0 
   358  15.0   3.5 
   359  13.5   2.5 
   360  13.0   3.0 
   361  12.5   4.0 
   362   6.5   1.5 
   363  10.0   0.5 
   364  10.0   2.5 
   365  10.5   3.0 
