      1    0.0
      2    0.0
      3    0.0
      4    0.0
      5    0.0
      6    0.0
      7    0.0
      8    0.0
      9    0.0
     10    T  
     11    0.0
     12    2.4
     13   14.0
     14    0.0
     15    0.0
     16    0.0
     17    0.0
     18    0.0
     19    0.0
     20    0.0
     21    0.0
     22    0.0
     23    0.0
     24    0.0
     25    0.0
     26    0.0
     27    0.0
     28    0.0
     29    0.0
     30    0.0
     31    0.0
     32    T  
     33    0.0
     34    0.0
     35   35.0
     36    8.6
     37   10.0
     38    0.0
     39    0.0
     40    0.0
     41    1.6
     42    3.2
     43    0.0
     44    0.0
     45    0.0
     46    0.0
     47    0.0
     48    0.0
     49    0.0
     50    0.0
     51    0.0
     52    0.0
     53    0.0
     54    0.0
     55    0.0
     56    0.0
     57    0.0
     58    0.0
     59    0.0
     60    0.0
     61    0.0
     62    0.0
     63    T  
     64    0.0
     65    T  
     66    0.0
     67    0.0
     68    0.0
     69    0.0
     70    0.0
     71    0.0
     72    0.0
     73    0.0
     74    1.2
     75    0.0
     76    0.0
     77    0.0
     78    0.0
     79    0.0
     80    0.0
     81    0.0
     82    0.0
     83   46.4
     84    1.0
     85    0.0
     86    0.0
     87    0.0
     88    0.0
     89    0.0
     90    0.0
     91    0.0
     92    0.0
     93    0.0
     94    0.0
     95    0.0
     96    0.0
     97    0.0
     98    0.0
     99    0.0
    100    0.0
    101    0.0
    102    0.0
    103    0.0
    104    0.0
    105    0.0
    106    3.5
    107    0.0
    108    2.2
    109    0.0
    110    0.0
    111    4.4
    112    T  
    113    0.0
    114    0.0
    115   30.0
    116    T  
    117    0.0
    118    0.0
    119    2.2
    120    0.0
    121    0.0
    122    0.0
    123    0.0
    124    0.0
    125    0.0
    126   15.0
    127    0.0
    128    1.4
    129    8.8
    130    0.0
    131    7.6
    132    0.0
    133    0.0
    134    7.4
    135    0.0
    136    0.0
    137    9.0
    138    0.0
    139    2.6
    140    0.0
    141   18.0
    142    2.2
    143    T  
    144    4.4
    145    0.8
    146    T  
    147    5.4
    148    0.0
    149    0.0
    150    0.0
    151    4.6
    152   10.2
    153    6.0
    154    0.0
    155    0.0
    156    0.0
    157    0.0
    158    8.2
    159    7.8
    160   55.6
    161   68.4
    162   21.6
    163    0.0
    164    0.0
    165    0.0
    166    0.0
    167    7.2
    168   19.8
    169    0.0
    170    0.0
    171    0.0
    172   12.0
    173   10.6
    174    2.0
    175    2.8
    176    0.0
    177    T  
    178    4.2
    179   45.0
    180    0.2
    181   18.6
    182    2.4
    183    1.2
    184    T  
    185    3.6
    186    0.0
    187    0.0
    188    0.0
    189   24.6
    190   30.6
    191    0.0
    192   16.2
    193    T  
    194    2.8
    195    T  
    196    3.0
    197    0.0
    198   10.6
    199    2.6
    200    1.2
    201    3.2
    202   64.4
    203    0.4
    204   68.8
    205    T  
    206    0.0
    207   20.8
    208    T  
    209   13.6
    210    5.0
    211    0.0
    212    6.0
    213    8.6
    214   28.8
    215   25.6
    216    0.0
    217    0.0
    218    0.0
    219    0.0
    220    0.0
    221   45.2
    222   12.2
    223   40.2
    224    5.8
    225    0.0
    226    0.0
    227   24.4
    228    0.0
    229   15.4
    230    0.0
    231    9.6
    232   17.0
    233    0.0
    234    3.2
    235    0.0
    236    0.2
    237    0.0
    238    4.2
    239    0.0
    240    0.0
    241    1.6
    242   53.2
    243    8.6
    244    3.7
    245    2.4
    246   14.6
    247   15.4
    248    4.6
    249   13.0
    250   36.4
    251    2.0
    252   18.8
    253   52.8
    254   24.8
    255   12.6
    256    4.2
    257    0.2
    258    0.0
    259    0.0
    260   52.4
    261    T  
    262   15.0
    263   20.2
    264   16.8
    265    0.0
    266   23.4
    267   12.2
    268    T  
    269    0.0
    270    0.0
    271    0.0
    272    0.0
    273    0.0
    274    0.0
    275    0.0
    276    0.0
    277    0.0
    278    0.0
    279    0.0
    280    0.0
    281    0.0
    282    0.0
    283    0.0
    284    0.0
    285    0.0
    286    0.0
    287    0.0
    288    0.0
    289    0.0
    290    0.0
    291    0.0
    292    0.0
    293    0.0
    294    0.0
    295    0.0
    296    0.0
    297    0.0
    298    0.0
    299    0.0
    300    0.0
    301    0.0
    302    0.0
    303    0.0
    304    0.0
    305    0.0
    306    0.0
    307    0.0
    308    0.0
    309    0.0
    310    0.0
    311    0.0
    312    0.0
    313    0.0
    314    0.0
    315    0.0
    316    0.0
    317    0.0
    318    0.0
    319    0.0
    320    0.0
    321    0.0
    322    0.0
    323    0.0
    324    0.0
    325    0.0
    326    0.0
    327    0.0
    328    0.0
    329    0.0
    330    0.0
    331    0.0
    332    0.0
    333    T  
    334    0.0
    335    0.0
    336    0.0
    337    0.0
    338    0.0
    339    0.0
    340    0.0
    341    0.0
    342    0.0
    343    0.0
    344    0.0
    345    0.0
    346    0.0
    347    0.0
    348    0.0
    349    0.0
    350    0.0
    351    0.0
    352    0.0
    353    0.0
    354    0.0
    355    0.0
    356    0.0
    357    0.0
    358    0.0
    359    0.0
    360    0.0
    361    0.0
    362    0.0
    363    0.0
    364    0.0
    365    0.0
    366    T  
