      1    0.0
      2    0.0
      3    0.0
      4    0.0
      5    0.0
      6    0.0
      7    0.0
      8    0.0
      9    2.8
     10    0.0
     11    0.0
     12    0.0
     13    0.0
     14    0.0
     15    0.0
     16    0.0
     17    0.0
     18    0.0
     19    0.0
     20    0.0
     21    0.0
     22    0.0
     23    0.0
     24    0.0
     25    0.0
     26    0.0
     27    0.0
     28    0.0
     29    0.0
     30    0.0
     31    0.0
     32    0.0
     33    0.0
     34    0.0
     35    0.0
     36    8.7
     37    0.0
     38    0.0
     39    0.0
     40    0.0
     41    0.0
     42    0.0
     43    0.0
     44    0.0
     45    0.0
     46    4.5
     47    4.5
     48    0.0
     49    0.0
     50    0.0
     51    0.0
     52    0.0
     53    0.0
     54    3.0
     55    1.5
     56    0.0
     57    0.0
     58    0.0
     59    0.0
     60    0.0
     61    0.0
     62    0.0
     63    0.0
     64    0.0
     65    0.0
     66    0.0
     67    0.0
     68    0.0
     69    0.0
     70    0.0
     71    0.0
     72    0.0
     73    0.0
     74    0.0
     75    0.0
     76    0.0
     77    0.0
     78    0.0
     79    0.0
     80    0.0
     81    0.0
     82    0.0
     83    4.0
     84   14.0
     85    0.0
     86    0.0
     87    9.0
     88    0.0
     89    0.0
     90    0.0
     91    0.0
     92    0.0
     93    0.0
     94    0.0
     95    0.0
     96    0.0
     97    0.0
     98    0.0
     99    0.0
    100    0.0
    101    0.0
    102    2.0
    103    0.0
    104    0.0
    105    0.0
    106    0.0
    107    0.0
    108    3.2
    109    0.0
    110    3.2
    111    0.0
    112    0.0
    113    T  
    114    0.0
    115    0.0
    116    0.0
    117    0.0
    118    0.0
    119    0.0
    120    0.0
    121    0.0
    122    0.0
    123    0.0
    124    0.0
    125    0.0
    126    0.0
    127    0.0
    128    0.0
    129    0.0
    130    0.0
    131   16.3
    132    0.0
    133    0.0
    134   48.5
    135   78.6
    136   36.4
    137   56.4
    138    0.3
    139    0.0
    140    0.0
    141    0.0
    142    0.0
    143    0.0
    144    0.0
    145    0.0
    146   14.2
    147    0.0
    148    0.0
    149    0.0
    150    0.0
    151    0.0
    152    0.0
    153   26.0
    154   10.5
    155    4.2
    156    0.2
    157    0.3
    158    0.0
    159    2.3
    160    0.8
    161   20.6
    162    5.8
    163   35.0
    164   40.0
    165   27.2
    166    6.0
    167    0.2
    168    2.0
    169   37.3
    170    2.5
    171   14.6
    172    8.5
    173    0.0
    174   16.2
    175    6.8
    176   12.3
    177   14.3
    178   43.0
    179    4.6
    180  170.0
    181    0.5
    182   18.0
    183    1.2
    184   10.5
    185   34.2
    186    5.0
    187   26.0
    188   34.5
    189    4.2
    190    2.5
    191   45.0
    192   39.2
    193    0.8
    194    6.8
    195   30.2
    196    0.0
    197    0.1
    198   23.2
    199   38.5
    200    0.0
    201    8.3
    202    2.5
    203    T  
    204    0.4
    205    0.0
    206    0.0
    207    4.2
    208    0.2
    209    2.8
    210   28.9
    211    0.1
    212   32.4
    213    1.3
    214   22.4
    215    2.1
    216    6.0
    217   44.5
    218   12.6
    219    4.4
    220    4.0
    221    0.0
    222   20.5
    223   14.2
    224   63.2
    225  112.4
    226   28.6
    227    0.4
    228  119.3
    229    0.2
    230   26.8
    231   76.0
    232   38.2
    233   16.8
    234   10.0
    235   42.0
    236   23.2
    237    6.6
    238   16.0
    239    0.3
    240    2.5
    241    1.1
    242    4.0
    243    T  
    244    3.4
    245    T  
    246   10.8
    247    2.0
    248   16.2
    249    9.6
    250    4.5
    251    1.0
    252    0.2
    253    0.0
    254    0.0
    255    0.0
    256    0.0
    257    T  
    258   19.4
    259    3.6
    260   10.0
    261    6.3
    262   16.0
    263   12.2
    264   34.0
    265    4.4
    266   29.4
    267    0.0
    268    3.3
    269    T  
    270    2.0
    271    9.4
    272    0.4
    273    T  
    274    0.0
    275    6.0
    276    0.0
    277    0.0
    278    0.0
    279    0.0
    280    1.6
    281    T  
    282    0.0
    283    T  
    284    0.6
    285    7.2
    286    2.8
    287    0.8
    288    0.0
    289    0.0
    290    0.0
    291    0.0
    292    0.0
    293    0.0
    294    0.0
    295    0.0
    296    0.0
    297    0.0
    298    0.0
    299    0.0
    300    0.0
    301    0.0
    302    0.0
    303    0.0
    304    0.0
    305    0.0
    306    0.0
    307    0.0
    308    0.0
    309    0.0
    310    0.0
    311    0.0
    312    0.0
    313    0.0
    314   42.4
    315   50.0
    316   11.4
    317    0.3
    318    0.0
    319    0.0
    320    0.0
    321    0.0
    322    0.0
    323    0.0
    324    0.0
    325    0.0
    326    0.0
    327    0.0
    328    0.0
    329    0.0
    330    0.0
    331    0.0
    332    0.0
    333    0.0
    334    0.0
    335    0.0
    336    0.0
    337    0.0
    338    0.0
    339    0.0
    340    0.0
    341    0.0
    342    0.0
    343    0.0
    344    0.0
    345    0.0
    346    0.0
    347    0.0
    348    0.0
    349    0.0
    350    0.0
    351    0.0
    352    0.0
    353    0.0
    354    0.0
    355    0.0
    356    0.0
    357    0.0
    358    0.0
    359   18.8
    360    0.0
    361    0.0
    362    0.0
    363    0.0
    364    0.0
    365    0.0
