      1    0.0
      2    0.0
      3    0.0
      4    0.0
      5    0.0
      6    0.0
      7    0.0
      8    0.0
      9    0.0
     10    0.0
     11    0.0
     12    0.0
     13    0.0
     14    0.0
     15    0.0
     16    0.0
     17    0.0
     18    0.0
     19    0.0
     20    0.0
     21    0.0
     22    0.0
     23    0.0
     24    0.0
     25    0.0
     26    0.0
     27    0.0
     28    0.0
     29    0.0
     30    0.0
     31    0.0
     32    0.0
     33    0.0
     34    0.0
     35    0.0
     36    0.0
     37    0.0
     38    0.0
     39    0.0
     40    0.0
     41    0.0
     42    0.0
     43    0.0
     44    0.0
     45    0.0
     46    0.0
     47    0.0
     48    0.0
     49    0.0
     50    0.0
     51    0.0
     52    0.0
     53    0.0
     54    0.0
     55    0.0
     56    0.0
     57    0.0
     58    0.0
     59    0.0
     60    0.0
     61    0.0
     62    0.0
     63    0.0
     64    0.0
     65    0.0
     66    0.0
     67    0.0
     68    0.0
     69    0.0
     70    0.0
     71    0.0
     72    0.0
     73   12.9
     74    0.0
     75    0.0
     76    0.0
     77    0.0
     78    0.0
     79    0.0
     80   16.0
     81   37.0
     82   94.0
     83   80.0
     84    0.0
     85    0.0
     86    0.0
     87    0.0
     88    0.0
     89    0.0
     90    0.0
     91    0.0
     92    0.0
     93    0.0
     94    0.0
     95    0.0
     96    0.0
     97    0.0
     98    0.0
     99    0.0
    100    0.0
    101    0.0
    102    0.0
    103    0.0
    104    0.0
    105    0.0
    106    0.0
    107    0.0
    108    0.0
    109   12.8
    110    0.0
    111    T  
    112    T  
    113    2.0
    114   24.0
    115   10.0
    116    0.0
    117    T  
    118   10.0
    119    5.9
    120    0.0
    121    0.0
    122    0.0
    123    0.0
    124    0.0
    125    0.0
    126    0.0
    127    0.0
    128    0.0
    129    0.0
    130   26.0
    131    0.0
    132    0.0
    133    0.0
    134    2.8
    135    0.0
    136   48.0
    137    0.0
    138    0.0
    139    0.0
    140    0.0
    141    0.0
    142   49.0
    143    0.0
    144    0.0
    145    0.0
    146    0.0
    147    0.0
    148    0.0
    149    0.0
    150    0.0
    151    0.0
    152    T  
    153    0.0
    154    0.0
    155    0.0
    156   16.0
    157    0.0
    158    0.0
    159    0.0
    160    0.0
    161   48.1
    162   49.2
    163   27.0
    164    6.0
    165   34.7
    166   50.0
    167   11.1
    168    0.0
    169   27.0
    170   10.0
    171   35.0
    172    2.0
    173   50.1
    174    T  
    175    T  
    176   11.0
    177   28.0
    178   10.0
    179    0.0
    180    T  
    181    4.6
    182   13.4
    183    5.0
    184    3.8
    185    8.0
    186   17.0
    187   14.0
    188  126.0
    189   82.0
    190  168.0
    191  172.0
    192   19.0
    193   27.6
    194   32.5
    195    0.4
    196   10.2
    197   34.0
    198   41.0
    199    3.7
    200    9.2
    201    0.0
    202    0.0
    203   71.0
    204    7.0
    205    1.6
    206    0.2
    207    0.0
    208   29.0
    209    9.4
    210    1.4
    211   12.4
    212    2.0
    213   23.0
    214   27.4
    215    1.4
    216    8.7
    217    6.3
    218   43.5
    219   40.8
    220   30.0
    221   17.6
    222   10.2
    223   15.2
    224    1.0
    225   10.7
    226    0.1
    227    0.2
    228   23.6
    229    0.6
    230    0.0
    231   20.4
    232    3.0
    233   23.6
    234    3.6
    235    0.8
    236    1.4
    237   26.6
    238   13.6
    239    1.6
    240   17.6
    241    0.1
    242   34.3
    243    3.2
    244    0.0
    245    T  
    246    8.4
    247    0.4
    248    0.0
    249   14.5
    250    0.8
    251    0.0
    252   23.4
    253   29.0
    254   21.0
    255   63.0
    256    0.8
    257    0.0
    258   45.4
    259   13.4
    260    3.0
    261    9.4
    262   12.0
    263    3.0
    264    9.4
    265    4.3
    266   19.0
    267    2.8
    268    1.2
    269    8.0
    270   27.0
    271    0.1
    272   22.0
    273    0.0
    274   20.0
    275    0.0
    276    0.0
    277   12.0
    278   12.0
    279    0.4
    280    0.0
    281    0.0
    282    0.0
    283    0.0
    284    0.0
    285    1.0
    286    0.0
    287    0.0
    288    0.0
    289    0.0
    290    0.0
    291    0.0
    292    0.0
    293    0.0
    294    0.0
    295    0.0
    296    0.0
    297    0.0
    298    0.0
    299    0.0
    300    0.0
    301    0.0
    302    0.0
    303    0.0
    304    0.0
    305    0.0
    306    0.0
    307    0.0
    308    0.0
    309    0.0
    310    0.0
    311    0.0
    312    0.0
    313    0.0
    314    0.0
    315    0.0
    316    0.0
    317    0.0
    318    0.0
    319    0.0
    320    0.0
    321    0.0
    322    0.0
    323    0.0
    324    0.0
    325    0.0
    326    0.0
    327    0.0
    328    6.0
    329    0.0
    330    0.6
    331    0.1
    332    0.0
    333    0.0
    334    0.0
    335    0.0
    336    0.0
    337    T  
    338    0.0
    339    0.0
    340    0.0
    341    0.0
    342    T  
    343    T  
    344    0.0
    345    0.0
    346    0.0
    347    0.0
    348    0.0
    349    0.0
    350    0.0
    351    0.0
    352    0.0
    353    0.0
    354    0.0
    355    0.0
    356    0.0
    357    0.0
    358    0.0
    359    0.0
    360    0.0
    361    0.0
    362    0.0
    363    0.0
    364    0.5
    365    0.0
