      1    0.0
      2    0.0
      3    0.0
      4    0.0
      5    0.0
      6    0.0
      7    0.0
      8    0.0
      9    0.0
     10    0.0
     11    0.0
     12    0.0
     13    0.0
     14    0.0
     15    0.0
     16    0.0
     17    0.0
     18    0.0
     19    0.0
     20    0.0
     21    0.0
     22    0.0
     23    0.0
     24    0.0
     25    0.0
     26    0.0
     27    0.0
     28    4.0
     29   22.5
     30    0.0
     31    0.0
     32    0.0
     33    0.0
     34    0.0
     35    0.0
     36    0.0
     37    0.0
     38    0.0
     39    0.0
     40    0.0
     41    0.0
     42    0.0
     43    0.0
     44    0.0
     45    0.0
     46    0.0
     47    0.0
     48    0.0
     49    0.0
     50    0.0
     51    0.0
     52    0.0
     53    0.0
     54    0.0
     55    0.0
     56    0.0
     57    0.0
     58    0.0
     59    0.0
     60    0.0
     61    0.0
     62    0.0
     63    0.0
     64    0.0
     65    0.0
     66    0.0
     67    0.0
     68    0.0
     69    0.0
     70    0.0
     71    0.0
     72    0.0
     73    0.0
     74    0.0
     75    2.6
     76    0.0
     77    0.0
     78    2.0
     79    0.3
     80    1.5
     81    0.0
     82    0.0
     83    0.0
     84    0.0
     85    0.0
     86    0.0
     87    0.0
     88    0.0
     89    0.0
     90    0.0
     91    0.0
     92    0.0
     93    0.0
     94    0.0
     95    0.0
     96    0.0
     97    0.0
     98    0.0
     99    0.0
    100    0.0
    101    2.6
    102    0.0
    103    1.0
    104    1.0
    105    0.5
    106    2.4
    107    2.2
    108    0.0
    109   14.2
    110    0.0
    111    0.0
    112    0.0
    113    0.0
    114    2.3
    115    0.0
    116    0.0
    117    2.8
    118   15.1
    119   15.4
    120    1.0
    121   17.5
    122   12.5
    123    T  
    124    0.5
    125    0.6
    126    6.3
    127    3.0
    128    0.5
    129    2.0
    130    0.0
    131    0.0
    132    1.3
    133   10.0
    134   31.4
    135    4.7
    136    0.5
    137    1.0
    138    5.5
    139   14.3
    140    0.0
    141    0.0
    142   30.1
    143   42.0
    144   11.0
    145    1.1
    146    2.2
    147    0.0
    148    0.0
    149   49.8
    150    0.0
    151    0.0
    152    0.0
    153    0.0
    154    6.0
    155    3.3
    156    0.0
    157    0.0
    158    0.0
    159    0.0
    160   11.0
    161   48.0
    162    7.3
    163    T  
    164    3.8
    165    0.0
    166    3.2
    167   30.2
    168    0.0
    169    0.0
    170    0.0
    171    0.0
    172    0.0
    173    0.0
    174    2.8
    175   21.0
    176    0.0
    177    0.3
    178   22.8
    179   15.7
    180   44.0
    181    1.5
    182    4.2
    183   29.0
    184   25.5
    185   56.6
    186   14.2
    187   98.2
    188    6.2
    189    1.6
    190    T  
    191   20.6
    192    2.2
    193    2.8
    194    0.4
    195    3.4
    196   59.2
    197   83.6
    198   89.2
    199    4.5
    200    3.5
    201   19.5
    202    2.1
    203    1.7
    204    5.7
    205   45.0
    206   15.5
    207   18.1
    208   44.5
    209   52.5
    210    4.3
    211   24.7
    212    0.6
    213   11.3
    214   43.7
    215    4.6
    216   80.3
    217    4.3
    218    3.2
    219   11.0
    220    2.8
    221   13.2
    222    0.7
    223   11.1
    224   12.0
    225    9.6
    226    1.0
    227    0.0
    228   10.5
    229   12.5
    230   19.5
    231    2.5
    232   31.2
    233    1.6
    234    2.4
    235   59.2
    236    1.2
    237   13.2
    238    6.0
    239   24.2
    240    0.3
    241   31.3
    242    2.3
    243    2.4
    244   17.3
    245   18.6
    246   29.7
    247    1.2
    248    3.4
    249    4.9
    250   60.2
    251   19.6
    252    1.6
    253    0.0
    254    6.2
    255    1.8
    256    0.0
    257    0.0
    258    0.5
    259    2.5
    260   44.2
    261   36.0
    262    1.2
    263    6.8
    264    1.6
    265    4.7
    266    2.4
    267    1.2
    268    3.0
    269    8.2
    270    0.2
    271   39.3
    272    3.0
    273    0.5
    274   10.5
    275    0.0
    276   37.5
    277    0.5
    278    0.7
    279    1.3
    280    3.2
    281    0.3
    282    0.0
    283   23.0
    284    0.2
    285    0.3
    286    T  
    287    T  
    288    0.0
    289    T  
    290    0.0
    291    0.0
    292    T  
    293    0.0
    294    0.0
    295    T  
    296    0.0
    297   41.5
    298    0.0
    299    0.0
    300    0.0
    301    0.0
    302    0.0
    303    0.0
    304    0.0
    305    0.0
    306    0.0
    307    0.0
    308    0.0
    309    0.0
    310    0.0
    311    0.0
    312    0.0
    313    0.0
    314    0.0
    315    0.0
    316    0.0
    317    0.0
    318    0.0
    319    0.0
    320    0.0
    321    0.0
    322    0.0
    323    0.0
    324    0.0
    325    0.0
    326    0.0
    327    0.0
    328    0.0
    329    0.0
    330    0.0
    331    0.0
    332    0.0
    333    0.0
    334    0.0
    335    0.0
    336    0.0
    337    0.0
    338    0.0
    339    0.0
    340    0.0
    341    0.0
    342    0.0
    343    0.0
    344    0.0
    345    0.0
    346    0.0
    347    0.0
    348    0.0
    349    0.0
    350    0.0
    351    0.0
    352    0.0
    353    0.0
    354    0.0
    355    0.0
    356    0.0
    357    0.0
    358    0.0
    359    0.0
    360   15.3
    361    0.0
    362    0.0
    363    0.0
    364    0.0
    365    0.0
