      1    0.0
      2    0.0
      3    0.0
      4    0.0
      5    0.0
      6    0.0
      7    0.0
      8    0.0
      9    0.0
     10    0.0
     11    0.0
     12    0.0
     13    0.0
     14    0.0
     15    0.0
     16    0.0
     17    0.0
     18    0.0
     19    0.0
     20    0.0
     21    0.0
     22    0.0
     23    0.0
     24    0.0
     25    0.0
     26    0.0
     27    0.0
     28    0.0
     29    0.0
     30    0.0
     31    0.0
     32    0.0
     33    0.0
     34    T  
     35    0.0
     36    0.0
     37    0.0
     38    0.0
     39    0.0
     40    0.0
     41    0.0
     42    0.0
     43    0.0
     44    0.0
     45    0.0
     46    0.0
     47    0.0
     48    0.0
     49   10.7
     50    0.0
     51    0.0
     52    0.0
     53    0.0
     54    0.0
     55    0.0
     56    0.0
     57    0.0
     58    0.0
     59    0.0
     60    0.0
     61    2.3
     62    7.2
     63    0.0
     64    0.0
     65    1.1
     66    T  
     67    0.0
     68    T  
     69    T  
     70    0.0
     71    0.0
     72    0.0
     73    0.0
     74    0.0
     75    0.0
     76    0.0
     77    0.0
     78    0.0
     79    0.0
     80    0.0
     81    0.0
     82    0.0
     83    0.0
     84    0.0
     85    0.0
     86    0.0
     87    0.0
     88    0.0
     89    0.0
     90    0.0
     91    2.3
     92    0.0
     93    0.0
     94    0.0
     95    0.0
     96    0.0
     97    0.0
     98    0.0
     99    0.0
    100    0.0
    101    0.0
    102    0.0
    103    0.0
    104    0.0
    105    0.0
    106    0.0
    107    0.0
    108    0.0
    109    0.0
    110    0.0
    111    0.0
    112    0.0
    113    0.0
    114    1.0
    115    0.0
    116    0.0
    117    0.0
    118    0.0
    119    0.0
    120    0.0
    121    6.5
    122    0.0
    123    0.0
    124   17.0
    125    0.0
    126    0.0
    127    8.4
    128    0.0
    129    6.5
    130    0.0
    131    0.0
    132   15.6
    133    0.0
    134   11.2
    135    0.0
    136    0.0
    137    0.0
    138    4.5
    139    0.0
    140    0.0
    141   13.3
    142    0.0
    143    0.0
    144   22.2
    145    2.5
    146    T  
    147    3.0
    148    0.0
    149   22.2
    150    0.0
    151    0.0
    152    0.0
    153    0.0
    154    0.0
    155    0.0
    156   30.0
    157   29.0
    158   22.2
    159    3.2
    160   18.7
    161   11.1
    162    4.5
    163    0.0
    164    0.0
    165    0.0
    166    0.0
    167  125.8
    168   46.2
    169    0.0
    170    6.7
    171    7.6
    172    6.6
    173    0.0
    174    8.2
    175    1.7
    176    0.0
    177    0.0
    178    7.3
    179    0.0
    180    7.5
    181   10.5
    182    3.0
    183    1.0
    184    3.7
    185    0.0
    186    0.0
    187    1.8
    188    0.0
    189    0.0
    190   47.5
    191   30.0
    192    9.5
    193    1.5
    194   25.5
    195    0.0
    196    0.5
    197    0.7
    198    9.4
    199    1.4
    200    4.5
    201   19.2
    202   60.2
    203    9.5
    204    8.0
    205    0.0
    206   24.5
    207    0.0
    208    0.0
    209    0.0
    210   11.0
    211    1.2
    212    0.0
    213   15.0
    214    2.0
    215    4.5
    216    0.0
    217    0.0
    218    0.0
    219   14.5
    220    0.0
    221   35.1
    222    6.0
    223   19.0
    224    0.0
    225    T  
    226    0.0
    227   10.5
    228   51.8
    229    5.7
    230    1.0
    231    0.0
    232    0.0
    233    0.0
    234   30.5
    235    5.5
    236    0.0
    237    0.0
    238    T  
    239    0.0
    240   18.7
    241    3.0
    242    2.0
    243    0.0
    244    0.5
    245    1.0
    246    0.0
    247    0.4
    248    2.0
    249   10.0
    250    4.5
    251    1.6
    252    0.0
    253   35.0
    254   10.0
    255    9.4
    256   10.5
    257   58.6
    258   16.2
    259    0.0
    260   47.9
    261   14.2
    262   12.7
    263    0.0
    264    0.0
    265    7.1
    266    0.0
    267    0.0
    268    1.5
    269   12.0
    270   15.0
    271    5.5
    272   67.2
    273   40.8
    274    0.0
    275    0.0
    276    0.0
    277    0.0
    278    0.0
    279    0.0
    280    0.0
    281   12.2
    282    0.0
    283    0.0
    284    0.0
    285   10.0
    286    0.0
    287    0.0
    288    0.0
    289    0.0
    290    0.0
    291    0.0
    292    0.0
    293    0.0
    294    0.0
    295    2.4
    296    0.0
    297    3.5
    298    0.0
    299    6.4
    300   10.7
    301    0.0
    302    0.0
    303    0.0
    304    0.0
    305    0.0
    306    0.0
    307    0.0
    308    0.0
    309    0.0
    310    0.0
    311    0.0
    312    0.0
    313    0.0
    314    0.0
    315    0.0
    316    0.0
    317    0.0
    318    0.0
    319    0.0
    320    0.0
    321    0.0
    322    0.0
    323    0.0
    324    0.0
    325    0.0
    326    0.0
    327    0.0
    328    0.0
    329    0.0
    330    0.0
    331    0.0
    332    0.0
    333    0.0
    334    0.0
    335    0.0
    336    0.0
    337    0.0
    338    0.0
    339    0.0
    340    0.0
    341    0.0
    342    0.0
    343    0.0
    344    0.0
    345    0.0
    346    0.0
    347    0.0
    348    0.0
    349    0.0
    350    0.0
    351    0.0
    352    0.0
    353    0.0
    354    0.0
    355    0.0
    356    0.0
    357    0.0
    358    0.0
    359    0.0
    360    0.0
    361    0.0
    362    0.0
    363    0.0
    364    0.0
    365    0.0
    366    0.0
