      1   15.1
      2    0.0
      3   52.5
      4    0.0
      5    0.0
      6    0.0
      7    0.0
      8    0.0
      9    0.0
     10    0.0
     11    0.0
     12    0.0
     13    0.0
     14    0.0
     15    0.0
     16    0.0
     17    0.0
     18    0.0
     19    0.0
     20    0.0
     21    0.0
     22    0.0
     23    0.0
     24    0.0
     25    0.0
     26    0.0
     27    0.0
     28    0.0
     29    0.0
     30    0.0
     31    0.0
     32    0.0
     33    0.0
     34    0.0
     35    0.0
     36    0.0
     37    0.0
     38    0.0
     39    0.0
     40    0.0
     41    0.0
     42    0.0
     43    0.0
     44    0.0
     45    0.0
     46    0.0
     47    0.0
     48    0.0
     49    0.0
     50    0.0
     51    0.0
     52    0.0
     53    0.0
     54    0.0
     55    0.0
     56    0.0
     57    0.0
     58    1.5
     59    0.0
     60    0.0
     61    0.0
     62    0.0
     63    0.0
     64    0.0
     65    3.6
     66    0.0
     67    0.0
     68    0.0
     69    0.0
     70    0.0
     71    0.0
     72    0.0
     73    T  
     74    0.0
     75    0.0
     76    0.0
     77    0.0
     78    0.0
     79    0.0
     80    0.0
     81    0.0
     82    0.0
     83   13.7
     84    3.8
     85    0.0
     86    0.0
     87    0.0
     88    0.0
     89    0.0
     90    0.0
     91    1.0
     92    0.0
     93    0.0
     94    0.0
     95    0.0
     96    0.0
     97    0.0
     98    0.0
     99    0.0
    100    0.0
    101    0.0
    102    0.0
    103    0.0
    104    0.0
    105    0.0
    106    0.0
    107    0.0
    108    0.0
    109    0.0
    110    0.0
    111    0.0
    112    0.0
    113    0.0
    114    0.0
    115   17.5
    116    0.0
    117   18.4
    118    1.8
    119    0.0
    120    0.0
    121    0.0
    122    0.0
    123    0.0
    124    0.0
    125    0.0
    126    0.0
    127    0.0
    128    0.0
    129    0.0
    130    0.0
    131    2.9
    132    0.0
    133    0.0
    134    0.0
    135    0.0
    136    0.0
    137    0.0
    138    0.0
    139   16.6
    140    0.0
    141    0.0
    142    7.0
    143    0.0
    144   68.0
    145    0.0
    146    0.0
    147    0.0
    148    0.0
    149   17.8
    150    0.0
    151    4.0
    152    4.9
    153    0.0
    154    0.0
    155    0.0
    156    0.0
    157    5.6
    158   34.5
    159    0.0
    160  111.2
    161   44.5
    162    6.0
    163    8.5
    164    0.0
    165   57.6
    166   59.0
    167    0.0
    168   31.0
    169   74.2
    170   27.5
    171   17.3
    172    4.1
    173   59.0
    174   11.8
    175   70.2
    176    0.0
    177    0.0
    178   22.7
    179    0.0
    180    0.0
    181    5.8
    182    0.0
    183    0.0
    184    4.5
    185    0.0
    186   11.8
    187   26.7
    188    7.8
    189    0.0
    190   19.4
    191    0.0
    192   17.2
    193    0.0
    194   10.0
    195    0.0
    196   43.0
    197    0.0
    198    0.0
    199    0.0
    200    0.0
    201    0.0
    202    0.0
    203    1.0
    204    0.0
    205    0.0
    206    4.3
    207    2.5
    208    0.0
    209   34.5
    210   20.5
    211    0.0
    212    0.0
    213   57.3
    214   73.2
    215   78.4
    216   24.1
    217   34.0
    218    3.1
    219    0.0
    220    6.0
    221    1.0
    222    0.0
    223   45.5
    224    0.0
    225    0.0
    226    0.0
    227   35.4
    228   90.2
    229    1.5
    230    0.0
    231    6.0
    232    4.2
    233    0.0
    234   80.3
    235    5.0
    236   22.5
    237    0.0
    238    0.0
    239   29.0
    240    0.0
    241    8.0
    242   19.8
    243    0.0
    244   44.0
    245    5.5
    246    0.0
    247  147.2
    248   28.2
    249    3.5
    250    0.0
    251    2.2
    252   32.7
    253   13.6
    254    3.7
    255    7.8
    256    0.0
    257    5.5
    258   22.9
    259   14.2
    260    0.0
    261    2.4
    262   29.1
    263    0.0
    264    0.0
    265    0.0
    266    0.0
    267   44.4
    268    0.0
    269   35.5
    270   32.5
    271    0.0
    272   35.1
    273   25.5
    274   12.4
    275    0.0
    276    0.0
    277    0.0
    278    0.0
    279   42.5
    280   23.7
    281    0.0
    282    0.0
    283    0.0
    284    0.0
    285    0.0
    286    0.0
    287    0.0
    288    0.0
    289    0.0
    290    0.0
    291    0.0
    292    0.0
    293    0.0
    294    0.0
    295    0.0
    296    0.0
    297    0.0
    298    0.0
    299    0.0
    300    0.0
    301    0.0
    302    0.0
    303    0.0
    304    0.0
    305    0.0
    306    0.0
    307    0.0
    308    0.0
    309    0.0
    310    0.0
    311    0.0
    312    0.0
    313    0.0
    314    0.0
    315    0.0
    316    0.0
    317    0.0
    318    0.0
    319    0.0
    320    0.0
    321    0.0
    322    0.0
    323    0.0
    324    0.0
    325    0.0
    326    0.0
    327    0.0
    328    0.0
    329    0.0
    330    0.0
    331    0.0
    332    0.0
    333    0.0
    334    0.0
    335    0.0
    336    0.0
    337    0.0
    338    0.0
    339    0.0
    340    0.0
    341    0.0
    342    0.0
    343    0.0
    344    0.0
    345    0.0
    346    0.0
    347    0.0
    348    0.0
    349    0.0
    350    0.0
    351    0.0
    352    0.0
    353    0.0
    354    0.0
    355    0.0
    356    0.0
    357    0.0
    358    0.0
    359    3.5
    360    6.4
    361    7.8
    362    0.0
    363    0.0
    364    0.0
    365    0.0
