      1    0.0
      2    9.2
      3    0.0
      4    0.0
      5    0.0
      6    0.0
      7    0.0
      8    0.0
      9    0.0
     10    0.0
     11    0.0
     12    0.0
     13    0.0
     14    0.0
     15    0.0
     16    0.0
     17    0.0
     18    0.0
     19    0.0
     20    0.0
     21    0.0
     22    0.0
     23    1.2
     24    0.0
     25    0.0
     26    0.0
     27    0.0
     28    0.0
     29    0.0
     30    0.0
     31    T  
     32    0.0
     33    4.8
     34    0.0
     35    0.0
     36    0.0
     37    0.0
     38    0.0
     39    0.0
     40    0.0
     41    0.0
     42    0.0
     43    0.0
     44    0.0
     45    3.2
     46    0.0
     47    0.0
     48    0.0
     49    0.0
     50    0.0
     51    0.0
     52    0.0
     53    0.0
     54    0.0
     55    2.0
     56    0.0
     57    0.0
     58    0.0
     59    0.0
     60    0.0
     61    0.0
     62    0.0
     63    0.0
     64    0.0
     65    0.0
     66    0.0
     67    0.0
     68    0.0
     69    0.0
     70    0.0
     71    0.0
     72    0.0
     73    0.0
     74    0.0
     75    0.0
     76    0.0
     77    0.0
     78    0.0
     79    0.0
     80    0.0
     81    0.0
     82    0.0
     83    0.8
     84    3.2
     85    0.0
     86    0.0
     87    0.0
     88    0.0
     89    0.0
     90    0.0
     91    0.0
     92    0.0
     93    0.0
     94    0.0
     95    0.0
     96    0.0
     97    0.0
     98    0.0
     99    0.0
    100    0.0
    101    0.0
    102    0.0
    103    0.0
    104    0.0
    105    0.0
    106    0.0
    107    0.0
    108    0.0
    109    0.0
    110    0.0
    111    0.0
    112   11.2
    113    1.2
    114    0.0
    115    6.8
    116    1.2
    117    0.0
    118    0.0
    119    0.0
    120    0.0
    121    0.0
    122    0.0
    123    0.0
    124   17.2
    125    4.8
    126    0.0
    127    5.2
    128    0.0
    129    0.0
    130    0.0
    131    0.0
    132    0.0
    133    1.2
    134    4.0
    135    0.0
    136    0.0
    137    T  
    138    1.2
    139   30.0
    140    0.0
    141    0.0
    142    2.0
    143    0.0
    144   10.4
    145   10.0
    146    0.0
    147    0.0
    148    7.2
    149    1.2
    150   10.8
    151    7.2
    152   26.8
    153   20.0
    154    0.0
    155    0.0
    156    0.0
    157    0.0
    158   24.8
    159   40.0
    160   12.4
    161    0.0
    162    0.8
    163    3.2
    164   26.0
    165  128.8
    166    8.8
    167   46.0
    168    8.0
    169   18.8
    170    6.0
    171    6.8
    172    2.0
    173    2.8
    174    6.4
    175   48.8
    176  100.4
    177    0.0
    178    0.0
    179    0.0
    180   20.4
    181   17.2
    182   32.8
    183   34.0
    184   34.0
    185    8.0
    186    2.0
    187   55.2
    188    4.4
    189    2.0
    190    3.2
    191    T  
    192    0.0
    193    3.2
    194    2.4
    195    0.0
    196    0.8
    197    4.6
    198    0.0
    199    2.5
    200   15.6
    201    6.3
    202  134.2
    203   80.8
    204   30.2
    205    0.0
    206    2.6
    207   35.2
    208  135.6
    209   95.2
    210   16.4
    211   38.6
    212   18.0
    213   76.0
    214    4.0
    215    1.2
    216    0.0
    217    0.0
    218   61.4
    219    0.0
    220    0.6
    221    0.0
    222    0.0
    223    0.0
    224    9.2
    225    0.0
    226    0.0
    227    0.0
    228   16.6
    229    2.0
    230   12.4
    231    T  
    232    0.8
    233    0.0
    234    1.2
    235    3.2
    236    2.0
    237   14.0
    238    0.0
    239    0.0
    240   12.8
    241    4.4
    242    0.0
    243    0.0
    244   80.0
    245   84.0
    246   42.0
    247    T  
    248    0.0
    249   16.8
    250    0.0
    251    0.0
    252    0.0
    253    0.0
    254    0.0
    255    0.0
    256   90.8
    257   44.8
    258    6.8
    259   58.8
    260   30.0
    261   54.4
    262  150.8
    263   40.0
    264   48.8
    265   14.4
    266    0.0
    267    0.0
    268   10.8
    269    6.3
    270   66.0
    271   30.5
    272    0.0
    273    0.0
    274   45.6
    275    0.0
    276    0.0
    277    0.0
    278    5.0
    279    0.0
    280    8.0
    281    8.2
    282    7.4
    283   30.3
    284   14.0
    285    T  
    286    2.0
    287    3.3
    288    4.8
    289    3.0
    290    0.0
    291    0.0
    292    0.0
    293    0.0
    294    0.0
    295    0.0
    296    0.0
    297    0.0
    298    0.0
    299    T  
    300    T  
    301    0.0
    302    0.0
    303    0.0
    304    0.0
    305    0.0
    306    0.0
    307    0.0
    308    0.0
    309    0.0
    310    0.0
    311    0.0
    312    0.0
    313    0.0
    314    0.0
    315    0.0
    316    0.0
    317    0.0
    318    0.0
    319    0.0
    320    0.0
    321    0.0
    322    0.0
    323    0.0
    324    0.0
    325    0.0
    326    0.0
    327    0.0
    328    0.0
    329    0.0
    330    0.0
    331    0.0
    332    0.0
    333    0.0
    334    0.0
    335    0.0
    336    0.0
    337    0.0
    338    0.0
    339    0.0
    340    0.0
    341    0.0
    342    0.0
    343    0.0
    344    0.0
    345    0.0
    346    0.0
    347    0.0
    348    0.0
    349    0.0
    350    0.0
    351    0.0
    352    0.0
    353    0.0
    354    0.0
    355    0.0
    356    0.0
    357    0.0
    358    0.0
    359    0.0
    360    0.0
    361    0.0
    362    0.0
    363    0.0
    364    0.0
    365    0.0
