      1    6.0
      2    0.0
      3    4.4
      4    0.0
      5    3.8
      6    3.9
      7    0.0
      8    0.0
      9    0.0
     10    0.0
     11    0.0
     12    0.0
     13    0.0
     14    0.0
     15    0.0
     16    0.0
     17    0.0
     18    0.0
     19    0.0
     20    0.0
     21    0.0
     22    0.2
     23    1.3
     24    0.0
     25    0.0
     26    0.0
     27    0.0
     28    3.7
     29    0.0
     30    0.0
     31    0.0
     32    0.0
     33    0.0
     34    0.0
     35    0.0
     36    0.0
     37    6.0
     38    1.0
     39    0.0
     40    1.0
     41    0.0
     42    0.0
     43    0.0
     44    0.0
     45    0.0
     46    0.0
     47    0.0
     48    0.0
     49    0.0
     50    0.0
     51    0.0
     52    0.0
     53    0.0
     54    0.0
     55    0.0
     56    0.0
     57    0.0
     58    0.0
     59    0.0
     60    0.0
     61    0.0
     62    0.0
     63    0.0
     64    0.0
     65    0.0
     66    0.0
     67    0.0
     68    0.0
     69    0.0
     70    0.0
     71    0.0
     72    0.0
     73    0.0
     74    0.0
     75    0.0
     76    0.0
     77    0.0
     78    0.0
     79    0.0
     80    0.0
     81    0.0
     82    0.0
     83    0.0
     84    0.0
     85    0.0
     86    2.0
     87    0.0
     88    0.0
     89    0.0
     90    0.0
     91    0.0
     92    0.0
     93    0.0
     94    0.0
     95    0.0
     96    0.0
     97    0.0
     98    0.0
     99    0.0
    100   12.0
    101    0.0
    102    0.0
    103    0.0
    104    0.0
    105    0.0
    106    0.0
    107    0.0
    108    0.0
    109    0.0
    110    0.0
    111    0.0
    112    1.6
    113    2.7
    114    0.0
    115    0.0
    116    0.0
    117    0.0
    118    0.0
    119    3.0
    120    0.0
    121   22.5
    122    0.0
    123    3.3
    124    0.0
    125    0.0
    126    0.0
    127    0.0
    128    0.0
    129    0.0
    130    0.3
    131   19.5
    132    3.5
    133    0.0
    134    0.0
    135    2.0
    136    0.0
    137    1.0
    138    0.0
    139    0.0
    140    0.0
    141   17.8
    142    5.0
    143    0.0
    144    0.0
    145    0.0
    146    0.0
    147    0.0
    148    0.0
    149    0.0
    150    0.0
    151    0.0
    152    0.0
    153    2.3
    154   20.1
    155    5.7
    156    0.0
    157    7.2
    158  108.0
    159    0.0
    160    0.0
    161    0.0
    162   44.7
    163    0.0
    164    0.0
    165    0.0
    166    0.0
    167    9.7
    168    0.0
    169    0.0
    170    9.0
    171   38.0
    172    0.0
    173    0.0
    174   25.0
    175    0.0
    176    0.0
    177   15.6
    178   23.2
    179   34.4
    180   31.4
    181   23.2
    182   42.4
    183    4.3
    184   64.4
    185  114.2
    186   12.1
    187   30.1
    188   51.0
    189   23.0
    190   21.4
    191   38.0
    192   10.8
    193   35.6
    194   24.5
    195   45.8
    196   75.0
    197   24.4
    198   93.8
    199   24.8
    200   19.2
    201   46.2
    202    2.4
    203   22.6
    204   12.8
    205    9.5
    206   32.5
    207   31.2
    208   17.7
    209   32.2
    210    0.0
    211    0.0
    212    0.0
    213   26.0
    214   41.1
    215    6.3
    216   40.0
    217   11.7
    218   23.4
    219    2.4
    220    9.0
    221    9.5
    222    2.9
    223    0.0
    224    0.0
    225    0.8
    226   51.0
    227  102.0
    228   78.8
    229   51.7
    230   38.0
    231   41.3
    232   37.8
    233   27.2
    234   20.2
    235   26.4
    236    4.6
    237    4.1
    238   11.5
    239   57.5
    240   56.5
    241   28.3
    242   44.4
    243  101.3
    244   32.8
    245    1.2
    246   55.2
    247   24.6
    248   44.4
    249    6.1
    250    0.0
    251    0.0
    252    0.0
    253   14.5
    254   12.4
    255    0.0
    256   14.0
    257   20.2
    258   28.0
    259   14.6
    260   60.5
    261   30.5
    262    0.0
    263    0.0
    264   12.8
    265    0.0
    266    1.1
    267   10.8
    268    6.2
    269   15.2
    270    0.0
    271    0.0
    272   78.0
    273    4.9
    274    0.0
    275    0.0
    276    0.0
    277    0.0
    278    0.0
    279    2.0
    280    3.8
    281    0.0
    282    1.4
    283   38.0
    284   27.4
    285    0.9
    286    0.0
    287    0.0
    288    0.0
    289    0.0
    290   43.2
    291   46.0
    292   28.8
    293    0.0
    294    0.0
    295    0.0
    296    0.0
    297    0.0
    298    0.0
    299    0.0
    300    0.0
    301    0.0
    302    0.0
    303    0.0
    304    0.0
    305    0.0
    306    0.0
    307    2.4
    308    0.0
    309    0.0
    310    0.0
    311    0.0
    312    0.0
    313    0.0
    314    0.0
    315    0.0
    316    0.0
    317    0.0
    318    0.0
    319    0.0
    320    0.0
    321    0.0
    322    0.0
    323    0.0
    324    0.0
    325    0.0
    326    0.0
    327    0.0
    328    0.0
    329    0.0
    330    0.0
    331    0.0
    332    0.0
    333    0.0
    334    0.0
    335    0.0
    336    0.0
    337    0.0
    338    0.0
    339    0.0
    340    0.0
    341    0.0
    342    0.0
    343    0.0
    344    0.0
    345    0.0
    346    0.0
    347    0.0
    348    0.0
    349    0.0
    350    0.0
    351    0.0
    352    0.0
    353    0.0
    354    0.0
    355    0.0
    356    0.0
    357    0.0
    358    0.0
    359    0.0
    360    0.0
    361    0.0
    362   32.0
    363   25.8
    364    0.0
    365    0.0
