      1    0.0
      2    1.0
      3    1.6
      4    0.3
      5    0.0
      6    0.0
      7    0.0
      8    0.0
      9    0.0
     10    0.0
     11    0.0
     12    0.0
     13    0.0
     14    0.0
     15    0.0
     16    0.0
     17    0.0
     18    0.0
     19    0.0
     20    0.0
     21    2.2
     22    4.0
     23    0.0
     24    0.0
     25    0.0
     26    0.0
     27    0.0
     28    0.0
     29    0.0
     30    0.4
     31    1.0
     32    0.1
     33   30.0
     34   11.6
     35    0.0
     36    0.6
     37    0.0
     38    0.0
     39   26.8
     40    0.0
     41    0.0
     42    0.0
     43    0.0
     44    0.0
     45    0.0
     46    0.0
     47    0.0
     48    0.0
     49    0.0
     50    0.0
     51    0.0
     52    0.0
     53    0.0
     54    0.0
     55    0.0
     56    0.0
     57    0.0
     58    0.0
     59    0.0
     60    0.0
     61    0.0
     62    0.0
     63    0.0
     64    0.0
     65    0.0
     66    0.0
     67    0.0
     68    0.0
     69    0.0
     70    0.0
     71    0.0
     72    0.0
     73    0.0
     74    2.0
     75   27.2
     76   36.4
     77    6.3
     78    2.0
     79    0.0
     80    0.0
     81    0.0
     82    0.0
     83    0.0
     84    0.0
     85    0.0
     86    0.0
     87    0.0
     88    0.0
     89    0.0
     90    0.0
     91    0.0
     92    4.8
     93    2.6
     94    0.0
     95    0.0
     96    2.7
     97    0.0
     98    0.0
     99    0.0
    100    0.0
    101    0.0
    102    0.0
    103    0.0
    104    0.0
    105    0.0
    106    0.0
    107    0.0
    108    0.0
    109    0.0
    110    0.0
    111    0.0
    112    0.0
    113    0.0
    114    0.0
    115    0.0
    116    0.0
    117    0.0
    118    0.0
    119    0.0
    120   14.6
    121    1.2
    122    1.6
    123    1.4
    124    1.6
    125   26.4
    126    2.8
    127    0.0
    128   12.0
    129    0.0
    130    1.9
    131    2.8
    132    2.2
    133    0.0
    134    0.0
    135    0.0
    136    0.0
    137    0.0
    138    0.0
    139    0.0
    140    0.0
    141    0.0
    142    0.0
    143    1.4
    144    0.0
    145    0.0
    146    0.0
    147    0.0
    148    0.0
    149    0.0
    150    0.0
    151    0.0
    152    6.4
    153   12.6
    154    1.0
    155   49.0
    156    6.6
    157   10.2
    158    1.2
    159    0.0
    160    2.0
    161   34.4
    162   27.2
    163    5.8
    164    7.4
    165    3.4
    166   13.0
    167    0.0
    168   19.0
    169    0.3
    170    0.0
    171    0.0
    172    3.8
    173    2.8
    174    4.4
    175    3.4
    176    1.2
    177    0.0
    178    1.0
    179   28.0
    180    0.0
    181   29.4
    182   48.8
    183    3.8
    184    0.0
    185    0.8
    186   27.8
    187    0.3
    188   10.4
    189   29.0
    190   60.0
    191    6.0
    192   15.8
    193    0.3
    194   15.0
    195   16.0
    196   19.0
    197   29.0
    198   68.0
    199   15.0
    200    2.5
    201    2.6
    202    1.4
    203   47.4
    204    7.6
    205    5.6
    206   12.0
    207    8.4
    208   56.4
    209   14.0
    210    8.0
    211   13.8
    212   10.4
    213    0.0
    214   17.6
    215   87.0
    216   33.0
    217    8.4
    218   17.6
    219   10.2
    220   10.0
    221   19.8
    222   11.0
    223   73.6
    224   22.4
    225   38.6
    226    9.8
    227   33.2
    228    8.2
    229    5.4
    230    5.0
    231   19.4
    232   82.6
    233   12.6
    234    0.8
    235   12.2
    236   33.6
    237   13.8
    238    3.8
    239    4.4
    240    0.0
    241   24.0
    242   10.2
    243   42.2
    244    1.4
    245   10.4
    246   45.0
    247    2.6
    248   57.2
    249   24.0
    250    5.4
    251   18.6
    252    3.0
    253    1.2
    254   10.0
    255   13.0
    256    1.6
    257   15.0
    258    0.0
    259   11.2
    260    2.0
    261    0.0
    262    0.0
    263   56.2
    264    0.0
    265   21.6
    266    1.0
    267    7.2
    268   13.2
    269   10.0
    270    0.0
    271   29.4
    272   27.2
    273    7.0
    274   47.0
    275    0.0
    276    0.0
    277    0.0
    278    8.2
    279    0.0
    280    0.0
    281   12.0
    282   14.8
    283    1.1
    284    0.8
    285   13.0
    286   10.8
    287   34.8
    288    0.0
    289    0.0
    290    0.0
    291    0.0
    292    0.0
    293    0.0
    294    0.0
    295    0.0
    296    0.0
    297    0.0
    298    0.0
    299    0.0
    300    0.0
    301    9.4
    302    0.0
    303    0.0
    304    0.0
    305    0.0
    306    0.0
    307    0.0
    308    0.0
    309    0.2
    310    0.1
    311    0.0
    312    0.0
    313    0.0
    314    0.0
    315    0.0
    316    0.0
    317    5.4
    318    0.0
    319    0.0
    320    0.0
    321    0.0
    322    0.0
    323    0.0
    324    0.0
    325    0.0
    326    0.0
    327    0.0
    328    0.0
    329    6.0
    330    0.0
    331    0.0
    332    0.0
    333    0.0
    334    0.0
    335    0.0
    336    0.0
    337    0.0
    338    0.0
    339    0.0
    340    0.0
    341    0.0
    342    0.0
    343    0.0
    344    0.0
    345    0.0
    346    0.0
    347    0.0
    348    3.6
    349    0.0
    350    0.0
    351    7.0
    352    6.0
    353    0.0
    354    0.0
    355    0.0
    356    0.0
    357    0.0
    358    0.0
    359    0.0
    360    0.0
    361    0.0
    362    0.0
    363    0.0
    364    0.0
    365    0.0
