      1    0.0
      2    0.0
      3    0.0
      4    0.0
      5    0.0
      6    0.0
      7    0.0
      8    0.0
      9    0.0
     10    0.0
     11    0.0
     12    5.0
     13    0.0
     14    0.0
     15    0.0
     16    0.0
     17    0.0
     18    0.0
     19    0.0
     20    0.0
     21    0.0
     22    2.4
     23    0.0
     24    0.0
     25    0.0
     26    0.0
     27    0.0
     28    0.0
     29    0.0
     30    0.0
     31    0.0
     32    4.0
     33    0.0
     34    0.0
     35    0.0
     36    0.0
     37    0.0
     38    2.4
     39    6.2
     40    0.0
     41    0.0
     42    0.0
     43    0.0
     44    0.0
     45    0.0
     46    0.0
     47    0.0
     48    0.0
     49    0.0
     50    0.0
     51    0.0
     52    0.0
     53    0.0
     54    0.0
     55    0.0
     56    0.1
     57    0.0
     58    0.0
     59    0.0
     60    0.0
     61    0.0
     62    0.0
     63    0.0
     64    0.0
     65    0.0
     66    0.0
     67    0.0
     68    0.0
     69    0.0
     70    0.0
     71    0.0
     72    0.0
     73    0.0
     74    0.0
     75    0.0
     76    0.0
     77    0.0
     78    0.0
     79    0.0
     80    0.0
     81    0.0
     82    0.0
     83    0.0
     84    0.0
     85    0.0
     86    0.0
     87    0.0
     88    0.0
     89    0.0
     90    0.0
     91    0.0
     92    0.0
     93    0.0
     94    0.0
     95    0.0
     96    0.0
     97    0.0
     98    0.0
     99    0.0
    100    0.0
    101    0.0
    102    0.0
    103    0.0
    104    0.0
    105    0.0
    106    0.0
    107    0.0
    108    0.0
    109    0.0
    110    0.0
    111    0.0
    112    0.0
    113    0.0
    114    0.0
    115    0.0
    116    0.0
    117    0.0
    118    4.4
    119    8.3
    120    0.0
    121   27.0
    122    3.8
    123    0.4
    124    7.8
    125    4.6
    126    5.7
    127    0.0
    128    0.0
    129    0.0
    130    0.0
    131    0.0
    132    0.0
    133    4.0
    134    0.0
    135    0.0
    136    9.8
    137    0.0
    138    6.0
    139    1.1
    140    0.0
    141    0.0
    142    8.5
    143    0.4
    144    0.0
    145    1.5
    146    2.0
    147    0.0
    148    0.0
    149    9.0
    150    0.0
    151    0.0
    152    0.0
    153    0.0
    154    0.0
    155    0.0
    156    0.0
    157   12.0
    158   12.0
    159    0.0
    160    8.8
    161    0.0
    162   21.2
    163   10.0
    164    0.0
    165    4.8
    166    0.0
    167    4.0
    168    0.0
    169    7.0
    170   50.0
    171    7.0
    172    0.8
    173   62.0
    174    1.0
    175    0.1
    176    2.4
    177    0.0
    178    1.0
    179   21.2
    180   24.0
    181    1.0
    182    3.0
    183    0.0
    184    7.0
    185    0.2
    186    0.0
    187    0.0
    188   10.6
    189    0.0
    190   43.0
    191   44.0
    192   65.2
    193    4.2
    194    9.6
    195    3.0
    196    1.2
    197    1.4
    198    2.4
    199   36.6
    200   18.4
    201   38.4
    202   52.0
    203   17.2
    204    4.6
    205   35.4
    206   51.0
    207    7.8
    208    0.0
    209   78.6
    210    0.6
    211    0.2
    212    8.0
    213   64.0
    214   56.0
    215    6.8
    216   23.8
    217    5.4
    218    3.6
    219   12.0
    220   61.4
    221   12.4
    222   16.4
    223    9.4
    224    0.0
    225    0.0
    226    5.6
    227   29.4
    228   55.6
    229    1.0
    230    8.0
    231   15.6
    232   49.6
    233    3.0
    234    6.6
    235   23.0
    236   21.0
    237   27.0
    238   30.0
    239    0.2
    240    7.4
    241    4.6
    242    5.2
    243   62.0
    244    0.0
    245    1.0
    246    0.0
    247    0.0
    248    0.0
    249    0.0
    250    5.8
    251   14.6
    252   19.0
    253   42.0
    254   18.6
    255    0.0
    256    0.0
    257   46.2
    258   20.0
    259   18.2
    260    4.8
    261    0.0
    262    0.0
    263    0.0
    264    0.0
    265    0.0
    266    0.0
    267    0.0
    268    0.0
    269   27.0
    270    0.0
    271   50.8
    272    5.0
    273    6.0
    274    0.0
    275    2.6
    276    0.0
    277    0.0
    278    0.0
    279    0.0
    280    0.6
    281    0.0
    282    0.0
    283    0.0
    284    0.0
    285    0.0
    286   10.0
    287   10.2
    288    1.0
    289   43.0
    290   35.2
    291    0.2
    292    8.6
    293    0.4
    294    0.0
    295    0.0
    296    0.0
    297    0.0
    298    0.0
    299    0.0
    300    0.0
    301    0.0
    302    0.0
    303    0.0
    304    0.0
    305    0.0
    306    0.0
    307    0.0
    308    0.0
    309    0.0
    310    0.0
    311    0.6
    312    0.0
    313    0.0
    314    0.0
    315    0.0
    316    0.0
    317   10.0
    318   10.2
    319    1.0
    320   43.0
    321   35.2
    322    0.0
    323    0.0
    324    0.0
    325    0.0
    326    0.0
    327    0.0
    328    4.4
    329    8.8
    330    0.0
    331    0.0
    332    0.0
    333    0.0
    334    0.0
    335    0.8
    336    1.4
    337    0.0
    338    0.0
    339    0.0
    340    0.0
    341    0.0
    342    0.0
    343    0.0
    344    0.0
    345    0.0
    346    0.0
    347    0.0
    348    0.0
    349    0.0
    350    0.0
    351    0.0
    352    0.0
    353    0.0
    354    0.0
    355    0.0
    356    0.0
    357    0.0
    358    0.0
    359    0.0
    360    0.0
    361    0.0
    362    0.0
    363    0.0
    364    0.0
    365    0.0
    366    0.0
