      1    0.0
      2    0.0
      3    0.0
      4    0.0
      5    0.0
      6    0.0
      7    0.0
      8    0.2
      9    0.0
     10    0.0
     11    0.0
     12    0.0
     13    0.0
     14    0.0
     15    0.0
     16    0.0
     17    0.0
     18    0.0
     19    0.0
     20    0.0
     21    0.0
     22    0.0
     23    0.0
     24    0.0
     25    0.0
     26    0.0
     27    0.0
     28    0.0
     29    0.0
     30    0.0
     31    0.0
     32    0.0
     33    0.0
     34    0.0
     35    0.0
     36    0.0
     37    0.0
     38    0.0
     39    0.0
     40    0.0
     41    0.0
     42    0.0
     43    0.0
     44    0.0
     45    0.0
     46    8.0
     47    0.0
     48    0.0
     49    0.0
     50    0.0
     51    0.0
     52    0.0
     53    7.4
     54   12.4
     55    0.0
     56    0.0
     57    0.0
     58    0.0
     59    0.0
     60    7.8
     61    0.0
     62    0.0
     63    0.0
     64    0.0
     65    0.0
     66    0.0
     67   11.0
     68    0.0
     69   28.2
     70    2.0
     71    0.0
     72    0.0
     73   15.0
     74    0.0
     75    0.1
     76    0.0
     77    0.0
     78    0.0
     79    5.5
     80   27.2
     81    0.0
     82    0.0
     83    0.0
     84    0.0
     85    0.0
     86    0.0
     87    3.6
     88    0.0
     89    0.0
     90    0.0
     91    0.0
     92    0.0
     93    0.0
     94    0.0
     95    0.0
     96    0.0
     97    0.0
     98    0.0
     99    0.0
    100    0.0
    101    0.0
    102    0.0
    103    0.0
    104    1.1
    105    5.2
    106    1.1
    107    0.0
    108    0.2
    109   11.2
    110    0.0
    111    7.2
    112    0.0
    113    1.1
    114    0.6
    115    4.0
    116    0.0
    117    0.2
    118    1.4
    119    0.2
    120    2.7
    121   11.0
    122    0.0
    123   10.8
    124   14.0
    125   25.0
    126    0.0
    127    3.0
    128    0.0
    129    2.6
    130    1.8
    131    0.0
    132    0.0
    133    0.0
    134    0.0
    135   22.0
    136    0.0
    137    0.0
    138    6.0
    139    8.2
    140    5.5
    141    0.0
    142    0.0
    143    2.2
    144    3.2
    145    0.0
    146    2.0
    147    0.0
    148   24.2
    149    8.0
    150    0.2
    151   10.2
    152    2.6
    153   90.0
    154    0.0
    155    0.4
    156    0.0
    157   23.2
    158    0.0
    159    0.0
    160    0.0
    161    1.8
    162    5.0
    163   18.8
    164   12.4
    165  106.0
    166   23.0
    167    6.8
    168    8.0
    169   44.0
    170   41.4
    171    9.6
    172    1.6
    173   13.6
    174   22.0
    175   46.2
    176   27.4
    177    0.8
    178   14.6
    179    4.0
    180   21.4
    181    2.4
    182    0.0
    183   13.8
    184   32.6
    185   20.2
    186   27.4
    187   36.2
    188   25.2
    189   18.8
    190   21.6
    191   14.0
    192   28.2
    193   38.2
    194   32.4
    195   14.2
    196   27.4
    197   46.5
    198   27.4
    199    8.4
    200   43.2
    201    6.1
    202    0.0
    203   31.8
    204    0.0
    205    0.8
    206   27.0
    207    8.2
    208   62.5
    209   10.0
    210  107.6
    211   23.0
    212    2.0
    213  119.4
    214   68.4
    215   17.0
    216    0.0
    217    2.2
    218    1.8
    219    6.4
    220   48.2
    221    0.4
    222   40.2
    223   27.2
    224   12.2
    225   35.4
    226    6.4
    227   36.2
    228    6.0
    229   14.2
    230   22.6
    231   15.6
    232   28.4
    233   10.4
    234   52.4
    235    7.8
    236   30.8
    237   40.2
    238    8.6
    239   32.6
    240   12.8
    241   31.0
    242   80.0
    243    0.8
    244    0.0
    245    4.0
    246   23.4
    247   14.0
    248    1.0
    249    0.0
    250    0.0
    251    2.8
    252   44.4
    253   45.6
    254    0.0
    255    0.0
    256    0.0
    257    0.0
    258   10.8
    259    0.1
    260   33.4
    261    1.2
    262    5.2
    263    2.3
    264    0.0
    265    0.0
    266    0.1
    267    7.0
    268   10.0
    269    8.4
    270   12.8
    271    0.0
    272    5.2
    273    0.0
    274    0.0
    275    3.0
    276    0.0
    277    0.0
    278    0.0
    279    1.0
    280    5.0
    281    0.0
    282    0.0
    283    0.0
    284    0.0
    285    0.0
    286    0.0
    287    0.0
    288    0.0
    289    0.0
    290    0.0
    291    0.0
    292    0.0
    293    0.0
    294    0.0
    295    0.0
    296    0.0
    297    0.0
    298    0.0
    299    0.0
    300    0.0
    301    0.0
    302    0.0
    303    0.0
    304    0.0
    305    0.0
    306    0.0
    307    0.0
    308    0.0
    309    7.4
    310   12.8
    311    0.0
    312    0.0
    313    0.0
    314    0.0
    315    0.0
    316    0.0
    317    0.0
    318    0.0
    319    0.0
    320    0.0
    321    0.0
    322    0.0
    323    0.0
    324    0.0
    325    0.0
    326    0.0
    327    0.0
    328    0.0
    329    0.0
    330    0.0
    331    0.0
    332    0.0
    333    0.0
    334    0.0
    335    0.0
    336    0.0
    337    0.0
    338    0.0
    339    0.0
    340    0.0
    341    0.0
    342    0.0
    343    0.0
    344    0.0
    345    0.0
    346    0.0
    347    0.0
    348    0.0
    349    0.0
    350    0.0
    351    0.0
    352    0.0
    353    0.2
    354    0.0
    355    0.0
    356    0.0
    357    0.0
    358    0.0
    359    0.0
    360    0.0
    361   58.6
    362   23.0
    363    0.0
    364    0.0
    365    0.0
    366    0.0
