      1    0.0
      2    0.0
      3    0.0
      4    0.0
      5    0.0
      6    0.0
      7    0.0
      8    0.0
      9    0.0
     10    0.0
     11    0.0
     12    0.0
     13    0.0
     14    0.0
     15    0.0
     16    0.0
     17    0.0
     18    0.0
     19    0.0
     20    0.0
     21    0.0
     22    0.0
     23    0.0
     24    0.0
     25    0.0
     26    0.0
     27    0.0
     28    0.0
     29    0.0
     30    0.0
     31    0.0
     32    4.0
     33    8.2
     34    0.0
     35    2.0
     36    4.2
     37    8.5
     38   10.4
     39   12.2
     40    6.3
     41    2.5
     42    1.4
     43    T  
     44    0.0
     45    0.0
     46    T  
     47    1.0
     48    2.1
     49    0.0
     50    0.0
     51    0.0
     52    0.0
     53    0.0
     54    0.0
     55    0.0
     56    0.0
     57    0.0
     58    0.0
     59    0.0
     60    3.5
     61    8.4
     62    2.5
     63    4.6
     64    2.7
     65    4.8
     66   19.4
     67    2.0
     68    0.0
     69    0.0
     70    0.0
     71    0.0
     72    0.0
     73    0.0
     74    0.0
     75    0.0
     76    0.0
     77    0.5
     78    0.0
     79    0.0
     80    0.0
     81    0.0
     82    0.0
     83    0.0
     84    0.0
     85    T  
     86    5.6
     87    0.0
     88    0.0
     89    0.0
     90    2.4
     91   11.0
     92   24.6
     93    0.4
     94    0.0
     95    0.0
     96    0.0
     97    0.0
     98    4.0
     99    4.0
    100    0.8
    101   12.6
    102    5.7
    103    2.4
    104   14.5
    105    5.7
    106   22.4
    107   22.5
    108    6.7
    109   32.2
    110    5.7
    111    7.5
    112    4.5
    113   28.4
    114   38.2
    115   22.4
    116   11.5
    117    4.0
    118   12.3
    119    0.0
    120    0.0
    121    0.0
    122    0.0
    123   30.5
    124   17.5
    125    2.0
    126    3.5
    127    0.0
    128    0.0
    129    0.0
    130    0.4
    131    3.2
    132    0.3
    133    5.4
    134   10.5
    135    8.2
    136   12.6
    137    2.0
    138    0.0
    139    0.0
    140    0.0
    141    0.0
    142   18.5
    143    T  
    144    T  
    145    0.0
    146    0.0
    147    0.2
    148   25.6
    149   54.8
    150   22.4
    151    6.8
    152    2.5
    153    0.8
    154   10.5
    155    5.2
    156    3.1
    157    T  
    158    4.6
    159    5.4
    160    4.7
    161    3.2
    162    5.6
    163    3.7
    164    4.5
    165    1.2
    166   16.8
    167   31.6
    168    0.4
    169   48.7
    170   13.9
    171   14.2
    172    6.3
    173    0.0
    174   11.4
    175   49.6
    176   52.4
    177   15.2
    178    6.4
    179    6.5
    180   15.3
    181    8.5
    182    0.6
    183   12.4
    184   10.2
    185   48.5
    186   28.5
    187   15.4
    188    4.2
    189    8.6
    190   55.8
    191   18.4
    192   14.2
    193    5.2
    194    4.1
    195   35.8
    196   54.2
    197   12.5
    198   35.2
    199   12.3
    200   11.4
    201    2.0
    202    9.5
    203    1.2
    204   31.2
    205   18.4
    206    7.5
    207   17.5
    208    5.2
    209    T  
    210    2.0
    211    3.3
    212   16.1
    213   10.3
    214    4.2
    215    7.5
    216   20.4
    217    6.1
    218    2.4
    219    4.7
    220    8.6
    221    4.0
    222    2.8
    223    6.0
    224    5.2
    225    T  
    226    T  
    227    0.0
    228    0.0
    229   18.5
    230    6.8
    231   12.5
    232    2.3
    233    3.1
    234    6.5
    235    4.8
    236    2.3
    237    5.0
    238    8.5
    239   14.2
    240   56.4
    241   33.2
    242    4.6
    243    2.0
    244    0.8
    245   11.4
    246    4.2
    247   17.3
    248    4.5
    249    9.3
    250    8.2
    251    0.4
    252    3.6
    253    5.2
    254    2.0
    255    3.4
    256    6.2
    257   14.8
    258   36.9
    259    8.5
    260    2.3
    261    0.6
    262   22.5
    263    9.7
    264    0.5
    265    2.0
    266    T  
    267    8.2
    268    3.4
    269    7.2
    270    0.4
    271    0.0
    272    0.0
    273    0.0
    274    0.0
    275    0.0
    276    0.0
    277    0.0
    278    T  
    279    T  
    280    0.0
    281    0.0
    282    0.0
    283    0.0
    284    T  
    285    T  
    286    0.0
    287    0.0
    288    0.0
    289    0.0
    290    0.0
    291    0.0
    292    0.0
    293    0.0
    294    0.0
    295    T  
    296   51.6
    297    2.4
    298   12.8
    299    2.0
    300    0.8
    301    0.0
    302    0.0
    303    0.0
    304    0.0
    305    0.0
    306    0.0
    307    0.0
    308    0.0
    309    2.5
    310    6.7
    311    2.3
    312    0.9
    313    0.6
    314    3.0
    315    5.2
    316    8.2
    317   14.3
    318    5.0
    319    0.0
    320    0.0
    321    T  
    322    0.0
    323    0.0
    324    0.0
    325    0.0
    326    0.0
    327    0.0
    328    0.0
    329    T  
    330    2.0
    331    0.0
    332    0.0
    333    T  
    334    0.0
    335    0.0
    336    0.0
    337    0.0
    338    0.0
    339    0.0
    340    0.0
    341    0.0
    342    0.0
    343    0.0
    344    0.0
    345    0.0
    346    0.0
    347    0.0
    348    0.0
    349    0.0
    350    0.0
    351    0.0
    352    0.0
    353    0.0
    354    0.0
    355    0.0
    356    0.0
    357    T  
    358    0.0
    359    3.0
    360    0.0
    361    0.0
    362    0.0
    363    0.0
    364    0.0
    365    0.0
