      1    0.0
      2    0.0
      3    0.0
      4    0.0
      5    0.0
      6    0.0
      7    1.0
      8    0.0
      9    0.0
     10    0.0
     11    0.0
     12    4.0
     13    0.0
     14    0.0
     15    0.0
     16    0.0
     17    0.0
     18    0.0
     19    0.0
     20    0.0
     21    0.0
     22    0.0
     23    0.0
     24    0.0
     25    0.0
     26    0.0
     27    0.0
     28    0.0
     29    8.8
     30    1.2
     31    3.2
     32    0.0
     33    0.0
     34    0.0
     35    0.0
     36    0.0
     37    0.0
     38    0.0
     39    0.0
     40    0.0
     41    0.0
     42    0.0
     43    0.0
     44    0.0
     45    0.0
     46    0.0
     47    0.0
     48    0.0
     49    0.0
     50    0.0
     51    0.0
     52    0.0
     53    0.5
     54    0.0
     55    0.0
     56    0.0
     57    0.0
     58    0.0
     59    0.0
     60    0.0
     61    0.0
     62    0.0
     63    0.0
     64    0.0
     65    0.0
     66    0.0
     67    0.0
     68    0.0
     69    1.0
     70    6.4
     71    0.0
     72    0.5
     73    2.0
     74    0.0
     75    0.4
     76    5.2
     77   10.0
     78    5.0
     79    4.2
     80    0.4
     81    2.0
     82    0.4
     83    0.0
     84    0.0
     85    0.0
     86    0.0
     87    0.0
     88    0.0
     89    0.0
     90    0.0
     91    0.0
     92    0.0
     93    5.0
     94    1.0
     95    0.0
     96    0.0
     97    0.4
     98    7.0
     99    0.0
    100    0.0
    101    0.0
    102    0.0
    103    0.0
    104    0.0
    105    0.4
    106    0.4
    107   22.0
    108    0.0
    109    0.0
    110    0.0
    111    0.0
    112    0.0
    113    0.0
    114    0.0
    115    0.0
    116    0.0
    117    2.0
    118    8.0
    119    3.0
    120    2.0
    121    0.0
    122   35.4
    123   23.3
    124   20.1
    125   25.2
    126    4.1
    127    2.2
    128    0.0
    129    0.0
    130    0.0
    131    0.0
    132    0.0
    133    0.0
    134    0.0
    135    2.1
    136   14.2
    137    0.0
    138    6.2
    139    2.0
    140   12.4
    141   10.3
    142   52.1
    143    2.0
    144    0.0
    145   11.2
    146    1.2
    147   31.0
    148   33.2
    149    4.4
    150   21.0
    151    4.2
    152    6.0
    153   11.3
    154    3.0
    155   21.3
    156    0.0
    157    8.0
    158    0.0
    159    6.0
    160   10.2
    161   15.0
    162   13.0
    163    0.2
    164   18.3
    165   12.0
    166   51.2
    167    9.3
    168    3.2
    169   42.0
    170   51.0
    171   42.3
    172   11.2
    173    8.2
    174    2.0
    175    2.4
    176    3.0
    177    1.4
    178    4.2
    179   10.3
    180    6.0
    181   31.4
    182   12.0
    183    2.0
    184    7.4
    185   62.0
    186    8.0
    187    3.4
    188   12.0
    189    1.2
    190   12.0
    191   12.4
    192   31.0
    193   49.0
    194   41.0
    195   16.0
    196   12.0
    197   10.0
    198   18.0
    199   47.3
    200   24.0
    201   13.2
    202   16.3
    203    4.2
    204   51.2
    205   19.2
    206   25.0
    207   41.1
    208   10.3
    209   51.2
    210   50.0
    211    3.1
    212    1.0
    213    2.3
    214    9.0
    215   45.0
    216   22.0
    217   10.2
    218    6.0
    219    0.3
    220  146.3
    221   31.0
    222   24.4
    223   12.3
    224   10.0
    225    5.3
    226    2.2
    227    2.0
    228    0.0
    229   21.3
    230    8.2
    231    5.0
    232    5.2
    233   11.3
    234    2.4
    235   33.1
    236    3.3
    237    2.3
    238   30.2
    239   21.0
    240    4.0
    241   18.2
    242    7.0
    243    0.2
    244   11.0
    245   35.0
    246   15.3
    247   17.2
    248    0.0
    249    6.2
    250   41.0
    251    0.3
    252    4.3
    253   15.4
    254   35.3
    255    0.0
    256    0.0
    257   12.0
    258   25.2
    259    0.0
    260    2.1
    261    4.2
    262   10.0
    263    1.0
    264   12.0
    265    4.4
    266    0.2
    267    6.4
    268    1.2
    269   17.0
    270   18.3
    271   14.0
    272    8.0
    273   15.0
    274   17.0
    275   12.3
    276    0.0
    277   35.0
    278   75.0
    279  112.0
    280    0.0
    281    0.0
    282    0.0
    283    1.0
    284    0.0
    285   35.0
    286    0.0
    287    0.0
    288    0.0
    289    0.0
    290    0.0
    291    0.0
    292    0.0
    293    0.0
    294    0.0
    295    0.0
    296    0.0
    297    0.0
    298    0.0
    299    0.0
    300    0.0
    301    0.0
    302    0.0
    303    0.0
    304    0.0
    305    0.0
    306    0.0
    307    0.0
    308    0.0
    309    0.0
    310    0.2
    311    0.0
    312    0.0
    313    0.0
    314    0.0
    315    0.0
    316    0.0
    317    0.0
    318    0.0
    319    0.0
    320    0.0
    321    0.0
    322    0.0
    323    0.0
    324    0.0
    325    0.0
    326    0.0
    327    0.0
    328    0.0
    329    0.0
    330    0.0
    331    0.0
    332    0.0
    333    0.0
    334    0.0
    335    0.0
    336    0.0
    337    0.0
    338    0.0
    339    0.0
    340    0.0
    341    0.0
    342    0.0
    343    0.0
    344    0.0
    345    0.0
    346    0.0
    347    0.0
    348    0.0
    349    0.0
    350    0.0
    351    0.0
    352    0.0
    353    0.0
    354    0.0
    355    0.0
    356    0.0
    357    0.0
    358    0.0
    359    0.0
    360    0.0
    361    0.0
    362    0.0
    363    0.0
    364    0.0
    365    0.0
    366    0.0
