      1    0.0
      2    0.0
      3    0.0
      4    T  
      5    0.0
      6    0.0
      7    0.0
      8    0.0
      9    0.0
     10    0.0
     11    0.0
     12    0.0
     13    0.0
     14    0.0
     15    0.0
     16    0.0
     17    0.0
     18    0.0
     19    0.0
     20    0.0
     21    0.0
     22    0.0
     23    0.0
     24    0.0
     25    0.0
     26    4.1
     27    0.2
     28    9.8
     29    0.0
     30    0.0
     31    0.0
     32    4.2
     33    5.1
     34    0.0
     35    T  
     36    T  
     37    3.0
     38    0.0
     39    0.4
     40    6.1
     41    T  
     42    0.0
     43    0.0
     44    0.0
     45    0.0
     46    0.0
     47    0.0
     48    T  
     49    0.0
     50    0.0
     51    0.0
     52    0.0
     53    1.1
     54    0.0
     55    0.0
     56    0.0
     57    0.0
     58    0.0
     59    0.0
     60    0.0
     61    2.5
     62   12.3
     63    0.0
     64    0.0
     65    0.9
     66   23.2
     67    0.0
     68    0.0
     69    0.0
     70    0.0
     71    0.0
     72    0.0
     73    0.0
     74    0.0
     75    0.0
     76    0.0
     77    0.0
     78    1.2
     79    0.0
     80    0.0
     81    0.0
     82    0.0
     83    0.0
     84    0.0
     85    1.9
     86    0.0
     87    0.0
     88    0.0
     89    0.0
     90    0.0
     91    0.0
     92    0.0
     93    0.0
     94    0.0
     95    0.0
     96    0.0
     97    0.0
     98    0.0
     99    1.0
    100    0.0
    101    0.0
    102    0.0
    103    T  
    104    1.5
    105    2.5
    106    0.0
    107    2.6
    108    6.0
    109    0.0
    110    0.0
    111    4.1
    112    0.0
    113    T  
    114    0.0
    115    0.3
    116    0.6
    117   13.3
    118    1.3
    119    0.0
    120    0.0
    121    0.0
    122    0.0
    123    0.0
    124   23.3
    125    0.0
    126    2.3
    127    0.0
    128    0.0
    129    0.0
    130    T  
    131   14.6
    132    0.0
    133    0.0
    134   17.0
    135    2.7
    136    0.0
    137    0.0
    138    0.0
    139    0.0
    140    0.0
    141    0.0
    142    0.0
    143    0.0
    144    0.0
    145    0.8
    146    0.0
    147    0.0
    148    0.0
    149   13.6
    150    0.0
    151    0.0
    152    0.0
    153    0.1
    154    0.2
    155    9.0
    156    T  
    157   12.0
    158    T  
    159    0.0
    160    5.0
    161    T  
    162   49.2
    163    3.5
    164    3.0
    165    2.4
    166   47.0
    167   18.8
    168    0.3
    169    0.0
    170    T  
    171    1.2
    172    0.0
    173    0.0
    174   14.5
    175    0.0
    176    0.2
    177    0.0
    178    0.0
    179    T  
    180    0.2
    181    T  
    182   10.0
    183    0.9
    184    1.0
    185    0.3
    186    T  
    187   31.2
    188   17.3
    189   19.8
    190    0.2
    191   10.3
    192   15.1
    193    3.7
    194   22.0
    195    T  
    196    2.6
    197    1.8
    198    0.0
    199    0.0
    200   20.3
    201    4.1
    202    2.0
    203    0.0
    204    0.0
    205    1.5
    206   24.6
    207    2.0
    208    8.5
    209   14.5
    210    5.0
    211    4.2
    212   15.5
    213   18.3
    214   10.5
    215    0.3
    216   14.0
    217   20.2
    218   14.2
    219   10.5
    220   27.8
    221   23.5
    222    1.0
    223   11.0
    224    6.0
    225    1.5
    226    1.0
    227   17.2
    228    T  
    229   28.5
    230    2.0
    231    5.5
    232    5.0
    233    7.1
    234    6.6
    235    8.5
    236    6.3
    237   18.5
    238   14.5
    239   53.5
    240   17.1
    241   13.9
    242   13.3
    243   16.6
    244    T  
    245    0.0
    246    0.0
    247    0.0
    248    1.0
    249    2.6
    250   29.0
    251   19.0
    252    4.1
    253    8.5
    254    0.5
    255    6.0
    256   15.0
    257   76.1
    258    4.0
    259    T  
    260   13.0
    261    2.5
    262   18.5
    263    2.2
    264    0.3
    265    0.0
    266    0.0
    267    0.0
    268    0.0
    269    0.0
    270    0.0
    271    0.0
    272    0.0
    273    0.0
    274    0.0
    275    0.0
    276    0.0
    277    T  
    278    1.0
    279    0.0
    280    0.0
    281    0.0
    282    0.0
    283    1.9
    284    6.7
    285    0.0
    286    0.0
    287    0.0
    288    0.0
    289    0.0
    290    0.0
    291    0.6
    292    0.0
    293    0.0
    294    0.0
    295    0.0
    296    1.0
    297    0.0
    298    0.0
    299    0.0
    300    0.0
    301    0.0
    302    0.0
    303    0.0
    304    0.0
    305    0.0
    306    0.0
    307    0.0
    308    0.0
    309    0.0
    310    0.0
    311    0.0
    312    0.0
    313    0.0
    314    9.8
    315    0.0
    316    0.0
    317    1.9
    318    0.0
    319    0.0
    320    0.0
    321    0.0
    322    0.0
    323    0.0
    324    0.0
    325    0.0
    326    T  
    327    T  
    328    0.0
    329    0.0
    330    0.0
    331    0.0
    332    0.0
    333    0.0
    334    0.0
    335    0.0
    336    0.0
    337    0.0
    338    0.0
    339    0.0
    340    0.0
    341    0.0
    342    0.0
    343    0.0
    344    0.0
    345    0.0
    346    0.0
    347    0.0
    348    0.0
    349    0.0
    350    0.0
    351    0.0
    352    0.0
    353    0.0
    354    0.0
    355    0.0
    356    0.0
    357    0.0
    358    0.0
    359    0.0
    360    0.0
    361    0.0
    362    0.0
    363    2.5
    364    1.0
    365    0.0
