      1    0.0
      2    0.0
      3    0.0
      4    0.0
      5   23.0
      6    0.0
      7    0.0
      8    0.0
      9    0.0
     10    0.0
     11    4.0
     12    0.0
     13    0.0
     14    0.0
     15    0.0
     16    0.0
     17    0.0
     18    0.0
     19    0.0
     20    0.0
     21    0.0
     22    0.0
     23    0.0
     24    0.0
     25    0.0
     26   15.0
     27   20.6
     28   15.0
     29    0.0
     30    0.0
     31    0.0
     32    6.0
     33    0.0
     34    0.0
     35    2.0
     36    4.0
     37    0.0
     38    0.0
     39    0.0
     40    0.0
     41    0.0
     42    0.0
     43   11.0
     44    0.0
     45    0.0
     46    0.0
     47    0.0
     48   13.5
     49    6.0
     50    0.0
     51    0.0
     52    0.0
     53    0.0
     54    0.0
     55    0.0
     56    0.0
     57    0.0
     58    0.0
     59    9.5
     60   14.0
     61    2.0
     62   11.5
     63    0.0
     64    9.0
     65   18.0
     66   27.0
     67    0.0
     68    0.0
     69    0.0
     70    4.0
     71    3.0
     72    0.0
     73    0.0
     74    0.0
     75    0.0
     76   15.0
     77    7.8
     78    0.0
     79    0.0
     80    1.0
     81    0.0
     82    3.0
     83   19.5
     84   11.0
     85    0.0
     86    0.0
     87    0.0
     88    0.0
     89    0.0
     90    2.0
     91    0.0
     92    0.0
     93    0.0
     94    0.0
     95    0.0
     96    0.0
     97    7.5
     98   10.0
     99    0.0
    100    0.0
    101    0.0
    102   10.0
    103    0.5
    104    0.0
    105    0.3
    106    3.0
    107    1.0
    108    0.0
    109    7.6
    110    0.0
    111    0.0
    112    0.0
    113    0.0
    114   10.0
    115    4.0
    116   12.0
    117    1.0
    118    2.5
    119    5.0
    120    0.0
    121    0.0
    122    0.0
    123    1.5
    124    0.0
    125    0.0
    126    0.0
    127    4.0
    128    0.0
    129    0.0
    130    7.5
    131    8.0
    132   19.5
    133    0.0
    134   84.0
    135    0.0
    136   12.0
    137    0.0
    138    0.0
    139    0.0
    140    0.0
    141    0.0
    142    3.0
    143    0.0
    144    0.0
    145    0.0
    146    0.0
    147    0.0
    148    0.0
    149    0.0
    150    0.0
    151    0.0
    152    0.0
    153    1.0
    154    0.0
    155    0.0
    156    2.0
    157   10.5
    158    0.5
    159    3.0
    160    5.0
    161    9.0
    162    5.0
    163    5.5
    164   13.3
    165    2.0
    166    0.0
    167    0.0
    168    1.5
    169    0.0
    170    0.0
    171   11.0
    172    0.0
    173    5.0
    174    0.0
    175    0.0
    176    0.0
    177    0.0
    178    4.0
    179    0.0
    180    0.0
    181    0.0
    182    0.0
    183    8.0
    184    0.0
    185    0.0
    186    0.2
    187    0.0
    188    0.0
    189    0.0
    190    0.0
    191    0.0
    192    0.0
    193    3.0
    194    0.0
    195    5.0
    196    0.0
    197    2.0
    198    9.5
    199    3.0
    200    1.0
    201    9.5
    202    1.0
    203    0.0
    204    5.5
    205    8.4
    206    0.2
    207    7.5
    208    0.0
    209    1.0
    210    0.0
    211    0.0
    212    0.0
    213    1.0
    214    3.0
    215    0.0
    216    0.0
    217    2.5
    218    0.0
    219    5.0
    220   13.0
    221    0.0
    222    4.0
    223    0.0
    224    0.0
    225    4.0
    226    8.0
    227    1.0
    228    1.0
    229    1.5
    230    0.0
    231    1.3
    232    3.0
    233   17.5
    234    3.0
    235   16.5
    236    3.5
    237    1.3
    238    2.0
    239   16.0
    240   19.5
    241    3.5
    242   11.4
    243    0.0
    244    0.0
    245   23.4
    246    0.0
    247    0.0
    248    0.0
    249    0.0
    250    0.5
    251    0.0
    252    0.0
    253    1.0
    254    3.0
    255   41.5
    256   21.5
    257    3.0
    258    0.0
    259    0.0
    260    0.0
    261    0.0
    262    0.0
    263    0.0
    264    0.0
    265    0.0
    266    0.0
    267   23.0
    268    0.0
    269    0.0
    270    0.0
    271    0.0
    272    0.0
    273    0.0
    274    0.0
    275    0.0
    276    0.0
    277    0.0
    278    0.0
    279    0.0
    280    0.0
    281    0.0
    282    0.0
    283    4.3
    284    3.0
    285    0.0
    286    0.0
    287    0.0
    288    0.0
    289    0.0
    290    0.0
    291    0.0
    292    0.0
    293    0.0
    294    0.0
    295    0.0
    296    0.0
    297    0.0
    298    0.0
    299    0.0
    300    0.0
    301    0.0
    302    0.0
    303    0.0
    304    0.0
    305    0.0
    306    0.0
    307    0.0
    308    0.0
    309    0.0
    310    0.0
    311    0.0
    312    0.0
    313    0.0
    314   10.0
    315    0.0
    316    0.0
    317    0.0
    318    0.0
    319    0.0
    320    0.0
    321    0.0
    322    0.0
    323    0.0
    324    0.0
    325    0.0
    326    0.0
    327    0.0
    328    0.0
    329    0.0
    330    0.0
    331    0.0
    332    0.0
    333    0.0
    334    0.0
    335    0.0
    336    0.0
    337    0.0
    338    0.0
    339    0.0
    340    0.0
    341    0.0
    342    0.0
    343    0.0
    344    0.0
    345    0.0
    346    0.0
    347    0.0
    348    0.0
    349    0.0
    350    0.0
    351    0.0
    352    0.0
    353    0.0
    354    0.0
    355    0.0
    356    0.0
    357    0.0
    358    0.0
    359    0.0
    360    0.0
    361    0.0
    362    0.0
    363   38.5
    364    0.0
    365    0.0
