      1    0.0
      2    0.0
      3    0.0
      4    0.0
      5    0.0
      6    0.0
      7    0.0
      8    0.0
      9    0.0
     10    0.0
     11    0.0
     12    0.0
     13    0.0
     14    0.0
     15    0.0
     16    0.0
     17    0.0
     18    0.0
     19    0.0
     20    0.0
     21    4.0
     22    0.0
     23    0.0
     24    0.0
     25    0.0
     26    0.0
     27    0.0
     28   23.4
     29    0.0
     30    0.0
     31    0.0
     32    0.0
     33    0.0
     34    T  
     35    0.0
     36    0.0
     37    0.0
     38    0.0
     39    0.0
     40    0.0
     41    0.0
     42    0.0
     43   20.0
     44    8.0
     45    0.0
     46    0.0
     47    0.0
     48    0.0
     49    0.0
     50    0.0
     51    0.0
     52    0.0
     53    0.0
     54    0.0
     55    0.0
     56    0.0
     57    0.0
     58    0.0
     59    0.0
     60    0.1
     61    0.0
     62    0.0
     63    0.0
     64    0.0
     65    0.0
     66    0.0
     67    0.0
     68    0.0
     69    0.0
     70    0.1
     71    0.0
     72    0.0
     73    0.0
     74    0.0
     75    0.0
     76    0.0
     77    0.0
     78    0.0
     79    0.0
     80    0.0
     81    0.0
     82    0.0
     83    4.4
     84    0.4
     85    0.0
     86    0.2
     87    0.0
     88    2.0
     89    3.6
     90    0.0
     91    0.0
     92    1.0
     93    0.0
     94    6.4
     95    0.0
     96    0.0
     97    0.0
     98    0.0
     99    T  
    100    1.2
    101    0.0
    102    0.0
    103    0.0
    104    T  
    105    0.0
    106    0.0
    107    0.0
    108    0.0
    109    0.0
    110    0.0
    111    0.0
    112    0.0
    113    0.0
    114    0.0
    115    0.0
    116    0.0
    117    0.0
    118    0.0
    119    0.0
    120    0.0
    121    0.6
    122    0.0
    123    0.0
    124    0.0
    125    0.0
    126    0.0
    127    0.0
    128    0.0
    129    0.0
    130    4.0
    131    2.0
    132    0.0
    133    0.0
    134    1.8
    135    0.6
    136    0.1
    137    0.6
    138    0.0
    139    2.0
    140    1.0
    141    0.0
    142    0.0
    143    0.0
    144    2.0
    145    0.0
    146    2.4
    147    0.4
    148    1.0
    149   14.8
    150    0.0
    151    0.0
    152    0.8
    153    2.8
    154    0.4
    155    2.4
    156    0.0
    157    7.0
    158    3.0
    159    0.0
    160    1.2
    161    T  
    162    1.6
    163    0.0
    164    0.0
    165    0.0
    166    0.0
    167    0.0
    168    8.9
    169    0.4
    170    1.0
    171    0.0
    172    1.4
    173    1.0
    174    0.0
    175    0.0
    176    0.0
    177    0.0
    178    0.0
    179    0.0
    180    0.0
    181    0.0
    182    1.4
    183   14.4
    184   20.4
    185    2.4
    186    0.0
    187    0.0
    188    0.0
    189    0.0
    190    0.0
    191    0.0
    192    1.0
    193   15.4
    194    2.6
    195    2.8
    196    2.0
    197   12.0
    198   12.2
    199    0.0
    200    1.2
    201    0.4
    202    1.0
    203   10.0
    204    4.0
    205    0.0
    206    1.0
    207    1.2
    208    8.2
    209    0.0
    210    0.0
    211    0.8
    212    1.6
    213    3.4
    214    0.8
    215    5.2
    216    2.4
    217    4.0
    218    3.0
    219    0.0
    220    2.2
    221    0.0
    222    0.2
    223    0.0
    224    4.4
    225    0.0
    226    0.8
    227    0.4
    228    0.0
    229    T  
    230    T  
    231   12.4
    232   18.4
    233    3.0
    234    0.4
    235    T  
    236    0.0
    237    0.0
    238    2.0
    239    0.0
    240    4.8
    241    0.0
    242    0.0
    243    0.0
    244    4.6
    245    0.0
    246    0.0
    247    0.0
    248    T  
    249    0.0
    250    0.0
    251    0.0
    252    0.4
    253    1.4
    254    1.8
    255    0.0
    256    0.0
    257    0.0
    258    0.0
    259    0.0
    260    0.4
    261    7.6
    262    3.0
    263    3.0
    264    1.0
    265    0.0
    266    2.3
    267    0.0
    268    0.0
    269    0.0
    270    6.0
    271    0.0
    272    2.0
    273    0.0
    274    0.0
    275    0.0
    276    0.0
    277    0.0
    278    0.0
    279    0.0
    280    0.0
    281    1.0
    282    0.0
    283    0.0
    284    0.0
    285    0.0
    286    0.0
    287    0.0
    288    0.0
    289    0.0
    290    0.0
    291    0.0
    292    0.0
    293    0.0
    294    0.0
    295    0.0
    296    8.0
    297    0.0
    298    0.0
    299    0.0
    300    0.0
    301    0.0
    302    0.0
    303    0.0
    304    0.0
    305    0.0
    306    0.0
    307    0.0
    308    0.0
    309    0.0
    310    0.0
    311    0.0
    312    0.0
    313    0.0
    314    0.0
    315    0.0
    316    0.0
    317    0.0
    318    0.0
    319    0.0
    320    0.0
    321    0.0
    322    0.0
    323    0.0
    324    0.0
    325    0.0
    326    0.0
    327    0.0
    328    0.0
    329    0.0
    330    0.0
    331    0.0
    332    0.0
    333    0.0
    334    0.0
    335    0.0
    336    0.0
    337   10.0
    338    0.0
    339    0.0
    340    0.0
    341    0.0
    342    0.0
    343    0.0
    344    0.0
    345    0.0
    346    0.0
    347    0.0
    348    0.0
    349    0.4
    350   14.4
    351    2.4
    352    2.0
    353    0.0
    354    0.0
    355    0.0
    356    0.0
    357    0.0
    358    0.0
    359    0.0
    360    0.0
    361    0.0
    362    0.0
    363    0.0
    364    0.0
    365    0.0
