      1    9.9
      2    5.6
      3    0.0
      4    0.0
      5    0.0
      6    0.0
      7    0.0
      8    0.0
      9    0.0
     10    0.0
     11    0.0
     12    0.0
     13    0.0
     14    0.0
     15    0.0
     16    0.0
     17    0.0
     18    0.0
     19    0.0
     20   36.2
     21   13.8
     22    0.0
     23    0.0
     24    0.0
     25   12.2
     26    0.0
     27    0.0
     28    0.0
     29    0.0
     30    0.0
     31    0.0
     32    0.0
     33    0.0
     34    0.0
     35    0.0
     36    8.5
     37    0.0
     38    0.0
     39   10.2
     40    0.0
     41    6.4
     42    4.5
     43    2.5
     44    0.0
     45    0.0
     46   30.2
     47   40.8
     48    0.0
     49    0.0
     50    0.0
     51    0.0
     52    0.0
     53    8.6
     54    0.0
     55    0.0
     56   14.0
     57    0.0
     58    0.0
     59    0.0
     60    0.0
     61    0.0
     62    0.0
     63    0.0
     64    4.5
     65    0.0
     66    0.0
     67    0.0
     68    0.0
     69    0.0
     70   10.4
     71    0.0
     72    0.0
     73    0.0
     74    0.0
     75    0.0
     76    0.0
     77    0.0
     78   35.6
     79   16.4
     80    0.0
     81    0.0
     82    0.0
     83    0.0
     84    0.0
     85    0.0
     86    0.0
     87    0.0
     88    0.0
     89    0.0
     90    0.0
     91    0.0
     92    0.0
     93    T  
     94    0.0
     95    0.0
     96    0.0
     97    4.0
     98    6.5
     99    0.0
    100    0.0
    101    0.0
    102    0.0
    103    2.6
    104    8.0
    105    4.8
    106   10.5
    107   12.6
    108    8.5
    109    4.5
    110    0.0
    111    0.0
    112    0.0
    113    0.0
    114    0.0
    115    0.0
    116    0.0
    117    0.0
    118    0.0
    119    0.0
    120    0.0
    121    5.0
    122    4.5
    123    8.6
    124    4.2
    125    2.5
    126    3.8
    127    1.9
    128    0.0
    129    0.0
    130    0.0
    131    T  
    132    2.5
    133    0.0
    134    0.0
    135    0.0
    136    0.0
    137    0.0
    138    0.0
    139    0.0
    140    0.0
    141    0.0
    142    0.0
    143    0.0
    144    0.0
    145    0.0
    146    4.5
    147    2.6
    148    2.0
    149    T  
    150    0.0
    151    0.0
    152    0.0
    153    0.0
    154    0.0
    155    0.0
    156    0.0
    157    0.0
    158    1.5
    159    2.6
    160    4.8
    161    0.0
    162    0.0
    163    0.0
    164    0.0
    165    0.0
    166    0.0
    167    0.0
    168    0.0
    169    0.0
    170    0.0
    171    0.0
    172    0.0
    173    0.0
    174    0.0
    175    T  
    176    0.0
    177    0.0
    178    0.0
    179    1.2
    180    4.2
    181    0.0
    182    2.0
    183    2.4
    184    0.0
    185    0.0
    186    0.0
    187    0.0
    188    0.0
    189   41.8
    190    2.5
    191    6.4
    192    8.5
    193    2.0
    194    5.8
    195    6.8
    196   14.0
    197    9.6
    198   10.5
    199   15.6
    200   21.2
    201    T  
    202   15.0
    203    0.0
    204   12.4
    205    5.9
    206   36.5
    207    4.5
    208    8.5
    209   10.7
    210   12.5
    211    9.8
    212   10.4
    213    T  
    214   19.4
    215   16.8
    216    4.8
    217    T  
    218    0.0
    219   14.6
    220   12.8
    221    3.6
    222    0.0
    223    0.0
    224    3.8
    225    3.2
    226    0.0
    227   42.0
    228    8.4
    229    0.0
    230    6.2
    231    0.0
    232    0.0
    233    0.0
    234    0.0
    235    0.0
    236    0.0
    237    0.0
    238    0.0
    239    0.0
    240    0.0
    241    0.0
    242    2.8
    243    6.8
    244   11.4
    245    2.8
    246    1.5
    247    0.0
    248    0.0
    249    0.0
    250    0.0
    251    0.0
    252    4.9
    253   12.6
    254    8.4
    255    0.8
    256    0.0
    257    0.0
    258    0.0
    259    0.0
    260    0.0
    261    0.0
    262    0.0
    263    0.0
    264    0.0
    265    0.0
    266    0.0
    267    0.0
    268    0.0
    269    0.0
    270    0.0
    271    0.0
    272   11.5
    273    0.0
    274    0.0
    275    0.0
    276    0.0
    277    0.0
    278    0.0
    279    0.0
    280    0.0
    281    0.0
    282    0.0
    283    0.0
    284    0.0
    285    0.0
    286   41.0
    287   18.2
    288    0.0
    289    0.0
    290    0.0
    291    0.0
    292    0.0
    293    0.0
    294    0.0
    295    0.0
    296    0.0
    297    0.0
    298    2.0
    299    1.0
    300    0.0
    301    0.0
    302    0.0
    303    0.0
    304    0.0
    305    0.0
    306    0.0
    307    0.0
    308    0.0
    309    0.0
    310    0.0
    311    0.0
    312    0.0
    313    0.0
    314    0.0
    315    0.0
    316    0.0
    317    0.0
    318    0.0
    319    0.0
    320    0.0
    321    0.0
    322    0.0
    323    0.0
    324    0.0
    325    0.0
    326    0.0
    327    0.0
    328    0.0
    329    0.0
    330    0.0
    331    0.0
    332    0.0
    333    0.0
    334    0.0
    335    0.0
    336    0.0
    337    0.0
    338    0.0
    339    0.0
    340    0.0
    341    0.0
    342    0.0
    343    0.0
    344    0.0
    345    0.0
    346    T  
    347   40.6
    348    2.8
    349    4.0
    350    1.5
    351    0.0
    352    T  
    353    0.0
    354    0.0
    355    0.0
    356    0.0
    357    0.0
    358    0.0
    359    0.0
    360    0.0
    361    0.0
    362    0.0
    363    0.0
    364    0.0
    365    0.0
