  1982   1   1     0  18.4   9.7   0.0     0     0
  1982   1   2     0  17.5   9.5   0.0     0     0
  1982   1   3     0  17.7   9.7   0.0     0     0
  1982   1   4     0  18.8  10.6   0.0     0     0
  1982   1   5     0  19.9  10.8   0.0     0     0
  1982   1   6     0  21.4  10.6   0.0     0     0
  1982   1   7     0  19.3  10.0   0.0     0     0
  1982   1   8     0  19.5   9.6   0.0     0     0
  1982   1   9     0  18.5  10.0   0.0     0     0
  1982   1  10     0  17.0  10.5   0.0     0     0
  1982   1  11     0  18.8   8.6   0.0     0     0
  1982   1  12     0  18.5   8.6   0.0     0     0
  1982   1  13     0  18.4   9.0   0.0     0     0
  1982   1  14     0  18.4   8.8   0.0     0     0
  1982   1  15     0  18.7   8.9   0.0     0     0
  1982   1  16     0  17.7   8.3   0.0     0     0
  1982   1  17     0  17.8   9.0   0.0     0     0
  1982   1  18     0  18.7   9.9   0.0     0     0
  1982   1  19     0  18.7   9.6   0.0     0     0
  1982   1  20     0  19.2  10.0   0.0     0     0
  1982   1  21     0  19.0  10.5   0.0     0     0
  1982   1  22     0  21.0  10.2   0.0     0     0
  1982   1  23     0  16.7  10.5   0.0     0     0
  1982   1  24     0  20.5  10.0   0.0     0     0
  1982   1  25     0  18.1  12.0   0.0     0     0
  1982   1  26     0  18.0  10.6   3.1     0     0
  1982   1  27     0  13.6   9.2  20.0     0     0
  1982   1  28     0  17.5   6.1   3.3     0     0
  1982   1  29     0  18.8   9.0   0.0     0     0
  1982   1  30     0  19.1  10.0   0.0     0     0
  1982   1  31     0  14.0  11.1   0.0     0     0
  1982   2   1     0  11.6   9.5  12.9     0     0
  1982   2   2     0  15.8   7.9   0.9     0     0
  1982   2   3     0  13.0   9.0   0.0     0     0
  1982   2   4     0  15.8   8.5     T     0     0
  1982   2   5     0  17.0   8.9   0.0     0     0
  1982   2   6     0  15.6   6.5  18.5     0     0
  1982   2   7     0  15.5   8.1   0.0     0     0
  1982   2   8     0  14.5   8.9   0.0     0     0
  1982   2   9     0  14.1   6.5   4.1     0     0
  1982   2  10     0  15.0   8.5   0.0     0     0
  1982   2  11     0  14.0   9.9   0.0     0     0
  1982   2  12     0  16.8   9.6   0.0     0     0
  1982   2  13     0  18.8   9.5   0.0     0     0
  1982   2  14     0  19.3  10.0   0.0     0     0
  1982   2  15     0  19.4   9.7   0.0     0     0
  1982   2  16     0  15.5  12.0   0.0     0     0
  1982   2  17     0  18.0   9.0   2.2     0     0
  1982   2  18     0  20.1   8.9   0.0     0     0
  1982   2  19     0  20.8  10.0   1.8     0     0
  1982   2  20     0  21.5  10.1   0.0     0     0
  1982   2  21     0  19.9  10.6   0.0     0     0
  1982   2  22     0  21.0  10.0   0.0     0     0
  1982   2  23     0  20.0  10.8   0.0     0     0
  1982   2  24     0  17.5   9.5   0.0     0     0
  1982   2  25     0  19.9  10.1   0.0     0     0
  1982   2  26     0  21.0  10.5   0.0     0     0
  1982   2  27     0  20.7  11.2   0.0     0     0
  1982   2  28     0  22.2  12.5   0.0     0     0
  1982   3   1     0  20.2  12.5  10.1     0     0
  1982   3   2     0  19.4  12.6   3.0     0     0
  1982   3   3     0  17.5   6.5  48.0     0     0
  1982   3   4     0  17.8   9.0   0.0     0     0
  1982   3   5     0  15.0  11.9   0.0     0     0
  1982   3   6     0  16.5  10.2   7.5     0     0
  1982   3   7     0  17.2   9.2  24.2     0     0
  1982   3   8     0  19.7   9.5   0.0     0     0
  1982   3   9     0  19.0  10.8   0.0     0     0
  1982   3  10     0  21.0  11.2   0.0     0     0
  1982   3  11     0  22.2  12.5   0.0     0     0
  1982   3  12     0  21.7  10.5   0.0     0     0
  1982   3  13     0  22.2  10.5   0.0     0     0
  1982   3  14     0  22.4  12.0   0.0     0     0
  1982   3  15     0  29.0  14.0   0.0     0     0
  1982   3  16     0  23.2  15.0   0.0     0     0
  1982   3  17     0  19.5  12.5   1.3     0     0
  1982   3  18     0  24.2  13.0   0.0     0     0
  1982   3  19     0  24.1  13.0   0.0     0     0
  1982   3  20     0  25.4  14.0   0.0     0     0
  1982   3  21     0  25.4  15.5   0.0     0     0
  1982   3  22     0  26.3  16.5   0.0     0     0
  1982   3  23     0  26.4  15.5   0.0     0     0
  1982   3  24     0  24.2  16.0   0.0     0     0
  1982   3  25     0  22.3  11.0   0.0     0     0
  1982   3  26     0  24.6  14.5   0.0     0     0
  1982   3  27     0  24.4  12.0   3.3     0     0
  1982   3  28     0  25.7  15.0   0.0     0     0
  1982   3  29     0  26.0  18.0   0.0     0     0
  1982   3  30     0  26.7  19.0   0.0     0     0
  1982   3  31     0  26.2  17.5   0.0     0     0
  1982   4   1     0  26.3  18.0   0.0     0     0
  1982   4   2     0  26.5  17.2   0.0     0     0
  1982   4   3     0  27.5  18.0   0.0     0     0
  1982   4   4     0  28.4  18.6   0.0     0     0
  1982   4   5     0  30.5  18.8   0.0     0     0
  1982   4   6     0  29.2  21.0   0.0     0     0
  1982   4   7     0  29.8  19.5   0.0     0     0
  1982   4   8     0  29.8  19.5   0.0     0     0
  1982   4   9     0  29.0  16.0   0.0     0     0
  1982   4  10     0  28.8  19.0   0.0     0     0
  1982   4  11     0  28.5  17.5   0.0     0     0
  1982   4  12     0  28.5  15.8   0.0     0     0
  1982   4  13     0  27.6  16.0   1.3     0     0
  1982   4  14     0  27.5  15.0   0.0     0     0
  1982   4  15     0  25.5  15.2  14.3     0     0
  1982   4  16     0  25.0  17.5   0.0     0     0
  1982   4  17     0  26.2  15.7   3.1     0     0
  1982   4  18     0  22.0  15.0     T     0     0
  1982   4  19     0  25.0  14.5   6.3     0     0
  1982   4  20     0  25.2  13.5   2.6     0     0
  1982   4  21     0  24.5  13.5   4.4     0     0
  1982   4  22     0  27.5  17.1   0.0     0     0
  1982   4  23     0  27.8  13.5   0.0     0     0
  1982   4  24     0  27.5  15.9   0.0     0     0
  1982   4  25     0  27.4  16.5   6.5     0     0
  1982   4  26     0  26.8  15.6  11.3     0     0
  1982   4  27     0  25.6  15.5   3.3     0     0
  1982   4  28     0  28.2  16.5   0.0     0     0
  1982   4  29     0  28.8  18.0   0.0     0     0
  1982   4  30     0  28.4  17.2   0.0     0     0
  1982   5   1     0  30.5  18.5   0.0     0     0
  1982   5   2     0  30.0  21.5   0.0     0     0
  1982   5   3     0  30.4  21.0   0.0     0     0
  1982   5   4     0  28.5  17.2   4.6     0     0
  1982   5   5     0  29.8  20.5   0.0     0     0
  1982   5   6     0  31.1  20.5   1.3     0     0
  1982   5   7     0  31.4  20.0   0.0     0     0
  1982   5   8     0  31.5  19.0   1.9     0     0
  1982   5   9     0  32.5  20.0   0.0     0     0
  1982   5  10     0  27.6  18.5   0.0     0     0
  1982   5  11     0  29.4  16.6   5.3     0     0
  1982   5  12     0  31.4  21.5   0.0     0     0
  1982   5  13     0  27.4  17.2  18.2     0     0
  1982   5  14     0  28.3  17.0   2.5     0     0
  1982   5  15     0  27.1  18.5  25.5     0     0
  1982   5  16     0  28.7  18.2   0.0     0     0
  1982   5  17     0  28.8  18.1   0.0     0     0
  1982   5  18     0  29.0  17.0   0.0     0     0
  1982   5  19     0  29.3  17.5   0.0     0     0
  1982   5  20     0  30.5  19.0   0.0     0     0
  1982   5  21     0  30.6  17.5   0.0     0     0
  1982   5  22     0  31.3  17.6   0.0     0     0
  1982   5  23     0  31.2  20.5   0.0     0     0
  1982   5  24     0  31.8  21.0   0.0     0     0
  1982   5  25     0  32.8  21.3   0.0     0     0
  1982   5  26     0  33.6  22.5   0.0     0     0
  1982   5  27     0  34.2  23.6   0.0     0     0
  1982   5  28     0  31.0  20.2  12.4     0     0
  1982   5  29     0  29.5  17.5   7.4     0     0
  1982   5  30     0  31.0  18.5   0.5     0     0
  1982   5  31     0  31.5  21.7   0.0     0     0
  1982   6   1     0  28.8  19.0  23.2     0     0
  1982   6   2     0  30.0  18.6   0.5     0     0
  1982   6   3     0  29.7  20.5   0.0     0     0
  1982   6   4     0  27.3  20.9   2.2     0     0
  1982   6   5     0  22.6  20.0  31.1     0     0
  1982   6   6     0  25.5  19.9   7.5     0     0
  1982   6   7     0  27.3  20.0   0.0     0     0
  1982   6   8     0  29.0  22.0   0.0     0     0
  1982   6   9     0  23.8  20.5   7.7     0     0
  1982   6  10     0  28.9  21.0   2.4     0     0
  1982   6  11     0  25.2  19.1  63.2     0     0
  1982   6  12     0  25.8  19.2  11.5     0     0
  1982   6  13     0  27.0  20.0   4.4     0     0
  1982   6  14     0  26.8  19.5   3.2     0     0
  1982   6  15     0  28.0  20.0   6.5     0     0
  1982   6  16     0  27.4  20.2  16.2     0     0
  1982   6  17     0  27.2  20.5   1.5     0     0
  1982   6  18     0  28.3  20.5  26.3     0     0
  1982   6  19     0  29.0  21.5   1.5     0     0
  1982   6  20     0  30.0  21.6   0.0     0     0
  1982   6  21     0  30.0  21.0   0.0     0     0
  1982   6  22     0  29.6  21.0   0.0     0     0
  1982   6  23     0  27.5  21.5   0.0     0     0
  1982   6  24     0  28.7  21.5     T     0     0
  1982   6  25     0  29.0  21.0   1.4     0     0
  1982   6  26     0  29.5  18.0   0.0     0     0
  1982   6  27     0  29.2  20.0   3.0     0     0
  1982   6  28     0  28.4  20.6   0.0     0     0
  1982   6  29     0  29.2  19.0   6.5     0     0
  1982   6  30     0  31.4  20.5   0.0     0     0
  1982   7   1     0  30.3  20.5   0.0     0     0
  1982   7   2     0  30.6  21.5   0.0     0     0
  1982   7   3     0  30.4  20.5   0.5     0     0
  1982   7   4     0  29.5  21.1  19.3     0     0
  1982   7   5     0  28.5  21.1  39.0     0     0
  1982   7   6     0  27.8  20.5  33.2     0     0
  1982   7   7     0  28.8  21.0  54.1     0     0
  1982   7   8     0  30.0  21.5  25.9     0     0
  1982   7   9     0  29.0  22.7   0.0     0     0
  1982   7  10     0  27.0  21.6  94.3     0     0
  1982   7  11     0  26.8  21.2  29.4     0     0
  1982   7  12     0  27.1  21.5   0.0     0     0
  1982   7  13     0  28.9  20.6   3.7     0     0
  1982   7  14     0  29.9  22.1   0.0     0     0
  1982   7  15     0  30.0  21.6  34.6     0     0
  1982   7  16     0  29.5  21.6  25.8     0     0
  1982   7  17     0  30.8  22.2   0.0     0     0
  1982   7  18     0  30.0  22.7   0.0     0     0
  1982   7  19     0  27.8  21.5  29.7     0     0
  1982   7  20     0  28.8  20.2  45.4     0     0
  1982   7  21     0  29.0  21.9   1.1     0     0
  1982   7  22     0  29.3  21.6   0.0     0     0
  1982   7  23     0  28.9  21.4   0.0     0     0
  1982   7  24     0  28.2  21.6  30.7     0     0
  1982   7  25     0  26.2  21.4  16.2     0     0
  1982   7  26     0  28.0  21.5  10.5     0     0
  1982   7  27     0  28.5  21.7   0.0     0     0
  1982   7  28     0  28.8  20.1  10.7     0     0
  1982   7  29     0  28.8  22.0   4.2     0     0
  1982   7  30     0  29.6  22.0   1.2     0     0
  1982   7  31     0  29.2  20.5  47.4     0     0
  1982   8   1     0  30.0  22.5   0.0     0     0
  1982   8   2     0  29.4  20.6  41.0     0     0
  1982   8   3     0  26.8  20.0  26.5     0     0
  1982   8   4     0  25.7  20.5  12.8     0     0
  1982   8   5     0  28.2  20.5  27.4     0     0
  1982   8   6     0  30.0  22.0   0.0     0     0
  1982   8   7     0  29.6  22.4   2.3     0     0
  1982   8   8     0  28.4   DNA  59.0     0     0
  1982   8   9     0  28.5  22.0   1.2     0     0
  1982   8  10     0  28.7  22.0   1.0     0     0
  1982   8  11     0  29.5  21.0  27.8     0     0
  1982   8  12     0  29.5  20.5  18.4     0     0
  1982   8  13     0  30.0  21.5   1.0     0     0
  1982   8  14     0  29.3  22.5   0.0     0     0
  1982   8  15     0  28.0  21.0   5.5     0     0
  1982   8  16     0  29.2  22.8   0.0     0     0
  1982   8  17     0  29.2  22.0   4.0     0     0
  1982   8  18     0  30.0  22.1   0.0     0     0
  1982   8  19     0  28.0  21.2  16.3     0     0
  1982   8  20     0  28.4  21.0  12.2     0     0
  1982   8  21     0  29.0  21.1  18.4     0     0
  1982   8  22     0  28.4  20.2  43.2     0     0
  1982   8  23     0  29.0  22.0   0.0     0     0
  1982   8  24     0  26.0  20.5  27.1     0     0
  1982   8  25     0  28.2  21.5   1.2     0     0
  1982   8  26     0  28.0  21.5   7.3     0     0
  1982   8  27     0  28.0  21.0  37.9     0     0
  1982   8  28     0  27.4  21.5   9.9     0     0
  1982   8  29     0  26.0  19.5  19.6     0     0
  1982   8  30     0  25.3  21.2   0.0     0     0
  1982   8  31     0  25.0   DNA  14.3     0     0
  1982   9   1     0  26.6  20.0   4.3     0     0
  1982   9   2     0  28.5  21.5   0.0     0     0
  1982   9   3     0  29.3  21.5   0.0     0     0
  1982   9   4     0  26.7  21.0   1.3     0     0
  1982   9   5     0  28.4  19.5  13.3     0     0
  1982   9   6     0  27.5  22.5   0.0     0     0
  1982   9   7     0  25.2  20.5  15.2     0     0
  1982   9   8     0  29.2  20.6   1.0     0     0
  1982   9   9     0  29.8  21.5   0.0     0     0
  1982   9  10     0  23.8  19.5  12.4     0     0
  1982   9  11     0  23.0  20.5   2.2     0     0
  1982   9  12     0  22.0  18.5  10.3     0     0
  1982   9  13     0  21.4  19.2  51.8     0     0
  1982   9  14     0  25.6  18.0  25.4     0     0
  1982   9  15     0  28.0  20.6   0.0     0     0
  1982   9  16     0  27.5  22.0   0.0     0     0
  1982   9  17     0  27.4  20.0   0.0     0     0
  1982   9  18     0  25.0  20.6   0.0     0     0
  1982   9  19     0  25.0  20.0   3.7     0     0
  1982   9  20     0  25.2  20.0   7.3     0     0
  1982   9  21     0  27.0  19.5   9.3     0     0
  1982   9  22     0  27.2  20.0   7.3     0     0
  1982   9  23     0  25.8  20.0   0.0     0     0
  1982   9  24     0  22.7  19.0   7.3     0     0
  1982   9  25     0  26.8  17.5   0.0     0     0
  1982   9  26     0  26.7  12.2   0.0     0     0
  1982   9  27     0  27.3  17.5   0.0     0     0
  1982   9  28     0  27.4  13.5   0.0     0     0
  1982   9  29     0  27.2  16.0   0.0     0     0
  1982   9  30     0  27.3  17.0   0.0     0     0
  1982  10   1     0  27.2  16.5   0.0     0     0
  1982  10   2     0  26.4  16.4   2.8     0     0
  1982  10   3     0  27.0  21.6   0.0     0     0
  1982  10   4     0  26.6  17.0   0.0     0     0
  1982  10   5     0  26.7  16.5   0.0     0     0
  1982  10   6     0  26.6  17.0   0.0     0     0
  1982  10   7     0  26.8  16.3   0.0     0     0
  1982  10   8     0  27.4  17.2   0.0     0     0
  1982  10   9     0  26.0  16.5   0.0     0     0
  1982  10  10     0  24.7  14.5   4.3     0     0
  1982  10  11     0  26.0  15.0   0.0     0     0
  1982  10  12     0  25.3  13.0   9.0     0     0
  1982  10  13     0  25.9  19.5   0.0     0     0
  1982  10  14     0  26.6  15.2   0.0     0     0
  1982  10  15     0  26.6  15.0   0.0     0     0
  1982  10  16     0  26.7  15.5   0.0     0     0
  1982  10  17     0  24.9  15.3   0.0     0     0
  1982  10  18     0  25.2  17.0   0.0     0     0
  1982  10  19     0  26.8  15.2   0.0     0     0
  1982  10  20     0  26.4  16.0   0.0     0     0
  1982  10  21     0  25.5  17.0   0.0     0     0
  1982  10  22     0  24.0  16.5   0.0     0     0
  1982  10  23     0  25.2  14.6   0.0     0     0
  1982  10  24     0  25.0  14.2   0.0     0     0
  1982  10  25     0  24.5  13.5   0.0     0     0
  1982  10  26     0  24.7  13.0   0.0     0     0
  1982  10  27     0  24.6  13.7   0.0     0     0
  1982  10  28     0  23.4  13.7   0.0     0     0
  1982  10  29     0  24.7  13.5   0.0     0     0
  1982  10  30     0  24.7  13.5   0.0     0     0
  1982  10  31     0  24.6   DNA   0.0     0     0
  1982  11   1     0  24.6  13.5   0.0     0     0
  1982  11   2     0  25.0  12.8   0.0     0     0
  1982  11   3     0  25.0  13.0   0.0     0     0
  1982  11   4     0  24.7  18.5   0.0     0     0
  1982  11   5     0  23.3  13.3   0.0     0     0
  1982  11   6     0  23.3  13.6   0.0     0     0
  1982  11   7     0  23.0  13.0   0.0     0     0
  1982  11   8     0  23.0  13.2   0.0     0     0
  1982  11   9     0  23.2  13.5   1.8     0     0
  1982  11  10     0  20.0  11.0  20.2     0     0
  1982  11  11     0  21.0  13.6   0.0     0     0
  1982  11  12     0  21.0  13.0   0.0     0     0
  1982  11  13     0  20.0  13.5   0.0     0     0
  1982  11  14     0  21.4  12.0   0.0     0     0
  1982  11  15     0  21.7  12.5   0.0     0     0
  1982  11  16     0  22.0  13.0   0.0     0     0
  1982  11  17     0  22.8  14.0   0.0     0     0
  1982  11  18     0  23.3  13.5   0.0     0     0
  1982  11  19     0  23.0  14.0   0.0     0     0
  1982  11  20     0  19.2  15.2   0.0     0     0
  1982  11  21     0  18.2  14.1   0.0     0     0
  1982  11  22     0  21.2  13.0   0.0     0     0
  1982  11  23     0  21.0  11.0   0.0     0     0
  1982  11  24     0  20.3  10.0   0.0     0     0
  1982  11  25     0  20.0  10.0   0.0     0     0
  1982  11  26     0  23.5   8.9   0.0     0     0
  1982  11  27     0  23.0   8.6   0.0     0     0
  1982  11  28     0  18.5  11.0   0.0     0     0
  1982  11  29     0  18.5   8.5   0.0     0     0
  1982  11  30     0  18.0   8.5   0.0     0     0
  1982  12   1     0  18.4   7.7   0.0     0     0
  1982  12   2     0  18.5   7.0   0.0     0     0
  1982  12   3     0  18.7   9.2   0.0     0     0
  1982  12   4     0  19.2   9.5   0.0     0     0
  1982  12   5     0  18.8  11.5   0.0     0     0
  1982  12   6     0  18.5  10.5   0.0     0     0
  1982  12   7     0  18.4   9.5   0.0     0     0
  1982  12   8     0  18.0   8.5   0.0     0     0
  1982  12   9     0  18.0   9.5   0.0     0     0
  1982  12  10     0  17.2   9.2   0.0     0     0
  1982  12  11     0  17.6  10.0   0.0     0     0
  1982  12  12     0  18.0  12.0   0.0     0     0
  1982  12  13     0  19.2  10.0   0.0     0     0
  1982  12  14     0  20.0  11.2   0.0     0     0
  1982  12  15     0  19.5  10.8   0.0     0     0
  1982  12  16     0  18.5  10.5   0.0     0     0
  1982  12  17     0  18.4   9.5   0.0     0     0
  1982  12  18     0  18.5  10.5   0.0     0     0
  1982  12  19     0  17.9  11.6   0.0     0     0
  1982  12  20     0  18.5  11.2   0.0     0     0
  1982  12  21     0  17.7  10.0   0.0     0     0
  1982  12  22     0  17.5   9.4   0.0     0     0
  1982  12  23     0  18.4   9.0   0.0     0     0
  1982  12  24     0  18.4   8.8   0.0     0     0
  1982  12  25     0  17.7   7.5   0.0     0     0
  1982  12  26     0  17.0   7.5   0.0     0     0
  1982  12  27     0  17.2   7.2   0.0     0     0
  1982  12  28     0  14.8  10.0   0.0     0     0
  1982  12  29     0  16.5   7.5   1.5     0     0
  1982  12  30     0  17.2   6.4   0.0     0     0
  1982  12  31     0  15.0   5.1   0.0     0     0
