  1981   1   1     0  18.5  10.0   0.0     0     0
  1981   1   2     0  19.0  12.2   0.0     0     0
  1981   1   3     0  18.0   9.5   0.0     0     0
  1981   1   4     0  18.2   9.9   0.0     0     0
  1981   1   5     0  16.0   8.5   0.0     0     0
  1981   1   6     0  16.7   DNA   0.0     0     0
  1981   1   7     0  13.0   DNA   0.0     0     0
  1981   1   8     0  14.5   5.5   0.0     0     0
  1981   1   9     0  16.0   6.6   0.0     0     0
  1981   1  10     0  16.2   6.7   0.0     0     0
  1981   1  11     0  17.5   7.0   0.0     0     0
  1981   1  12     0  17.4   7.0   0.0     0     0
  1981   1  13     0  16.7   8.4   1.2     0     0
  1981   1  14     0  18.5   DNA   0.0     0     0
  1981   1  15     0  19.0   DNA   0.0     0     0
  1981   1  16     0  19.5   8.5   0.0     0     0
  1981   1  17     0  20.2   6.7   0.0     0     0
  1981   1  18     0  15.6   9.0   0.0     0     0
  1981   1  19     0  17.0  10.0   0.2     0     0
  1981   1  20     0  18.8   8.5   0.0     0     0
  1981   1  21     0  17.5   9.5   0.0     0     0
  1981   1  22     0  18.0   9.5   0.0     0     0
  1981   1  23     0  15.6   8.2   0.0     0     0
  1981   1  24     0  15.0   9.5     T     0     0
  1981   1  25     0  14.3   7.0  28.1     0     0
  1981   1  26     0  17.0   7.9   0.0     0     0
  1981   1  27     0  17.5   8.5   0.0     0     0
  1981   1  28     0  17.7   9.5   0.0     0     0
  1981   1  29     0  19.0   9.9   0.0     0     0
  1981   1  30     0  19.0  11.9   0.0     0     0
  1981   1  31     0  18.0   8.5  10.2     0     0
  1981   2   1     0  19.5   9.4   0.0     0     0
  1981   2   2     0  17.5   DNA   0.0     0     0
  1981   2   3     0  18.4   8.6   0.0     0     0
  1981   2   4     0  19.6   9.5   0.0     0     0
  1981   2   5     0  21.2  10.5   0.0     0     0
  1981   2   6     0  21.0  13.0   0.0     0     0
  1981   2   7     0  19.9   9.4   4.2     0     0
  1981   2   8     0  19.5   9.5   0.0     0     0
  1981   2   9     0  18.5   8.5   0.0     0     0
  1981   2  10     0  17.7   8.5   0.0     0     0
  1981   2  11     0  17.0  10.1   0.0     0     0
  1981   2  12     0  18.2   9.5   0.0     0     0
  1981   2  13     0  18.4   8.5   0.0     0     0
  1981   2  14     0  19.6   9.6   0.0     0     0
  1981   2  15     0  22.0  10.0   0.0     0     0
  1981   2  16     0  23.9  11.6   0.0     0     0
  1981   2  17     0  23.8  12.7   0.0     0     0
  1981   2  18     0  23.2  12.0   0.0     0     0
  1981   2  19     0  22.0  12.0   0.0     0     0
  1981   2  20     0  22.6  12.7   0.0     0     0
  1981   2  21     0  23.4  11.0   0.0     0     0
  1981   2  22     0  23.8  12.9   0.0     0     0
  1981   2  23     0  23.9  13.6   0.0     0     0
  1981   2  24     0  24.2  12.9   0.0     0     0
  1981   2  25     0  25.7  14.0   0.0     0     0
  1981   2  26     0  25.0  15.5   0.0     0     0
  1981   2  27     0  25.0  13.4   0.0     0     0
  1981   2  28     0  18.6  13.6   0.0     0     0
  1981   3   1     0  24.6  10.6   0.9     0     0
  1981   3   2     0  23.2  12.2   0.0     0     0
  1981   3   3     0  24.0  10.6   0.0     0     0
  1981   3   4     0  23.7  12.5   0.0     0     0
  1981   3   5     0  23.3  12.5   0.0     0     0
  1981   3   6     0  24.4  14.5   0.0     0     0
  1981   3   7     0  26.2  12.4   0.5     0     0
  1981   3   8     0  26.5  16.5   0.0     0     0
  1981   3   9     0  26.5  15.8   0.0     0     0
  1981   3  10     0  25.7  13.5   0.0     0     0
  1981   3  11     0  25.0  13.4   0.0     0     0
  1981   3  12     0  24.8  15.0   0.0     0     0
  1981   3  13     0  22.5  12.6   0.0     0     0
  1981   3  14     0  25.4  12.6   0.0     0     0
  1981   3  15     0  25.5  14.5   0.0     0     0
  1981   3  16     0  15.8  13.7     T     0     0
  1981   3  17     0  22.3  11.5   5.5     0     0
  1981   3  18     0  25.5  14.2   0.0     0     0
  1981   3  19     0  25.4  16.0   0.0     0     0
  1981   3  20     0  25.5  15.5   0.0     0     0
  1981   3  21     0  24.2  15.0   0.0     0     0
  1981   3  22     0  25.8  12.7   0.0     0     0
  1981   3  23     0  26.5  15.5   0.0     0     0
  1981   3  24     0  26.0  15.5   0.0     0     0
  1981   3  25     0  26.4  16.0   0.0     0     0
  1981   3  26     0  24.0  14.8   0.0     0     0
  1981   3  27     0  25.6  11.5   6.5     0     0
  1981   3  28     0  24.1  15.0   0.0     0     0
  1981   3  29     0  24.0  15.5   3.2     0     0
  1981   3  30     0  18.8  14.0  13.2     0     0
  1981   3  31     0  22.4  14.0  20.0     0     0
  1981   4   1     0  21.0  13.5   2.3     0     0
  1981   4   2     0  23.5  13.0  10.4     0     0
  1981   4   3     0  25.5  14.5   0.0     0     0
  1981   4   4     0  26.8   DNA   1.2     0     0
  1981   4   5     0  25.6  13.5  24.6     0     0
  1981   4   6     0  26.0  15.2   0.0     0     0
  1981   4   7     0  26.4  17.0   0.0     0     0
  1981   4   8     0  26.2  17.0   0.0     0     0
  1981   4   9     0  26.5  17.2   0.0     0     0
  1981   4  10     0  27.5  18.5   0.0     0     0
  1981   4  11     0  27.5  18.0   0.0     0     0
  1981   4  12     0  26.5  15.5   9.9     0     0
  1981   4  13     0  24.5  17.5  17.0     0     0
  1981   4  14     0  27.8  17.2   0.0     0     0
  1981   4  15     0  24.6  20.0   0.0     0     0
  1981   4  16     0  24.6  17.0  41.0     0     0
  1981   4  17     0  24.0  15.0   4.2     0     0
  1981   4  18     0  24.5  13.5  20.0     0     0
  1981   4  19     0  24.2  15.5   0.0     0     0
  1981   4  20     0  23.8  16.2   0.0     0     0
  1981   4  21     0  22.5   DNA   0.0     0     0
  1981   4  22     0  24.4  19.0   0.0     0     0
  1981   4  23     0  24.4  18.0  36.2     0     0
  1981   4  24     0  25.0  15.5   2.2     0     0
  1981   4  25     0  27.0  17.5   0.0     0     0
  1981   4  26     0  24.0  16.5  11.5     0     0
  1981   4  27     0  27.0  16.5   0.7     0     0
  1981   4  28     0  26.2  20.0   0.0     0     0
  1981   4  29     0  25.8  17.7   5.7     0     0
  1981   4  30     0  26.4  13.0   1.2     0     0
  1981   5   1     0  27.5  16.0   2.0     0     0
  1981   5   2     0  27.8  20.0   0.0     0     0
  1981   5   3     0  26.0  18.0   1.5     0     0
  1981   5   4     0  27.6  18.5   0.0     0     0
  1981   5   5     0  29.0  19.8   0.0     0     0
  1981   5   6     0  29.8  15.5   0.0     0     0
  1981   5   7     0  27.8  18.5   8.2     0     0
  1981   5   8     0  27.8  13.0   0.0     0     0
  1981   5   9     0  27.4  16.9  23.0     0     0
  1981   5  10     0  27.8  18.6  11.2     0     0
  1981   5  11     0  27.5  18.0   0.0     0     0
  1981   5  12     0  27.5  17.5   0.0     0     0
  1981   5  13     0  28.8  17.9   0.0     0     0
  1981   5  14     0  27.0  21.6   0.0     0     0
  1981   5  15     0  27.8  16.2   2.2     0     0
  1981   5  16     0  27.4  17.5   7.4     0     0
  1981   5  17     0  27.4  15.6   9.2     0     0
  1981   5  18     0  27.8  20.0   0.0     0     0
  1981   5  19     0  28.0  20.0   0.0     0     0
  1981   5  20     0  30.5  21.6   0.0     0     0
  1981   5  21     0  29.5  19.8   0.0     0     0
  1981   5  22     0  26.5  18.6   2.5     0     0
  1981   5  23     0  27.4  20.0   0.0     0     0
  1981   5  24     0  28.8  21.0   0.0     0     0
  1981   5  25     0  28.4  20.5   0.0     0     0
  1981   5  26     0  26.4  19.0   4.4     0     0
  1981   5  27     0  25.6  16.2  23.2     0     0
  1981   5  28     0  27.2  19.0   0.0     0     0
  1981   5  29     0  27.2  19.5   7.2     0     0
  1981   5  30     0  27.5  20.8   7.0     0     0
  1981   5  31     0  28.5  21.6   0.0     0     0
  1981   6   1     0  26.9  19.9  16.9     0     0
  1981   6   2     0  29.5  21.2   0.0     0     0
  1981   6   3     0  30.0  20.4   0.5     0     0
  1981   6   4     0  28.8  17.5   7.0     0     0
  1981   6   5     0  30.0  15.0   0.5     0     0
  1981   6   6     0  29.4  20.5   0.0     0     0
  1981   6   7     0  29.4  21.5   0.0     0     0
  1981   6   8     0  30.0  21.6   2.0     0     0
  1981   6   9     0  30.4  22.0   0.0     0     0
  1981   6  10     0  31.2  21.5   0.0     0     0
  1981   6  11     0  32.5  22.5   0.0     0     0
  1981   6  12     0  33.0  22.5   0.0     0     0
  1981   6  13     0  33.0  22.6   0.0     0     0
  1981   6  14     0  31.9  24.2   0.0     0     0
  1981   6  15     0  31.6  21.0   9.1     0     0
  1981   6  16     0  30.6  20.6   0.5     0     0
  1981   6  17     0  28.8  20.6  50.5     0     0
  1981   6  18     0  30.5  21.2   1.0     0     0
  1981   6  19     0  31.4  22.4   0.0     0     0
  1981   6  20     0  31.0  21.8  11.8     0     0
  1981   6  21     0  27.7  23.0   1.1     0     0
  1981   6  22     0  29.2  22.5   6.0     0     0
  1981   6  23     0  28.5  23.0   0.0     0     0
  1981   6  24     0  29.2  22.2   0.0     0     0
  1981   6  25     0  28.0  22.0  36.0     0     0
  1981   6  26     0  27.7  22.5  11.3     0     0
  1981   6  27     0  27.0  22.0  33.6     0     0
  1981   6  28     0  28.4  21.0  67.5     0     0
  1981   6  29     0  27.6  21.0  11.5     0     0
  1981   6  30     0  28.2  21.4  29.9     0     0
  1981   7   1     0  28.0  21.6   0.0     0     0
  1981   7   2     0  28.0  22.6   0.0     0     0
  1981   7   3     0  24.0  22.4   5.2     0     0
  1981   7   4     0  25.0  21.9  16.0     0     0
  1981   7   5     0  29.5  22.0   2.3     0     0
  1981   7   6     0  30.6  22.2   0.0     0     0
  1981   7   7     0  28.4  21.6  36.0     0     0
  1981   7   8     0  28.0  22.8   0.0     0     0
  1981   7   9     0  29.5  20.6  52.9     0     0
  1981   7  10     0  29.6  22.6   0.0     0     0
  1981   7  11     0  27.5  22.0   3.8     0     0
  1981   7  12     0  29.5  21.0  30.7     0     0
  1981   7  13     0  30.2  22.2   5.1     0     0
  1981   7  14     0  30.4  22.4   3.0     0     0
  1981   7  15     0  27.0  22.0  39.2     0     0
  1981   7  16     0  29.0  21.6   9.3     0     0
  1981   7  17     0  23.6  21.9   0.0     0     0
  1981   7  18     0  27.5  21.6   4.4     0     0
  1981   7  19     0  27.2  21.5  38.3     0     0
  1981   7  20     0  26.8  21.5  29.8     0     0
  1981   7  21     0  29.0  22.0  10.6     0     0
  1981   7  22     0  29.4  21.1   9.7     0     0
  1981   7  23     0  29.2  21.5  46.9     0     0
  1981   7  24     0  30.4  21.5   0.0     0     0
  1981   7  25     0  27.3  22.0  23.9     0     0
  1981   7  26     0  25.0  21.5  38.8     0     0
  1981   7  27     0  25.8  21.5  12.9     0     0
  1981   7  28     0  27.7  21.4   3.8     0     0
  1981   7  29     0  27.5  22.2   4.1     0     0
  1981   7  30     0  25.2  22.0  28.8     0     0
  1981   7  31     0  29.3  21.6  22.0     0     0
  1981   8   1     0  28.8  22.0   4.4     0     0
  1981   8   2     0  28.5  21.5   9.8     0     0
  1981   8   3     0  28.6  21.6   3.1     0     0
  1981   8   4     0  28.5  20.0  38.1     0     0
  1981   8   5     0  29.4  20.5  13.9     0     0
  1981   8   6     0  30.5  22.1   7.9     0     0
  1981   8   7     0  28.5  22.4   1.2     0     0
  1981   8   8     0  29.5  23.0   0.0     0     0
  1981   8   9     0  30.0  22.3  28.2     0     0
  1981   8  10     0  29.2  22.5   0.5     0     0
  1981   8  11     0  25.5  21.6   3.0     0     0
  1981   8  12     0  27.6  22.2   8.4     0     0
  1981   8  13     0  28.6  22.4   0.0     0     0
  1981   8  14     0  28.8  22.5   0.0     0     0
  1981   8  15     0  28.8  22.5   0.0     0     0
  1981   8  16     0  29.0  21.5  27.6     0     0
  1981   8  17     0  28.7  21.5  23.0     0     0
  1981   8  18     0  28.6  21.2  38.2     0     0
  1981   8  19     0  26.8  20.5  50.9     0     0
  1981   8  20     0  27.2  22.2   1.9     0     0
  1981   8  21     0  26.2  22.0   1.0     0     0
  1981   8  22     0  26.8  21.9   4.8     0     0
  1981   8  23     0  28.2  21.5   0.0     0     0
  1981   8  24     0  27.5  22.0   0.0     0     0
  1981   8  25     0  26.0  21.0   0.0     0     0
  1981   8  26     0  27.4  21.5   0.0     0     0
  1981   8  27     0  28.8  22.0   0.0     0     0
  1981   8  28     0  29.4  22.0   0.0     0     0
  1981   8  29     0  28.8   DNA  15.1     0     0
  1981   8  30     0  25.2  21.1   6.3     0     0
  1981   8  31     0  28.4  21.0   7.7     0     0
  1981   9   1     0  28.0  21.8   0.3     0     0
  1981   9   2     0  28.6  20.5   0.0     0     0
  1981   9   3     0  28.0  21.9   0.0     0     0
  1981   9   4     0  28.2  21.6   8.4     0     0
  1981   9   5     0  27.8  20.5  59.6     0     0
  1981   9   6     0  25.7  21.6   1.1     0     0
  1981   9   7     0  26.1  21.5   3.1     0     0
  1981   9   8     0  26.6   DNA   3.6     0     0
  1981   9   9     0  25.0  20.5  20.3     0     0
  1981   9  10     0  28.1  21.5   0.5     0     0
  1981   9  11     0  28.3   DNA   0.0     0     0
  1981   9  12     0  28.0  20.5   0.0     0     0
  1981   9  13     0  27.0  20.9   0.6     0     0
  1981   9  14     0  26.1  20.4   0.0     0     0
  1981   9  15     0  26.5  20.1   0.0     0     0
  1981   9  16     0  26.8  20.5   7.8     0     0
  1981   9  17     0  27.3  20.0   0.0     0     0
  1981   9  18     0  26.6   DNA   0.0     0     0
  1981   9  19     0  26.8  19.7   0.0     0     0
  1981   9  20     0  26.9  19.9   0.0     0     0
  1981   9  21     0  28.4  20.0   0.0     0     0
  1981   9  22     0  28.9   DNA   0.0     0     0
  1981   9  23     0  29.4  21.0   0.0     0     0
  1981   9  24     0  29.4  21.0   2.5     0     0
  1981   9  25     0  28.8  22.1   0.0     0     0
  1981   9  26     0  25.7  21.0   2.0     0     0
  1981   9  27     0  24.5  21.4   1.2     0     0
  1981   9  28     0  23.0  17.0 116.0     0     0
  1981   9  29     0  25.8   DNA  10.2     0     0
  1981   9  30     0  26.8   DNA   0.0     0     0
  1981  10   1     0  27.0   DNA   0.0     0     0
  1981  10   2     0  26.9   DNA   0.0     0     0
  1981  10   3     0  27.0  19.0   0.0     0     0
  1981  10   4     0  26.6  18.6   0.0     0     0
  1981  10   5     0  26.2  18.5   0.0     0     0
  1981  10   6     0  26.5  17.0   0.0     0     0
  1981  10   7     0  27.6   DNA   0.0     0     0
  1981  10   8     0  26.6  19.0   0.0     0     0
  1981  10   9     0  26.4  17.6   0.0     0     0
  1981  10  10     0  26.6  17.5   0.0     0     0
  1981  10  11     0  26.4  16.5   0.0     0     0
  1981  10  12     0  25.8  16.6   0.0     0     0
  1981  10  13     0  26.0  16.4   0.0     0     0
  1981  10  14     0  26.7   DNA   0.0     0     0
  1981  10  15     0  26.5  17.5   0.0     0     0
  1981  10  16     0  26.2  16.5   0.0     0     0
  1981  10  17     0  26.0  15.5   0.0     0     0
  1981  10  18     0  26.0  16.0   0.0     0     0
  1981  10  19     0  26.0  16.7   0.0     0     0
  1981  10  20     0  26.4   DNA   0.0     0     0
  1981  10  21     0  25.7  17.0   0.0     0     0
  1981  10  22     0  26.0  17.7   0.0     0     0
  1981  10  23     0  25.7  16.9   0.0     0     0
  1981  10  24     0  25.7  16.6   0.0     0     0
  1981  10  25     0  24.7  16.0   0.0     0     0
  1981  10  26     0  24.7   DNA   0.5     0     0
  1981  10  27     0  24.2  14.5   1.8     0     0
  1981  10  28     0  24.4  14.4   0.0     0     0
  1981  10  29     0  24.2  14.0   0.0     0     0
  1981  10  30     0  24.2  14.5   0.0     0     0
  1981  10  31     0  24.4  15.0   0.0     0     0
  1981  11   1     0  22.1  17.2   0.0     0     0
  1981  11   2     0  24.4  14.5   0.0     0     0
  1981  11   3     0  21.8  14.7   0.0     0     0
  1981  11   4     0  23.9  16.5  21.5     0     0
  1981  11   5     0  23.0  15.0   0.0     0     0
  1981  11   6     0  22.4  13.8   0.0     0     0
  1981  11   7     0  22.8  14.5   0.0     0     0
  1981  11   8     0  23.7  14.6   0.0     0     0
  1981  11   9     0  23.1  13.4   0.0     0     0
  1981  11  10     0  23.4  13.2   0.0     0     0
  1981  11  11     0  22.4  11.5   0.0     0     0
  1981  11  12     0  21.9  12.0   0.0     0     0
  1981  11  13     0  19.8  13.5   0.0     0     0
  1981  11  14     0  20.8  10.5   0.0     0     0
  1981  11  15     0  21.8  10.0   0.0     0     0
  1981  11  16     0  22.2  10.5   0.0     0     0
  1981  11  17     0  22.8  11.1   0.0     0     0
  1981  11  18     0  22.4  10.5   0.0     0     0
  1981  11  19     0  21.6  10.0   0.0     0     0
  1981  11  20     0  22.0  10.1   0.0     0     0
  1981  11  21     0  21.8   9.5   0.0     0     0
  1981  11  22     0  21.4   9.7   0.0     0     0
  1981  11  23     0  20.8  10.0   0.0     0     0
  1981  11  24     0  20.4  10.4   0.0     0     0
  1981  11  25     0  20.5  10.9   0.0     0     0
  1981  11  26     0  20.2  10.1   0.0     0     0
  1981  11  27     0  20.6  11.0   0.0     0     0
  1981  11  28     0  20.2  10.4   0.0     0     0
  1981  11  29     0  19.5   9.6   0.0     0     0
  1981  11  30     0  19.5  10.0   0.0     0     0
  1981  12   1     0  19.5   9.5   0.0     0     0
  1981  12   2     0  20.0  10.0   0.0     0     0
  1981  12   3     0  20.8  10.0   0.0     0     0
  1981  12   4     0  20.3  11.0   0.0     0     0
  1981  12   5     0  20.2  10.2   0.0     0     0
  1981  12   6     0  20.2  10.5   0.0     0     0
  1981  12   7     0  20.0  12.5   0.0     0     0
  1981  12   8     0  19.9   8.6   0.0     0     0
  1981  12   9     0  19.6   9.5   0.0     0     0
  1981  12  10     0  19.0   9.5   0.0     0     0
  1981  12  11     0  18.9   8.6   0.0     0     0
  1981  12  12     0  18.0   9.3   0.0     0     0
  1981  12  13     0  17.1   8.5   0.0     0     0
  1981  12  14     0  17.4   DNA   0.0     0     0
  1981  12  15     0  16.5   7.0   0.0     0     0
  1981  12  16     0  16.8   6.8   0.0     0     0
  1981  12  17     0  16.7   7.0   0.0     0     0
  1981  12  18     0  17.0   7.9   0.0     0     0
  1981  12  19     0  17.0   7.2   0.0     0     0
  1981  12  20     0  16.5   7.6   0.0     0     0
  1981  12  21     0  17.0   8.6   0.0     0     0
  1981  12  22     0  17.8   8.5   0.0     0     0
  1981  12  23     0  17.9   8.3   0.0     0     0
  1981  12  24     0  17.5   8.6   0.0     0     0
  1981  12  25     0  17.7   8.6   0.0     0     0
  1981  12  26     0  17.7   8.5   0.0     0     0
  1981  12  27     0  17.7   8.3   0.0     0     0
  1981  12  28     0  17.7   8.6   0.0     0     0
  1981  12  29     0  18.0   9.0   0.0     0     0
  1981  12  30     0  17.5   9.0   0.0     0     0
  1981  12  31     0  17.2  11.0   0.0     0     0
