1972.0 1.0 1.0   0.0  18.1   7.4   0.0   0.0   0.0
1972.0 1.0 2.0   0.0  19.4   6.6   0.0   0.0   0.0
1972.0 1.0 3.0   0.0  19.2   6.3   0.0   0.0   0.0
1972.0 1.0 4.0   0.0  18.1   7.7   0.0   0.0   0.0
1972.0 1.0 5.0   0.0  19.2   6.8   0.0   0.0   0.0
1972.0 1.0 6.0   0.0  18.6   7.0   0.0   0.0   0.0
1972.0 1.0 7.0   0.0  18.5   7.0   0.0   0.0   0.0
1972.0 1.0 8.0   0.0  18.3   6.4   0.0   0.0   0.0
1972.0 1.0 9.0   0.0  17.7   7.5   0.0   0.0   0.0
1972.0 1.010.0   0.0  18.6   6.9   0.0   0.0   0.0
1972.0 1.011.0   0.0  18.1   6.7   0.0   0.0   0.0
1972.0 1.012.0   0.0  18.6   6.1   0.0   0.0   0.0
1972.0 1.013.0   0.0  19.1   6.7   0.0   0.0   0.0
1972.0 1.014.0   0.0  17.8   7.8   0.0   0.0   0.0
1972.0 1.015.0   0.0  15.1   6.1   0.0   0.0   0.0
1972.0 1.016.0   0.0  18.0   3.5   1.3   0.0   0.0
1972.0 1.017.0   0.0  17.3   5.1   0.0   0.0   0.0
1972.0 1.018.0   0.0  18.1   5.5   0.0   0.0   0.0
1972.0 1.019.0   0.0  18.0   6.2   0.0   0.0   0.0
1972.0 1.020.0   0.0  19.0   6.7   0.0   0.0   0.0
1972.0 1.021.0   0.0  18.8   8.1   0.0   0.0   0.0
1972.0 1.022.0   0.0  15.1   7.5   0.0   0.0   0.0
1972.0 1.023.0   0.0  19.5   6.8   0.0   0.0   0.0
1972.0 1.024.0   0.0  20.1   7.1   0.0   0.0   0.0
1972.0 1.025.0   0.0  17.0   7.8   0.0   0.0   0.0
1972.0 1.026.0   0.0  16.9   7.9   0.0   0.0   0.0
1972.0 1.027.0   0.0  19.3   7.6   0.0   0.0   0.0
1972.0 1.028.0   0.0  19.6   8.0   0.0   0.0   0.0
1972.0 1.029.0   0.0  18.5   9.8   1.0   0.0   0.0
1972.0 1.030.0   0.0  17.8   6.6   0.0   0.0   0.0
1972.0 1.031.0   0.0  19.5   7.0   0.0   0.0   0.0
1972.0 2.0 1.0   0.0  19.1   7.9   0.0   0.0   0.0
1972.0 2.0 2.0   0.0  21.0   8.1   0.0   0.0   0.0
1972.0 2.0 3.0   0.0  18.1   9.9   0.2   0.0   0.0
1972.0 2.0 4.0   0.0  14.1   5.5   5.8   0.0   0.0
1972.0 2.0 5.0   0.0  15.3   6.9   0.0   0.0   0.0
1972.0 2.0 6.0   0.0  15.1   4.7   9.8   0.0   0.0
1972.0 2.0 7.0   0.0  16.0   3.0   0.0   0.0   0.0
1972.0 2.0 8.0   0.0  16.0   4.1   0.0   0.0   0.0
1972.0 2.0 9.0   0.0  13.7   4.7   0.0   0.0   0.0
1972.0 2.010.0   0.0  14.6   4.4   0.0   0.0   0.0
1972.0 2.011.0   0.0  15.9   4.6   0.0   0.0   0.0
1972.0 2.012.0   0.0  18.6   6.6   0.2   0.0   0.0
1972.0 2.013.0   0.0  14.7   7.6   0.0   0.0   0.0
1972.0 2.014.0   0.0  14.1   3.9  43.9   0.0   0.0
1972.0 2.015.0   0.0  15.5   4.8   0.0   0.0   0.0
1972.0 2.016.0   0.0  15.8   5.3   0.0   0.0   0.0
1972.0 2.017.0   0.0  17.4   5.5   0.0   0.0   0.0
1972.0 2.018.0   0.0  16.4   3.6   0.0   0.0   0.0
1972.0 2.019.0   0.0  17.2   4.9   0.0   0.0   0.0
1972.0 2.020.0   0.0  18.5   6.1   0.0   0.0   0.0
1972.0 2.021.0   0.0  19.2   6.7   0.0   0.0   0.0
1972.0 2.022.0   0.0  20.1   7.8   0.0   0.0   0.0
1972.0 2.023.0   0.0  21.1   9.1   0.0   0.0   0.0
1972.0 2.024.0   0.0  22.0   9.5   0.0   0.0   0.0
1972.0 2.025.0   0.0  23.5  10.1   0.0   0.0   0.0
1972.0 2.026.0   0.0  24.2  10.0   0.0   0.0   0.0
1972.0 2.027.0   0.0  24.9   9.9   0.0   0.0   0.0
1972.0 2.028.0   0.0  24.0   9.1   0.0   0.0   0.0
1972.0 2.029.0   0.0  23.2   9.8   0.0   0.0   0.0
1972.0 3.0 1.0   0.0  24.7   9.4   0.0   0.0   0.0
1972.0 3.0 2.0   0.0  24.4   8.6   0.0   0.0   0.0
1972.0 3.0 3.0   0.0  22.7   8.7   0.0   0.0   0.0
1972.0 3.0 4.0   0.0  23.1  11.1   0.0   0.0   0.0
1972.0 3.0 5.0   0.0  22.4   8.4  11.8   0.0   0.0
1972.0 3.0 6.0   0.0  19.4   5.4  13.0   0.0   0.0
1972.0 3.0 7.0   0.0  20.2   8.3   0.0   0.0   0.0
1972.0 3.0 8.0   0.0  21.1   9.6   0.0   0.0   0.0
1972.0 3.0 9.0   0.0  20.6   9.6   0.0   0.0   0.0
1972.0 3.010.0   0.0  23.8  10.8   0.0   0.0   0.0
1972.0 3.011.0   0.0  25.9  12.1   0.0   0.0   0.0
1972.0 3.012.0   0.0  25.9  12.7   0.0   0.0   0.0
1972.0 3.013.0   0.0  25.6  13.8   0.0   0.0   0.0
1972.0 3.014.0   0.0  27.1  13.8   0.0   0.0   0.0
1972.0 3.015.0   0.0  27.4  13.7   0.0   0.0   0.0
1972.0 3.016.0   0.0  27.0  13.6   0.0   0.0   0.0
1972.0 3.017.0   0.0  26.5  13.6   0.0   0.0   0.0
1972.0 3.018.0   0.0  27.1  13.5   0.0   0.0   0.0
1972.0 3.019.0   0.0  28.0  15.2   0.0   0.0   0.0
1972.0 3.020.0   0.0  28.5  14.9   0.0   0.0   0.0
1972.0 3.021.0   0.0  28.0  14.8   0.0   0.0   0.0
1972.0 3.022.0   0.0  28.5  13.4   1.6   0.0   0.0
1972.0 3.023.0   0.0  28.2  12.6   0.0   0.0   0.0
1972.0 3.024.0   0.0  28.1  14.3   0.0   0.0   0.0
1972.0 3.025.0   0.0  27.4  16.4   0.0   0.0   0.0
1972.0 3.026.0   0.0  27.3  16.2   0.4   0.0   0.0
1972.0 3.027.0   0.0  28.3  15.2  10.5   0.0   0.0
1972.0 3.028.0   0.0  27.9  13.3   0.0   0.0   0.0
1972.0 3.029.0   0.0  26.4  15.5   0.0   0.0   0.0
1972.0 3.030.0   0.0  26.7  15.2   0.0   0.0   0.0
1972.0 3.031.0   0.0  29.0  14.9   0.0   0.0   0.0
1972.0 4.0 1.0   0.0  30.1  16.5   0.0   0.0   0.0
1972.0 4.0 2.0   0.0  30.2  13.5   0.0   0.0   0.0
1972.0 4.0 3.0   0.0  28.7  14.4   0.0   0.0   0.0
1972.0 4.0 4.0   0.0  28.7  15.1   0.0   0.0   0.0
1972.0 4.0 5.0   0.0  28.1  15.7   0.0   0.0   0.0
1972.0 4.0 6.0   0.0  26.8  11.8  10.0   0.0   0.0
1972.0 4.0 7.0   0.0  26.5  14.3   0.0   0.0   0.0
1972.0 4.0 8.0   0.0  28.1  15.0   0.0   0.0   0.0
1972.0 4.0 9.0   0.0  28.8  16.3   0.0   0.0   0.0
1972.0 4.010.0   0.0  29.2  12.1   2.9   0.0   0.0
1972.0 4.011.0   0.0  26.8  10.1   5.6   0.0   0.0
1972.0 4.012.0   0.0  26.5  14.2   0.0   0.0   0.0
1972.0 4.013.0   0.0  27.8  12.6   0.0   0.0   0.0
1972.0 4.014.0   0.0  27.2  13.6   0.0   0.0   0.0
1972.0 4.015.0   0.0  28.2  14.2   0.0   0.0   0.0
1972.0 4.016.0   0.0  28.1  13.3   5.5   0.0   0.0
1972.0 4.017.0   0.0  26.2  15.5   0.0   0.0   0.0
1972.0 4.018.0   0.0  28.7  12.5   7.6   0.0   0.0
1972.0 4.019.0   0.0  27.5  15.4   0.0   0.0   0.0
1972.0 4.020.0   0.0  28.2  15.2   0.0   0.0   0.0
1972.0 4.021.0   0.0  30.1  16.6   0.0   0.0   0.0
1972.0 4.022.0   0.0  30.7  16.7   0.0   0.0   0.0
1972.0 4.023.0   0.0  30.6  17.7   0.0   0.0   0.0
1972.0 4.024.0   0.0  31.0  17.6   0.0   0.0   0.0
1972.0 4.025.0   0.0  30.5  17.5   0.0   0.0   0.0
1972.0 4.026.0   0.0  30.7  16.4   0.0   0.0   0.0
1972.0 4.027.0   0.0  31.6  14.1   4.1   0.0   0.0
1972.0 4.028.0   0.0  30.0  18.8   0.0   0.0   0.0
1972.0 4.029.0   0.0  31.6  18.4   0.1   0.0   0.0
1972.0 4.030.0   0.0  31.3  18.9   0.0   0.0   0.0
1972.0 5.0 1.0   0.0  31.7  18.1   0.0   0.0   0.0
1972.0 5.0 2.0   0.0  33.2  19.8   0.0   0.0   0.0
1972.0 5.0 3.0   0.0  31.8  16.7   0.0   0.0   0.0
1972.0 5.0 4.0   0.0  26.6  13.6   0.0   0.0   0.0
1972.0 5.0 5.0   0.0  29.7  16.2   0.0   0.0   0.0
1972.0 5.0 6.0   0.0  31.6  18.4   0.0   0.0   0.0
1972.0 5.0 7.0   0.0  31.8  19.7   0.0   0.0   0.0
1972.0 5.0 8.0   0.0  32.6  17.5   0.0   0.0   0.0
1972.0 5.0 9.0   0.0  33.1  20.2   0.0   0.0   0.0
1972.0 5.010.0   0.0  33.6  19.6   0.0   0.0   0.0
1972.0 5.011.0   0.0  33.6  20.8   0.0   0.0   0.0
1972.0 5.012.0   0.0  33.9  22.1   0.0   0.0   0.0
1972.0 5.013.0   0.0  34.1  20.7   0.0   0.0   0.0
1972.0 5.014.0   0.0  34.1  18.6   0.0   0.0   0.0
1972.0 5.015.0   0.0  33.8  18.3   2.4   0.0   0.0
1972.0 5.016.0   0.0  32.9  18.6   1.1   0.0   0.0
1972.0 5.017.0   0.0  32.9  17.3   8.4   0.0   0.0
1972.0 5.018.0   0.0  32.7  18.3   0.9   0.0   0.0
1972.0 5.019.0   0.0  32.1  18.8   0.5   0.0   0.0
1972.0 5.020.0   0.0  30.6  14.3  22.2   0.0   0.0
1972.0 5.021.0   0.0  28.3  17.3   0.0   0.0   0.0
1972.0 5.022.0   0.0  29.7  17.9   0.0   0.0   0.0
1972.0 5.023.0   0.0  26.7  16.9  27.5   0.0   0.0
1972.0 5.024.0   0.0  28.2  17.4  23.7   0.0   0.0
1972.0 5.025.0   0.0  24.7  16.6  87.3   0.0   0.0
1972.0 5.026.0   0.0  26.1  17.0  63.7   0.0   0.0
1972.0 5.027.0   0.0  28.5  17.4  12.9   0.0   0.0
1972.0 5.028.0   0.0  29.5  19.6   0.0   0.0   0.0
1972.0 5.029.0   0.0  30.6  20.0   0.0   0.0   0.0
1972.0 5.030.0   0.0  31.5  20.1   0.0   0.0   0.0
1972.0 5.031.0   0.0  31.2  19.9   0.0   0.0   0.0
1972.0 6.0 1.0   0.0  31.7  17.4   0.0   0.0   0.0
1972.0 6.0 2.0   0.0  31.1  20.1   0.0   0.0   0.0
1972.0 6.0 3.0   0.0  31.3  16.2  10.1   0.0   0.0
1972.0 6.0 4.0   0.0  28.7  18.1   1.2   0.0   0.0
1972.0 6.0 5.0   0.0  29.4  18.3   8.6   0.0   0.0
1972.0 6.0 6.0   0.0  29.1  17.1   0.0   0.0   0.0
1972.0 6.0 7.0   0.0  29.9  18.9   0.0   0.0   0.0
1972.0 6.0 8.0   0.0  30.6  18.0   0.0   0.0   0.0
1972.0 6.0 9.0   0.0  31.6  20.3   0.0   0.0   0.0
1972.0 6.010.0   0.0  31.9  20.3   0.0   0.0   0.0
1972.0 6.011.0   0.0  32.1  21.1   0.0   0.0   0.0
1972.0 6.012.0   0.0  33.1  21.8   0.0   0.0   0.0
1972.0 6.013.0   0.0  33.3  20.0   0.0   0.0   0.0
1972.0 6.014.0   0.0  32.4  17.2   7.2   0.0   0.0
1972.0 6.015.0   0.0  29.2  18.3  13.7   0.0   0.0
1972.0 6.016.0   0.0  29.9  18.2   8.9   0.0   0.0
1972.0 6.017.0   0.0  28.1  17.8  60.9   0.0   0.0
1972.0 6.018.0   0.0  26.2  19.7   1.7   0.0   0.0
1972.0 6.019.0   0.0  24.4  18.0 100.1   0.0   0.0
1972.0 6.020.0   0.0  27.7  16.3 104.9   0.0   0.0
1972.0 6.021.0   0.0  28.5  18.7   3.2   0.0   0.0
1972.0 6.022.0   0.0  26.2  16.6  43.0   0.0   0.0
1972.0 6.023.0   0.0  25.1  16.7  32.5   0.0   0.0
1972.0 6.024.0   0.0  24.3  16.6  12.9   0.0   0.0
1972.0 6.025.0   0.0  24.0  16.6   5.6   0.0   0.0
1972.0 6.026.0   0.0  27.9  17.5   9.6   0.0   0.0
1972.0 6.027.0   0.0  27.7  18.6   2.9   0.0   0.0
1972.0 6.028.0   0.0  28.6  19.7   0.0   0.0   0.0
1972.0 6.029.0   0.0  30.1  17.5  49.8   0.0   0.0
1972.0 6.030.0   0.0  28.7  18.8   1.1   0.0   0.0
1972.0 7.0 1.0   0.0  30.0  17.8  17.6   0.0   0.0
1972.0 7.0 2.0   0.0  28.6  17.7  22.6   0.0   0.0
1972.0 7.0 3.0   0.0  28.6  17.7  12.9   0.0   0.0
1972.0 7.0 4.0   0.0  27.3  18.1  13.5   0.0   0.0
1972.0 7.0 5.0   0.0  25.2  17.7  14.6   0.0   0.0
1972.0 7.0 6.0   0.0  28.2  17.1  15.6   0.0   0.0
1972.0 7.0 7.0   0.0  26.6  17.8  29.5   0.0   0.0
1972.0 7.0 8.0   0.0  26.5  18.6   1.1   0.0   0.0
1972.0 7.0 9.0   0.0  28.1  18.5   3.8   0.0   0.0
1972.0 7.010.0   0.0  28.6  17.4   6.2   0.0   0.0
1972.0 7.011.0   0.0  25.6  18.6   3.1   0.0   0.0
1972.0 7.012.0   0.0  28.8  19.1   0.0   0.0   0.0
1972.0 7.013.0   0.0  29.7  20.2   0.0   0.0   0.0
1972.0 7.014.0   0.0  30.6  21.1   0.0   0.0   0.0
1972.0 7.015.0   0.0  30.2  21.1   0.0   0.0   0.0
1972.0 7.016.0   0.0  29.3  19.3   7.5   0.0   0.0
1972.0 7.017.0   0.0  25.5  17.9  68.8   0.0   0.0
1972.0 7.018.0   0.0  22.8  18.2  15.1   0.0   0.0
1972.0 7.019.0   0.0  23.3  18.3  17.2   0.0   0.0
1972.0 7.020.0   0.0  24.2  18.5   8.8   0.0   0.0
1972.0 7.021.0   0.0  28.2  19.3   7.1   0.0   0.0
1972.0 7.022.0   0.0  28.4  18.5  17.0   0.0   0.0
1972.0 7.023.0   0.0  26.9  18.7   1.2   0.0   0.0
1972.0 7.024.0   0.0  27.2  20.0   4.5   0.0   0.0
1972.0 7.025.0   0.0  28.8  19.8   2.1   0.0   0.0
1972.0 7.026.0   0.0  27.0  18.8  49.0   0.0   0.0
1972.0 7.027.0   0.0  26.5  19.6  20.8   0.0   0.0
1972.0 7.028.0   0.0  24.8  19.1   5.3   0.0   0.0
1972.0 7.029.0   0.0  25.7  16.8  35.6   0.0   0.0
1972.0 7.030.0   0.0  24.5  17.6  21.2   0.0   0.0
1972.0 7.031.0   0.0  24.7  17.9  42.3   0.0   0.0
1972.0 8.0 1.0   0.0  27.2  18.9   0.0   0.0   0.0
1972.0 8.0 2.0   0.0  28.2  19.6   0.0   0.0   0.0
1972.0 8.0 3.0   0.0  27.3  17.4  11.7   0.0   0.0
1972.0 8.0 4.0   0.0  24.8  17.7   1.6   0.0   0.0
1972.0 8.0 5.0   0.0  27.4  17.6  27.1   0.0   0.0
1972.0 8.0 6.0   0.0  26.9  18.6   0.7   0.0   0.0
1972.0 8.0 7.0   0.0  27.0  19.1   1.0   0.0   0.0
1972.0 8.0 8.0   0.0  26.9  18.7  11.2   0.0   0.0
1972.0 8.0 9.0   0.0  27.6  17.5  15.6   0.0   0.0
1972.0 8.010.0   0.0  28.2  17.7  13.1   0.0   0.0
1972.0 8.011.0   0.0  23.0  17.3   6.5   0.0   0.0
1972.0 8.012.0   0.0  27.5  18.8  34.7   0.0   0.0
1972.0 8.013.0   0.0  28.2  18.4   0.8   0.0   0.0
1972.0 8.014.0   0.0  27.2  17.6   8.3   0.0   0.0
1972.0 8.015.0   0.0  27.0  18.7   0.0   0.0   0.0
1972.0 8.016.0   0.0  29.0  18.3   1.0   0.0   0.0
1972.0 8.017.0   0.0  26.9  17.8   4.6   0.0   0.0
1972.0 8.018.0   0.0  27.7  17.7   2.5   0.0   0.0
1972.0 8.019.0   0.0  28.0  18.6   1.0   0.0   0.0
1972.0 8.020.0   0.0  28.5  18.6   9.9   0.0   0.0
1972.0 8.021.0   0.0  29.5  19.7   0.0   0.0   0.0
1972.0 8.022.0   0.0  30.6  17.9  24.9   0.0   0.0
1972.0 8.023.0   0.0  26.9  18.1   1.9   0.0   0.0
1972.0 8.024.0   0.0  28.6  18.8   0.4   0.0   0.0
1972.0 8.025.0   0.0  28.1  17.6  24.5   0.0   0.0
1972.0 8.026.0   0.0  28.0  18.1   1.8   0.0   0.0
1972.0 8.027.0   0.0  26.0  18.4   2.3   0.0   0.0
1972.0 8.028.0   0.0  28.5  16.8   9.7   0.0   0.0
1972.0 8.029.0   0.0  27.2  16.6   1.1   0.0   0.0
1972.0 8.030.0   0.0  27.7  17.9   2.5   0.0   0.0
1972.0 8.031.0   0.0  27.7  18.1   0.0   0.0   0.0
1972.0 9.0 1.0   0.0  27.8  18.3   1.4   0.0   0.0
1972.0 9.0 2.0   0.0  25.5  16.1  17.7   0.0   0.0
1972.0 9.0 3.0   0.0  22.2  16.7  32.4   0.0   0.0
1972.0 9.0 4.0   0.0  21.1  15.7  76.8   0.0   0.0
1972.0 9.0 5.0   0.0  21.1  16.1  30.1   0.0   0.0
1972.0 9.0 6.0   0.0  24.6  17.3   0.0   0.0   0.0
1972.0 9.0 7.0   0.0  25.4  16.4  15.6   0.0   0.0
1972.0 9.0 8.0   0.0  24.8  15.7  19.7   0.0   0.0
1972.0 9.0 9.0   0.0  27.2  17.6   0.0   0.0   0.0
1972.0 9.010.0   0.0  28.1  16.0   2.1   0.0   0.0
1972.0 9.011.0   0.0  25.7  15.8   0.4   0.0   0.0
1972.0 9.012.0   0.0  24.7  17.4   0.0   0.0   0.0
1972.0 9.013.0   0.0  21.9  14.9   6.3   0.0   0.0
1972.0 9.014.0   0.0  21.6  15.8   1.0   0.0   0.0
1972.0 9.015.0   0.0  22.3  16.3   0.6   0.0   0.0
1972.0 9.016.0   0.0  26.2  17.8   0.0   0.0   0.0
1972.0 9.017.0   0.0  28.6  17.5   0.0   0.0   0.0
1972.0 9.018.0   0.0  28.3  16.2   0.0   0.0   0.0
1972.0 9.019.0   0.0  28.1  17.7   0.0   0.0   0.0
1972.0 9.020.0   0.0  28.2  17.7   0.0   0.0   0.0
1972.0 9.021.0   0.0  28.6  17.9   1.4   0.0   0.0
1972.0 9.022.0   0.0  29.1  16.4   0.0   0.0   0.0
1972.0 9.023.0   0.0  28.5  17.3   0.0   0.0   0.0
1972.0 9.024.0   0.0  28.1  16.8  24.2   0.0   0.0
1972.0 9.025.0   0.0  21.6  14.6   8.4   0.0   0.0
1972.0 9.026.0   0.0  21.0  15.8  12.4   0.0   0.0
1972.0 9.027.0   0.0  24.5  15.5  34.0   0.0   0.0
1972.0 9.028.0   0.0  25.4  15.8   1.7   0.0   0.0
1972.0 9.029.0   0.0  26.7  15.1   0.0   0.0   0.0
1972.0 9.030.0   0.0  26.5  14.7   0.0   0.0   0.0
1972.010.0 1.0   0.0  26.5  14.5   0.0   0.0   0.0
1972.010.0 2.0   0.0  26.3  15.1   0.0   0.0   0.0
1972.010.0 3.0   0.0  26.6  14.5   0.0   0.0   0.0
1972.010.0 4.0   0.0  26.6  16.1   0.0   0.0   0.0
1972.010.0 5.0   0.0  26.7  15.3   0.0   0.0   0.0
1972.010.0 6.0   0.0  27.2  14.5   2.5   0.0   0.0
1972.010.0 7.0   0.0  21.7  13.3  19.5   0.0   0.0
1972.010.0 8.0   0.0  18.3  12.4  16.4   0.0   0.0
1972.010.0 9.0   0.0  24.1  14.3   0.0   0.0   0.0
1972.010.010.0   0.0  26.6  15.0   0.0   0.0   0.0
1972.010.011.0   0.0  26.6  15.3   0.0   0.0   0.0
1972.010.012.0   0.0  26.6  15.0   0.0   0.0   0.0
1972.010.013.0   0.0  26.2  14.5   0.0   0.0   0.0
1972.010.014.0   0.0  26.1  15.0   0.0   0.0   0.0
1972.010.015.0   0.0  26.9  14.9   0.0   0.0   0.0
1972.010.016.0   0.0  26.0  14.7   0.0   0.0   0.0
1972.010.017.0   0.0  26.6  13.8   0.0   0.0   0.0
1972.010.018.0   0.0  25.7  13.4   0.0   0.0   0.0
1972.010.019.0   0.0  25.5  12.6   0.0   0.0   0.0
1972.010.020.0   0.0  25.1  12.0   0.0   0.0   0.0
1972.010.021.0   0.0  24.7  12.6   0.0   0.0   0.0
1972.010.022.0   0.0  25.1  12.6   0.0   0.0   0.0
1972.010.023.0   0.0  25.0  12.6   0.0   0.0   0.0
1972.010.024.0   0.0  24.9  10.4   1.6   0.0   0.0
1972.010.025.0   0.0  24.1  10.5   0.0   0.0   0.0
1972.010.026.0   0.0  22.5  13.5   0.0   0.0   0.0
1972.010.027.0   0.0  19.4  12.3   0.0   0.0   0.0
1972.010.028.0   0.0  20.4  12.6   0.0   0.0   0.0
1972.010.029.0   0.0  21.4  12.8   2.1   0.0   0.0
1972.010.030.0   0.0  16.6  10.1  49.5   0.0   0.0
1972.010.031.0   0.0  17.8   9.9   0.0   0.0   0.0
1972.011.0 1.0   0.0  22.1  10.1   0.0   0.0   0.0
1972.011.0 2.0   0.0  22.6  13.5   0.0   0.0   0.0
1972.011.0 3.0   0.0  23.4  11.1   0.0   0.0   0.0
1972.011.0 4.0   0.0  23.3  11.1   0.0   0.0   0.0
1972.011.0 5.0   0.0  23.6  11.9   0.0   0.0   0.0
1972.011.0 6.0   0.0  23.9  10.1   0.0   0.0   0.0
1972.011.0 7.0   0.0  25.1  10.2   0.0   0.0   0.0
1972.011.0 8.0   0.0  24.1   9.5   0.0   0.0   0.0
1972.011.0 9.0   0.0  22.1   9.3   0.0   0.0   0.0
1972.011.010.0   0.0  22.3  10.1   0.0   0.0   0.0
1972.011.011.0   0.0  23.9  11.3   0.0   0.0   0.0
1972.011.012.0   0.0  22.9  11.0   0.0   0.0   0.0
1972.011.013.0   0.0  22.8  12.1   0.0   0.0   0.0
1972.011.014.0   0.0  21.4  11.0   4.0   0.0   0.0
1972.011.015.0   0.0  21.5  10.3   2.9   0.0   0.0
1972.011.016.0   0.0  21.8   9.4   0.0   0.0   0.0
1972.011.017.0   0.0  21.2   9.5   0.0   0.0   0.0
1972.011.018.0   0.0  21.5   8.8   0.0   0.0   0.0
1972.011.019.0   0.0  21.2   9.4   0.0   0.0   0.0
1972.011.020.0   0.0  21.5   9.4   0.0   0.0   0.0
1972.011.021.0   0.0  22.3   9.6   0.0   0.0   0.0
1972.011.022.0   0.0  22.6   9.6   0.0   0.0   0.0
1972.011.023.0   0.0  22.3   9.6   0.0   0.0   0.0
1972.011.024.0   0.0  22.6   9.1   0.0   0.0   0.0
1972.011.025.0   0.0  22.2   7.8   0.0   0.0   0.0
1972.011.026.0   0.0  21.3  10.4   0.0   0.0   0.0
1972.011.027.0   0.0  15.1   8.1   7.6   0.0   0.0
1972.011.028.0   0.0  19.3   8.1   0.0   0.0   0.0
1972.011.029.0   0.0  20.0   8.5   0.0   0.0   0.0
1972.011.030.0   0.0  21.3   8.2   0.0   0.0   0.0
1972.012.0 1.0   0.0  21.1   8.1   0.0   0.0   0.0
1972.012.0 2.0   0.0  21.3   8.2   0.0   0.0   0.0
1972.012.0 3.0   0.0  21.3   8.3   0.0   0.0   0.0
1972.012.0 4.0   0.0  21.9   7.7   0.0   0.0   0.0
1972.012.0 5.0   0.0  21.8   7.6   0.0   0.0   0.0
1972.012.0 6.0   0.0  20.7   6.8   0.0   0.0   0.0
1972.012.0 7.0   0.0  19.3   7.9   0.0   0.0   0.0
1972.012.0 8.0   0.0  19.5   7.1   0.0   0.0   0.0
1972.012.0 9.0   0.0  19.5   7.1   0.0   0.0   0.0
1972.012.010.0   0.0  20.1   8.7   0.0   0.0   0.0
1972.012.011.0   0.0  21.1   7.5   0.0   0.0   0.0
1972.012.012.0   0.0  21.1   7.2   0.0   0.0   0.0
1972.012.013.0   0.0  19.3   5.4   0.0   0.0   0.0
1972.012.014.0   0.0  18.1   5.7   0.0   0.0   0.0
1972.012.015.0   0.0  18.6   6.2   0.0   0.0   0.0
1972.012.016.0   0.0  18.9   6.7   0.0   0.0   0.0
1972.012.017.0   0.0  19.2   6.9   0.0   0.0   0.0
1972.012.018.0   0.0  19.4   7.4   0.0   0.0   0.0
1972.012.019.0   0.0  20.1   7.5   0.0   0.0   0.0
1972.012.020.0   0.0  20.4   7.4   0.0   0.0   0.0
1972.012.021.0   0.0  20.0   7.1   0.0   0.0   0.0
1972.012.022.0   0.0  20.7   6.7   0.0   0.0   0.0
1972.012.023.0   0.0  19.6   5.9   0.0   0.0   0.0
1972.012.024.0   0.0  18.3   5.3   0.0   0.0   0.0
1972.012.025.0   0.0  16.9   5.5   0.0   0.0   0.0
1972.012.026.0   0.0  17.7   5.3   0.0   0.0   0.0
1972.012.027.0   0.0  18.2   6.1   0.0   0.0   0.0
1972.012.028.0   0.0  16.9   6.6   0.0   0.0   0.0
1972.012.029.0   0.0  17.9   6.1   0.0   0.0   0.0
1972.012.030.0   0.0  21.1   5.8   0.0   0.0   0.0
1972.012.031.0   0.0  18.9   7.5   0.0   0.0   0.0
