  1985   1   1     0  15.0  10.0   0.0     0     0
  1985   1   2     0  17.6   8.5   0.0     0     0
  1985   1   3     0  15.5   8.8   0.0     0     0
  1985   1   4     0  16.9   8.4   0.0     0     0
  1985   1   5     0   DNA   7.7   0.8     0     0
  1985   1   6     0  14.0   5.5   2.1     0     0
  1985   1   7     0  13.0   6.5   0.0     0     0
  1985   1   8     0  17.1   7.5   0.0     0     0
  1985   1   9     0  16.7   7.5   0.0     0     0
  1985   1  10     0  18.2   7.0   0.0     0     0
  1985   1  11     0  18.4   8.0   0.0     0     0
  1985   1  12     0  18.4   8.5   0.0     0     0
  1985   1  13     0  17.5   8.0   0.0     0     0
  1985   1  14     0  17.2   8.2   0.0     0     0
  1985   1  15     0  17.0   8.6   0.0     0     0
  1985   1  16     0  17.6   8.0   0.0     0     0
  1985   1  17     0  16.7   8.5   0.0     0     0
  1985   1  18     0  16.5   8.5   0.0     0     0
  1985   1  19     0  17.0  11.0   0.0     0     0
  1985   1  20     0  19.4   9.5   0.0     0     0
  1985   1  21     0  19.0   9.5   0.0     0     0
  1985   1  22     0  17.6  12.0   0.0     0     0
  1985   1  23     0  19.2   9.5   0.0     0     0
  1985   1  24     0  18.7   9.5   0.0     0     0
  1985   1  25     0  16.2  10.0   0.0     0     0
  1985   1  26     0  16.5  11.0   0.0     0     0
  1985   1  27     0  19.8   9.5   0.0     0     0
  1985   1  28     0  19.7  11.0   0.0     0     0
  1985   1  29     0  19.7  11.0   0.0     0     0
  1985   1  30     0  19.5  10.0   0.0     0     0
  1985   1  31     0  19.8   9.7   0.0     0     0
  1985   2   1     0  19.7  10.5   0.0     0     0
  1985   2   2     0  19.6   8.5   0.0     0     0
  1985   2   3     0  18.0   9.5   0.0     0     0
  1985   2   4     0  17.8  11.0   0.0     0     0
  1985   2   5     0  18.5  10.5   0.0     0     0
  1985   2   6     0  18.5  10.4   0.0     0     0
  1985   2   7     0  19.0   9.5   0.0     0     0
  1985   2   8     0  18.6  11.5   0.0     0     0
  1985   2   9     0  18.7  10.0   0.0     0     0
  1985   2  10     0  18.5  10.0   0.0     0     0
  1985   2  11     0  19.4  10.0   0.0     0     0
  1985   2  12     0  19.7   9.5   0.0     0     0
  1985   2  13     0  19.8  10.2   0.0     0     0
  1985   2  14     0  20.5  10.0   0.0     0     0
  1985   2  15     0  21.0   9.0   0.0     0     0
  1985   2  16     0  19.7  10.8   0.0     0     0
  1985   2  17     0  20.4  10.0   0.0     0     0
  1985   2  18     0  20.3  11.4   0.0     0     0
  1985   2  19     0  21.4  11.4   0.0     0     0
  1985   2  20     0  22.8  12.0   0.0     0     0
  1985   2  21     0  22.8  13.0   0.0     0     0
  1985   2  22     0  21.8  10.6   0.0     0     0
  1985   2  23     0  22.2  11.6   0.0     0     0
  1985   2  24     0  22.5  12.5   0.0     0     0
  1985   2  25     0  23.0  12.6   0.0     0     0
  1985   2  26     0  22.0  12.5   0.0     0     0
  1985   2  27     0  22.8  12.2   0.0     0     0
  1985   2  28     0  22.6  13.0   0.0     0     0
  1985   3   1     0  23.4  13.0   0.0     0     0
  1985   3   2     0  24.4  15.5   0.0     0     0
  1985   3   3     0  25.0  15.5   0.0     0     0
  1985   3   4     0  25.0  16.5   0.0     0     0
  1985   3   5     0  25.4  18.3   0.0     0     0
  1985   3   6     0  26.0  16.5   0.0     0     0
  1985   3   7     0  27.2  17.5   0.0     0     0
  1985   3   8     0  27.7  15.5   0.0     0     0
  1985   3   9     0  28.5  17.0   0.0     0     0
  1985   3  10     0  27.7  17.2   0.0     0     0
  1985   3  11     0  27.5  16.6   0.0     0     0
  1985   3  12     0  27.8  16.5   0.0     0     0
  1985   3  13     0  28.4  17.5   0.0     0     0
  1985   3  14     0  28.4  17.0   0.0     0     0
  1985   3  15     0  27.8  16.0   0.0     0     0
  1985   3  16     0  27.8  16.0   0.0     0     0
  1985   3  17     0  28.0  16.8   0.0     0     0
  1985   3  18     0  28.4  17.0   0.0     0     0
  1985   3  19     0  26.5  18.2   0.0     0     0
  1985   3  20     0  26.8  14.5   0.0     0     0
  1985   3  21     0  26.0  16.1   0.0     0     0
  1985   3  22     0  26.0  16.0   0.0     0     0
  1985   3  23     0  27.0  15.0   0.0     0     0
  1985   3  24     0  25.7  18.5   0.0     0     0
  1985   3  25     0  26.6  17.5   0.0     0     0
  1985   3  26     0  26.5  17.7   0.0     0     0
  1985   3  27     0  26.6  17.0  13.7     0     0
  1985   3  28     0  28.1  12.8   0.0     0     0
  1985   3  29     0  27.2  17.3  12.2     0     0
  1985   3  30     0  28.8  18.0   0.0     0     0
  1985   3  31     0  29.2  17.5   0.0     0     0
  1985   4   1     0  29.2  20.0   0.0     0     0
  1985   4   2     0  27.7  17.5   0.0     0     0
  1985   4   3     0  28.2  19.0   0.0     0     0
  1985   4   4     0  28.0  17.5   0.0     0     0
  1985   4   5     0  29.3  16.0   0.0     0     0
  1985   4   6     0  30.0  18.2   0.0     0     0
  1985   4   7     0  28.5  18.0   0.0     0     0
  1985   4   8     0  29.8  16.5   1.7     0     0
  1985   4   9     0  29.0  20.2   0.0     0     0
  1985   4  10     0  25.4  16.0  14.5     0     0
  1985   4  11     0  27.4  17.5   1.6     0     0
  1985   4  12     0  29.8  19.5   0.0     0     0
  1985   4  13     0  30.6  19.4   0.0     0     0
  1985   4  14     0  33.0  20.0   0.0     0     0
  1985   4  15     0  30.2  21.0   0.0     0     0
  1985   4  16     0  30.0  18.6   0.0     0     0
  1985   4  17     0  30.7  20.5   0.0     0     0
  1985   4  18     0  30.7  21.5   0.0     0     0
  1985   4  19     0  29.8  18.5   0.0     0     0
  1985   4  20     0  30.4  18.0   0.0     0     0
  1985   4  21     0  30.8  20.5   0.0     0     0
  1985   4  22     0  32.0  23.0   0.0     0     0
  1985   4  23     0  30.0  17.5  65.6     0     0
  1985   4  24     0  31.8  21.0   0.0     0     0
  1985   4  25     0  32.4  21.0   0.0     0     0
  1985   4  26     0  30.8  19.5   0.0     0     0
  1985   4  27     0  31.2  21.2   0.0     0     0
  1985   4  28     0  29.8  20.0   0.0     0     0
  1985   4  29     0  26.4  15.5  12.0     0     0
  1985   4  30     0  27.4  18.3   0.0     0     0
  1985   5   1     0  27.5  19.5     T     0     0
  1985   5   2     0  28.5  14.0   1.4     0     0
  1985   5   3     0  26.2  14.5  15.1     0     0
  1985   5   4     0  27.4  18.0   0.0     0     0
  1985   5   5     0  27.4  15.2  11.2     0     0
  1985   5   6     0  27.3  17.5   0.0     0     0
  1985   5   7     0  29.2  17.5   0.0     0     0
  1985   5   8     0  29.4  17.8   0.0     0     0
  1985   5   9     0  29.5  18.0   0.0     0     0
  1985   5  10     0  24.5  19.5   0.0     0     0
  1985   5  11     0  26.8  17.2   3.7     0     0
  1985   5  12     0  28.4  17.0  12.3     0     0
  1985   5  13     0  28.7  19.0   2.4     0     0
  1985   5  14     0  29.2  14.4   0.0     0     0
  1985   5  15     0  29.5  17.0  10.5     0     0
  1985   5  16     0  29.7  19.5  15.1     0     0
  1985   5  17     0  29.2  18.0  18.5     0     0
  1985   5  18     0  30.0  20.0     T     0     0
  1985   5  19     0  30.0  18.5  30.0     0     0
  1985   5  20     0  30.0  17.8   0.0     0     0
  1985   5  21     0  22.9  17.6  14.7     0     0
  1985   5  22     0  27.8  18.5   0.2     0     0
  1985   5  23     0  29.0  18.8   0.0     0     0
  1985   5  24     0  29.2  20.0   0.0     0     0
  1985   5  25     0  28.8  17.8   0.0     0     0
  1985   5  26     0  29.0  18.9   3.6     0     0
  1985   5  27     0  30.0  20.0   2.3     0     0
  1985   5  28     0  30.6  20.0   5.4     0     0
  1985   5  29     0  30.2  19.1   0.0     0     0
  1985   5  30     0  31.1  19.5   0.0     0     0
  1985   5  31     0  30.0  20.6  11.6     0     0
  1985   6   1     0  29.4  20.0  15.0     0     0
  1985   6   2     0  29.4  20.5   0.9     0     0
  1985   6   3     0  29.5  20.5  19.2     0     0
  1985   6   4     0  29.6  18.2   4.6     0     0
  1985   6   5     0  29.8  18.8   0.0     0     0
  1985   6   6     0  26.6  18.5  57.0     0     0
  1985   6   7     0  28.0  18.6  34.9     0     0
  1985   6   8     0  29.2  18.0   0.6     0     0
  1985   6   9     0  29.1  19.0   6.9     0     0
  1985   6  10     0  29.5  18.5   0.0     0     0
  1985   6  11     0  28.7  20.5   0.0     0     0
  1985   6  12     0  30.1  20.0   0.0     0     0
  1985   6  13     0  31.6  22.4   0.0     0     0
  1985   6  14     0  30.2  20.7   2.0     0     0
  1985   6  15     0  30.0  21.5   1.8     0     0
  1985   6  16     0  29.9  20.8   9.8     0     0
  1985   6  17     0  30.2  22.0   8.5     0     0
  1985   6  18     0  30.2  21.0  17.7     0     0
  1985   6  19     0  30.0  20.2   0.0     0     0
  1985   6  20     0  30.3  20.2   6.5     0     0
  1985   6  21     0  30.0  20.0   2.8     0     0
  1985   6  22     0  31.6  20.5   0.0     0     0
  1985   6  23     0  30.0  22.5   1.5     0     0
  1985   6  24     0  31.5  21.4   0.0     0     0
  1985   6  25     0  30.5  20.0  52.2     0     0
  1985   6  26     0  30.5  21.0  20.4     0     0
  1985   6  27     0  30.5  22.5  12.3     0     0
  1985   6  28     0  31.0  20.5  23.7     0     0
  1985   6  29     0  29.5  20.2   4.5     0     0
  1985   6  30     0  29.5  22.5   0.5     0     0
  1985   7   1     0  29.4  21.5   8.9     0     0
  1985   7   2     0  30.0  21.0   4.6     0     0
  1985   7   3     0  29.9  23.0     T     0     0
  1985   7   4     0  29.2  23.0   7.9     0     0
  1985   7   5     0  26.2  21.0  38.7     0     0
  1985   7   6     0  27.0  20.5  31.3     0     0
  1985   7   7     0  27.2  21.0  89.0     0     0
  1985   7   8     0  26.5  22.5   7.9     0     0
  1985   7   9     0  28.4  21.2   1.3     0     0
  1985   7  10     0  29.0  20.5  20.4     0     0
  1985   7  11     0  28.0  21.8   9.7     0     0
  1985   7  12     0  29.0  20.9  32.7     0     0
  1985   7  13     0  29.8  20.6   7.9     0     0
  1985   7  14     0  29.5  21.0  29.4     0     0
  1985   7  15     0  28.8  21.5   7.1     0     0
  1985   7  16     0  29.0  20.6  13.7     0     0
  1985   7  17     0  29.0  20.0   7.6     0     0
  1985   7  18     0  29.0  20.5   2.5     0     0
  1985   7  19     0  27.4  21.2  33.3     0     0
  1985   7  20     0  29.2  21.0  24.4     0     0
  1985   7  21     0  30.0  21.5   7.6     0     0
  1985   7  22     0  29.0  21.5  13.2     0     0
  1985   7  23     0  29.0  21.0  11.0     0     0
  1985   7  24     0  29.0  20.2   1.2     0     0
  1985   7  25     0  27.0  20.5  36.7     0     0
  1985   7  26     0  27.6  23.0   5.7     0     0
  1985   7  27     0  27.2  21.0  15.7     0     0
  1985   7  28     0  28.1  21.5   6.7     0     0
  1985   7  29     0  28.3  21.5  10.9     0     0
  1985   7  30     0  29.5  22.6   0.0     0     0
  1985   7  31     0  29.6  22.4   1.0     0     0
  1985   8   1     0  30.3  22.9  23.9     0     0
  1985   8   2     0  28.6  20.0  38.6     0     0
  1985   8   3     0  28.8  21.5   8.0     0     0
  1985   8   4     0  29.0  21.0   8.7     0     0
  1985   8   5     0  29.7  22.5   0.0     0     0
  1985   8   6     0  29.5  20.0  46.3     0     0
  1985   8   7     0  29.8  21.5   0.0     0     0
  1985   8   8     0  29.0  22.1   1.5     0     0
  1985   8   9     0  29.5  22.0   1.5     0     0
  1985   8  10     0  28.5  22.0   2.5     0     0
  1985   8  11     0  29.5  22.5   0.0     0     0
  1985   8  12     0  30.5  23.0   0.0     0     0
  1985   8  13     0  31.0  22.0   0.0     0     0
  1985   8  14     0  29.8  22.5   4.7     0     0
  1985   8  15     0  30.5  22.5  15.2     0     0
  1985   8  16     0  30.8  21.5   1.7     0     0
  1985   8  17     0  30.2  22.0  16.2     0     0
  1985   8  18     0  30.5  23.2  14.2     0     0
  1985   8  19     0  27.4  21.5  23.6     0     0
  1985   8  20     0  29.0  22.0   1.1     0     0
  1985   8  21     0  28.5  20.8   1.4     0     0
  1985   8  22     0  29.2  22.2   5.8     0     0
  1985   8  23     0  29.5  23.5  27.7     0     0
  1985   8  24     0  28.5  21.5   4.2     0     0
  1985   8  25     0  29.5  21.5   0.0     0     0
  1985   8  26     0  29.8  22.0   0.0     0     0
  1985   8  27     0  29.8  22.0   3.5     0     0
  1985   8  28     0  29.8  21.5   3.6     0     0
  1985   8  29     0  29.5  21.5  36.2     0     0
  1985   8  30     0  29.8  21.5  16.9     0     0
  1985   8  31     0  29.8  22.5   2.5     0     0
  1985   9   1     0  29.6  21.5   6.9     0     0
  1985   9   2     0  28.8  21.0   0.0     0     0
  1985   9   3     0  29.0  21.5  14.7     0     0
  1985   9   4     0  28.0  21.5  38.7     0     0
  1985   9   5     0  28.0  20.8  14.3     0     0
  1985   9   6     0  28.0  21.0   0.0     0     0
  1985   9   7     0  28.5  21.0   0.0     0     0
  1985   9   8     0  29.0  21.0   7.9     0     0
  1985   9   9     0  29.0  21.0   0.0     0     0
  1985   9  10     0  29.2  22.0   0.0     0     0
  1985   9  11     0  29.0  19.5  67.4     0     0
  1985   9  12     0  28.0  20.0   5.8     0     0
  1985   9  13     0  28.0  21.2   0.0     0     0
  1985   9  14     0  27.5  22.5   2.6     0     0
  1985   9  15     0  27.2  20.0   4.8     0     0
  1985   9  16     0  27.4  15.0  40.0     0     0
  1985   9  17     0  28.0  18.2  87.0     0     0
  1985   9  18     0  27.0  18.0   1.3     0     0
  1985   9  19     0  28.0  19.9   0.0     0     0
  1985   9  20     0  27.5  19.0   0.0     0     0
  1985   9  21     0  27.5  19.5   2.2     0     0
  1985   9  22     0  27.5  21.0   2.5     0     0
  1985   9  23     0  27.0  21.0  14.0     0     0
  1985   9  24     0  27.5  19.2   4.8     0     0
  1985   9  25     0  26.0  17.6  11.2     0     0
  1985   9  26     0  27.5  17.6   6.5     0     0
  1985   9  27     0  27.5  19.0   0.0     0     0
  1985   9  28     0  25.8  20.0   2.6     0     0
  1985   9  29     0  25.7  17.5   4.5     0     0
  1985   9  30     0  26.2  17.5   6.1     0     0
  1985  10   1     0  26.5  18.5   0.0     0     0
  1985  10   2     0  26.8  18.8   0.0     0     0
  1985  10   3     0  27.5  18.6   0.0     0     0
  1985  10   4     0  26.6  18.8   0.0     0     0
  1985  10   5     0  27.5  14.8   0.0     0     0
  1985  10   6     0  27.8  17.5  15.5     0     0
  1985  10   7     0  23.5  17.8   1.8     0     0
  1985  10   8     0  26.2  18.2   0.0     0     0
  1985  10   9     0  26.8  19.0  38.0     0     0
  1985  10  10     0  26.0  16.0  34.2     0     0
  1985  10  11     0  25.2  20.2  33.8     0     0
  1985  10  12     0  25.4  19.0   0.0     0     0
  1985  10  13     0  27.4  18.5   0.0     0     0
  1985  10  14     0  27.6  19.0   0.0     0     0
  1985  10  15     0  25.0  19.5   0.0     0     0
  1985  10  16     0  21.6  12.8   7.2     0     0
  1985  10  17     0  24.0  10.8  24.6     0     0
  1985  10  18     0  23.6  18.8  18.8     0     0
  1985  10  19     0  24.2  16.5  35.8     0     0
  1985  10  20     0  23.5  15.0   2.5     0     0
  1985  10  21     0  25.0  12.6   0.0     0     0
  1985  10  22     0  25.8  18.0   0.0     0     0
  1985  10  23     0  25.2  13.8   0.0     0     0
  1985  10  24     0  25.0  14.0   0.0     0     0
  1985  10  25     0  24.5  14.5   0.0     0     0
  1985  10  26     0  23.7  13.5   0.0     0     0
  1985  10  27     0  22.7  13.0   0.0     0     0
  1985  10  28     0  22.7  13.0   0.0     0     0
  1985  10  29     0  22.6  13.8   0.0     0     0
  1985  10  30     0  23.0  13.0   0.0     0     0
  1985  10  31     0  24.0  13.0   0.0     0     0
  1985  11   1     0  23.7  12.8   0.0     0     0
  1985  11   2     0  24.2  13.6   0.0     0     0
  1985  11   3     0  23.5  13.5   0.0     0     0
  1985  11   4     0  22.5  11.6   0.0     0     0
  1985  11   5     0  22.5  11.0   0.0     0     0
  1985  11   6     0  22.0  11.0   0.0     0     0
  1985  11   7     0  21.8  12.0   0.0     0     0
  1985  11   8     0  21.4  11.0   0.0     0     0
  1985  11   9     0  21.0  11.5   0.0     0     0
  1985  11  10     0  21.0  12.8   0.0     0     0
  1985  11  11     0  21.2  11.2   9.6     0     0
  1985  11  12     0  21.0  11.5   0.0     0     0
  1985  11  13     0  22.0  11.0   0.0     0     0
  1985  11  14     0  22.5  12.0   0.0     0     0
  1985  11  15     0  22.5  11.5   0.0     0     0
  1985  11  16     0  23.0   DNA   0.0     0     0
  1985  11  17     0  23.0   DNA   0.0     0     0
  1985  11  18     0  21.0   DNA   0.0     0     0
  1985  11  19     0  22.8   DNA   0.0     0     0
  1985  11  20     0  23.0   DNA   0.0     0     0
  1985  11  21     0  21.1   DNA   0.0     0     0
  1985  11  22     0  22.2  11.7   0.0     0     0
  1985  11  23     0  20.8  11.0   0.0     0     0
  1985  11  24     0  20.8  12.0   0.0     0     0
  1985  11  25     0  21.0  10.5   0.0     0     0
  1985  11  26     0  21.0   9.5   0.0     0     0
  1985  11  27     0  21.6   9.8   0.0     0     0
  1985  11  28     0  19.8   9.0   0.0     0     0
  1985  11  29     0  20.2  10.5   0.0     0     0
  1985  11  30     0  21.6  11.0   0.0     0     0
  1985  12   1     0  20.4  10.0   0.0     0     0
  1985  12   2     0  20.5  10.5   0.0     0     0
  1985  12   3     0  20.0  12.0   0.0     0     0
  1985  12   4     0  20.5  10.5   0.0     0     0
  1985  12   5     0  19.6  10.5   0.0     0     0
  1985  12   6     0  20.2  11.0   0.0     0     0
  1985  12   7     0  20.4  10.5   0.0     0     0
  1985  12   8     0  19.5  10.6   0.0     0     0
  1985  12   9     0  20.0  11.0   0.0     0     0
  1985  12  10     0  19.5   9.5   0.0     0     0
  1985  12  11     0  18.5   9.4   0.0     0     0
  1985  12  12     0  17.5   9.2   0.0     0     0
  1985  12  13     0  19.2   9.6   0.0     0     0
  1985  12  14     0  18.5  10.6   0.0     0     0
  1985  12  15     0  18.7   8.5   0.0     0     0
  1985  12  16     0  20.5  10.5   0.0     0     0
  1985  12  17     0  19.8  11.0   0.0     0     0
  1985  12  18     0  19.3   9.8   0.0     0     0
  1985  12  19     0  19.3  11.5   0.0     0     0
  1985  12  20     0  19.5   9.5   0.0     0     0
  1985  12  21     0  18.5   9.5   0.0     0     0
  1985  12  22     0  18.2   8.8   0.0     0     0
  1985  12  23     0  18.7   8.5   0.0     0     0
  1985  12  24     0  18.5  10.2   0.0     0     0
  1985  12  25     0  18.5   9.5   0.0     0     0
  1985  12  26     0  18.0   7.5   1.2     0     0
  1985  12  27     0  18.4   6.0   5.4     0     0
  1985  12  28     0   9.9   6.5  44.8     0     0
  1985  12  29     0  14.0   5.7   0.8     0     0
  1985  12  30     0  15.5   7.0   0.0     0     0
  1985  12  31     0  15.0   6.8   0.0     0     0
