1998          Temperature for CHAME                   
        Tmax  Tmin
     1  11.5  -1.5 
     2  11.5  -2.5 
     3  12.0  -2.5 
     4  13.5   1.5 
     5   7.0   0.5 
     6  14.0  -3.0 
     7   9.5  -3.0 
     8  11.0   0.0 
     9  11.5  -3.0 
    10  11.5   2.0 
    11  11.5   1.0 
    12  10.0  -2.0 
    13   8.0  -1.5 
    14   8.5  -2.5 
    15   9.0  -2.0 
    16   9.0  -2.5 
    17  11.0  -2.0 
    18  14.5  -4.0 
    19   9.5  -1.5 
    20  10.0  -2.0 
    21   5.0  -5.0 
    22   9.5  -5.5 
    23   9.5  -2.0 
    24  10.0  -1.0 
    25  11.5   0.0 
    26  11.0  -1.5 
    27  11.5  -2.0 
    28  12.0  -3.0 
    29   6.5  -2.0 
    30  11.5  -1.0 
    31  12.0  -0.5 
    32  13.5   0.5 
    33  14.5  -1.0 
    34   8.5  -1.0 
    35  10.0  -1.5 
    36   9.0  -1.5 
    37   9.5  -2.0 
    38   8.5  -3.5 
    39   9.0  -4.0 
    40  11.5  -3.5 
    41  16.0  -0.5 
    42  17.0   2.5 
    43  12.0   1.5 
    44  13.5   1.5 
    45  11.0   0.0 
    46  12.5   1.5 
    47  14.0   2.0 
    48  14.0   2.0 
    49  12.0   1.0 
    50  10.0  -1.0 
    51  11.0  -1.0 
    52   7.5   0.5 
    53  10.0  -2.0 
    54  11.5   0.0 
    55   5.0   1.0 
    56   6.5   0.5 
    57  15.5   0.5 
    58  16.5   2.0 
    59  11.5   1.5 
    60  12.5  -1.0 
    61  17.0   0.0 
    62  17.5   1.5 
    63  15.0   2.0 
    64  15.5   1.0 
    65   7.0   1.5 
    66   8.0  -2.0 
    67  11.0  -1.0 
    68  12.0  -2.0 
    69  11.5   1.5 
    70  13.0   1.0 
    71   7.0   0.5 
    72   4.0   0.0 
    73  13.5   DNA 
    74  14.5   1.0 
    75  16.0   2.0 
    76  12.0   2.5 
    77  10.5   2.0 
    78  13.5   1.5 
    79  14.5   0.5 
    80  15.0   5.0 
    81  15.5   2.5 
    82   7.0   3.0 
    83   8.5   0.5 
    84  10.0  -2.0 
    85  13.5   0.0 
    86  14.5   0.0 
    87  14.0   4.5 
    88   4.5  -0.5 
    89  10.0  -0.5 
    90  16.5   3.0 
    91  18.0   2.5 
    92  19.5   4.0 
    93  19.0   6.0 
    94  13.5   4.0 
    95  10.5   6.0 
    96  16.0   2.5 
    97  18.0   3.5 
    98  17.5   3.5 
    99  16.5   3.5 
   100  19.0   4.0 
   101  18.5   5.5 
   102  19.0   4.0 
   103  20.5   4.5 
   104  19.5   4.5 
   105  19.5   4.0 
   106  18.5   4.5 
   107  19.0   3.5 
   108  18.5   4.5 
   109  18.5   5.0 
   110  18.0   6.0 
   111  19.5   4.5 
   112  20.0   5.5 
   113  19.0   6.0 
   114  19.5   6.0 
   115  19.5   6.5 
   116  19.5   9.0 
   117  21.0   7.0 
   118  20.0   7.2 
   119  20.0   6.0 
   120  21.0   6.5 
   121  19.5   6.5 
   122  20.0   7.0 
   123  21.5   7.5 
   124  20.0   8.0 
   125  20.5   6.8 
   126  21.5   7.0 
   127  20.0   6.0 
   128  20.0   7.0 
   129  19.0   6.0 
   130  16.0   5.0 
   131  14.0   4.0 
   132  19.0   3.0 
   133  19.5   5.0 
   134  21.0   9.5 
   135  20.0   9.0 
   136  22.5  10.0 
   137  23.0  10.2 
   138  22.0   9.5 
   139  20.0   7.0 
   140  23.0   8.5 
   141  24.0  10.0 
   142  25.5  10.0 
   143  26.0  10.5 
   144  26.5   9.5 
   145  26.0  10.5 
   146  26.5   9.5 
   147  26.0   8.5 
   148  26.0   9.0 
   149  25.0   8.5 
   150  25.5   9.0 
   151  25.0   8.0 
   152  25.5  10.0 
   153  25.0  10.0 
   154  25.5  11.0 
   155  26.5   9.5 
   156  25.0   8.0 
   157  23.5   8.5 
   158  25.0   8.5 
   159  25.0  10.0 
   160  25.0  10.5 
   161  25.0  11.0 
   162  25.0  12.0 
   163  25.5  10.0 
   164  23.0  10.0 
   165  23.0  10.0 
   166  24.0  11.0 
   167  24.0  11.0 
   168  23.0  12.0 
   169  24.0  10.0 
   170  22.0  12.0 
   171  22.5  13.0 
   172  22.0  12.5 
   173  21.5  12.5 
   174  20.0  13.0 
   175  21.0  10.5 
   176  22.0  11.5 
   177  21.0  10.0 
   178  22.0  10.0 
   179  22.0  11.5 
   180  21.0  11.0 
   181  22.0  12.5 
   182  21.5  11.0 
   183  22.0  11.0 
   184  23.0  11.8 
   185  23.0  14.0 
   186  22.5  12.0 
   187  18.0  11.5 
   188  16.0  11.0 
   189  15.0  11.0 
   190  17.5  10.0 
   191  23.0   9.5 
   192  23.5  12.0 
   193  22.5  11.5 
   194  20.0  12.0 
   195  20.0  12.0 
   196  19.0  13.0 
   197  19.0  13.0 
   198  20.0  13.0 
   199  19.0  13.5 
   200  19.0  13.5 
   201  20.0  12.0 
   202  20.0  11.0 
   203  20.0  12.5 
   204  23.0  12.0 
   205  20.0  13.5 
   206  21.5  13.0 
   207  22.5  12.5 
   208  22.5  12.5 
   209  22.0  12.5 
   210  21.0  12.0 
   211  19.5  13.0 
   212  18.5  12.5 
   213  19.0  12.0 
   214  20.0  12.0 
   215  18.0  13.0 
   216  19.5  12.0 
   217  20.0  13.0 
   218  18.0  12.5 
   219  20.0  12.0 
   220  22.5  13.0 
   221  20.5  12.5 
   222  20.5  11.5 
   223  19.0  12.5 
   224  18.5  12.0 
   225  18.5  12.0 
   226  19.5  11.0 
   227  19.0  12.0 
   228  20.0  12.5 
   229  20.0  12.5 
   230  21.0  11.5 
   231  19.0  11.5 
   232  20.0  12.0 
   233  19.0  12.0 
   234  20.0  12.5 
   235  18.0  12.0 
   236  20.0  12.0 
   237  21.0  12.0 
   238  20.0  12.5 
   239  21.0  12.0 
   240  21.0  12.5 
   241  20.6  12.0 
   242  21.0  12.5 
   243  20.0  12.0 
   244  22.0  12.5 
   245  21.0  12.0 
   246  22.0  12.0 
   247  21.5  13.0 
   248  22.0  13.0 
   249  21.0  13.5 
   250  23.0  13.0 
   251  22.0  12.0 
   252  21.5  11.0 
   253  17.0   9.5 
   254  18.5  10.0 
   255  20.0   9.5 
   256  22.0   9.5 
   257  22.0  12.0 
   258  22.5  12.0 
   259  22.5  12.5 
   260  23.0  11.0 
   261  22.0  12.0 
   262  21.0  12.0 
   263  20.0  12.0 
   264  19.0  11.0 
   265  18.0  11.0 
   266  19.0   9.5 
   267  19.0   9.5 
   268  20.0  10.0 
   269  21.0  11.0 
   270  23.0  11.5 
   271  21.0  11.5 
   272  20.0  10.5 
   273  21.0  10.5 
   274  20.0  10.0 
   275  19.0  10.0 
   276  18.5  10.0 
   277  19.0   9.0 
   278  19.5  10.0 
   279  20.0   9.5 
   280  19.0  10.5 
   281  20.0  10.0 
   282  19.0   9.5 
   283  20.0  10.0 
   284  19.0  11.0 
   285  20.0  11.0 
   286  19.5  10.5 
   287  19.5  11.0 
   288  20.0  10.0 
   289  19.0   9.5 
   290  19.0   9.0 
   291  16.5   9.0 
   292  16.0   6.0 
   293  17.0   5.0 
   294  16.5   8.0 
   295  17.0   7.0 
   296  18.0   8.5 
   297  16.0  10.0 
   298  15.0   4.5 
   299  15.5   5.0 
   300  15.0   6.0 
   301  15.5   4.0 
   302  15.0   5.0 
   303  15.0   5.0 
   304  15.5   5.5 
   305  15.0   6.0 
   306  15.0   2.5 
   307  14.5   2.0 
   308  15.0   1.0 
   309  16.5   2.0 
   310  16.0   1.0 
   311  15.0   2.0 
   312  16.0   2.5 
   313  15.5   1.0 
   314  15.0   1.0 
   315  16.0   1.5 
   316  16.5   3.0 
   317  16.0   3.5 
   318  16.5   5.0 
   319  16.0   4.5 
   320  16.0   6.0 
   321  14.0   6.0 
   322  16.0   3.5 
   323  12.5   6.0 
   324  13.0   1.0 
   325  15.0   1.0 
   326  15.0   2.0 
   327  15.5   1.0 
   328  16.0   2.0 
   329  16.0   1.0 
   330  15.0   2.0 
   331  15.0   1.5 
   332  15.0   1.0 
   333  15.5   0.5 
   334  15.5   0.0 
   335  15.0   0.8 
   336  15.0   0.5 
   337  14.0   0.2 
   338  14.0   0.6 
   339  14.5  -0.2 
   340  15.0   0.0 
   341  14.0   0.2 
   342  14.5  -1.0 
   343  14.0  -0.5 
   344  15.0   0.0 
   345  14.5  -1.0 
   346  14.0  -1.5 
   347  13.5  -1.0 
   348  13.0  -1.0 
   349  12.5  -1.5 
   350  13.0  -1.5 
   351  12.5  -0.5 
   352  13.0  -0.5 
   353  14.5  -0.5 
   354  14.0  -3.0 
   355  14.0  -2.5 
   356  15.0  -3.0 
   357  14.0  -2.5 
   358  15.0  -2.0 
   359  14.5  -3.0 
   360  13.5  -2.0 
   361  13.0  -3.5 
   362  13.0  -3.0 
   363  13.5  -3.5 
   364  13.0  -3.0 
   365  14.0  -2.5 
