2009          Temperature for CHAME                   
        Tmax  Tmin
     1  15.0  -1.6 
     2  15.4  -1.2 
     3  15.5  -2.0 
     4  15.0  -1.6 
     5  13.5  -2.0 
     6  13.5  -3.0 
     7  14.0  -3.2 
     8  15.0  -1.8 
     9  15.5  -1.0 
    10  15.6  -2.2 
    11  15.0  -1.2 
    12  14.8  -2.0 
    13  14.0  -2.6 
    14  14.5  -2.8 
    15  14.0  -2.2 
    16  13.6  -3.0 
    17  13.0  -3.3 
    18  13.4  -3.8 
    19  14.0  -2.4 
    20  14.5  -2.3 
    21  15.0  -3.0 
    22  14.6  -2.2 
    23  14.0  -3.0 
    24  13.5  -3.5 
    25  13.0  -4.0 
    26  13.0  -3.2 
    27  13.5  -3.4 
    28  14.0  -2.6 
    29  14.2  -2.5 
    30  13.5  -3.0 
    31  13.0  -2.0 
    32  14.0  -2.0 
    33  14.5  -0.5 
    34  15.0   1.0 
    35  16.0   1.6 
    36  16.5   0.5 
    37  15.5   1.0 
    38  15.0  -0.5 
    39  14.5  -1.0 
    40  14.0  -0.5 
    41  13.5  -2.0 
    42  14.0  -1.8 
    43  14.6  -0.5 
    44  15.0   0.0 
    45  15.5   0.5 
    46  16.0   1.0 
    47  16.5   1.5 
    48  15.0   1.6 
    49  15.0   0.0 
    50  14.0  -0.8 
    51  14.3  -1.2 
    52  14.0  -1.5 
    53  13.6   0.0 
    54  14.3  -2.0 
    55  14.0  -0.5 
    56  13.6   0.0 
    57  13.5  -1.5 
    58  14.0  -2.0 
    59  14.0  -0.5 
    60  15.0   0.0 
    61  15.6  -1.0 
    62  15.0   0.5 
    63  14.6   0.8 
    64  14.0  -0.2 
    65  14.5  -1.2 
    66  15.2   0.5 
    67  15.6   1.0 
    68  15.0   2.0 
    69  14.0   0.5 
    70  13.6   0.0 
    71  13.5  -2.5 
    72  14.2  -0.6 
    73  15.6   0.5 
    74  16.0   1.0 
    75  16.2   1.6 
    76  16.6   2.0 
    77  16.7   2.3 
    78  17.0   2.0 
    79  17.2   2.2 
    80  18.0   2.0 
    81  18.0   2.3 
    82  17.0   2.5 
    83  16.5   1.6 
    84  15.0  -2.0 
    85  15.0   0.0 
    86  16.0   1.2 
    87  16.4   2.2 
    88  16.8   3.0 
    89  16.2   2.6 
    90  16.0   2.0 
    91  16.5   2.0 
    92  16.7   2.5 
    93  17.5   3.0 
    94  17.0   2.2 
    95  16.6   2.5 
    96  17.0   2.0 
    97  18.0   3.0 
    98  18.0   3.3 
    99  18.0   2.6 
   100  17.5   2.2 
   101  17.0   2.3 
   102  17.6   2.2 
   103  18.0   2.7 
   104  18.2   3.0 
   105  18.7   3.4 
   106  19.0   4.0 
   107  19.5   4.3 
   108  19.0   4.0 
   109  18.5   3.4 
   110  18.0   2.6 
   111  18.0   3.0 
   112  19.0   3.3 
   113  20.0   3.6 
   114  20.5   4.2 
   115  20.0   4.0 
   116  19.5   3.7 
   117  19.0   3.3 
   118  19.5   3.5 
   119  20.2   4.0 
   120  20.6   4.2 
   121  21.0   3.0 
   122  21.0   4.0 
   123  20.0   4.3 
   124  19.5   3.6 
   125  19.0   3.6 
   126  19.7   3.5 
   127  21.0   3.8 
   128  21.5   4.2 
   129  22.0   5.0 
   130  21.6   5.3 
   131  21.0   5.6 
   132  20.6   5.2 
   133  20.5   4.3 
   134  21.0   4.0 
   135  22.0   5.0 
   136  22.5   5.3 
   137  22.0   5.4 
   138  20.6   5.0 
   139  20.0   4.2 
   140  19.3   3.6 
   141  19.7   3.4 
   142  20.2   4.0 
   143  20.7   4.3 
   144  21.0   5.0 
   145  20.0   4.0 
   146  20.3   3.3 
   147  21.0   3.6 
   148  21.3   4.2 
   149  21.6   4.6 
   150  20.6   4.0 
   151  20.2   4.0 
   152  21.5   3.5 
   153  21.0   4.2 
   154  21.5   4.5 
   155  22.0   5.0 
   156  22.5   5.6 
   157  21.0   6.0 
   158  21.0   5.5 
   159  22.0   5.0 
   160  22.5   6.0 
   161  23.0   6.3 
   162  23.5   6.2 
   163  22.0   6.0 
   164  20.5   5.7 
   165  21.5   4.3 
   166  23.0   5.3 
   167  23.5   6.2 
   168  22.0   6.0 
   169  21.0   5.7 
   170  21.0   4.0 
   171  20.5   5.0 
   172  21.0   4.0 
   173  21.5   5.2 
   174  22.0   6.0 
   175  23.1   6.2 
   176  24.0   6.3 
   177  23.0   7.0 
   178  24.0   6.0 
   179  23.5   6.3 
   180  21.5   6.2 
   181  21.3   5.3 
   182  21.5   5.0 
   183  22.0   6.0 
   184  22.2   5.5 
   185  21.0   5.3 
   186  21.0   5.0 
   187  20.6   4.6 
   188  20.7   4.2 
   189  21.2   5.0 
   190  21.6   5.2 
   191  22.0   6.0 
   192  22.3   6.2 
   193  22.6   5.5 
   194  21.0   6.0 
   195  21.3   5.3 
   196  20.5   5.0 
   197  21.0   5.1 
   198  22.0   5.0 
   199  22.3   6.0 
   200  23.0   5.3 
   201  23.5   6.1 
   202  22.5   5.7 
   203  22.0   6.0 
   204  21.5   5.2 
   205  21.0   5.0 
   206  21.5   4.5 
   207  21.0   5.0 
   208  20.0   4.3 
   209  21.2   6.0 
   210  22.0   5.0 
   211  22.5   6.0 
   212  23.0   6.2 
   213  22.5   7.0 
   214  22.0   7.2 
   215  22.2   6.3 
   216  21.0   6.0 
   217  22.2   6.5 
   218  22.0   5.3 
   219  23.6   6.1 
   220  22.4   6.3 
   221  21.6   7.0 
   222  20.7   6.0 
   223  21.5   8.0 
   224  22.0   6.3 
   225  22.3   6.0 
   226  23.0   6.3 
   227  24.2   6.5 
   228  24.4   7.2 
   229  23.7   7.3 
   230  22.3   6.0 
   231  21.0   6.2 
   232  22.3   6.0 
   233  23.0   6.6 
   234  22.0   7.0 
   235  22.1   5.6 
   236  20.5   5.7 
   237  22.0   6.0 
   238  22.5   7.0 
   239  23.0   6.3 
   240  20.5   6.6 
   241  21.0   5.3 
   242  22.0   5.6 
   243  22.3   7.0 
   244  22.0   7.0 
   245  21.0   6.3 
   246  21.0   6.2 
   247  21.5   6.6 
   248  22.3   7.0 
   249  23.0   7.2 
   250  22.0   6.5 
   251  21.3   5.7 
   252  21.0   5.6 
   253  21.6   6.0 
   254  22.0   6.3 
   255  23.0   6.3 
   256  23.3   7.0 
   257  23.0   7.2 
   258  23.4   7.5 
   259  22.5   7.0 
   260  22.0   6.3 
   261  22.0   6.2 
   262  22.5   6.3 
   263  23.0   6.6 
   264  23.2   7.0 
   265  25.0   7.2 
   266  25.2   8.2 
   267  24.3   8.6 
   268  24.0   7.0 
   269  23.5   7.0 
   270  23.0   6.6 
   271  23.0   5.7 
   272  22.6   5.5 
   273  22.3   6.2 
   274  22.0   6.0 
   275  21.0   5.2 
   276  20.0   5.0 
   277  20.2   5.0 
   278  19.0   4.6 
   279  19.5   4.3 
   280  19.8   5.2 
   281  20.2   5.5 
   282  20.4   4.6 
   283  20.0   6.0 
   284  21.0   5.3 
   285  21.0   6.0 
   286  21.2   5.6 
   287  20.0   4.0 
   288  20.2   4.5 
   289  19.5   6.0 
   290  19.0   5.2 
   291  19.0   4.6 
   292  19.5   4.2 
   293  20.0   5.0 
   294  21.0   5.2 
   295  20.0   3.0 
   296  19.0   4.5 
   297  18.5   5.2 
   298  19.0   4.0 
   299  14.5   4.6 
   300  20.0   4.2 
   301  20.2   5.0 
   302  14.5   4.6 
   303  14.0   4.3 
   304  14.0   3.3 
   305  19.0   3.0 
   306  18.0   2.6 
   307  18.2   2.0 
   308  18.5   4.0 
   309  18.0   3.0 
   310  17.3   2.6 
   311  17.0   2.2 
   312  17.5   2.5 
   313  18.0   3.0 
   314  18.3   2.0 
   315  18.6   3.5 
   316  18.0   3.0 
   317  17.5   2.0 
   318  17.0   0.5 
   319  16.7   1.6 
   320  16.3   1.0 
   321  16.0   0.0 
   322  16.0   1.2 
   323  15.5   0.5 
   324  15.3   0.2 
   325  15.0   1.0 
   326  16.0   1.3 
   327  16.2   2.0 
   328  16.6   1.0 
   329  16.0   2.2 
   330  15.7   0.5 
   331  15.3   0.0 
   332  15.0   1.3 
   333  14.7   0.5 
   334  15.0  -1.0 
   335  15.6   0.0 
   336  16.0  -2.0 
   337  15.2  -2.0 
   338  13.6  -0.5 
   339  12.3  -1.5 
   340  12.3  -2.0 
   341  13.0  -3.0 
   342  13.2  -3.2 
   343  13.3  -2.6 
   344  14.0  -3.0 
   345  13.3  -3.5 
   346  13.5  -3.0 
   347  13.0  -2.6 
   348  12.6  -3.0 
   349  12.3  -4.0 
   350  12.7  -4.2 
   351  12.6  -3.0 
   352  13.0  -3.0 
   353  12.0  -4.2 
   354  11.7  -4.0 
   355  11.3  -5.0 
   356  11.0  -4.0 
   357  11.3  -4.3 
   358  11.0  -4.0 
   359  10.2  -5.0 
   360  10.3  -4.7 
   361  10.7  -5.0 
   362  11.0  -5.2 
   363  10.0  -4.6 
   364  10.7  -5.0 
   365  10.3  -4.2 
