2008          Temperature for CHAME                   
        Tmax  Tmin
     1  15.0  -4.0 
     2  15.5  -3.5 
     3  15.5  -3.0 
     4  14.5  -4.0 
     5  14.0  -4.0 
     6  13.5  -3.0 
     7  14.5  -3.5 
     8  15.0  -4.5 
     9  14.5  -4.0 
    10  14.0  -4.0 
    11  14.0  -4.5 
    12  15.0  -5.0 
    13  13.5  -3.5 
    14  14.0  -5.5 
    15  14.5  -4.0 
    16  15.0  -3.5 
    17  14.0  -3.0 
    18  13.5  -3.5 
    19  13.0  -4.0 
    20  13.0  -5.0 
    21  12.5  -5.5 
    22  12.5  -4.5 
    23  13.5  -5.0 
    24  13.0  -4.5 
    25  14.0  -4.0 
    26  13.5  -3.5 
    27  13.0  -4.0 
    28  13.0  -5.0 
    29  12.5  -5.5 
    30  12.5  -5.5 
    31  13.0  -4.5 
    32  14.0  -3.0 
    33  15.0  -2.0 
    34  14.5  -2.5 
    35  15.0  -2.0 
    36  16.0  -3.0 
    37  16.5  -2.0 
    38  15.5  -1.5 
    39  15.5  -2.0 
    40  15.0  -2.5 
    41  15.5  -3.5 
    42  16.0  -2.0 
    43  15.0  -1.5 
    44  15.0  -2.5 
    45  14.5  -3.0 
    46  15.0  -3.5 
    47  15.0  -2.5 
    48  14.5  -2.0 
    49  14.0  -3.5 
    50  15.0  -3.0 
    51  16.0  -2.0 
    52  16.5  -1.5 
    53  17.0   1.0 
    54  17.0   2.0 
    55  18.0   0.5 
    56  17.5   2.0 
    57  18.0   0.0 
    58  18.5   1.5 
    59  18.5   2.0 
    60  18.0   2.5 
    61  19.0  -2.0 
    62  20.0  -1.0 
    63  20.5   0.0 
    64  21.5   1.0 
    65  20.0   2.0 
    66  20.5   2.0 
    67  20.0   3.0 
    68  19.5   2.0 
    69  20.5   1.0 
    70  20.0   3.0 
    71  19.5   2.0 
    72  19.0   2.0 
    73  18.5   1.5 
    74  19.5   1.0 
    75  20.0   2.5 
    76  21.0   3.0 
    77  21.0   3.5 
    78  20.0   4.0 
    79  19.5   2.0 
    80  21.0   2.5 
    81  21.5   4.0 
    82  21.0   3.5 
    83  20.0   3.0 
    84  20.0   3.5 
    85  19.0   2.5 
    86  20.0   2.0 
    87  20.5   3.0 
    88  21.0   3.5 
    89  19.5   3.0 
    90  19.5  -2.0 
    91  20.5  -1.0 
    92  21.0   2.0 
    93  21.5   3.0 
    94  20.0   3.5 
    95  19.5   2.5 
    96  20.5   2.5 
    97  21.0   3.0 
    98  21.5   3.5 
    99  20.0   4.5 
   100  19.5   3.0 
   101  20.5   2.5 
   102  21.0   4.0 
   103  21.5   4.5 
   104  21.0   4.0 
   105  20.5   3.0 
   106  20.5   3.5 
   107  19.5   3.0 
   108  20.0   0.5 
   109  21.0   1.5 
   110  21.5   3.5 
   111  21.5   4.0 
   112  21.0   4.5 
   113  20.5   3.5 
   114  20.5   3.0 
   115  21.0   3.5 
   116  21.5   4.5 
   117  22.0   4.0 
   118  20.0   4.0 
   119  20.0   3.5 
   120  21.0   3.0 
   121  21.5   4.0 
   122  19.5   3.0 
   123  19.0   4.5 
   124  20.5   4.0 
   125  21.0   5.0 
   126  20.0   5.5 
   127  22.0   5.0 
   128  20.5   6.0 
   129  20.0   4.5 
   130  21.0   4.0 
   131  21.5   5.0 
   132  22.5   5.5 
   133  21.0   6.5 
   134  20.0   6.0 
   135  19.5   4.5 
   136  19.5   3.5 
   137  20.0   4.0 
   138  21.0   4.5 
   139  20.5   3.0 
   140  20.0   3.5 
   141  19.5   3.0 
   142  19.5   3.0 
   143  21.0   3.5 
   144  21.5   4.5 
   145  20.0   5.0 
   146  19.0   3.5 
   147  19.5   3.0 
   148  19.0   3.5 
   149  19.0   3.0 
   150  21.5   3.0 
   151  21.5   3.0 
   152  20.5   4.6 
   153  20.0   5.0 
   154  21.0   5.0 
   155  21.0   6.2 
   156  22.0   7.0 
   157  21.5   7.5 
   158  20.0   6.0 
   159  20.5   6.5 
   160  22.0   7.0 
   161  21.0   7.5 
   162  20.5   7.0 
   163  20.5   6.5 
   164  21.0   6.0 
   165  21.5   6.3 
   166  20.5   7.5 
   167  20.0   6.0 
   168  20.5   6.0 
   169  21.0   5.5 
   170  22.0   7.2 
   171  21.5   7.3 
   172  20.0   6.5 
   173  21.5   5.6 
   174  21.0   6.7 
   175  20.5   6.0 
   176  20.0   6.5 
   177  22.0   6.7 
   178  21.5   7.0 
   179  20.0   6.4 
   180  20.0   6.0 
   181  21.0   6.2 
   182  21.5   6.0 
   183  21.0   5.0 
   184  20.5   6.5 
   185  21.0   5.5 
   186  21.5   6.0 
   187  22.0   6.3 
   188  20.0   7.0 
   189  19.5   5.5 
   190  19.0   6.0 
   191  20.0   6.0 
   192  21.0   6.2 
   193  21.2   7.0 
   194  20.5   6.3 
   195  19.5   5.5 
   196  20.0   5.3 
   197  20.5   6.0 
   198  20.5   6.3 
   199  20.0   6.5 
   200  19.5   5.7 
   201  19.5   5.2 
   202  20.2   5.3 
   203  20.5   6.0 
   204  21.5   6.2 
   205  20.0   6.5 
   206  20.0   5.7 
   207  19.4   5.2 
   208  19.8   5.3 
   209  20.5   6.0 
   210  20.6   6.3 
   211  21.3   7.0 
   212  21.0   7.2 
   213  20.0   6.6 
   214  20.5   6.3 
   215  20.0   6.5 
   216  21.0   5.5 
   217  21.5   8.0 
   218  21.5   7.2 
   219  20.0   7.0 
   220  19.5   6.6 
   221  19.0   6.0 
   222  19.5   6.0 
   223  21.0   6.3 
   224  21.0   7.1 
   225  20.5   7.3 
   226  20.0   6.6 
   227  20.5   6.5 
   228  21.5   7.0 
   229  22.0   8.2 
   230  20.5   8.3 
   231  20.5   6.5 
   232  21.0   6.3 
   233  21.5   7.2 
   234  22.5   7.5 
   235  22.0   8.5 
   236  21.0   8.0 
   237  20.5   7.3 
   238  20.5   7.7 
   239  20.0   6.7 
   240  21.0   6.3 
   241  21.5   7.0 
   242  22.5   7.3 
   243  23.0   7.7 
   244  23.0   8.2 
   245  21.0   8.0 
   246  20.5   7.0 
   247  20.0   6.4 
   248  21.0   6.0 
   249  21.5   6.5 
   250  20.5   6.6 
   251  19.5   6.2 
   252  19.0   5.3 
   253  19.5   5.0 
   254  19.0   5.5 
   255  20.0   5.6 
   256  20.5   6.3 
   257  20.0   6.5 
   258  19.0   6.0 
   259  21.0   6.2 
   260  21.5   6.5 
   261  20.0   7.2 
   262  20.5   6.0 
   263  19.5   6.2 
   264  21.0   5.5 
   265  21.5   6.2 
   266  21.5   6.3 
   267  20.0   7.0 
   268  19.5   5.2 
   269  19.0   5.0 
   270  19.5   5.0 
   271  19.5   5.3 
   272  20.5   5.2 
   273  20.5   6.6 
   274  19.0   5.7 
   275  19.0   4.6 
   276  20.0   4.0 
   277  20.5   4.5 
   278  20.0   5.2 
   279  19.5   3.0 
   280  19.0   3.5 
   281  18.0   3.6 
   282  18.5   3.0 
   283  19.0   4.0 
   284  19.5   4.3 
   285  20.0   4.7 
   286  19.0   4.5 
   287  18.0   3.7 
   288  17.5   3.4 
   289  18.0   3.5 
   290  18.5   4.2 
   291  19.5   4.7 
   292  19.0   4.5 
   293  18.5   4.0 
   294  18.0   3.5 
   295  18.0   3.3 
   296  18.5   3.5 
   297  19.5   3.2 
   298  19.0   4.0 
   299  18.5   4.2 
   300  18.0   3.6 
   301  18.0   3.0 
   302  17.5   2.3 
   303  17.0   2.6 
   304  18.0   2.3 
   305  18.5   3.3 
   306  18.0   2.3 
   307  18.0   2.0 
   308  17.0   1.0 
   309  16.5   0.5 
   310  16.0   0.5 
   311  17.0   0.0 
   312  17.5   1.0 
   313  16.5   1.5 
   314  16.0   1.3 
   315  15.5   1.2 
   316  15.5   0.5 
   317  15.0  -1.0 
   318  15.0  -0.5 
   319  15.3   0.0 
   320  15.5   0.5 
   321  16.0   1.0 
   322  16.0   1.6 
   323  15.5   1.8 
   324  15.0   0.6 
   325  14.5   0.0 
   326  14.0  -0.5 
   327  14.0  -1.0 
   328  14.5  -1.5 
   329  15.0  -2.0 
   330  15.0  -0.5 
   331  15.5   0.5 
   332  15.0   1.0 
   333  14.5   0.6 
   334  14.0   0.2 
   335  14.5  -0.6 
   336  15.0  -1.5 
   337  16.0   0.0 
   338  16.5   0.5 
   339  16.0   1.0 
   340  15.0   0.5 
   341  15.0  -1.0 
   342  14.7  -1.6 
   343  14.3  -1.5 
   344  15.0  -1.2 
   345  15.3  -0.5 
   346  16.0   0.0 
   347  16.5   1.0 
   348  15.5   1.5 
   349  15.0   0.0 
   350  14.5  -1.2 
   351  14.0  -2.0 
   352  14.5  -2.2 
   353  15.5  -1.6 
   354  15.5  -1.0 
   355  15.0  -0.6 
   356  16.0  -1.6 
   357  16.5  -0.5 
   358  16.0   0.0 
   359  15.0   0.2 
   360  14.5  -0.8 
   361  14.0  -1.7 
   362  14.0  -2.2 
   363  14.5  -2.0 
   364  15.0  -1.6 
   365  14.0  -2.0 
   366  14.2  -2.5 
