      1    0.0
      2    0.0
      3    0.0
      4    0.0
      5    0.0
      6    0.0
      7    6.1
      8    0.2
      9    0.0
     10    0.0
     11    0.0
     12    0.0
     13    0.0
     14    0.0
     15    0.0
     16    0.0
     17    0.0
     18    0.0
     19    0.0
     20    0.0
     21    0.0
     22    0.0
     23    0.0
     24    0.0
     25    0.0
     26    0.0
     27    0.0
     28    0.0
     29    0.0
     30    0.0
     31    0.0
     32   16.9
     33    0.0
     34    0.0
     35    0.0
     36    0.0
     37    0.0
     38    0.0
     39    0.0
     40    0.0
     41    0.0
     42    0.0
     43    0.0
     44    0.0
     45    0.0
     46    0.0
     47    0.0
     48    1.5
     49    0.0
     50    0.0
     51    0.0
     52    0.0
     53    0.0
     54    0.0
     55    0.0
     56    5.0
     57    0.7
     58    0.0
     59    0.0
     60    0.0
     61   22.3
     62    0.0
     63    0.0
     64    0.0
     65    0.0
     66    0.0
     67    0.0
     68    0.0
     69    0.0
     70    0.0
     71    0.0
     72    0.0
     73    0.0
     74    0.0
     75    0.0
     76    0.0
     77    0.0
     78    0.0
     79    0.0
     80    0.0
     81    0.0
     82    1.0
     83    4.0
     84    1.1
     85   38.5
     86   12.6
     87    0.0
     88    0.0
     89    0.0
     90    0.0
     91    0.0
     92    0.0
     93    0.0
     94    0.0
     95    0.0
     96    0.0
     97    0.0
     98    0.0
     99    0.0
    100    0.0
    101    0.0
    102    0.0
    103    0.0
    104    3.3
    105    0.0
    106    0.0
    107    0.0
    108    0.0
    109    0.0
    110    0.0
    111    0.0
    112    0.0
    113    1.4
    114    0.0
    115   14.2
    116    0.0
    117   12.7
    118    4.0
    119    0.7
    120    0.0
    121    0.0
    122    0.0
    123    0.0
    124    0.0
    125    0.0
    126    0.0
    127    0.0
    128    0.0
    129    0.0
    130   22.5
    131    0.0
    132    0.0
    133    0.0
    134    0.0
    135    0.0
    136    0.0
    137    1.0
    138   11.0
    139    0.0
    140    0.0
    141    2.2
    142    0.0
    143    0.0
    144    0.0
    145    0.0
    146    0.0
    147   19.0
    148   22.5
    149    0.3
    150    0.0
    151    0.0
    152    0.0
    153    0.0
    154    0.0
    155    0.0
    156    0.0
    157    0.0
    158    2.0
    159    5.5
    160    0.0
    161   44.0
    162    1.5
    163    7.0
    164    0.0
    165    0.0
    166    5.5
    167    0.0
    168    1.5
    169    0.0
    170    0.0
    171    0.0
    172    5.0
    173    0.0
    174   20.5
    175    3.5
    176    9.4
    177    4.2
    178   40.7
    179    7.0
    180    0.8
    181    0.6
    182    0.0
    183    0.0
    184    0.0
    185    0.0
    186    0.2
    187    0.0
    188   14.2
    189    0.0
    190    0.0
    191    0.6
    192    5.8
    193    0.3
    194    0.0
    195   12.2
    196    5.2
    197    0.6
    198   30.2
    199   15.6
    200    0.0
    201    0.0
    202    0.0
    203    0.0
    204   20.0
    205   33.2
    206    5.2
    207    3.4
    208    0.0
    209    5.8
    210    1.0
    211    0.0
    212    9.0
    213   45.4
    214   31.4
    215    0.0
    216    0.0
    217    0.4
    218   10.0
    219   14.2
    220    0.0
    221    0.2
    222    0.0
    223    5.6
    224    3.0
    225    0.0
    226    0.0
    227    7.8
    228   17.8
    229    0.8
    230    0.0
    231    0.0
    232   17.4
    233    1.0
    234    0.0
    235   32.6
    236    4.6
    237   57.6
    238   24.4
    239    0.0
    240    7.7
    241    6.4
    242   11.9
    243   33.0
    244    0.0
    245    0.4
    246   14.2
    247    0.3
    248    8.8
    249   78.6
    250   43.6
    251    4.2
    252    0.0
    253    5.0
    254   12.0
    255    0.0
    256    0.4
    257    0.0
    258    4.2
    259    5.4
    260    0.2
    261    0.0
    262    0.0
    263    0.0
    264    0.0
    265   10.4
    266    2.6
    267   66.6
    268   26.6
    269    4.4
    270    2.8
    271    0.0
    272    0.0
    273    0.0
    274    0.0
    275    0.0
    276    0.0
    277    0.0
    278    0.0
    279    0.0
    280    0.0
    281    0.0
    282    0.0
    283    0.0
    284    0.0
    285    0.0
    286    0.0
    287    0.0
    288    0.0
    289    0.0
    290    0.0
    291    0.0
    292    0.0
    293    0.0
    294    0.0
    295    0.0
    296    0.0
    297    0.0
    298    0.0
    299    0.0
    300    0.0
    301    0.0
    302    0.0
    303    0.0
    304    0.0
    305    0.0
    306    0.0
    307    0.0
    308    0.0
    309    0.0
    310    0.0
    311    0.0
    312    0.0
    313    0.0
    314    0.0
    315    0.0
    316    0.0
    317    0.0
    318    0.0
    319    0.0
    320    0.0
    321    0.0
    322    0.0
    323    0.0
    324    0.0
    325    0.0
    326    0.0
    327    0.0
    328    0.0
    329    0.0
    330    0.0
    331    0.0
    332    0.0
    333    0.0
    334    0.0
    335    0.0
    336    0.0
    337    0.0
    338    0.0
    339    0.0
    340    0.0
    341    0.0
    342    0.0
    343    0.0
    344    0.0
    345    0.0
    346    0.0
    347    0.0
    348    0.0
    349    0.0
    350    0.0
    351    0.0
    352    0.0
    353    0.0
    354    0.0
    355    0.0
    356    0.0
    357    0.0
    358    0.0
    359    0.0
    360    0.0
    361    0.0
    362    0.0
    363    0.0
    364    0.0
    365    0.0
