      1    0.0
      2    0.0
      3    0.0
      4    0.0
      5    0.0
      6    0.0
      7    0.0
      8    0.0
      9    0.0
     10    0.0
     11    0.0
     12    0.0
     13    0.0
     14    0.0
     15    0.0
     16    1.0
     17   46.2
     18    0.0
     19    2.0
     20    0.0
     21    0.6
     22    0.0
     23    0.0
     24    0.0
     25    0.0
     26    0.0
     27    0.0
     28   15.0
     29   12.0
     30    0.0
     31    0.0
     32    0.0
     33    0.0
     34    0.0
     35    0.0
     36    0.0
     37    0.0
     38    0.0
     39    0.0
     40    0.0
     41    0.0
     42    0.0
     43    0.2
     44    0.0
     45    0.0
     46    0.0
     47    0.0
     48    0.0
     49    0.0
     50    0.0
     51    0.0
     52    0.0
     53    0.0
     54    0.0
     55    0.0
     56    0.0
     57    4.0
     58    0.0
     59    0.0
     60    0.0
     61    0.0
     62    1.6
     63    0.0
     64    0.0
     65    0.0
     66    0.0
     67    0.0
     68    0.0
     69    0.0
     70    0.0
     71    0.0
     72    0.0
     73    0.0
     74    0.0
     75    0.0
     76    0.0
     77    0.0
     78    0.0
     79    0.0
     80    0.0
     81    0.0
     82    0.0
     83    0.0
     84    0.0
     85    0.0
     86    0.3
     87   13.0
     88    T  
     89    0.0
     90    0.0
     91    0.0
     92   11.8
     93   13.5
     94    6.8
     95    0.0
     96    0.0
     97    0.0
     98    T  
     99    0.0
    100    0.0
    101    0.0
    102    7.8
    103    0.0
    104    0.0
    105    0.0
    106    0.0
    107    0.6
    108    0.0
    109    0.0
    110    0.0
    111    0.0
    112    7.0
    113    1.8
    114    0.0
    115    0.0
    116    0.0
    117   16.8
    118    0.0
    119    0.0
    120    6.6
    121    0.0
    122    0.0
    123    T  
    124   15.4
    125    2.2
    126    T  
    127    T  
    128    0.0
    129    0.0
    130   21.0
    131    0.0
    132    0.0
    133    0.0
    134    0.0
    135   26.8
    136    0.0
    137    0.0
    138   65.2
    139   69.0
    140    0.0
    141    0.0
    142    0.0
    143    0.0
    144    0.0
    145    0.0
    146    0.0
    147   52.2
    148    0.0
    149    0.0
    150    0.0
    151    T  
    152    0.0
    153    1.0
    154    3.0
    155    5.0
    156   21.2
    157    0.0
    158    1.0
    159    T  
    160    0.0
    161    0.0
    162   45.0
    163    0.0
    164    0.5
    165    2.6
    166    0.0
    167    0.0
    168    0.0
    169    0.0
    170   11.5
    171    1.0
    172    0.0
    173    0.0
    174    T  
    175    T  
    176    T  
    177    4.3
    178    1.0
    179    0.0
    180    8.7
    181   60.5
    182   69.5
    183    3.9
    184   40.5
    185    2.8
    186    1.2
    187    0.7
    188    T  
    189   17.0
    190   66.0
    191    9.5
    192   73.6
    193    4.3
    194    0.0
    195   18.7
    196   15.2
    197    0.0
    198   33.8
    199    1.6
    200   18.0
    201    0.2
    202   32.5
    203   63.0
    204   90.3
    205   60.2
    206  113.0
    207   49.6
    208   67.0
    209   36.0
    210   31.2
    211    0.0
    212    1.8
    213    9.5
    214   27.5
    215    0.0
    216    0.0
    217    1.0
    218    8.1
    219    2.2
    220   70.3
    221    0.0
    222    T  
    223    1.2
    224    2.2
    225    1.0
    226    0.0
    227    0.0
    228    0.0
    229    0.0
    230   26.2
    231    T  
    232    0.0
    233   15.0
    234    2.0
    235    0.0
    236    1.6
    237    0.0
    238    0.0
    239    0.5
    240    0.0
    241    1.0
    242    0.0
    243    T  
    244    0.0
    245    T  
    246    0.0
    247    0.0
    248    9.2
    249    0.0
    250    0.0
    251    0.0
    252    0.0
    253   14.0
    254   17.8
    255    T  
    256    0.0
    257    2.0
    258    3.3
    259   16.2
    260    0.0
    261    0.8
    262    0.0
    263    0.0
    264    0.0
    265   16.3
    266    0.5
    267    9.2
    268    2.4
    269   20.4
    270    7.0
    271    0.0
    272    0.0
    273    T  
    274    0.0
    275    0.0
    276    0.0
    277    0.0
    278    T  
    279    0.2
    280    0.0
    281    0.0
    282    1.0
    283    0.0
    284    0.0
    285    0.0
    286    0.0
    287    0.0
    288    0.0
    289    0.0
    290    0.0
    291    T  
    292    6.0
    293    0.0
    294    1.5
    295    0.0
    296    9.0
    297    8.8
    298    0.0
    299    0.0
    300    0.0
    301    0.0
    302    0.0
    303    0.0
    304    0.0
    305    0.0
    306    0.0
    307    0.0
    308    0.0
    309    0.0
    310    0.0
    311    0.0
    312    0.0
    313    0.0
    314    0.0
    315    0.0
    316    0.0
    317    0.0
    318    0.0
    319    0.0
    320    0.0
    321    0.0
    322    0.0
    323    0.0
    324    0.0
    325    0.0
    326    0.0
    327    0.0
    328    0.0
    329    0.0
    330    0.0
    331    0.0
    332    0.0
    333    0.0
    334    0.0
    335    0.0
    336    0.0
    337    0.0
    338    0.0
    339    0.0
    340    0.0
    341    0.0
    342    0.0
    343    0.0
    344    0.0
    345    0.0
    346    0.0
    347    0.0
    348    0.0
    349    0.0
    350    0.0
    351    0.0
    352    0.0
    353    0.0
    354    0.0
    355    0.0
    356    0.0
    357    0.0
    358    0.0
    359    0.0
    360    0.0
    361    0.0
    362    0.0
    363    0.0
    364    0.0
    365    0.0
