      1    0.0
      2    0.0
      3    0.0
      4    0.0
      5    0.0
      6    0.0
      7    0.0
      8    0.0
      9   31.0
     10    0.0
     11    0.0
     12    0.0
     13    0.0
     14    0.0
     15    0.0
     16    0.0
     17    0.0
     18    0.0
     19    0.0
     20    0.0
     21    0.0
     22    0.0
     23    0.0
     24    0.0
     25    0.0
     26    0.0
     27    0.0
     28    0.0
     29    0.0
     30    0.0
     31    0.0
     32    0.0
     33    0.0
     34    0.0
     35    0.0
     36    0.0
     37    0.0
     38    0.0
     39    0.0
     40    0.0
     41    0.0
     42    0.0
     43    0.0
     44    0.0
     45    0.0
     46    0.0
     47    0.0
     48    0.0
     49    0.0
     50    7.0
     51   15.2
     52    0.0
     53    0.0
     54    0.0
     55    0.0
     56    0.0
     57    0.0
     58    0.0
     59    0.0
     60    0.0
     61    0.0
     62    0.0
     63    0.0
     64    0.0
     65    0.0
     66    0.0
     67    0.0
     68    0.0
     69    0.0
     70    0.0
     71    0.0
     72    0.0
     73    0.0
     74    0.0
     75    0.0
     76    0.0
     77    0.0
     78    6.6
     79    0.0
     80    0.0
     81    0.0
     82    0.0
     83    0.0
     84    0.0
     85    0.0
     86    0.0
     87    0.0
     88    0.6
     89    1.6
     90    0.0
     91    0.0
     92    0.0
     93    0.0
     94    0.0
     95    0.0
     96    0.0
     97    0.0
     98    0.0
     99    0.0
    100    0.0
    101    0.0
    102    0.0
    103    0.0
    104    0.0
    105    0.0
    106    0.0
    107    0.0
    108    0.0
    109    0.0
    110    0.0
    111    0.0
    112    0.0
    113    0.0
    114    0.0
    115    0.0
    116    0.0
    117    0.0
    118    0.0
    119    0.0
    120    0.0
    121    0.0
    122    0.0
    123    0.0
    124    0.0
    125    0.0
    126    0.0
    127    0.0
    128    0.0
    129    0.0
    130    0.0
    131    0.0
    132    5.5
    133   10.5
    134   41.0
    135    6.0
    136    0.0
    137    0.0
    138    0.0
    139    T  
    140   29.0
    141    4.0
    142    0.0
    143    0.0
    144    0.0
    145    6.2
    146    7.7
    147   18.3
    148   71.0
    149    5.5
    150   17.0
    151   24.0
    152    0.0
    153    0.0
    154    0.0
    155    0.0
    156    8.5
    157    0.6
    158    9.2
    159   35.7
    160    0.0
    161    0.0
    162    0.0
    163    0.0
    164    9.7
    165    5.0
    166  142.0
    167   83.7
    168    0.0
    169   78.0
    170    1.0
    171    3.5
    172    9.2
    173    0.0
    174    2.0
    175   27.0
    176    T  
    177    0.0
    178    0.0
    179    0.0
    180   21.7
    181   19.7
    182    0.0
    183    0.0
    184    0.0
    185    0.5
    186    2.5
    187   43.7
    188    0.0
    189    3.2
    190    0.0
    191   15.0
    192   25.5
    193    0.0
    194    2.8
    195  160.0
    196   66.0
    197    9.0
    198   61.0
    199   28.7
    200   38.2
    201   13.0
    202   20.0
    203   16.0
    204    1.0
    205    0.0
    206   10.5
    207    0.0
    208  240.0
    209    3.0
    210   29.2
    211    3.0
    212   14.0
    213   33.0
    214    T  
    215    0.0
    216    T  
    217    2.5
    218    0.0
    219   41.7
    220    0.0
    221    0.5
    222   42.0
    223   13.5
    224    1.0
    225    5.8
    226   21.5
    227   37.0
    228   44.0
    229    0.0
    230    5.2
    231    0.0
    232   14.2
    233   12.3
    234    0.5
    235    0.0
    236    0.0
    237    1.5
    238   54.0
    239    0.0
    240   81.0
    241    0.0
    242    0.0
    243    2.5
    244   55.4
    245    0.0
    246   39.0
    247   25.5
    248   70.4
    249   53.8
    250   33.5
    251    0.0
    252    0.0
    253    0.0
    254  120.0
    255    0.0
    256    0.7
    257   18.5
    258   12.0
    259    0.0
    260   56.0
    261  123.0
    262   24.4
    263    6.0
    264    0.5
    265   39.6
    266    0.0
    267    0.0
    268    0.0
    269    0.0
    270    0.0
    271   16.0
    272   40.0
    273   17.5
    274    0.5
    275    0.0
    276    0.0
    277    0.0
    278    0.0
    279   36.5
    280    1.7
    281    0.0
    282    0.0
    283   12.2
    284    0.0
    285    4.4
    286    0.0
    287    0.0
    288    0.0
    289    0.0
    290    0.0
    291    6.5
    292    0.0
    293    0.0
    294    0.0
    295    0.0
    296    0.0
    297    0.0
    298    0.0
    299    0.0
    300    0.0
    301    0.0
    302    0.0
    303    0.0
    304    0.0
    305    0.0
    306    0.0
    307    0.0
    308    0.0
    309    0.0
    310    T  
    311    0.0
    312    0.0
    313    0.0
    314    0.0
    315    0.0
    316    0.0
    317    0.0
    318    0.0
    319    0.0
    320    0.0
    321    0.0
    322    0.0
    323    0.0
    324    0.0
    325    0.0
    326    0.0
    327    0.0
    328    0.0
    329    0.0
    330    0.0
    331    0.0
    332    0.0
    333    0.0
    334    0.0
    335    0.0
    336    0.0
    337    0.0
    338    0.0
    339    0.0
    340    0.0
    341    0.0
    342    0.0
    343    0.0
    344    0.0
    345    0.0
    346    0.0
    347    0.0
    348    0.0
    349    0.0
    350    0.0
    351    0.0
    352    0.0
    353    0.0
    354    0.0
    355    0.0
    356    0.0
    357    0.0
    358    0.0
    359    T  
    360    0.0
    361    0.2
    362    0.0
    363    0.0
    364    0.0
    365    0.0
