1982          Temperature for DHANGADHI (ATARIYA)     
        Tmax  Tmin
     1  22.2   DNA 
     2  21.4   DNA 
     3  22.8   DNA 
     4  21.8   DNA 
     5  24.2   DNA 
     6  24.2   DNA 
     7  24.0   DNA 
     8  23.2   DNA 
     9  24.2   DNA 
    10  23.0   DNA 
    11  24.2   DNA 
    12  24.1   DNA 
    13  24.5   DNA 
    14  22.1   DNA 
    15  22.0   DNA 
    16  22.3   DNA 
    17  22.6   DNA 
    18  23.0   DNA 
    19  23.6   DNA 
    20  23.7   DNA 
    21  25.0   DNA 
    22  25.2   DNA 
    23  24.8   DNA 
    24  24.5   DNA 
    25  24.2   DNA 
    26  23.9   DNA 
    27  24.1   DNA 
    28  23.9   DNA 
    29  22.9   DNA 
    30  25.0   DNA 
    31  22.8   DNA 
    32  22.1   DNA 
    33  25.2   DNA 
    34  22.8   DNA 
    35  25.1   DNA 
    36  22.7   DNA 
    37  22.1   DNA 
    38  25.0   DNA 
    39  24.3   DNA 
    40  24.1   DNA 
    41  25.1   DNA 
    42  24.2   DNA 
    43   DNA   DNA 
    44   DNA   DNA 
    45   DNA   DNA 
    46   DNA   DNA 
    47   DNA   DNA 
    48   DNA   DNA 
    49   DNA   DNA 
    50   DNA   DNA 
    51   DNA   DNA 
    52   DNA   DNA 
    53   DNA   DNA 
    54   DNA   DNA 
    55   DNA   DNA 
    56   DNA   DNA 
    57   DNA   DNA 
    58   DNA   DNA 
    59   DNA   DNA 
    60   DNA   DNA 
    61   DNA   DNA 
    62   DNA   DNA 
    63   DNA   DNA 
    64   DNA   DNA 
    65   DNA   DNA 
    66   DNA   DNA 
    67   DNA   DNA 
    68   DNA   DNA 
    69   DNA   DNA 
    70   DNA   DNA 
    71   DNA   DNA 
    72   DNA   DNA 
    73  28.2   DNA 
    74  28.4   DNA 
    75  30.0   DNA 
    76  30.4   DNA 
    77  30.8   DNA 
    78  30.8   DNA 
    79  31.2   DNA 
    80  30.0   DNA 
    81  30.0   DNA 
    82  29.2   DNA 
    83  25.2   DNA 
    84  27.6   DNA 
    85  29.6   DNA 
    86  29.8   DNA 
    87  31.8   DNA 
    88  32.2   DNA 
    89  32.2   DNA 
    90  32.8   DNA 
    91  34.8   DNA 
    92  32.6   DNA 
    93  34.4   DNA 
    94  36.4   DNA 
    95  35.8   DNA 
    96  36.0   DNA 
    97  36.0   DNA 
    98  32.8   DNA 
    99  33.0   DNA 
   100  32.6   DNA 
   101  33.0   DNA 
   102  33.0   DNA 
   103  35.0   DNA 
   104  36.0   DNA 
   105  36.0   DNA 
   106  35.0   DNA 
   107  30.0   DNA 
   108  32.8   DNA 
   109  33.1   DNA 
   110  33.3   DNA 
   111  33.1   DNA 
   112  35.2   DNA 
   113  30.1   DNA 
   114   DNA   DNA 
   115   DNA   DNA 
   116   DNA   DNA 
   117  31.2   DNA 
   118   DNA   DNA 
   119  34.5   DNA 
   120  34.4   DNA 
   121  34.7   DNA 
   122  36.1   DNA 
   123  36.3   DNA 
   124  36.1   DNA 
   125  36.2   DNA 
   126  36.3   DNA 
   127  35.7   DNA 
   128  36.1   DNA 
   129  36.0   DNA 
   130  36.4   DNA 
   131  33.1   DNA 
   132  24.7   DNA 
   133  27.6   DNA 
   134   DNA   DNA 
   135   DNA   DNA 
   136   DNA   DNA 
   137   DNA   DNA 
   138   DNA   DNA 
   139   DNA   DNA 
   140   DNA   DNA 
   141   DNA   DNA 
   142   DNA   DNA 
   143   DNA   DNA 
   144   DNA   DNA 
   145   DNA   DNA 
   146  41.4  21.2 
   147  39.8  26.8 
   148  39.9  24.9 
   149  40.4  23.8 
   150  41.6  25.0 
   151   DNA   DNA 
   152   DNA   DNA 
   153   DNA   DNA 
   154   DNA   DNA 
   155   DNA   DNA 
   156  40.0  24.4 
   157  37.1  27.0 
   158  37.6  26.9 
   159  33.2  29.8 
   160  34.2  25.0 
   161  37.4  26.6 
   162  36.7  28.8 
   163  32.5  26.5 
   164  31.7  26.7 
   165  30.1  23.9 
   166  33.4  25.0 
   167  33.5  28.0 
   168  34.0  23.0 
   169  34.0  23.5 
   170  34.4  26.2 
   171  36.2  26.2 
   172  37.6  26.1 
   173  37.4  26.8 
   174  35.2  25.1 
   175  35.3  23.8 
   176  37.4  24.5 
   177  37.2  27.0 
   178  37.6  27.5 
   179  33.6  24.0 
   180  33.7  24.0 
   181  32.4  25.0 
   182  35.6  28.1 
   183  38.0  26.9 
   184  40.4  27.3 
   185  40.4  27.0 
   186  39.8  26.5 
   187  40.0  28.5 
   188  40.0  29.2 
   189  38.0  28.8 
   190  39.2  29.0 
   191  38.9  29.4 
   192  34.2  27.5 
   193  32.2  23.0 
   194  32.1  24.0 
   195  32.6  23.7 
   196  35.6  28.3 
   197  34.8  25.5 
   198  36.8  28.4 
   199  36.6  28.1 
   200  27.7  24.0 
   201  32.8  24.5 
   202  34.4  26.0 
   203  34.8  27.4 
   204  31.4  26.1 
   205  31.5  25.0 
   206  28.4  25.1 
   207  33.9  25.7 
   208  31.8  24.0 
   209  33.9  26.1 
   210  34.6  27.6 
   211  34.4  28.1 
   212  33.9  26.3 
   213  35.1  28.4 
   214  33.0  27.3 
   215  33.4  27.1 
   216  32.2  25.5 
   217  33.2  25.4 
   218  34.0  26.1 
   219  35.4  26.0 
   220  34.1  26.2 
   221  31.6  26.4 
   222  31.5  26.1 
   223  35.5  25.3 
   224  36.0  26.2 
   225  36.1  25.5 
   226  34.4  27.2 
   227  33.0  27.1 
   228  33.7  27.0 
   229  36.0  26.1 
   230  32.0  27.0 
   231  33.2  25.0 
   232  32.3  25.3 
   233  30.4  26.0 
   234  33.2  25.8 
   235  34.2  26.5 
   236  32.5  25.5 
   237  29.7  25.4 
   238  27.2  25.0 
   239  27.5  23.5 
   240  30.4  23.0 
   241  27.3  24.2 
   242  32.2  23.9 
   243  29.4  22.5 
   244  28.9  24.9 
   245  31.4  24.8 
   246  34.1  24.9 
   247  33.4  26.5 
   248  33.2  24.2 
   249  35.6  26.0 
   250  31.2  23.9 
   251  34.8  26.0 
   252  36.3  26.0 
   253  33.4  22.9 
   254  26.7  25.0 
   255  30.4  23.5 
   256  30.2  24.0 
   257  33.2  23.6 
   258  33.1  23.1 
   259  33.2  24.2 
   260  33.9  24.0 
   261  34.4  24.9 
   262  34.0  24.6 
   263  33.9  25.1 
   264  34.7  25.2 
   265  33.9  25.0 
   266  34.6  22.0 
   267  30.2  20.8 
   268  32.1  20.1 
   269  30.6  20.6 
   270  33.3  20.9 
   271  34.2  21.0 
   272  33.6  21.0 
   273  33.0  18.0 
   274  33.1  17.9 
   275  32.4  17.5 
   276  32.9  16.9 
   277  32.4  17.5 
   278  32.8  18.2 
   279  32.2  18.0 
   280  32.8  19.0 
   281  33.0  18.8 
   282  32.5  20.1 
   283  27.9  20.0 
   284  31.3  14.5 
   285  31.6  15.7 
   286  31.2  15.5 
   287  31.7  16.0 
   288  30.8  17.1 
   289  31.1  17.2 
   290  31.8  17.5 
   291  31.9  18.0 
   292  31.2  18.3 
   293  31.7  18.1 
   294  32.0  17.9 
   295  31.3  19.0 
   296  30.0  17.2 
   297  30.5  17.5 
   298  30.6  15.5 
   299  30.7  16.0 
   300  31.0  16.5 
   301  31.0  16.3 
   302  29.9  15.9 
   303  30.0  14.7 
   304  29.9  17.0 
   305  29.3  11.0 
   306  30.1  13.0 
   307  30.2  13.7 
   308  29.2  12.5 
   309  27.5  12.1 
   310  27.9  12.6 
   311  27.7  13.0 
   312  28.0  12.9 
   313  20.6  18.0 
   314  25.6  15.7 
   315  26.2  14.1 
   316  25.6  13.0 
   317  26.1  13.1 
   318  27.1  12.9 
   319  26.0  12.8 
   320  26.6  13.0 
   321  27.0  13.1 
   322  27.1  13.5 
   323  25.7  12.0 
   324  26.0  16.0 
   325  26.4  15.0 
   326  28.2  12.6 
   327  27.7  12.0 
   328  27.0  11.2 
   329  25.1   9.0 
   330  25.0   8.9 
   331  24.2   7.6 
   332  22.2   7.0 
   333  23.3   7.1 
   334  23.4   7.3 
   335  25.8   7.0 
   336  26.2   6.9 
   337  26.4   7.0 
   338  24.6   7.0 
   339  23.7   7.1 
   340  23.5   7.0 
   341  24.4   5.0 
   342  24.5   5.5 
   343  23.4   6.0 
   344  24.2   6.2 
   345  25.0   7.0 
   346  23.1   7.1 
   347  24.0   7.0 
   348  24.6   7.1 
   349  25.0   8.0 
   350  24.5   6.5 
   351  23.4   5.5 
   352  24.4   5.8 
   353  22.9   5.0 
   354  24.0   5.0 
   355  24.3   5.1 
   356  23.5   5.5 
   357  24.8   8.2 
   358  24.7   6.2 
   359  22.8   8.5 
   360  23.0   5.0 
   361  21.5   4.8 
   362  17.9   7.1 
   363  22.8   9.0 
   364  20.6   5.5 
   365   DNA   DNA 
