2009          Temperature for DHANGADHI (ATARIYA)     
        Tmax  Tmin
     1  14.5  11.0 
     2  19.6  10.0 
     3  13.5   8.5 
     4  16.3   8.4 
     5  21.0   8.5 
     6  22.8   6.4 
     7  23.7   7.4 
     8  24.0  10.0 
     9  25.0   7.5 
    10  25.1   8.0 
    11  24.8   7.9 
    12  20.0   8.6 
    13  22.5   6.3 
    14  22.0   5.9 
    15  22.2   6.5 
    16  22.1  10.2 
    17  24.5   9.5 
    18  25.2   8.5 
    19  27.4   8.6 
    20  23.0  11.8 
    21  19.4  10.0 
    22  24.9   8.0 
    23  21.8  11.2 
    24  18.5  12.2 
    25  25.2  12.8 
    26  28.4  10.0 
    27  25.8  12.9 
    28  22.7   6.3 
    29  19.7   9.5 
    30  23.0   9.4 
    31  17.9   6.5 
    32  20.9   8.1 
    33  23.6   7.0 
    34  24.5   7.4 
    35  25.4   8.2 
    36  27.6   8.9 
    37  28.9   7.5 
    38  27.5   7.5 
    39  26.2   7.8 
    40  26.6   8.0 
    41  27.9   9.0 
    42  24.5  14.2 
    43  26.4   8.0 
    44  23.9   9.3 
    45  27.4   9.0 
    46  28.3  10.7 
    47  26.6   7.8 
    48  27.2   8.9 
    49  27.8   9.4 
    50  28.4   8.4 
    51  28.5  10.5 
    52  30.3  10.4 
    53  29.3   9.5 
    54  31.0  11.3 
    55  30.1  11.2 
    56  30.3  10.5 
    57  29.9  10.1 
    58  29.2   8.8 
    59  25.8   7.3 
    60  26.2   7.0 
    61  27.8  10.6 
    62  29.9  11.8 
    63  32.0  13.8 
    64  33.4  13.0 
    65  32.9  13.3 
    66  32.8  12.0 
    67  32.9  11.5 
    68  32.7  10.5 
    69  31.5   9.0 
    70  30.7   8.4 
    71  32.1   8.7 
    72  30.9  12.6 
    73  32.9  13.3 
    74  34.7  12.5 
    75  34.2  11.4 
    76  35.7  11.5 
    77  34.4  12.9 
    78  33.9  13.4 
    79  33.7  14.6 
    80  29.9  17.5 
    81  32.4  12.5 
    82  34.0  13.5 
    83  34.7  13.2 
    84  33.7  14.5 
    85  29.9  14.3 
    86  29.7  12.4 
    87  33.4  18.1 
    88  33.1  16.7 
    89  33.6  15.4 
    90  32.7  14.7 
    91  33.7  14.9 
    92  35.6  16.7 
    93  37.2  17.2 
    94  37.6  16.4 
    95  34.4  15.7 
    96  36.2  16.0 
    97  36.7  17.0 
    98  35.7  19.9 
    99  31.6  17.0 
   100  32.8  13.8 
   101  34.8  14.5 
   102  36.2  16.5 
   103  38.1  17.7 
   104  38.4  17.6 
   105  38.6  18.6 
   106  39.3  19.4 
   107  38.5  17.2 
   108  37.9  16.0 
   109  38.2  17.2 
   110  39.8  19.2 
   111  39.5  19.8 
   112  39.0  21.4 
   113  38.6  17.4 
   114  39.8  16.0 
   115  39.2  15.0 
   116  37.5  14.6 
   117  37.7  16.3 
   118  39.2  18.8 
   119  38.7  23.4 
   120  41.0  23.0 
   121  40.7  23.0 
   122  37.7  24.2 
   123  36.4  18.0 
   124  36.3  21.5 
   125  38.0  24.2 
   126  36.8  21.3 
   127  38.4  19.2 
   128  38.8  18.5 
   129  39.4  19.5 
   130  38.2  20.3 
   131  35.2  18.9 
   132  33.4  21.9 
   133  31.8  19.8 
   134  33.3  22.0 
   135  35.1  23.5 
   136  36.3  21.3 
   137  35.9  25.3 
   138  38.8  27.0 
   139  36.8  28.6 
   140  37.3  24.4 
   141  38.4  26.0 
   142  37.3  25.5 
   143  34.2  21.2 
   144  36.2  18.9 
   145  36.4  22.3 
   146  36.4  23.6 
   147  37.5  25.0 
   148  37.2  23.0 
   149  33.2  20.5 
   150  33.2  19.5 
   151  30.7  22.2 
   152  34.6  22.5 
   153  37.0  24.0 
   154  37.7  26.0 
   155  36.9  29.3 
   156  37.4  26.5 
   157  35.9  21.5 
   158  37.2  24.0 
   159  39.3  23.2 
   160  40.2  19.5 
   161  40.4  20.5 
   162  38.2  22.8 
   163  38.3  25.7 
   164  38.4  27.0 
   165  38.5  22.7 
   166  39.9  23.2 
   167  39.3  24.2 
   168  38.7  21.5 
   169  40.2  21.0 
   170  41.2  21.4 
   171  41.0  23.6 
   172  41.2  22.6 
   173  40.9  23.0 
   174  40.4  24.3 
   175  39.3  28.5 
   176  38.3  27.8 
   177  35.9  26.0 
   178  36.2  29.0 
   179  29.8  24.5 
   180  30.5  24.8 
   181  34.7  26.0 
   182  33.6  27.4 
   183  34.2  26.5 
   184  37.8  25.8 
   185  33.5  23.0 
   186  35.9  26.0 
   187  36.0  22.4 
   188  35.8  24.2 
   189  35.7  24.0 
   190  35.0  26.6 
   191  35.2  28.0 
   192  34.4  28.2 
   193  32.8  26.2 
   194  28.4  26.7 
   195  37.1  26.0 
   196  35.9  26.5 
   197  36.2  24.7 
   198  35.2  26.3 
   199  35.2  26.7 
   200  35.2  25.4 
   201  35.0  24.7 
   202  36.9  26.3 
   203  36.0  25.3 
   204  34.9  26.9 
   205  34.9  26.2 
   206  35.2  26.5 
   207  35.2  27.2 
   208  30.4  26.0 
   209  26.2  24.7 
   210  31.4  24.6 
   211  34.0  25.5 
   212  34.5  25.7 
   213  35.2  25.8 
   214  33.3  27.4 
   215  34.7  27.2 
   216  34.7  27.5 
   217  33.8  27.6 
   218  28.7  24.5 
   219  31.8  25.0 
   220  34.4  25.6 
   221  33.2  26.0 
   222  32.4  27.8 
   223  35.2  25.8 
   224  36.2  26.5 
   225  33.6  24.4 
   226  30.1  23.8 
   227  33.7  24.4 
   228  29.1  24.6 
   229  27.2  24.4 
   230  29.2  22.0 
   231  31.4  23.5 
   232  33.8  25.0 
   233  33.3  25.0 
   234  33.9  24.0 
   235  35.2  25.0 
   236  32.7  24.5 
   237  32.9  25.8 
   238  34.8  25.0 
   239  34.3  24.5 
   240  34.4  25.2 
   241  34.7  26.5 
   242  34.9  26.5 
   243  33.4  25.0 
   244  35.2  26.0 
   245  34.5  25.5 
   246  31.0  24.5 
   247  30.0  24.5 
   248  32.9  23.8 
   249  32.2  23.8 
   250  29.5  23.8 
   251  28.5  25.3 
   252  32.8  25.0 
   253  32.2  23.5 
   254  25.9  23.0 
   255  32.7  22.5 
   256  32.9  24.5 
   257  33.8  23.7 
   258  33.6  24.3 
   259  33.4  24.8 
   260  33.4  24.2 
   261  34.2  24.4 
   262  34.0  25.0 
   263  32.9  25.5 
   264  33.4  24.8 
   265  31.7  21.8 
   266  31.6  23.5 
   267  31.1  25.0 
   268  30.2  25.0 
   269  33.9  23.7 
   270  34.4  24.4 
   271  35.3  24.6 
   272  35.7  25.2 
   273  34.9  25.2 
   274  35.5  24.7 
   275  34.7  23.2 
   276  34.7  24.5 
   277  25.8  21.9 
   278  25.7  22.2 
   279  24.8  21.9 
   280  30.3  20.7 
   281  30.7  21.9 
   282  31.9  21.2 
   283  32.1  20.5 
   284  32.4  20.0 
   285  32.9  18.3 
   286  31.5  14.7 
   287  31.4  16.5 
   288  32.2  16.7 
   289  32.4  16.9 
   290  31.9  16.9 
   291  30.5  16.1 
   292  31.0  16.2 
   293  30.6  14.5 
   294  30.6  15.0 
   295  30.7  15.9 
   296  30.7  15.0 
   297  30.4  14.4 
   298  30.4  15.2 
   299  30.2  12.9 
   300  31.0  13.7 
   301  30.7  14.9 
   302  30.6  15.7 
   303  30.2  15.4 
   304  29.9  15.9 
   305  30.4  15.9 
   306  31.7  14.5 
   307  31.5  13.7 
   308  30.4  13.4 
   309  30.7  13.2 
   310  30.5  11.2 
   311  30.0  11.0 
   312  29.2  11.5 
   313  27.9  12.6 
   314  29.4  14.0 
   315  29.0  12.8 
   316  23.5  14.7 
   317  24.3  16.5 
   318  26.2  18.0 
   319  27.2  18.7 
   320  28.0  15.5 
   321  25.6  14.8 
   322  26.9  12.9 
   323  25.7  10.5 
   324  25.4   9.9 
   325  25.5   9.8 
   326  25.8  10.0 
   327  25.6   9.8 
   328  24.7  10.0 
   329  25.7  10.5 
   330  25.1  10.2 
   331  25.5  10.9 
   332  26.4  11.3 
   333  25.9  10.9 
   334  25.7  11.0 
   335  26.0  11.0 
   336  25.4  12.5 
   337  25.9  11.0 
   338  26.2  11.5 
   339  25.7  11.0 
   340  25.7  10.5 
   341  25.2   9.0 
   342  24.4   9.0 
   343  24.1   8.4 
   344  23.7   9.5 
   345  25.1  10.5 
   346  24.2  10.0 
   347  24.2  13.5 
   348  24.9   9.3 
   349  20.5  12.5 
   350  25.2   8.7 
   351  26.4   8.8 
   352  26.5   8.2 
   353  24.2   6.5 
   354  23.2   6.6 
   355  22.7   6.8 
   356  22.0   7.0 
   357  21.9   7.5 
   358  22.0   5.6 
   359  19.6   5.5 
   360  21.3   6.2 
   361  21.8   6.4 
   362  22.4   5.5 
   363  20.9   4.7 
   364  19.4   5.3 
   365  12.2   3.9 
