      1    0.0
      2    0.0
      3    0.0
      4    0.0
      5    0.0
      6    0.0
      7    T  
      8    0.0
      9    0.0
     10    0.0
     11    0.0
     12    0.0
     13    2.0
     14    0.0
     15    0.0
     16    0.0
     17    0.0
     18    0.0
     19    0.0
     20    0.0
     21    0.0
     22    0.0
     23    0.0
     24   12.4
     25   18.2
     26    0.0
     27    0.0
     28    0.0
     29    0.0
     30    0.0
     31    0.0
     32    0.0
     33    0.0
     34    0.0
     35    0.0
     36    0.0
     37    0.0
     38    5.6
     39    0.0
     40    0.0
     41    2.6
     42    0.0
     43    0.0
     44    0.0
     45    0.0
     46    0.0
     47    0.0
     48    0.0
     49    0.0
     50    0.0
     51    0.0
     52    0.0
     53    0.0
     54    0.0
     55    0.0
     56    0.0
     57    0.0
     58    0.0
     59    0.0
     60    0.0
     61    0.0
     62    0.0
     63    0.0
     64    0.0
     65    0.0
     66    0.0
     67    0.0
     68    0.0
     69    0.0
     70    0.0
     71    0.0
     72    0.0
     73    0.0
     74    0.0
     75    0.0
     76   25.0
     77    0.0
     78    0.0
     79    3.6
     80    T  
     81   10.2
     82    0.0
     83    0.0
     84    0.0
     85    0.0
     86    0.0
     87    0.0
     88    0.0
     89    3.6
     90   17.6
     91   13.0
     92    0.0
     93    0.0
     94    0.0
     95    0.0
     96    0.0
     97    0.0
     98    0.0
     99    0.0
    100    0.0
    101    0.0
    102    0.0
    103    0.0
    104    0.0
    105    0.0
    106    6.2
    107   20.6
    108    0.0
    109   18.0
    110    0.0
    111    0.0
    112    0.0
    113    0.0
    114    0.0
    115    6.4
    116    8.2
    117    T  
    118    0.0
    119    0.0
    120    3.6
    121    5.4
    122    T  
    123   23.4
    124   30.6
    125    5.6
    126    7.2
    127    4.4
    128   25.6
    129    T  
    130    0.0
    131   50.4
    132   25.2
    133    T  
    134    T  
    135   29.4
    136    3.6
    137    0.0
    138    0.0
    139    0.0
    140    0.0
    141    7.4
    142   17.2
    143    9.4
    144    7.2
    145    0.0
    146    0.0
    147    4.6
    148    0.0
    149    T  
    150   29.4
    151    T  
    152    3.6
    153    T  
    154    7.4
    155   23.4
    156    0.0
    157    0.0
    158    0.0
    159    0.0
    160    0.0
    161    0.0
    162    T  
    163    7.6
    164    0.0
    165    0.0
    166    0.0
    167    0.0
    168    5.2
    169    0.0
    170    1.6
    171   10.4
    172   16.0
    173    3.0
    174   28.2
    175    0.0
    176    0.0
    177    T  
    178   14.0
    179   13.2
    180   84.6
    181   10.0
    182   25.2
    183   18.3
    184   47.6
    185   79.4
    186   10.6
    187    5.4
    188    T  
    189   13.6
    190    T  
    191   18.2
    192    T  
    193   10.2
    194   12.4
    195    T  
    196   10.2
    197   12.6
    198   80.4
    199   12.2
    200   35.6
    201    5.2
    202    7.4
    203    6.2
    204    3.0
    205    0.0
    206    5.6
    207   15.2
    208   40.4
    209   34.6
    210    5.0
    211   24.2
    212  114.4
    213   31.6
    214    7.2
    215    4.6
    216    7.0
    217    T  
    218    T  
    219    0.0
    220   62.6
    221    T  
    222   11.2
    223    4.4
    224    8.6
    225   23.0
    226   20.4
    227    0.0
    228    T  
    229   40.2
    230    T  
    231    6.0
    232   49.8
    233   38.6
    234   60.4
    235    9.6
    236   48.4
    237   33.6
    238    7.4
    239   10.0
    240   12.2
    241    T  
    242    0.0
    243    0.0
    244    0.0
    245    5.2
    246   42.4
    247    5.6
    248   48.4
    249    T  
    250   21.4
    251   23.2
    252   32.4
    253   62.0
    254   11.2
    255    0.0
    256    0.0
    257    4.6
    258   80.4
    259    8.2
    260    7.4
    261    T  
    262   17.6
    263    9.4
    264    6.2
    265    0.0
    266    0.0
    267    0.0
    268    T  
    269    0.0
    270   29.8
    271   10.6
    272   43.2
    273   14.0
    274    0.0
    275    0.0
    276    0.0
    277    0.0
    278    0.0
    279    0.0
    280    0.0
    281    0.0
    282    0.0
    283    0.0
    284    0.0
    285    0.0
    286    0.0
    287    0.0
    288    0.0
    289    0.0
    290    0.0
    291    0.0
    292    0.0
    293    0.0
    294    0.0
    295    0.0
    296    0.0
    297    0.0
    298    0.0
    299    0.0
    300    0.0
    301    0.0
    302    0.0
    303    0.0
    304    0.0
    305    0.0
    306    0.0
    307    0.0
    308   30.6
    309    0.0
    310    0.0
    311    0.0
    312    0.0
    313    0.0
    314    0.0
    315    7.4
    316    0.0
    317    0.0
    318    0.0
    319    0.0
    320    0.0
    321    0.0
    322    0.0
    323    0.0
    324    0.0
    325    0.0
    326    0.0
    327    0.0
    328    0.0
    329    0.0
    330    0.0
    331    0.0
    332    0.0
    333    0.0
    334    0.0
    335    0.0
    336    0.0
    337    0.0
    338    0.0
    339    0.0
    340    0.0
    341    0.0
    342    0.0
    343    0.0
    344    0.0
    345    0.0
    346    0.0
    347    0.0
    348    0.0
    349    0.0
    350    0.0
    351    0.0
    352    0.0
    353    0.0
    354    0.0
    355    0.0
    356    0.0
    357    0.0
    358    0.0
    359    0.0
    360    0.0
    361    0.0
    362    0.0
    363    0.0
    364    0.0
    365    0.0
