      1    0.0
      2    5.2
      3    0.0
      4    0.0
      5    0.0
      6    0.0
      7    0.0
      8    0.0
      9    0.0
     10    0.0
     11    0.0
     12    0.0
     13    0.0
     14    0.0
     15    0.0
     16    0.0
     17    0.0
     18    0.0
     19    0.0
     20    0.0
     21    0.0
     22    4.4
     23    0.0
     24    0.0
     25    0.0
     26    0.0
     27    0.0
     28    0.0
     29    0.0
     30    8.0
     31    0.0
     32    4.6
     33    4.7
     34   25.0
     35    0.0
     36    2.8
     37    0.0
     38    0.0
     39    4.8
     40    0.0
     41    0.0
     42    0.0
     43    0.6
     44    0.0
     45    0.0
     46    0.0
     47    0.0
     48    0.0
     49    0.0
     50    0.0
     51    0.0
     52    0.0
     53    0.0
     54    0.0
     55    0.0
     56    0.0
     57    0.0
     58    0.0
     59    0.0
     60    0.0
     61    0.0
     62    0.0
     63    0.0
     64    0.0
     65    0.0
     66    9.8
     67    0.0
     68    0.0
     69    0.0
     70    0.0
     71    0.0
     72    0.0
     73    0.0
     74    0.6
     75    0.0
     76    0.0
     77    0.0
     78    0.0
     79    0.0
     80    0.0
     81    0.0
     82    0.0
     83    0.0
     84    0.0
     85    0.0
     86    0.0
     87    0.0
     88    0.0
     89    0.0
     90    0.0
     91    0.0
     92    4.8
     93    2.8
     94    0.0
     95    0.0
     96    0.0
     97    0.0
     98    0.0
     99    0.0
    100    0.0
    101    0.0
    102    0.0
    103    0.0
    104    0.0
    105    0.0
    106    0.0
    107    0.0
    108    0.0
    109    0.0
    110    0.0
    111    0.0
    112    0.0
    113    0.0
    114    0.0
    115    0.0
    116    0.0
    117    0.0
    118    0.0
    119    0.0
    120    0.0
    121    5.4
    122    4.0
    123    0.0
    124    0.0
    125    0.0
    126    2.4
    127    0.0
    128   22.6
    129    2.0
    130    4.0
    131    6.0
    132    6.2
    133    0.0
    134    0.0
    135    0.0
    136    0.0
    137    0.0
    138    0.0
    139    0.0
    140    0.0
    141    0.0
    142    2.4
    143    3.6
    144    0.0
    145    0.0
    146    0.0
    147    0.0
    148    0.0
    149    0.0
    150    0.0
    151    0.0
    152    0.0
    153    0.0
    154   11.0
    155   22.1
    156    3.8
    157    1.3
    158    0.0
    159    2.7
    160   18.4
    161    8.5
    162   22.3
    163    0.0
    164    0.0
    165    0.0
    166    4.0
    167    0.0
    168    0.0
    169    2.6
    170    2.6
    171    0.0
    172    0.0
    173    6.0
    174    0.0
    175    0.0
    176    4.7
    177    0.0
    178    0.0
    179    0.0
    180   11.2
    181    6.0
    182   27.0
    183    0.0
    184    0.0
    185    0.0
    186   16.0
    187    7.0
    188    6.5
    189   34.0
    190   22.5
    191    1.5
    192    1.0
    193    0.0
    194    2.0
    195   15.8
    196    2.2
    197    2.3
    198    5.8
    199    0.0
    200    0.0
    201    0.8
    202    0.0
    203    0.0
    204    0.5
    205    2.2
    206    3.1
    207    3.2
    208    0.0
    209    5.3
    210    5.8
    211    1.7
    212    2.5
    213    6.8
    214    0.8
    215    3.0
    216    0.5
    217    0.6
    218    0.0
    219    0.0
    220    0.0
    221    1.8
    222    1.2
    223    2.4
    224    0.4
    225    1.2
    226    2.0
    227    1.8
    228    5.0
    229    3.1
    230    0.0
    231    0.2
    232    7.4
    233    6.5
    234    1.9
    235    0.0
    236    0.0
    237    0.0
    238    0.3
    239    0.0
    240    2.8
    241    2.7
    242    4.3
    243    1.0
    244    3.0
    245    0.9
    246    0.2
    247    0.0
    248    0.2
    249    0.0
    250    0.0
    251    0.0
    252    0.0
    253    0.0
    254    0.0
    255    0.6
    256    0.0
    257    0.0
    258    1.5
    259    0.7
    260    2.1
    261    4.6
    262    0.2
    263    3.0
    264    0.8
    265    0.9
    266    0.5
    267    0.5
    268    0.3
    269    0.0
    270    0.0
    271    1.5
    272    0.7
    273    0.0
    274    2.4
    275    0.5
    276    0.4
    277    0.0
    278    0.0
    279    0.2
    280    0.0
    281    0.0
    282    2.5
    283    0.0
    284    2.5
    285    0.7
    286    4.0
    287    0.0
    288    0.0
    289    0.0
    290    0.0
    291    0.0
    292    0.0
    293    0.0
    294    0.0
    295    0.0
    296    0.0
    297    0.0
    298    0.0
    299    0.0
    300    0.0
    301    0.0
    302    0.0
    303    0.0
    304    0.0
    305    0.0
    306    0.0
    307    0.0
    308    0.0
    309    0.0
    310    0.0
    311    0.0
    312    0.0
    313    0.0
    314    0.0
    315    0.0
    316    0.0
    317    0.0
    318    0.0
    319    0.0
    320    0.0
    321    0.0
    322    0.0
    323    0.0
    324    0.0
    325    0.0
    326    0.0
    327    0.0
    328    0.4
    329    0.0
    330    0.0
    331    0.0
    332    0.0
    333    0.0
    334    0.0
    335    0.0
    336    0.0
    337    0.0
    338    0.0
    339    0.0
    340    0.0
    341    0.0
    342    0.0
    343    0.0
    344    0.0
    345    0.2
    346    0.3
    347    0.0
    348    0.9
    349    0.0
    350    0.0
    351    0.0
    352    0.0
    353   18.0
    354    6.0
    355    0.0
    356    0.0
    357    0.0
    358    0.0
    359    0.0
    360    0.0
    361    0.0
    362    0.0
    363    0.0
    364    0.0
    365    0.0
