  1970   1   1     0  13.0  -2.0   0.0     0     0
  1970   1   2     0  13.2  -2.4   0.0     0     0
  1970   1   3     0  13.1  -1.0   0.0     0     0
  1970   1   4     0  13.0  -1.2   0.0     0     0
  1970   1   5     0  12.0   0.5   0.0     0     0
  1970   1   6     0  11.3  -0.5   0.0     0     0
  1970   1   7     0  11.0  -0.9   0.0     0     0
  1970   1   8     0  12.8  -2.4   0.0     0     0
  1970   1   9     0  12.0  -1.1   0.0     0     0
  1970   1  10     0  11.0  -1.2   0.0     0     0
  1970   1  11     0  11.0  -1.0   0.0     0     0
  1970   1  12     0  11.8  -0.4   0.0     0     0
  1970   1  13     0  13.6  -3.4   0.0     0     0
  1970   1  14     0  12.0  -2.8   0.0     0     0
  1970   1  15     0  13.0   0.2   0.0     0     0
  1970   1  16     0  12.3   1.3   0.0     0     0
  1970   1  17     0  12.6  -0.8   0.0     0     0
  1970   1  18     0  11.2  -1.0   0.0     0     0
  1970   1  19     0  15.0  -1.2   0.0     0     0
  1970   1  20     0  10.6   1.5   0.0     0     0
  1970   1  21     0   7.8   2.2   4.6     0     0
  1970   1  22     0   9.5  -1.2   0.0     0     0
  1970   1  23     0  11.2   1.8   0.0     0     0
  1970   1  24     0  11.2   3.6   0.0     0     0
  1970   1  25     0  12.0   2.5   0.0     0     0
  1970   1  26     0  12.9   2.6   0.0     0     0
  1970   1  27     0  10.5  -0.5   2.4     0     0
  1970   1  28     0  11.5  -2.3   0.0     0     0
  1970   1  29     0  10.5  -2.0   0.0     0     0
  1970   1  30     0  13.1  -0.2   0.0     0     0
  1970   1  31     0  14.0   1.3   0.0     0     0
  1970   2   1     0  11.8   2.0   0.0     0     0
  1970   2   2     0  12.5  -2.8   0.0     0     0
  1970   2   3     0  11.9  -2.2   0.0     0     0
  1970   2   4     0  11.3  -1.5   0.0     0     0
  1970   2   5     0  12.0  -1.8   0.0     0     0
  1970   2   6     0  12.0  -2.0   0.0     0     0
  1970   2   7     0  12.0  -1.8   0.0     0     0
  1970   2   8     0  13.2  -1.0   0.0     0     0
  1970   2   9     0  14.0   0.0   0.0     0     0
  1970   2  10     0  13.0  -0.5   0.0     0     0
  1970   2  11     0  14.5   1.2   0.0     0     0
  1970   2  12     0  14.5   1.8   0.0     0     0
  1970   2  13     0  14.8   1.2   0.0     0     0
  1970   2  14     0  14.5   1.2   0.0     0     0
  1970   2  15     0  15.9   1.2   0.0     0     0
  1970   2  16     0  15.5   1.8   0.0     0     0
  1970   2  17     0  16.9   1.1   0.0     0     0
  1970   2  18     0  16.9   1.2   0.0     0     0
  1970   2  19     0  11.5   5.0  34.9     0     0
  1970   2  20     0  13.0   1.3   7.7     0     0
  1970   2  21     0  13.5   2.3   0.0     0     0
  1970   2  22     0  11.2   0.5   8.1     0     0
  1970   2  23     0  13.0  -0.5   7.9     0     0
  1970   2  24     0  12.5   4.1   0.0     0     0
  1970   2  25     0  15.8  -0.2   0.0     0     0
  1970   2  26     0  15.8   2.2   0.0     0     0
  1970   2  27     0  18.2   1.2   0.0     0     0
  1970   2  28     0  15.0   7.2   3.7     0     0
  1970   3   1     0  18.0   1.5   0.0     0     0
  1970   3   2     0  19.0   2.2   0.0     0     0
  1970   3   3     0  17.5   2.5   0.0     0     0
  1970   3   4     0  14.4   1.2   0.0     0     0
  1970   3   5     0  14.2   0.1   0.0     0     0
  1970   3   6     0  14.2   1.3   0.0     0     0
  1970   3   7     0  15.6   2.2   0.0     0     0
  1970   3   8     0  17.2   0.4   0.0     0     0
  1970   3   9     0  20.0   2.3   0.0     0     0
  1970   3  10     0  18.0   6.1   0.0     0     0
  1970   3  11     0  15.6   5.0  14.2     0     0
  1970   3  12     0  18.0   1.8   0.0     0     0
  1970   3  13     0  17.5   4.1   0.0     0     0
  1970   3  14     0  19.5   2.8   0.0     0     0
  1970   3  15     0  21.1   3.7   0.0     0     0
  1970   3  16     0  22.4   3.8   0.0     0     0
  1970   3  17     0  22.0   3.0   0.0     0     0
  1970   3  18     0  20.1   4.0   0.0     0     0
  1970   3  19     0  21.1   5.0   0.0     0     0
  1970   3  20     0  19.0   4.0   0.0     0     0
  1970   3  21     0  19.5   2.5   0.0     0     0
  1970   3  22     0  18.5   4.8   0.0     0     0
  1970   3  23     0  17.9   4.8   3.5     0     0
  1970   3  24     0  17.8   2.0   0.0     0     0
  1970   3  25     0  19.0   4.8   0.0     0     0
  1970   3  26     0  17.5  10.0   0.0     0     0
  1970   3  27     0  19.0   7.0   0.0     0     0
  1970   3  28     0  22.2   8.0   0.4     0     0
  1970   3  29     0  22.1   7.0   0.0     0     0
  1970   3  30     0  22.3   8.0   0.0     0     0
  1970   3  31     0  21.3   4.9   0.0     0     0
  1970   4   1     0  20.8   3.1   0.0     0     0
  1970   4   2     0  20.1   3.5   0.0     0     0
  1970   4   3     0  19.2   3.2   0.0     0     0
  1970   4   4     0  19.5   4.2   0.0     0     0
  1970   4   5     0  20.4   4.2   0.0     0     0
  1970   4   6     0  20.3   5.5   0.0     0     0
  1970   4   7     0  21.2   7.0   0.0     0     0
  1970   4   8     0  22.0   7.2   0.0     0     0
  1970   4   9     0  20.7   6.4   0.0     0     0
  1970   4  10     0  21.8   6.2  12.5     0     0
  1970   4  11     0  22.9   6.8   0.0     0     0
  1970   4  12     0  22.8   7.8   0.0     0     0
  1970   4  13     0  21.8   9.8   7.2     0     0
  1970   4  14     0  18.0  10.2   2.5     0     0
  1970   4  15     0  17.0  12.2   1.0     0     0
  1970   4  16     0  21.0  11.6   0.0     0     0
  1970   4  17     0  21.3   8.5  11.8     0     0
  1970   4  18     0  21.9   6.8   4.5     0     0
  1970   4  19     0  21.5   8.5   0.0     0     0
  1970   4  20     0  23.0   7.3   0.0     0     0
  1970   4  21     0  23.3   7.2   0.0     0     0
  1970   4  22     0  23.8   9.0   0.0     0     0
  1970   4  23     0  23.0  12.0   0.0     0     0
  1970   4  24     0  24.0  13.1   5.8     0     0
  1970   4  25     0  23.0  15.0  12.6     0     0
  1970   4  26     0  21.1  15.1   4.1     0     0
  1970   4  27     0  22.6  12.1   0.0     0     0
  1970   4  28     0  21.4  11.5  19.3     0     0
  1970   4  29     0  24.4  11.9   0.0     0     0
  1970   4  30     0  24.5  10.5   0.0     0     0
  1970   5   1     0  24.0  10.2   0.0     0     0
  1970   5   2     0  24.0  10.1   0.0     0     0
  1970   5   3     0  24.5  10.2   0.0     0     0
  1970   5   4     0  23.9  11.2   0.0     0     0
  1970   5   5     0  22.0  11.2   0.7     0     0
  1970   5   6     0  22.0   9.9   5.9     0     0
  1970   5   7     0  22.6  10.2   0.4     0     0
  1970   5   8     0  23.5  10.0   0.0     0     0
  1970   5   9     0  24.5  10.4   0.0     0     0
  1970   5  10     0  24.6  10.2   0.0     0     0
  1970   5  11     0  25.2  11.9   0.0     0     0
  1970   5  12     0  25.5  13.0   0.0     0     0
  1970   5  13     0  26.0  11.0   0.0     0     0
  1970   5  14     0  24.0   6.0   0.8     0     0
  1970   5  15     0  24.5  16.0   0.0     0     0
  1970   5  16     0  25.3  13.4  43.0     0     0
  1970   5  17     0  24.2  10.0  15.9     0     0
  1970   5  18     0  22.8   8.6   0.2     0     0
  1970   5  19     0  21.8   5.3  15.3     0     0
  1970   5  20     0  22.3   5.5   8.1     0     0
  1970   5  21     0  20.8  15.0   2.0     0     0
  1970   5  22     0  22.1  14.0  11.3     0     0
  1970   5  23     0  23.1  11.8   7.0     0     0
  1970   5  24     0  21.0  15.0   8.6     0     0
  1970   5  25     0  21.1  13.6   0.7     0     0
  1970   5  26     0  21.5  11.2   0.0     0     0
  1970   5  27     0  21.0   9.5   5.2     0     0
  1970   5  28     0  20.4   9.5   0.0     0     0
  1970   5  29     0  21.8  10.0   0.0     0     0
  1970   5  30     0  23.0  11.5   1.4     0     0
  1970   5  31     0  21.8  14.0   3.9     0     0
  1970   6   1     0  21.5  14.4   9.5     0     0
  1970   6   2     0  20.8  14.5   3.5     0     0
  1970   6   3     0  22.1  14.5   0.0     0     0
  1970   6   4     0  22.0  15.5  12.2     0     0
  1970   6   5     0  21.9  16.0   0.0     0     0
  1970   6   6     0  22.5  14.6   0.0     0     0
  1970   6   7     0  23.0  14.5   3.0     0     0
  1970   6   8     0  21.8  17.0   4.7     0     0
  1970   6   9     0  19.5  16.5   7.4     0     0
  1970   6  10     0  22.8  15.2   2.0     0     0
  1970   6  11     0  22.4  12.4   0.0     0     0
  1970   6  12     0  23.0  12.8  48.0     0     0
  1970   6  13     0  23.5  17.8   1.1     0     0
  1970   6  14     0  23.8  14.3   9.2     0     0
  1970   6  15     0  23.8  15.1   2.8     0     0
  1970   6  16     0  22.8  14.3  12.1     0     0
  1970   6  17     0  18.5  17.0  54.9     0     0
  1970   6  18     0  19.5  15.5  35.9     0     0
  1970   6  19     0  22.0  13.0   0.0     0     0
  1970   6  20     0  23.6  14.3   2.3     0     0
  1970   6  21     0  23.2  17.2   4.8     0     0
  1970   6  22     0  21.4  16.2  30.4     0     0
  1970   6  23     0  21.2  17.0  35.3     0     0
  1970   6  24     0  22.0  17.0  30.0     0     0
  1970   6  25     0  22.9  17.0  36.2     0     0
  1970   6  26     0  23.0  17.0   4.0     0     0
  1970   6  27     0  23.0  16.5  12.0     0     0
  1970   6  28     0   DNA   DNA   8.6     0     0
  1970   6  29     0   DNA   DNA  35.4     0     0
  1970   6  30     0   DNA   DNA  44.8     0     0
  1970   7   1     0   DNA   DNA   1.8     0     0
  1970   7   2     0   DNA   DNA   3.0     0     0
  1970   7   3     0   DNA   DNA   0.0     0     0
  1970   7   4     0  23.5  17.3   3.9     0     0
  1970   7   5     0  24.0  17.3  29.5     0     0
  1970   7   6     0  23.9  18.3   0.0     0     0
  1970   7   7     0  23.1  17.5  44.3     0     0
  1970   7   8     0  23.0  18.1  33.4     0     0
  1970   7   9     0  23.5  18.3  54.3     0     0
  1970   7  10     0  22.5  16.2  37.5     0     0
  1970   7  11     0  23.5  18.5   4.0     0     0
  1970   7  12     0  22.5  18.8   4.0     0     0
  1970   7  13     0  21.0  18.2  18.2     0     0
  1970   7  14     0  21.5  18.0   9.5     0     0
  1970   7  15     0  20.2  18.0  19.4     0     0
  1970   7  16     0  20.8  16.0  33.5     0     0
  1970   7  17     0  22.8  17.2  51.5     0     0
  1970   7  18     0  23.5  16.6   0.0     0     0
  1970   7  19     0  22.0  18.0  15.0     0     0
  1970   7  20     0  20.0  17.0  18.3     0     0
  1970   7  21     0  22.0  16.8   1.9     0     0
  1970   7  22     0  22.0  17.0  21.2     0     0
  1970   7  23     0  21.3  16.5  25.3     0     0
  1970   7  24     0  22.0  16.0   7.3     0     0
  1970   7  25     0  23.0  17.0   2.4     0     0
  1970   7  26     0  22.9  16.0  27.0     0     0
  1970   7  27     0  22.8  16.3   0.0     0     0
  1970   7  28     0  22.6  16.6  23.6     0     0
  1970   7  29     0  21.2  16.6  50.5     0     0
  1970   7  30     0  21.1  16.4  19.8     0     0
  1970   7  31     0  22.0  17.0  17.4     0     0
  1970   8   1     0  19.8  17.8   9.2     0     0
  1970   8   2     0  23.0  17.0  23.0     0     0
  1970   8   3     0  23.4  17.1   0.0     0     0
  1970   8   4     0  22.0  16.6  35.5     0     0
  1970   8   5     0  21.0  16.5  44.0     0     0
  1970   8   6     0  22.1  17.2   6.3     0     0
  1970   8   7     0  22.8  17.5  14.5     0     0
  1970   8   8     0  23.5  17.2  32.0     0     0
  1970   8   9     0  24.0  17.0  56.2     0     0
  1970   8  10     0  21.5  17.8  55.7     0     0
  1970   8  11     0  22.5  17.0  21.2     0     0
  1970   8  12     0  23.0  18.0  24.4     0     0
  1970   8  13     0  22.5  16.2   2.8     0     0
  1970   8  14     0  22.8  17.0   2.4     0     0
  1970   8  15     0  23.5  17.8  19.4     0     0
  1970   8  16     0  24.2  18.0   0.0     0     0
  1970   8  17     0  23.0  15.8  20.0     0     0
  1970   8  18     0  23.0  17.0   4.4     0     0
  1970   8  19     0  23.8  16.0  37.0     0     0
  1970   8  20     0  25.5  16.5   4.0     0     0
  1970   8  21     0  26.2  16.0   0.0     0     0
  1970   8  22     0  24.0  16.5   0.0     0     0
  1970   8  23     0  22.5  15.5  57.0     0     0
  1970   8  24     0  21.5  17.0  20.0     0     0
  1970   8  25     0  22.0  18.0   2.0     0     0
  1970   8  26     0  22.0  18.0  32.7     0     0
  1970   8  27     0  21.8  17.0  37.4     0     0
  1970   8  28     0  22.0  16.0  18.4     0     0
  1970   8  29     0  21.6  17.8  18.2     0     0
  1970   8  30     0  23.0  16.0  38.7     0     0
  1970   8  31     0  24.0  14.0   0.0     0     0
  1970   9   1     0  23.4  17.5   0.0     0     0
  1970   9   2     0  22.2  16.0   1.6     0     0
  1970   9   3     0  23.0  15.0   1.8     0     0
  1970   9   4     0  22.0  15.5   2.4     0     0
  1970   9   5     0  22.2  15.0  13.7     0     0
  1970   9   6     0  22.2  16.2  11.8     0     0
  1970   9   7     0  23.0  14.8   0.0     0     0
  1970   9   8     0  25.0  14.0  11.2     0     0
  1970   9   9     0  23.0  15.0   0.0     0     0
  1970   9  10     0  21.0  14.5   4.1     0     0
  1970   9  11     0  21.5  17.0   0.0     0     0
  1970   9  12     0  21.8  17.1   0.0     0     0
  1970   9  13     0  22.5  16.0  14.9     0     0
  1970   9  14     0  22.0  15.0   0.0     0     0
  1970   9  15     0  21.5  15.5   2.5     0     0
  1970   9  16     0  20.5  16.5  12.4     0     0
  1970   9  17     0  21.0  15.5   1.8     0     0
  1970   9  18     0  20.5  15.2   2.0     0     0
  1970   9  19     0  20.8  16.5   0.0     0     0
  1970   9  20     0  21.6  17.0   9.0     0     0
  1970   9  21     0  22.0  15.2  10.0     0     0
  1970   9  22     0  22.2  15.2  68.1     0     0
  1970   9  23     0  22.0  16.2  11.8     0     0
  1970   9  24     0  23.0  16.0   0.0     0     0
  1970   9  25     0  22.5  16.0   0.0     0     0
  1970   9  26     0  22.1  17.0   2.5     0     0
  1970   9  27     0  22.5  13.2   6.8     0     0
  1970   9  28     0  21.2  16.0   0.0     0     0
  1970   9  29     0  20.4  15.5  14.5     0     0
  1970   9  30     0  20.0  17.0   3.5     0     0
  1970  10   1     0  21.1  11.5   0.0     0     0
  1970  10   2     0  21.0  13.5   0.0     0     0
  1970  10   3     0  19.0  15.2   0.0     0     0
  1970  10   4     0  20.5  11.2  33.7     0     0
  1970  10   5     0  18.0   9.5   0.0     0     0
  1970  10   6     0  19.2  12.0   0.0     0     0
  1970  10   7     0  16.5  12.2  17.5     0     0
  1970  10   8     0  18.2   7.0   0.0     0     0
  1970  10   9     0   DNA   DNA   0.0     0     0
  1970  10  10     0   DNA   DNA   0.0     0     0
  1970  10  11     0  20.0   8.5   0.0     0     0
  1970  10  12     0  20.0   9.6   0.0     0     0
  1970  10  13     0  18.8  10.1  16.0     0     0
  1970  10  14     0  18.2  13.0   2.0     0     0
  1970  10  15     0  19.2  10.1   2.2     0     0
  1970  10  16     0  20.5  15.0   0.0     0     0
  1970  10  17     0  21.5   8.8   0.0     0     0
  1970  10  18     0  22.5  10.0   0.0     0     0
  1970  10  19     0  22.0   8.5   0.0     0     0
  1970  10  20     0  20.8  10.0   0.0     0     0
  1970  10  21     0  21.0   9.0   0.0     0     0
  1970  10  22     0  20.6   7.5   0.0     0     0
  1970  10  23     0  19.0   7.0   0.0     0     0
  1970  10  24     0  19.5   7.0   0.0     0     0
  1970  10  25     0  19.0  10.0   0.0     0     0
  1970  10  26     0  19.0  13.8   0.0     0     0
  1970  10  27     0  19.0  10.0   0.0     0     0
  1970  10  28     0  20.0   9.0   4.7     0     0
  1970  10  29     0  20.0  10.0   0.0     0     0
  1970  10  30     0  20.5   7.0   0.0     0     0
  1970  10  31     0  18.9   7.0   0.0     0     0
  1970  11   1     0  18.0   7.2   0.0     0     0
  1970  11   2     0  18.5   8.0   0.0     0     0
  1970  11   3     0  18.2   8.2   0.0     0     0
  1970  11   4     0  18.0   6.8   6.5     0     0
  1970  11   5     0  17.9   4.5   2.5     0     0
  1970  11   6     0  18.0   5.0   0.0     0     0
  1970  11   7     0  17.0   5.8   0.0     0     0
  1970  11   8     0  18.0   5.6   6.9     0     0
  1970  11   9     0  17.5   5.8   0.0     0     0
  1970  11  10     0  18.0   7.0   0.0     0     0
  1970  11  11     0  18.0   5.5   4.4     0     0
  1970  11  12     0  18.2   8.0   0.0     0     0
  1970  11  13     0  17.2   8.0   0.0     0     0
  1970  11  14     0  16.6   9.0   0.0     0     0
  1970  11  15     0  16.6   4.8   0.0     0     0
  1970  11  16     0  16.0   7.8   0.0     0     0
  1970  11  17     0  16.0   3.4   0.0     0     0
  1970  11  18     0  15.0   4.6   0.0     0     0
  1970  11  19     0  14.5   4.0   0.0     0     0
  1970  11  20     0  14.2   2.2   0.0     0     0
  1970  11  21     0  14.8   2.0   0.0     0     0
  1970  11  22     0  13.2   1.5   0.0     0     0
  1970  11  23     0  14.0   0.2   0.0     0     0
  1970  11  24     0  13.2   2.0   0.0     0     0
  1970  11  25     0  12.5   0.5   0.0     0     0
  1970  11  26     0  12.2   0.2   0.0     0     0
  1970  11  27     0  13.0   0.5   0.0     0     0
  1970  11  28     0  14.0   0.5   0.0     0     0
  1970  11  29     0  16.0   0.2   0.0     0     0
  1970  11  30     0  16.8   0.2   0.0     0     0
  1970  12   1     0  14.5   0.0   0.0     0     0
  1970  12   2     0  13.5   0.0   0.0     0     0
  1970  12   3     0  13.8  -0.5   0.0     0     0
  1970  12   4     0  14.0   0.0   0.0     0     0
  1970  12   5     0  13.5   0.5   0.0     0     0
  1970  12   6     0  12.5   0.5   0.0     0     0
  1970  12   7     0  14.0   2.2   0.0     0     0
  1970  12   8     0  15.2   0.2   0.0     0     0
  1970  12   9     0  16.0   0.0   0.0     0     0
  1970  12  10     0  13.2   0.0   0.0     0     0
  1970  12  11     0  13.0   0.0   0.0     0     0
  1970  12  12     0  12.6   0.0   0.0     0     0
  1970  12  13     0  15.2   0.2   0.0     0     0
  1970  12  14     0  15.8  -1.0   0.0     0     0
  1970  12  15     0  15.0   0.0   0.0     0     0
  1970  12  16     0  14.0   0.5   0.0     0     0
  1970  12  17     0  15.5  -0.5   0.0     0     0
  1970  12  18     0  15.0  -0.2   0.0     0     0
  1970  12  19     0  13.0  -3.8   0.0     0     0
  1970  12  20     0  17.8  -2.0   0.0     0     0
  1970  12  21     0  18.0   0.0   0.0     0     0
  1970  12  22     0  19.0   0.5   0.0     0     0
  1970  12  23     0  18.5   2.0   0.0     0     0
  1970  12  24     0  17.0   1.2   0.0     0     0
  1970  12  25     0  17.8   1.0   0.0     0     0
  1970  12  26     0  18.8   0.9   0.0     0     0
  1970  12  27     0  19.0  -1.0   0.0     0     0
  1970  12  28     0  17.5  -1.8   0.0     0     0
  1970  12  29     0  17.8  -1.2   0.0     0     0
  1970  12  30     0  15.0  -1.9   0.0     0     0
  1970  12  31     0  18.0  -0.5   0.0     0     0
