  1978   1   1     0   DNA  -1.9   0.0     0     0
  1978   1   2     0   9.2  -1.2   0.0     0     0
  1978   1   3     0   8.2  -1.0   0.0     0     0
  1978   1   4     0   9.4  -2.2   0.0     0     0
  1978   1   5     0   9.4  -1.4   0.0     0     0
  1978   1   6     0   8.9  -2.8   0.0     0     0
  1978   1   7     0   9.0  -2.5   0.0     0     0
  1978   1   8     0   9.2  -1.5   0.0     0     0
  1978   1   9     0   9.0  -0.5   0.0     0     0
  1978   1  10     0   9.0  -6.0  10.0     0     0
  1978   1  11     0  12.0  -4.0   0.0     0     0
  1978   1  12     0  10.0  -3.0   0.0     0     0
  1978   1  13     0  10.2   1.0   0.0     0     0
  1978   1  14     0  11.0   1.0   0.0     0     0
  1978   1  15     0  13.0   DNA   0.0     0     0
  1978   1  16     0  14.2  -4.8   0.0     0     0
  1978   1  17     0  15.9  -5.0   0.0     0     0
  1978   1  18     0  15.2  -2.5   0.0     0     0
  1978   1  19     0  15.9   DNA   0.0     0     0
  1978   1  20     0  12.5  -3.2   0.0     0     0
  1978   1  21     0   8.2   1.0   0.0     0     0
  1978   1  22     0  10.0   3.2   2.0     0     0
  1978   1  23     0  10.9  -0.5   0.0     0     0
  1978   1  24     0  12.2  -1.2   0.0     0     0
  1978   1  25     0  12.8  -1.5   0.0     0     0
  1978   1  26     0  11.4  -2.4   0.0     0     0
  1978   1  27     0  12.5  -2.0   0.0     0     0
  1978   1  28     0  12.0  -1.0   0.0     0     0
  1978   1  29     0  12.0   0.0   0.0     0     0
  1978   1  30     0  14.0   1.0   0.0     0     0
  1978   1  31     0  13.4   0.9   0.0     0     0
  1978   2   1     0  13.0   DNA   0.0     0     0
  1978   2   2     0  13.0   1.0   0.0     0     0
  1978   2   3     0  13.5   DNA   0.0     0     0
  1978   2   4     0  12.9   DNA   0.0     0     0
  1978   2   5     0  13.0   DNA   0.0     0     0
  1978   2   6     0  13.2  -1.8   0.0     0     0
  1978   2   7     0  13.9   0.2   0.0     0     0
  1978   2   8     0  11.9   2.4   4.5     0     0
  1978   2   9     0  13.8  -1.5   0.0     0     0
  1978   2  10     0  14.2  -1.0   0.0     0     0
  1978   2  11     0  14.0   3.2   0.0     0     0
  1978   2  12     0  14.9   1.2   0.0     0     0
  1978   2  13     0  15.9   2.5   0.0     0     0
  1978   2  14     0  15.5   1.5   0.0     0     0
  1978   2  15     0  18.4   DNA   0.0     0     0
  1978   2  16     0  14.4   7.9   0.0     0     0
  1978   2  17     0  13.2   7.5   2.6     0     0
  1978   2  18     0  14.0   2.9   3.5     0     0
  1978   2  19     0  10.2  -1.8   0.0     0     0
  1978   2  20     0  10.5  -2.0   0.0     0     0
  1978   2  21     0  11.0  -0.9   1.0     0     0
  1978   2  22     0  11.2  -1.0   0.0     0     0
  1978   2  23     0  12.9  -0.8   4.5     0     0
  1978   2  24     0  15.2   0.4   0.0     0     0
  1978   2  25     0  15.5   1.9   0.0     0     0
  1978   2  26     0  17.6   2.0   0.8     0     0
  1978   2  27     0  17.2   4.0   0.0     0     0
  1978   2  28     0  17.9   3.9   0.0     0     0
  1978   3   1     0  17.5   4.8   0.0     0     0
  1978   3   2     0  18.2   3.4   0.0     0     0
  1978   3   3     0  19.5   2.2   0.0     0     0
  1978   3   4     0  17.8   3.4   0.0     0     0
  1978   3   5     0  17.5   2.4   0.0     0     0
  1978   3   6     0  19.0   4.2   0.0     0     0
  1978   3   7     0  16.8   1.0   0.0     0     0
  1978   3   8     0  17.9   1.2   0.0     0     0
  1978   3   9     0  17.2   3.2   0.0     0     0
  1978   3  10     0  19.0   5.2   0.0     0     0
  1978   3  11     0  13.5   3.0   0.0     0     0
  1978   3  12     0  10.5   2.3  25.4     0     0
  1978   3  13     0  11.6  -1.0   6.0     0     0
  1978   3  14     0  12.9  -0.2   0.0     0     0
  1978   3  15     0  15.0   0.6   0.0     0     0
  1978   3  16     0  16.4   3.0   0.0     0     0
  1978   3  17     0  17.4   4.0   3.2     0     0
  1978   3  18     0  15.2   7.4  11.4     0     0
  1978   3  19     0  15.5   4.5   9.0     0     0
  1978   3  20     0  16.5   5.0   0.0     0     0
  1978   3  21     0  19.0   4.0   0.0     0     0
  1978   3  22     0  19.0   2.0   0.0     0     0
  1978   3  23     0  18.0   2.0   0.0     0     0
  1978   3  24     0  18.2   4.0   0.0     0     0
  1978   3  25     0  18.2   5.0   0.0     0     0
  1978   3  26     0  18.2   2.0   0.0     0     0
  1978   3  27     0  18.4   4.6   0.0     0     0
  1978   3  28     0  18.0   4.3   0.0     0     0
  1978   3  29     0  17.8   5.0   1.4     0     0
  1978   3  30     0  11.9   6.9   1.0     0     0
  1978   3  31     0  14.9   0.8   5.8     0     0
  1978   4   1     0  18.2   1.5   0.0     0     0
  1978   4   2     0  19.0   2.2   0.0     0     0
  1978   4   3     0  20.0   5.0   0.0     0     0
  1978   4   4     0  19.5   7.0   0.0     0     0
  1978   4   5     0  20.5   4.0   6.7     0     0
  1978   4   6     0  20.5   6.0   0.0     0     0
  1978   4   7     0  20.0   4.4   0.0     0     0
  1978   4   8     0  20.5   5.0   1.0     0     0
  1978   4   9     0  22.0   6.0   0.0     0     0
  1978   4  10     0  21.8   8.0   0.0     0     0
  1978   4  11     0  20.2   8.0  12.0     0     0
  1978   4  12     0  19.4   9.2  16.8     0     0
  1978   4  13     0  17.9   8.4   8.5     0     0
  1978   4  14     0  20.5   7.2   0.4     0     0
  1978   4  15     0  21.4  11.0   0.0     0     0
  1978   4  16     0  19.9   9.5  20.4     0     0
  1978   4  17     0  19.5   9.5   3.5     0     0
  1978   4  18     0  21.8   7.5  15.5     0     0
  1978   4  19     0  18.9   9.0   3.6     0     0
  1978   4  20     0  20.5   8.5   0.0     0     0
  1978   4  21     0  20.0   6.5   0.0     0     0
  1978   4  22     0  21.4   9.5   0.0     0     0
  1978   4  23     0  21.4   7.9   2.0     0     0
  1978   4  24     0  21.4  10.9   0.0     0     0
  1978   4  25     0  18.0   9.8  10.5     0     0
  1978   4  26     0  25.9   8.5   2.0     0     0
  1978   4  27     0  20.2   7.9  17.0     0     0
  1978   4  28     0  21.5  11.0   0.0     0     0
  1978   4  29     0  21.0   8.8  12.3     0     0
  1978   4  30     0  22.8   9.9   0.0     0     0
  1978   5   1     0  20.5  11.0   8.0     0     0
  1978   5   2     0  21.0  14.2   0.7     0     0
  1978   5   3     0  22.0  10.4   0.7     0     0
  1978   5   4     0  20.2  10.9  15.5     0     0
  1978   5   5     0  21.5  10.0   0.1     0     0
  1978   5   6     0  21.5  11.5  30.0     0     0
  1978   5   7     0  19.9  11.2  12.9     0     0
  1978   5   8     0  20.0  11.9  18.0     0     0
  1978   5   9     0  21.8  10.9   2.3     0     0
  1978   5  10     0  21.9  10.9  12.0     0     0
  1978   5  11     0  20.9  11.4   0.0     0     0
  1978   5  12     0  22.0  13.8   1.5     0     0
  1978   5  13     0  20.0  15.0   5.7     0     0
  1978   5  14     0  21.0  14.0   3.5     0     0
  1978   5  15     0  20.0  16.0   1.5     0     0
  1978   5  16     0  22.0  15.0  12.5     0     0
  1978   5  17     0  22.0  16.0  29.5     0     0
  1978   5  18     0  22.8  14.5   4.5     0     0
  1978   5  19     0  23.0  15.9   0.0     0     0
  1978   5  20     0  24.9  13.0   4.0     0     0
  1978   5  21     0  25.9  13.9   0.0     0     0
  1978   5  22     0  25.9  12.5   7.0     0     0
  1978   5  23     0  25.4  12.4   0.5     0     0
  1978   5  24     0  19.0  14.0  10.0     0     0
  1978   5  25     0  20.2  15.0   5.0     0     0
  1978   5  26     0  20.2  15.0   4.8     0     0
  1978   5  27     0  22.2  15.2   6.0     0     0
  1978   5  28     0  23.2  13.0   1.5     0     0
  1978   5  29     0  22.2  14.0   0.0     0     0
  1978   5  30     0  22.5  15.0   0.8     0     0
  1978   5  31     0  22.9  17.0   0.0     0     0
  1978   6   1     0  23.4  14.2  19.8     0     0
  1978   6   2     0  22.0  12.5  19.5     0     0
  1978   6   3     0  23.0  14.0  19.8     0     0
  1978   6   4     0  23.2  13.0   5.0     0     0
  1978   6   5     0  23.2  17.5   0.0     0     0
  1978   6   6     0  22.5  18.0  12.0     0     0
  1978   6   7     0  22.2  17.5   7.2     0     0
  1978   6   8     0  20.9  17.4  25.6     0     0
  1978   6   9     0  21.4  16.5   4.6     0     0
  1978   6  10     0  24.0  16.5   7.4     0     0
  1978   6  11     0  24.0  16.2   0.0     0     0
  1978   6  12     0  21.8  16.0   1.5     0     0
  1978   6  13     0  22.5  16.2  11.3     0     0
  1978   6  14     0  21.8  15.2  31.5     0     0
  1978   6  15     0  22.4  16.2   0.5     0     0
  1978   6  16     0  22.9  16.5  39.6     0     0
  1978   6  17     0  24.0   DNA   0.0     0     0
  1978   6  18     0  23.5  17.2  13.0     0     0
  1978   6  19     0  23.0  17.0  16.4     0     0
  1978   6  20     0  22.5  16.2  48.3     0     0
  1978   6  21     0  24.0  16.5   1.5     0     0
  1978   6  22     0  24.0  16.5  18.6     0     0
  1978   6  23     0  23.0  16.0  52.0     0     0
  1978   6  24     0  23.0  16.0  14.0     0     0
  1978   6  25     0  23.2  17.5  18.8     0     0
  1978   6  26     0  23.8  16.2  16.3     0     0
  1978   6  27     0  23.5  17.5  14.0     0     0
  1978   6  28     0  23.4  18.0   0.0     0     0
  1978   6  29     0  23.9  17.4  18.5     0     0
  1978   6  30     0  22.5  16.2   6.9     0     0
  1978   7   1     0  22.9  17.5  10.8     0     0
  1978   7   2     0  21.0  17.5   2.4     0     0
  1978   7   3     0  21.5  16.5  32.0     0     0
  1978   7   4     0  21.2  16.9  48.7     0     0
  1978   7   5     0  21.4  16.0  21.5     0     0
  1978   7   6     0  21.8  15.5  14.5     0     0
  1978   7   7     0  20.8  17.0   4.5     0     0
  1978   7   8     0  22.0  16.8  28.6     0     0
  1978   7   9     0  22.2  15.2   5.0     0     0
  1978   7  10     0  23.4  15.2   1.0     0     0
  1978   7  11     0  24.2  16.2  54.3     0     0
  1978   7  12     0  22.2  16.8  18.8     0     0
  1978   7  13     0  23.8  15.2  19.0     0     0
  1978   7  14     0  23.0  17.2  13.0     0     0
  1978   7  15     0  23.9  17.4  13.4     0     0
  1978   7  16     0   DNA  16.9  50.7     0     0
  1978   7  17     0  21.5  16.2  15.5     0     0
  1978   7  18     0  21.5  16.2   7.5     0     0
  1978   7  19     0  22.5  15.0   2.0     0     0
  1978   7  20     0  22.0  16.8  69.0     0     0
  1978   7  21     0  22.4  16.4  24.5     0     0
  1978   7  22     0  23.8  16.5  11.0     0     0
  1978   7  23     0  24.5  17.8   5.9     0     0
  1978   7  24     0  22.5  16.9  30.7     0     0
  1978   7  25     0  23.4  17.0  18.2     0     0
  1978   7  26     0  23.5  17.9   2.5     0     0
  1978   7  27     0  20.9  18.0  32.0     0     0
  1978   7  28     0  21.2  17.4  21.2     0     0
  1978   7  29     0  22.6  17.0   1.0     0     0
  1978   7  30     0  21.4  18.2   7.2     0     0
  1978   7  31     0  23.2  17.5  19.2     0     0
  1978   8   1     0  21.2  17.2  58.3     0     0
  1978   8   2     0  22.4  17.0  28.7     0     0
  1978   8   3     0  24.2  17.0   1.5     0     0
  1978   8   4     0  22.9  16.8  14.2     0     0
  1978   8   5     0  23.0  17.5  19.0     0     0
  1978   8   6     0  22.0  17.5   5.4     0     0
  1978   8   7     0  23.8  18.0  20.3     0     0
  1978   8   8     0  23.9  17.2  25.5     0     0
  1978   8   9     0  23.5  17.5  53.7     0     0
  1978   8  10     0  23.8  17.4  57.9     0     0
  1978   8  11     0  23.5  16.2  57.6     0     0
  1978   8  12     0  24.5  17.5   9.1     0     0
  1978   8  13     0  24.2  15.4  24.6     0     0
  1978   8  14     0  25.8  16.2   2.2     0     0
  1978   8  15     0  23.8  17.0   2.0     0     0
  1978   8  16     0  24.0  17.8   0.5     0     0
  1978   8  17     0  22.0  17.5   8.9     0     0
  1978   8  18     0  20.0  17.2  16.2     0     0
  1978   8  19     0  22.5  16.2   6.5     0     0
  1978   8  20     0  23.4  16.9   4.2     0     0
  1978   8  21     0  24.2  16.0   1.6     0     0
  1978   8  22     0  22.4  16.2   7.2     0     0
  1978   8  23     0  21.5  16.5  10.1     0     0
  1978   8  24     0  22.2  16.2  22.4     0     0
  1978   8  25     0  22.0  15.9  11.2     0     0
  1978   8  26     0  23.4  15.2  16.0     0     0
  1978   8  27     0  23.8  15.8   0.0     0     0
  1978   8  28     0  24.0  14.0  10.2     0     0
  1978   8  29     0  24.2  15.0   0.0     0     0
  1978   8  30     0  23.5  15.4   0.0     0     0
  1978   8  31     0  22.2  16.5  26.5     0     0
  1978   9   1     0  22.9  15.0   2.2     0     0
  1978   9   2     0  22.5  14.2  16.0     0     0
  1978   9   3     0  22.5  18.0   0.0     0     0
  1978   9   4     0  20.9  17.0   0.0     0     0
  1978   9   5     0  21.9  13.8   8.7     0     0
  1978   9   6     0  21.4  16.0   0.0     0     0
  1978   9   7     0  20.9  15.4   2.0     0     0
  1978   9   8     0  21.5  14.0   7.8     0     0
  1978   9   9     0  21.4  16.9  16.2     0     0
  1978   9  10     0  20.8  16.2  20.6     0     0
  1978   9  11     0  21.2  15.8  15.6     0     0
  1978   9  12     0  20.9  16.2   0.2     0     0
  1978   9  13     0  20.9  16.8   4.0     0     0
  1978   9  14     0  20.5  15.5  43.2     0     0
  1978   9  15     0  20.0  14.0  17.5     0     0
  1978   9  16     0  20.5  14.2  12.5     0     0
  1978   9  17     0  22.2  13.9   6.2     0     0
  1978   9  18     0  22.5  15.4   0.0     0     0
  1978   9  19     0  22.5  15.2  20.5     0     0
  1978   9  20     0  22.8  14.0   0.0     0     0
  1978   9  21     0  22.5  13.0   0.0     0     0
  1978   9  22     0  20.6  15.4   0.0     0     0
  1978   9  23     0  21.2  15.2   3.2     0     0
  1978   9  24     0  23.0  17.8   0.0     0     0
  1978   9  25     0  23.0  14.5   3.4     0     0
  1978   9  26     0  21.5  15.9   7.0     0     0
  1978   9  27     0  19.9  14.8  17.9     0     0
  1978   9  28     0  21.0  14.9   2.2     0     0
  1978   9  29     0  21.2  12.5   1.3     0     0
  1978   9  30     0  21.2  13.0  16.9     0     0
  1978  10   1     0  20.4  14.2   0.3     0     0
  1978  10   2     0  20.0  10.4   4.3     0     0
  1978  10   3     0  21.6  10.4   0.0     0     0
  1978  10   4     0  19.9  15.5   1.8     0     0
  1978  10   5     0  19.8  14.9   1.0     0     0
  1978  10   6     0  21.2  14.0  27.6     0     0
  1978  10   7     0  21.4  10.5   5.2     0     0
  1978  10   8     0  22.0  13.4   0.0     0     0
  1978  10   9     0  22.5  13.0   5.2     0     0
  1978  10  10     0  21.5  13.0   0.0     0     0
  1978  10  11     0  20.5  11.0   0.0     0     0
  1978  10  12     0  20.0  11.5   0.0     0     0
  1978  10  13     0  20.1  11.0   0.0     0     0
  1978  10  14     0  20.9   9.2   0.0     0     0
  1978  10  15     0  20.0   9.8   0.0     0     0
  1978  10  16     0  20.9  10.0   0.0     0     0
  1978  10  17     0  19.8  11.0   0.0     0     0
  1978  10  18     0  18.4   7.0   0.0     0     0
  1978  10  19     0  19.0  12.0   0.0     0     0
  1978  10  20     0  18.0  10.5   0.0     0     0
  1978  10  21     0  17.5  12.0   0.0     0     0
  1978  10  22     0  18.0  12.5   0.0     0     0
  1978  10  23     0  18.0  10.5   0.3     0     0
  1978  10  24     0  16.4   9.1   0.0     0     0
  1978  10  25     0  18.5   9.5   0.0     0     0
  1978  10  26     0  19.0  10.9   0.0     0     0
  1978  10  27     0  19.0   7.1   0.0     0     0
  1978  10  28     0  20.0   7.1   0.0     0     0
  1978  10  29     0  19.0  10.0   0.0     0     0
  1978  10  30     0  19.0   6.0   4.5     0     0
  1978  10  31     0  18.0   7.0   0.0     0     0
  1978  11   1     0   DNA   7.0   0.0     0     0
  1978  11   2     0   DNA   8.0   0.0     0     0
  1978  11   3     0   DNA   9.0   0.0     0     0
  1978  11   4     0  17.0   DNA   0.0     0     0
  1978  11   5     0  17.5   7.0   0.0     0     0
  1978  11   6     0  17.0   6.0   0.0     0     0
  1978  11   7     0  17.0   7.0   0.0     0     0
  1978  11   8     0  16.5   8.0   0.0     0     0
  1978  11   9     0  16.0   8.5   0.0     0     0
  1978  11  10     0  16.0  12.0   0.0     0     0
  1978  11  11     0  15.0  11.0   0.0     0     0
  1978  11  12     0  15.9   9.0   0.0     0     0
  1978  11  13     0  16.0  10.0   0.0     0     0
  1978  11  14     0  14.5  10.0   1.0     0     0
  1978  11  15     0  15.0   6.0   0.0     0     0
  1978  11  16     0  18.0   6.0   0.0     0     0
  1978  11  17     0  16.0   8.0   0.0     0     0
  1978  11  18     0  15.5  11.0   9.0     0     0
  1978  11  19     0  15.0   6.0   0.0     0     0
  1978  11  20     0  15.5   4.0   0.0     0     0
  1978  11  21     0  14.5   9.0   0.0     0     0
  1978  11  22     0  16.0   9.0   0.0     0     0
  1978  11  23     0  17.0   5.0   0.0     0     0
  1978  11  24     0  16.0   2.0   0.0     0     0
  1978  11  25     0  17.0   3.0   0.0     0     0
  1978  11  26     0  16.0   1.0   0.0     0     0
  1978  11  27     0  14.5   1.0   0.0     0     0
  1978  11  28     0  15.0  -2.0   0.0     0     0
  1978  11  29     0  12.0  -2.0   0.0     0     0
  1978  11  30     0  12.5   1.0   0.0     0     0
  1978  12   1     0  13.0   2.0   0.0     0     0
  1978  12   2     0  14.6   6.0   0.0     0     0
  1978  12   3     0  14.5   2.0   4.0     0     0
  1978  12   4     0  14.0   1.0   0.0     0     0
  1978  12   5     0  16.0   1.0   0.0     0     0
  1978  12   6     0  16.5   0.0   0.0     0     0
  1978  12   7     0  16.8  -0.2   0.0     0     0
  1978  12   8     0  16.0   0.4   0.0     0     0
  1978  12   9     0  14.8   0.2   0.0     0     0
  1978  12  10     0  16.9   0.0   0.0     0     0
  1978  12  11     0  17.8   0.9   0.0     0     0
  1978  12  12     0  18.2   0.2   0.0     0     0
  1978  12  13     0  20.2   0.2   0.0     0     0
  1978  12  14     0  21.0   2.0   0.0     0     0
  1978  12  15     0  20.0   1.5   0.0     0     0
  1978  12  16     0  17.0   1.0   0.0     0     0
  1978  12  17     0  14.9  -0.4   0.0     0     0
  1978  12  18     0  13.9  -1.2   0.0     0     0
  1978  12  19     0  12.0  -1.0   0.0     0     0
  1978  12  20     0  13.5  -1.2   0.0     0     0
  1978  12  21     0  14.0  -0.9   0.0     0     0
  1978  12  22     0  14.4   1.4   0.0     0     0
  1978  12  23     0  15.2   0.5   0.0     0     0
  1978  12  24     0  13.8  -0.6   0.0     0     0
  1978  12  25     0  13.9  -0.9   0.0     0     0
  1978  12  26     0  13.5  -1.5   0.0     0     0
  1978  12  27     0  12.9  -2.8   0.0     0     0
  1978  12  28     0  14.5  -1.4   0.0     0     0
  1978  12  29     0  14.2  -0.9   0.0     0     0
  1978  12  30     0  12.9  -1.2   0.0     0     0
  1978  12  31     0  13.9  -0.4   0.0     0     0
