  1992   1   1     0   9.0  -5.8   0.0     0     0
  1992   1   2     0   9.5  -6.1   0.0     0     0
  1992   1   3     0  10.2  -5.0   0.0     0     0
  1992   1   4     0  13.0  -5.2   0.0     0     0
  1992   1   5     0  13.2  -4.8   0.0     0     0
  1992   1   6     0  11.5  -3.8   0.0     0     0
  1992   1   7     0  14.1  -2.5   0.0     0     0
  1992   1   8     0  13.1  -2.0   0.0     0     0
  1992   1   9     0  13.9   2.5   0.0     0     0
  1992   1  10     0  13.6  -2.1   0.0     0     0
  1992   1  11     0  15.0  -3.2   0.0     0     0
  1992   1  12     0  12.0   0.0   6.2     0     0
  1992   1  13     0  13.6  -2.5   0.0     0     0
  1992   1  14     0  14.6  -0.5   0.0     0     0
  1992   1  15     0  14.5  -2.4   0.0     0     0
  1992   1  16     0  13.6  -2.5   0.0     0     0
  1992   1  17     0  15.2  -3.5   0.0     0     0
  1992   1  18     0  12.0  -1.2   0.0     0     0
  1992   1  19     0  13.0   2.0   0.0     0     0
  1992   1  20     0  13.3   1.0   0.0     0     0
  1992   1  21     0  13.3   1.0   0.0     0     0
  1992   1  22     0  12.8   1.0   4.0     0     0
  1992   1  23     0  12.4  -3.0   7.4     0     0
  1992   1  24     0  13.6  -1.0   0.0     0     0
  1992   1  25     0  14.1  -1.0   0.0     0     0
  1992   1  26     0  15.1   3.4   0.0     0     0
  1992   1  27     0  15.6   6.8   0.0     0     0
  1992   1  28     0  16.0   2.1   0.0     0     0
  1992   1  29     0  17.0   0.9   0.0     0     0
  1992   1  30     0  16.9   2.2   0.0     0     0
  1992   1  31     0  13.0   2.0   0.0     0     0
  1992   2   1     0  15.5  -1.0   0.0     0     0
  1992   2   2     0  13.7   4.1   0.0     0     0
  1992   2   3     0  12.7  -2.5   0.0     0     0
  1992   2   4     0  13.0  -3.6   0.0     0     0
  1992   2   5     0  12.4  -3.3   0.0     0     0
  1992   2   6     0  12.6   1.0   0.0     0     0
  1992   2   7     0   7.0   6.0   4.2     0     0
  1992   2   8     0  12.0  -3.0   9.7     0     0
  1992   2   9     0  13.0  -0.2   0.0     0     0
  1992   2  10     0  13.0  -3.2   0.0     0     0
  1992   2  11     0  13.2   DNA   0.0     0     0
  1992   2  12     0   DNA   1.0   2.4     0     0
  1992   2  13     0  14.6   1.0   0.0     0     0
  1992   2  14     0  15.0   1.0   0.0     0     0
  1992   2  15     0  14.3   0.7   0.0     0     0
  1992   2  16     0  14.5   1.8   0.0     0     0
  1992   2  17     0  13.5  -3.0   0.0     0     0
  1992   2  18     0  12.5  -1.6   0.0     0     0
  1992   2  19     0  13.7  -3.0   0.0     0     0
  1992   2  20     0  13.6   1.1   0.0     0     0
  1992   2  21     0  14.5   3.0   0.0     0     0
  1992   2  22     0  15.0   3.0   0.0     0     0
  1992   2  23     0  14.0  -1.0   5.6     0     0
  1992   2  24     0  12.5  -4.5   0.0     0     0
  1992   2  25     0  12.2  -4.6   0.7     0     0
  1992   2  26     0  14.3  -2.9   0.0     0     0
  1992   2  27     0  13.6  -0.8   0.0     0     0
  1992   2  28     0  15.6   5.1   0.0     0     0
  1992   2  29     0  18.5   0.5   0.0     0     0
  1992   3   1     0  20.0   1.4   0.0     0     0
  1992   3   2     0  21.1   DNA   0.0     0     0
  1992   3   3     0  20.6  -0.5   0.0     0     0
  1992   3   4     0  20.8   2.0   0.0     0     0
  1992   3   5     0  20.0   1.8   0.0     0     0
  1992   3   6     0  20.0   0.8   0.0     0     0
  1992   3   7     0  22.5   1.0   0.0     0     0
  1992   3   8     0  19.5   1.0   0.0     0     0
  1992   3   9     0  22.0   0.8   0.0     0     0
  1992   3  10     0  20.3   1.0   0.0     0     0
  1992   3  11     0  20.1  -0.5   0.0     0     0
  1992   3  12     0  20.5   1.6   0.0     0     0
  1992   3  13     0  21.7   3.0   0.0     0     0
  1992   3  14     0  22.6   4.9   0.0     0     0
  1992   3  15     0  20.0   3.0   0.0     0     0
  1992   3  16     0  21.0   2.0   0.0     0     0
  1992   3  17     0  19.0   1.8   0.0     0     0
  1992   3  18     0  19.0   3.8   0.0     0     0
  1992   3  19     0  20.3   2.9   0.0     0     0
  1992   3  20     0  20.5   2.8   0.0     0     0
  1992   3  21     0  23.5   5.2   0.0     0     0
  1992   3  22     0  23.0   6.5   0.0     0     0
  1992   3  23     0  22.0   6.5   0.0     0     0
  1992   3  24     0  23.8   3.0   0.0     0     0
  1992   3  25     0  25.2   4.0   0.0     0     0
  1992   3  26     0  24.5   5.0   0.0     0     0
  1992   3  27     0  26.5   4.5   0.0     0     0
  1992   3  28     0  25.3   5.0   0.0     0     0
  1992   3  29     0  25.0   6.4   0.0     0     0
  1992   3  30     0  24.0   3.8   0.0     0     0
  1992   3  31     0  22.5   5.5   0.0     0     0
  1992   4   1     0  21.2   3.0   2.2     0     0
  1992   4   2     0  22.2   2.8   0.0     0     0
  1992   4   3     0  21.5   2.5   0.0     0     0
  1992   4   4     0  21.5   4.7   0.0     0     0
  1992   4   5     0  22.1   4.9   0.0     0     0
  1992   4   6     0  22.6   6.1   0.0     0     0
  1992   4   7     0  24.1   4.9   3.2     0     0
  1992   4   8     0  25.0   6.4   0.0     0     0
  1992   4   9     0  25.5   6.6   0.0     0     0
  1992   4  10     0  27.6   7.1   0.0     0     0
  1992   4  11     0  27.6   8.7   0.0     0     0
  1992   4  12     0  28.2   5.2   0.0     0     0
  1992   4  13     0  28.0   6.0   0.0     0     0
  1992   4  14     0  27.2   4.8   0.0     0     0
  1992   4  15     0  26.6   3.3   0.0     0     0
  1992   4  16     0  25.0   1.2   0.0     0     0
  1992   4  17     0  23.0   3.2   0.0     0     0
  1992   4  18     0  23.8   4.0   0.0     0     0
  1992   4  19     0  24.0   4.6   0.0     0     0
  1992   4  20     0  25.4   6.8   0.0     0     0
  1992   4  21     0  24.7   9.3   0.0     0     0
  1992   4  22     0  27.7  11.0   0.0     0     0
  1992   4  23     0  25.0   6.7   0.0     0     0
  1992   4  24     0  24.6   4.5   0.0     0     0
  1992   4  25     0  24.4   6.0   0.0     0     0
  1992   4  26     0  23.1   8.0   2.4     0     0
  1992   4  27     0  19.4  11.0   5.0     0     0
  1992   4  28     0  19.6   7.7   5.6     0     0
  1992   4  29     0  21.6  10.5   0.0     0     0
  1992   4  30     0  17.0   7.2   1.7     0     0
  1992   5   1     0  20.0   8.5   7.5     0     0
  1992   5   2     0  20.1   5.5  19.8     0     0
  1992   5   3     0  20.6   7.6   2.7     0     0
  1992   5   4     0  19.1  10.0   2.4     0     0
  1992   5   5     0  20.8   6.0  11.0     0     0
  1992   5   6     0  22.5   9.4   0.0     0     0
  1992   5   7     0  23.6   6.3   9.7     0     0
  1992   5   8     0  23.6   9.9   0.0     0     0
  1992   5   9     0  23.8  12.2   0.0     0     0
  1992   5  10     0  22.1   8.0  19.3     0     0
  1992   5  11     0  23.5   9.1  20.0     0     0
  1992   5  12     0  23.0   9.9   8.6     0     0
  1992   5  13     0  25.5  10.0   1.6     0     0
  1992   5  14     0  22.7  11.6  17.3     0     0
  1992   5  15     0  21.2  10.4  19.0     0     0
  1992   5  16     0  24.5   9.8   0.0     0     0
  1992   5  17     0  26.0  10.0   0.0     0     0
  1992   5  18     0  25.0   7.5   0.0     0     0
  1992   5  19     0  25.5   7.6   0.0     0     0
  1992   5  20     0  24.0   8.5   0.0     0     0
  1992   5  21     0  22.4   5.1   5.0     0     0
  1992   5  22     0  20.0   6.0   0.0     0     0
  1992   5  23     0  18.4   9.9   4.4     0     0
  1992   5  24     0  21.7  11.1   0.8     0     0
  1992   5  25     0  18.7   7.7  32.0     0     0
  1992   5  26     0  19.2  12.1   5.4     0     0
  1992   5  27     0  21.2  12.5   2.0     0     0
  1992   5  28     0  21.8  13.2   3.3     0     0
  1992   5  29     0  23.5  11.2   0.0     0     0
  1992   5  30     0  25.8  13.0   0.3     0     0
  1992   5  31     0  25.8  10.0   0.0     0     0
  1992   6   1     0  26.1   7.6   0.0     0     0
  1992   6   2     0  26.2   8.9   0.0     0     0
  1992   6   3     0  26.3   8.9   0.0     0     0
  1992   6   4     0  26.0  10.6   0.0     0     0
  1992   6   5     0  26.6  11.8   0.0     0     0
  1992   6   6     0  26.4   9.6   0.0     0     0
  1992   6   7     0  25.0  12.7   2.6     0     0
  1992   6   8     0  23.8  12.1   4.6     0     0
  1992   6   9     0  24.0  13.0   0.9     0     0
  1992   6  10     0  23.0  14.0  24.0     0     0
  1992   6  11     0  23.7  13.5   4.0     0     0
  1992   6  12     0  24.5  12.2   2.7     0     0
  1992   6  13     0  24.5  15.0  12.0     0     0
  1992   6  14     0  25.3  12.6  29.3     0     0
  1992   6  15     0  23.8  15.5  12.2     0     0
  1992   6  16     0  24.5  15.0   0.0     0     0
  1992   6  17     0  27.0  14.5   0.0     0     0
  1992   6  18     0  25.5  17.0   5.8     0     0
  1992   6  19     0  24.6  16.0   9.7     0     0
  1992   6  20     0  23.6  18.2  44.5     0     0
  1992   6  21     0  25.6  16.7  86.7     0     0
  1992   6  22     0  25.2  17.8  15.6     0     0
  1992   6  23     0  24.7  18.0  31.2     0     0
  1992   6  24     0  24.4  13.6  23.4     0     0
  1992   6  25     0  23.8  15.0  60.9     0     0
  1992   6  26     0  24.4  16.5  10.4     0     0
  1992   6  27     0  24.5  16.0   3.0     0     0
  1992   6  28     0  24.2  16.4   3.6     0     0
  1992   6  29     0  24.6  17.2  22.2     0     0
  1992   6  30     0  25.0  14.7   1.5     0     0
  1992   7   1     0  25.0  15.8   0.0     0     0
  1992   7   2     0  24.5  15.5  12.0     0     0
  1992   7   3     0  24.6  17.0  40.7     0     0
  1992   7   4     0  25.3  15.0   0.6     0     0
  1992   7   5     0  25.9  17.8  17.4     0     0
  1992   7   6     0  23.8  17.1   0.0     0     0
  1992   7   7     0  25.2  13.4   0.0     0     0
  1992   7   8     0  25.0  15.1  83.8     0     0
  1992   7   9     0  24.4  15.7  51.2     0     0
  1992   7  10     0  23.5  17.0  13.0     0     0
  1992   7  11     0  22.5  16.0  10.0     0     0
  1992   7  12     0  21.8  17.0   0.2     0     0
  1992   7  13     0  23.1  16.2  10.9     0     0
  1992   7  14     0  25.3  17.0   0.6     0     0
  1992   7  15     0  23.5  17.0  66.6     0     0
  1992   7  16     0  21.9  16.5  58.8     0     0
  1992   7  17     0  23.1  16.7   4.1     0     0
  1992   7  18     0  23.6  16.8   6.8     0     0
  1992   7  19     0  25.0  15.6  55.2     0     0
  1992   7  20     0  23.1  16.1  26.0     0     0
  1992   7  21     0  24.3  17.1   4.9     0     0
  1992   7  22     0  22.2  16.4   3.4     0     0
  1992   7  23     0  24.1  17.3  24.4     0     0
  1992   7  24     0  24.2  17.4  20.8     0     0
  1992   7  25     0  24.5  16.0  26.4     0     0
  1992   7  26     0  25.6  15.0  25.5     0     0
  1992   7  27     0  24.6  17.2   2.2     0     0
  1992   7  28     0  24.2  16.8   0.0     0     0
  1992   7  29     0  24.1  17.5   0.0     0     0
  1992   7  30     0  20.4  17.0  32.0     0     0
  1992   7  31     0  20.2  17.0  33.3     0     0
  1992   8   1     0  23.3  17.2  22.0     0     0
  1992   8   2     0  21.7  16.8  39.4     0     0
  1992   8   3     0  24.2  17.0  10.4     0     0
  1992   8   4     0  22.7  17.5  29.2     0     0
  1992   8   5     0  23.4  16.1  10.4     0     0
  1992   8   6     0  23.9  17.4   4.4     0     0
  1992   8   7     0  23.6  16.6  14.2     0     0
  1992   8   8     0  23.8  15.6   3.8     0     0
  1992   8   9     0  23.6  15.8   7.2     0     0
  1992   8  10     0  25.2  16.8  32.2     0     0
  1992   8  11     0  24.5  16.5   3.3     0     0
  1992   8  12     0  23.6  16.8  30.0     0     0
  1992   8  13     0  25.6  13.2   9.2     0     0
  1992   8  14     0  24.9  16.5  48.2     0     0
  1992   8  15     0  22.3  18.0   2.0     0     0
  1992   8  16     0  24.9  16.8   0.6     0     0
  1992   8  17     0  22.8  17.6  16.5     0     0
  1992   8  18     0  23.3  17.9   1.8     0     0
  1992   8  19     0  23.3  16.7   6.2     0     0
  1992   8  20     0  23.4  16.0  22.6     0     0
  1992   8  21     0  22.8  18.6   2.5     0     0
  1992   8  22     0  24.0  17.7  49.2     0     0
  1992   8  23     0  23.5  17.4  77.4     0     0
  1992   8  24     0  24.2  15.2  23.5     0     0
  1992   8  25     0  20.5  16.7  55.0     0     0
  1992   8  26     0  24.2  14.2   0.4     0     0
  1992   8  27     0  23.5  13.7  30.7     0     0
  1992   8  28     0  22.7  15.6  15.7     0     0
  1992   8  29     0  25.1  16.7   4.9     0     0
  1992   8  30     0  26.5  19.0   0.6     0     0
  1992   8  31     0  25.8  18.0  30.6     0     0
  1992   9   1     0  25.8  19.1   2.6     0     0
  1992   9   2     0  26.7  17.6   3.6     0     0
  1992   9   3     0  25.7  14.5  20.2     0     0
  1992   9   4     0  24.0  17.0   2.8     0     0
  1992   9   5     0  24.0  17.0   0.0     0     0
  1992   9   6     0  24.0  15.5  60.2     0     0
  1992   9   7     0  24.6  15.8   5.9     0     0
  1992   9   8     0  25.0  16.4  45.8     0     0
  1992   9   9     0  24.6  16.0  44.0     0     0
  1992   9  10     0  25.0  14.0  21.6     0     0
  1992   9  11     0  24.5  15.0  16.4     0     0
  1992   9  12     0  22.5  15.0  20.2     0     0
  1992   9  13     0  21.2  16.4   8.2     0     0
  1992   9  14     0  23.0  13.4   6.0     0     0
  1992   9  15     0  22.6  16.8   4.0     0     0
  1992   9  16     0  22.0  15.5  22.4     0     0
  1992   9  17     0  24.3  15.0   0.0     0     0
  1992   9  18     0  22.2  15.9   0.0     0     0
  1992   9  19     0  23.1  15.0   0.0     0     0
  1992   9  20     0  24.2  12.7   0.0     0     0
  1992   9  21     0  25.2  11.9   0.0     0     0
  1992   9  22     0  24.6  10.7   0.0     0     0
  1992   9  23     0  25.2  10.3   0.0     0     0
  1992   9  24     0  24.9  12.0   0.0     0     0
  1992   9  25     0  23.4  11.9  24.4     0     0
  1992   9  26     0  22.5  13.4   5.0     0     0
  1992   9  27     0  22.6  12.8   0.7     0     0
  1992   9  28     0  20.7  15.0  27.0     0     0
  1992   9  29     0  20.0  15.2  13.8     0     0
  1992   9  30     0  21.0  15.3   1.0     0     0
  1992  10   1     0  22.0  15.2   0.0     0     0
  1992  10   2     0  21.7  15.2   8.9     0     0
  1992  10   3     0  22.5  11.7   0.0     0     0
  1992  10   4     0  23.0  11.4   0.0     0     0
  1992  10   5     0  22.6  12.4     T     0     0
  1992  10   6     0  22.0   9.4   0.0     0     0
  1992  10   7     0  22.4   8.3   0.0     0     0
  1992  10   8     0  22.8   8.6   0.0     0     0
  1992  10   9     0  23.7  10.5   0.0     0     0
  1992  10  10     0  23.0   7.4   0.0     0     0
  1992  10  11     0  22.7  10.5   0.0     0     0
  1992  10  12     0  21.9  15.0   8.5     0     0
  1992  10  13     0  21.1  12.5   7.2     0     0
  1992  10  14     0  22.5  15.0   0.9     0     0
  1992  10  15     0  21.1  16.0   0.2     0     0
  1992  10  16     0  15.9  14.0  27.8     0     0
  1992  10  17     0  19.0  13.6  20.6     0     0
  1992  10  18     0  15.7  13.1  28.6     0     0
  1992  10  19     0  20.0  11.5   2.8     0     0
  1992  10  20     0  21.0  11.0   0.0     0     0
  1992  10  21     0  21.1  10.0   3.4     0     0
  1992  10  22     0  20.7   8.4   0.0     0     0
  1992  10  23     0  19.4   5.3   0.0     0     0
  1992  10  24     0  18.8   4.5   0.0     0     0
  1992  10  25     0  18.3   7.2   0.0     0     0
  1992  10  26     0  18.5   5.8   0.0     0     0
  1992  10  27     0  19.4   4.1   0.0     0     0
  1992  10  28     0  19.4   5.0   0.0     0     0
  1992  10  29     0  21.0   4.1   0.0     0     0
  1992  10  30     0  21.5   4.5   0.0     0     0
  1992  10  31     0  21.1   3.7   0.0     0     0
  1992  11   1     0  20.1   4.0   0.0     0     0
  1992  11   2     0  19.7   3.4   0.0     0     0
  1992  11   3     0  18.7   3.7   0.0     0     0
  1992  11   4     0  18.8   3.0   0.0     0     0
  1992  11   5     0  18.2   2.0   0.0     0     0
  1992  11   6     0  18.6   4.1   0.0     0     0
  1992  11   7     0  17.6   2.5   0.0     0     0
  1992  11   8     0  17.9   4.0   0.0     0     0
  1992  11   9     0  18.3   3.6   0.0     0     0
  1992  11  10     0  17.4   9.8   3.0     0     0
  1992  11  11     0  18.6   8.1   1.8     0     0
  1992  11  12     0  19.0   4.0   0.0     0     0
  1992  11  13     0  18.6   3.2   0.0     0     0
  1992  11  14     0  17.7   3.0   1.2     0     0
  1992  11  15     0  18.1   3.5   0.0     0     0
  1992  11  16     0  18.5   2.7   0.0     0     0
  1992  11  17     0  18.1   2.2   0.0     0     0
  1992  11  18     0  18.5   1.5   0.0     0     0
  1992  11  19     0  17.5   1.3   0.0     0     0
  1992  11  20     0  18.0   1.7   0.0     0     0
  1992  11  21     0  17.1   2.3   0.0     0     0
  1992  11  22     0  17.5   3.0   0.0     0     0
  1992  11  23     0  10.5   4.4     T     0     0
  1992  11  24     0  15.5  -1.1  10.2     0     0
  1992  11  25     0  20.0  -0.8   0.0     0     0
  1992  11  26     0  14.5  -2.0   0.0     0     0
  1992  11  27     0  14.9  -0.4   0.0     0     0
  1992  11  28     0  15.4   0.6   0.0     0     0
  1992  11  29     0  16.0   0.2   0.0     0     0
  1992  11  30     0  15.2   3.0   0.0     0     0
  1992  12   1     0  13.0   6.4   DNA     0     0
  1992  12   2     0  14.0   2.0   DNA     0     0
  1992  12   3     0  12.0   1.0   DNA     0     0
  1992  12   4     0  11.5   4.0   DNA     0     0
  1992  12   5     0  13.1   3.0   DNA     0     0
  1992  12   6     0  13.2  -2.0   DNA     0     0
  1992  12   7     0  15.5  -2.2   DNA     0     0
  1992  12   8     0  15.0  -2.0   DNA     0     0
  1992  12   9     0  15.1  -0.5   DNA     0     0
  1992  12  10     0  14.6  -2.3   DNA     0     0
  1992  12  11     0  16.6  -2.5   DNA     0     0
  1992  12  12     0  19.7  -1.8   DNA     0     0
  1992  12  13     0  18.3  -3.3   DNA     0     0
  1992  12  14     0  14.6  -4.2   DNA     0     0
  1992  12  15     0  12.6  -4.4   DNA     0     0
  1992  12  16     0  16.0  -2.8   DNA     0     0
  1992  12  17     0  13.7  -0.4   DNA     0     0
  1992  12  18     0  13.1  -1.1   DNA     0     0
  1992  12  19     0  14.0   0.4   DNA     0     0
  1992  12  20     0  14.0  -1.8   DNA     0     0
  1992  12  21     0  13.6  -1.4   DNA     0     0
  1992  12  22     0  13.5  -0.4   DNA     0     0
  1992  12  23     0  15.0  -0.5   DNA     0     0
  1992  12  24     0  17.0  -3.5   DNA     0     0
  1992  12  25     0  15.0  -4.0   DNA     0     0
  1992  12  26     0  12.4  -3.5   DNA     0     0
  1992  12  27     0  12.9   2.4   DNA     0     0
  1992  12  28     0  12.6   2.6   DNA     0     0
  1992  12  29     0  13.0  -1.3   DNA     0     0
  1992  12  30     0  13.5  -1.1   DNA     0     0
  1992  12  31     0  15.3   4.4   DNA     0     0
