      1    0.0
      2    0.0
      3    0.0
      4    0.0
      5    0.0
      6    0.0
      7    0.0
      8    0.0
      9    0.0
     10    0.0
     11    0.0
     12    0.0
     13    0.0
     14    0.0
     15    0.0
     16    0.0
     17    0.0
     18    0.0
     19    0.0
     20    0.0
     21    0.0
     22    0.0
     23    0.0
     24    0.0
     25    0.0
     26    0.0
     27    0.0
     28    0.0
     29    0.0
     30    0.0
     31    0.0
     32    0.0
     33    0.0
     34    0.0
     35    0.0
     36    0.0
     37    0.0
     38    0.0
     39    0.0
     40    0.0
     41    0.0
     42    0.0
     43    2.0
     44    0.0
     45    0.0
     46    0.0
     47    0.0
     48    0.0
     49    0.0
     50    0.0
     51    0.0
     52    0.0
     53    0.0
     54    0.0
     55    0.0
     56    0.0
     57    0.0
     58    0.0
     59    0.0
     60    0.0
     61    0.0
     62    0.0
     63    0.0
     64    0.0
     65    0.0
     66    0.0
     67    0.0
     68    0.0
     69    0.0
     70    0.0
     71    0.0
     72    0.0
     73    0.0
     74    0.0
     75    0.0
     76    0.0
     77    0.0
     78    0.0
     79    0.0
     80    1.0
     81    0.0
     82    0.0
     83    0.0
     84    0.0
     85    0.0
     86    0.0
     87    0.0
     88    0.0
     89    0.0
     90    0.0
     91    0.0
     92    0.0
     93    0.0
     94    0.0
     95    0.0
     96    0.0
     97    0.0
     98    0.0
     99    0.0
    100    0.0
    101    0.0
    102    0.0
    103    0.0
    104    1.0
    105    0.0
    106    0.0
    107    0.0
    108    0.0
    109    4.0
    110    0.0
    111    0.0
    112    0.0
    113   44.0
    114   13.0
    115    0.0
    116    0.0
    117   12.0
    118    3.0
    119    0.0
    120    0.0
    121    0.0
    122    2.0
    123    0.0
    124    0.0
    125    0.0
    126    1.0
    127   16.0
    128    0.0
    129    3.0
    130    0.0
    131   21.0
    132   30.0
    133    0.0
    134   14.0
    135    3.0
    136    0.0
    137    3.0
    138   18.0
    139    1.0
    140   10.0
    141    0.0
    142    5.0
    143    0.0
    144    0.0
    145    0.0
    146    0.0
    147    0.0
    148    0.0
    149    0.0
    150    0.0
    151    0.0
    152    0.0
    153    2.0
    154    0.0
    155    0.0
    156    0.0
    157    0.0
    158    0.0
    159    0.0
    160    0.0
    161    0.0
    162    0.0
    163    0.0
    164    0.0
    165    2.0
    166    1.0
    167   12.2
    168    3.0
    169   29.0
    170    3.0
    171    0.0
    172    0.0
    173   28.0
    174   19.0
    175   13.0
    176    2.0
    177   41.0
    178   21.0
    179   11.0
    180    2.0
    181    2.0
    182   22.0
    183    6.0
    184    0.0
    185    4.0
    186    7.0
    187    0.0
    188   15.0
    189   12.0
    190   12.0
    191   21.0
    192   35.0
    193    7.0
    194   35.0
    195    7.0
    196    2.0
    197   12.1
    198   16.0
    199   25.0
    200   22.0
    201   24.0
    202    1.0
    203    1.0
    204   32.0
    205   27.0
    206    1.0
    207    0.0
    208    0.0
    209   13.0
    210   46.0
    211   10.0
    212   13.0
    213    0.0
    214    1.0
    215   13.0
    216    4.0
    217    0.0
    218    0.0
    219   11.0
    220    7.0
    221    0.0
    222   34.0
    223    7.0
    224   21.0
    225   28.0
    226    9.0
    227    2.0
    228   11.0
    229    9.0
    230   49.0
    231   28.0
    232    1.0
    233    3.0
    234    2.0
    235    0.0
    236    3.0
    237   12.0
    238   24.0
    239   10.0
    240    2.0
    241    2.0
    242    0.0
    243    2.0
    244   17.0
    245   10.0
    246    0.0
    247    8.0
    248    4.0
    249    1.0
    250   17.0
    251    0.0
    252    0.0
    253    2.0
    254    9.0
    255   13.0
    256    0.0
    257    1.0
    258    0.0
    259   28.0
    260   13.0
    261    1.0
    262   17.0
    263    9.0
    264    1.0
    265    0.0
    266   10.0
    267    1.0
    268    8.0
    269   32.0
    270   13.0
    271    0.0
    272    7.0
    273    4.0
    274    6.0
    275    3.0
    276    3.0
    277    0.0
    278    0.0
    279    0.0
    280    7.0
    281   12.0
    282    1.0
    283    0.0
    284    0.0
    285    3.0
    286    0.0
    287    0.0
    288    0.0
    289    0.0
    290    0.0
    291    0.0
    292    0.0
    293    0.0
    294    0.0
    295    0.0
    296    0.0
    297    0.0
    298    0.0
    299    0.0
    300    0.0
    301    0.0
    302    0.0
    303    0.0
    304    0.0
    305    0.0
    306    0.0
    307    0.0
    308    0.0
    309    0.0
    310    0.0
    311    0.0
    312    0.0
    313    0.0
    314    0.0
    315    0.0
    316    0.0
    317    0.0
    318    0.0
    319    0.0
    320    0.0
    321    0.0
    322    0.0
    323    0.0
    324    0.0
    325    0.0
    326    0.0
    327    0.0
    328    0.0
    329    0.0
    330    0.0
    331    0.0
    332    0.0
    333    0.0
    334    0.0
    335    0.0
    336    0.0
    337    0.0
    338    0.0
    339    0.0
    340    0.0
    341    0.0
    342    0.0
    343    0.0
    344    0.0
    345    0.0
    346    0.0
    347    0.0
    348    0.0
    349    0.0
    350    0.0
    351    0.0
    352    0.0
    353    0.0
    354    0.0
    355    0.0
    356    0.0
    357    0.0
    358    0.0
    359    0.0
    360    0.0
    361    0.0
    362    0.0
    363    0.0
    364    0.0
    365    0.0
    366    0.0
