      1    0.0
      2    0.0
      3    0.0
      4    0.0
      5    0.0
      6    0.0
      7    0.0
      8    0.1
      9    5.0
     10    3.3
     11    0.0
     12    0.0
     13    0.0
     14    0.0
     15    0.0
     16    0.2
     17    0.4
     18    0.1
     19    0.0
     20    0.0
     21    0.0
     22    0.1
     23    0.1
     24    0.0
     25    0.0
     26    0.0
     27    0.0
     28    0.0
     29    0.0
     30    0.0
     31    0.0
     32    0.0
     33    0.0
     34    0.0
     35    0.0
     36    0.0
     37    0.0
     38    0.1
     39    5.0
     40    3.3
     41    0.0
     42    0.0
     43    0.0
     44    0.0
     45    T  
     46   11.2
     47    9.4
     48    0.0
     49    0.0
     50    0.0
     51    0.0
     52    0.0
     53    0.0
     54    3.0
     55    5.1
     56    0.0
     57    0.0
     58    0.0
     59    0.0
     60    0.0
     61    0.0
     62    0.0
     63    0.0
     64    0.0
     65    0.0
     66    0.0
     67    0.0
     68    0.0
     69    0.0
     70    0.0
     71    0.0
     72    0.0
     73    0.0
     74    0.0
     75    0.0
     76    0.9
     77    2.1
     78    0.0
     79    0.0
     80    0.0
     81    0.0
     82    0.0
     83    0.0
     84    0.0
     85    9.0
     86   25.3
     87    0.2
     88    0.0
     89    0.0
     90    0.0
     91    0.0
     92    0.0
     93    0.0
     94    0.0
     95    0.0
     96    0.0
     97    0.0
     98    0.0
     99    0.0
    100    0.0
    101    0.1
    102    6.1
    103    0.0
    104    0.0
    105    T  
    106    T  
    107    3.2
    108    4.1
    109    0.0
    110    0.0
    111    0.0
    112    0.0
    113    0.0
    114    1.0
    115    0.0
    116    T  
    117    3.1
    118    1.0
    119    1.1
    120    0.0
    121    0.0
    122    0.0
    123    0.0
    124    0.0
    125    0.0
    126    0.0
    127    0.0
    128    1.2
    129    4.0
    130   14.0
    131    3.3
    132   18.0
    133    7.5
    134    4.1
    135    2.1
    136   10.1
    137  103.0
    138    4.0
    139   10.0
    140    2.0
    141    0.0
    142    0.0
    143    0.0
    144    0.0
    145    0.0
    146    0.0
    147    0.0
    148    0.0
    149    T  
    150    0.0
    151    0.0
    152    1.1
    153    1.4
    154    3.0
    155    5.1
    156    0.0
    157    4.0
    158    0.1
    159   11.1
    160    2.4
    161    0.0
    162    9.4
    163  109.4
    164    5.0
    165   13.3
    166   24.2
    167    1.1
    168    6.5
    169    1.4
    170   14.2
    171   56.0
    172   23.0
    173    4.0
    174   85.1
    175   34.3
    176    5.1
    177    2.0
    178   10.7
    179   30.2
    180   21.2
    181    0.0
    182    0.0
    183    4.1
    184   13.3
    185    2.1
    186    8.0
    187   84.4
    188   28.0
    189   17.0
    190   33.1
    191   34.2
    192    2.4
    193    5.0
    194   44.0
    195    2.2
    196   22.0
    197    0.5
    198   17.0
    199   38.1
    200   17.0
    201   24.0
    202   33.7
    203    7.5
    204    0.0
    205    0.0
    206    0.0
    207    4.3
    208    0.0
    209    0.0
    210    2.1
    211   19.1
    212    4.2
    213   45.1
    214    5.3
    215   24.2
    216   16.1
    217   22.1
    218    0.0
    219   16.3
    220   24.0
    221   12.5
    222   13.1
    223    7.4
    224   16.3
    225  116.0
    226    8.0
    227   29.1
    228   35.0
    229   36.0
    230   23.1
    231   85.3
    232   74.2
    233    1.0
    234    5.2
    235   17.0
    236   38.4
    237    0.0
    238    1.2
    239    0.0
    240    3.1
    241   18.4
    242   18.0
    243    0.1
    244    0.0
    245    0.0
    246    0.0
    247    0.0
    248    0.0
    249    0.0
    250    0.0
    251    0.0
    252    0.0
    253    0.0
    254    0.0
    255    0.0
    256    0.0
    257    0.0
    258    0.0
    259    0.0
    260    6.1
    261   56.0
    262    8.0
    263   12.1
    264   54.3
    265    2.0
    266    0.0
    267    7.4
    268   53.2
    269    0.1
    270    2.8
    271    0.0
    272    0.0
    273    0.0
    274    0.0
    275    1.3
    276    0.0
    277    0.1
    278    0.0
    279    0.2
    280    0.0
    281    0.0
    282    0.1
    283    0.0
    284    0.0
    285    0.0
    286    1.4
    287    0.0
    288    0.0
    289    0.0
    290    0.0
    291    0.0
    292    0.0
    293    0.0
    294    0.0
    295    0.0
    296    0.0
    297    0.0
    298    0.0
    299    0.0
    300    0.0
    301    0.0
    302    0.0
    303    0.0
    304    0.0
    305    0.0
    306    0.0
    307    0.0
    308    0.0
    309    0.0
    310    0.0
    311    0.0
    312    0.0
    313    0.0
    314   10.0
    315   18.3
    316    3.3
    317    0.0
    318    0.0
    319    0.0
    320    0.0
    321    0.0
    322    0.0
    323    0.0
    324    0.0
    325    0.0
    326    0.0
    327    0.0
    328    0.0
    329    0.0
    330    0.0
    331    0.0
    332    0.0
    333    0.0
    334    0.0
    335   DNA   
    336   DNA   
    337   DNA   
    338   DNA   
    339   DNA   
    340   DNA   
    341   DNA   
    342   DNA   
    343   DNA   
    344   DNA   
    345   DNA   
    346   DNA   
    347   DNA   
    348   DNA   
    349   DNA   
    350   DNA   
    351   DNA   
    352   DNA   
    353   DNA   
    354   DNA   
    355   DNA   
    356   DNA   
    357   DNA   
    358   DNA   
    359   DNA   
    360   DNA   
    361   DNA   
    362   DNA   
    363   DNA   
    364   DNA   
    365   DNA   
