      1    0.0
      2   10.4
      3    0.0
      4    0.0
      5    0.0
      6    0.0
      7    0.0
      8    0.0
      9    0.0
     10    0.0
     11    0.0
     12    0.0
     13    0.1
     14    0.0
     15    0.0
     16    0.0
     17    0.0
     18    0.0
     19    0.0
     20    0.0
     21    0.0
     22   15.0
     23    5.8
     24    0.0
     25    0.0
     26    0.0
     27    0.0
     28    0.0
     29    0.0
     30    0.0
     31    2.2
     32    1.0
     33    7.0
     34    0.0
     35    0.0
     36    3.2
     37    0.0
     38    0.0
     39    0.0
     40    0.0
     41    0.0
     42    T  
     43    0.0
     44    0.0
     45    5.2
     46    0.0
     47    0.0
     48    0.0
     49    0.0
     50    0.0
     51    0.0
     52    0.0
     53    0.0
     54    0.6
     55    0.0
     56    0.0
     57    0.0
     58    0.0
     59    T  
     60    0.0
     61    0.0
     62    0.0
     63    0.0
     64    0.0
     65    1.6
     66    0.6
     67    0.2
     68    0.0
     69    0.0
     70    1.0
     71    1.9
     72    0.0
     73    0.0
     74    0.0
     75    0.0
     76    0.0
     77    0.0
     78    0.0
     79    0.0
     80    0.0
     81    0.0
     82    0.0
     83    T  
     84    0.2
     85    1.0
     86    0.1
     87    0.0
     88    0.0
     89    0.0
     90    0.0
     91    0.0
     92    0.0
     93    0.0
     94    0.0
     95    0.0
     96    2.0
     97    0.0
     98    0.0
     99    T  
    100    0.0
    101    0.0
    102    0.0
    103    0.0
    104    0.0
    105    0.0
    106    0.0
    107    0.0
    108    0.0
    109    0.0
    110    4.8
    111    0.1
    112    5.3
    113    5.8
    114   13.0
    115    0.0
    116   46.0
    117    0.0
    118    0.0
    119    0.0
    120    0.0
    121    0.0
    122    0.0
    123    2.0
    124    7.6
    125    0.0
    126    0.0
    127   11.0
    128    0.0
    129    0.0
    130    0.1
    131    0.8
    132    1.0
    133    7.0
    134    9.8
    135    0.0
    136    0.0
    137    0.0
    138    0.0
    139    0.0
    140    0.9
    141    0.0
    142   14.0
    143    6.8
    144   19.0
    145    1.0
    146    3.9
    147    5.6
    148   13.0
    149    4.8
    150   24.0
    151   10.0
    152   19.0
    153    0.0
    154    T  
    155    2.2
    156    0.0
    157    0.0
    158    0.0
    159   27.0
    160    4.4
    161    0.0
    162    0.0
    163    1.0
    164   29.0
    165   52.8
    166    5.0
    167    2.0
    168    8.9
    169   14.0
    170   21.0
    171   39.5
    172   56.9
    173   18.8
    174    6.0
    175    0.0
    176   17.0
    177    3.0
    178    0.2
    179   30.6
    180   24.5
    181   21.0
    182  102.0
    183    0.3
    184    2.0
    185    5.0
    186   34.2
    187   26.0
    188    0.0
    189   62.2
    190    3.0
    191   18.7
    192    4.5
    193   11.0
    194   77.0
    195    5.0
    196   13.0
    197    7.6
    198    9.0
    199   16.0
    200    9.3
    201   29.0
    202    6.0
    203    0.0
    204    9.0
    205   12.0
    206   56.4
    207  110.4
    208  192.6
    209  210.0
    210   22.8
    211   10.0
    212    8.8
    213   52.4
    214   12.0
    215  122.4
    216    0.4
    217   16.0
    218   30.1
    219    0.0
    220    0.0
    221    0.0
    222    0.2
    223    3.0
    224    8.0
    225    0.0
    226    T  
    227    0.0
    228    2.0
    229    0.3
    230   10.0
    231    6.0
    232   14.8
    233    0.0
    234    0.0
    235   10.3
    236   63.0
    237   10.5
    238    0.0
    239    0.0
    240    2.8
    241    0.0
    242    0.0
    243    1.0
    244   53.0
    245   20.0
    246    4.8
    247    2.9
    248    2.0
    249    0.3
    250   71.0
    251  131.0
    252    1.3
    253    5.0
    254    6.2
    255   14.5
    256   43.0
    257    6.0
    258    2.4
    259    2.0
    260    5.0
    261    5.8
    262    6.6
    263    8.9
    264    5.0
    265    3.0
    266    0.0
    267    0.0
    268    0.0
    269   25.0
    270   65.0
    271   52.0
    272    0.0
    273    0.0
    274    0.0
    275    0.0
    276    0.0
    277    0.0
    278    0.0
    279    0.0
    280    0.0
    281    0.0
    282   10.0
    283    4.0
    284    0.0
    285    0.0
    286    0.0
    287    0.0
    288    2.0
    289    0.0
    290    0.0
    291    0.0
    292    0.0
    293    0.0
    294    0.0
    295    0.0
    296    0.0
    297    0.0
    298    0.0
    299    0.0
    300    0.3
    301    0.0
    302    0.0
    303    0.0
    304    0.0
    305    0.0
    306    0.0
    307    0.0
    308    0.0
    309    0.0
    310    0.0
    311    0.0
    312    0.0
    313    0.0
    314    0.0
    315    0.0
    316    0.0
    317    0.0
    318    0.0
    319    0.0
    320    0.0
    321    0.0
    322    0.0
    323    0.0
    324    0.0
    325    0.0
    326    0.0
    327    0.0
    328    0.0
    329    0.0
    330    0.0
    331    0.0
    332    0.0
    333    0.0
    334    0.0
    335    0.0
    336    0.0
    337    0.0
    338    0.0
    339    0.0
    340    0.0
    341    0.0
    342    0.0
    343    0.0
    344    0.0
    345    0.0
    346    0.0
    347    0.0
    348    0.0
    349    0.0
    350    0.0
    351    0.0
    352    0.0
    353    0.0
    354    0.0
    355    0.0
    356    0.0
    357    0.0
    358    0.0
    359    0.0
    360    0.0
    361    0.0
    362    0.0
    363    0.0
    364    0.0
    365    0.0
