1981          Temperature for TULSIPUR                
        Tmax  Tmin
     1  21.5   4.5 
     2  21.6   7.0 
     3  21.8   8.4 
     4  21.9   8.5 
     5  15.9   9.4 
     6  19.0   7.6 
     7  18.4   8.5 
     8  17.8   5.3 
     9  18.4   5.1 
    10  19.4   5.9 
    11  20.2   5.8 
    12  18.4   6.0 
    13  18.3   7.0 
    14  20.6   6.4 
    15  20.9   5.5 
    16  20.4   5.8 
    17  22.5   7.0 
    18  22.4   8.4 
    19  20.2   7.1 
    20  21.1  11.6 
    21  20.3   7.9 
    22  21.2   8.5 
    23  19.2   9.5 
    24  18.2  10.5 
    25  19.5   8.1 
    26  20.2   7.0 
    27  21.0   8.8 
    28  21.2   7.9 
    29  21.5  10.0 
    30  19.1   8.5 
    31  20.9   8.8 
    32  18.8   8.7 
    33  21.1   6.1 
    34  21.1   7.4 
    35  22.9   8.5 
    36  26.8   9.5 
    37  23.4  12.4 
    38  22.5   7.7 
    39  21.9  12.4 
    40  21.2   7.2 
    41  21.2   7.0 
    42  20.0   7.4 
    43  21.2   8.3 
    44  21.5  10.0 
    45  23.0  10.1 
    46  25.8   9.3 
    47  25.7  10.6 
    48  26.3  10.5 
    49  26.8   9.4 
    50  25.3  10.0 
    51  26.0  10.6 
    52  26.6   9.6 
    53  26.9  10.1 
    54  26.2  10.4 
    55  26.0  11.0 
    56  27.9  12.3 
    57  27.8  12.4 
    58  26.2  11.9 
    59  24.7  14.5 
    60  26.5  13.6 
    61  24.0  12.0 
    62  25.9   9.7 
    63  26.6  10.9 
    64  26.9  12.8 
    65  27.3  13.9 
    66  29.8  15.0 
    67  28.4  14.5 
    68  26.8  14.2 
    69  27.2  11.6 
    70  27.3  14.5 
    71  26.3  13.7 
    72  27.8  12.3 
    73  27.3  12.1 
    74  27.4  15.4 
    75  24.6  14.7 
    76  25.7  12.3 
    77  28.3  13.2 
    78  28.9  15.6 
    79  29.0  16.6 
    80  26.3  16.9 
    81  27.2  12.5 
    82  28.4  12.8 
    83  28.9  13.9 
    84  29.0  15.4 
    85  27.6  15.3 
    86  27.9  12.4 
    87  27.3  15.3 
    88  28.0  17.0 
    89  28.9  17.9 
    90  27.8  15.5 
    91  27.0  14.9 
    92  28.9  14.9 
    93  31.5  14.9 
    94  32.2  17.1 
    95  30.8  16.3 
    96  29.8  14.6 
    97  31.4  14.4 
    98  31.5  16.2 
    99  32.1  19.4 
   100  32.1  20.5 
   101  32.0  20.2 
   102  31.2  21.5 
   103  28.8  20.6 
   104  32.3  21.5 
   105  32.0  21.0 
   106  33.9  20.8 
   107  30.4  17.1 
   108  30.2  16.4 
   109  30.3  17.2 
   110  28.8  18.1 
   111  31.3  18.6 
   112  32.3  20.2 
   113  33.6  19.9 
   114  34.5  18.0 
   115  34.3  18.5 
   116  33.9  21.1 
   117  32.8  18.2 
   118  32.5  21.5 
   119  34.7  21.4 
   120  34.6  24.4 
   121  34.9  22.0 
   122   DNA  23.8 
   123  32.4  21.8 
   124  32.2  21.6 
   125  29.4  22.0 
   126  30.9  22.5 
   127  32.2  17.9 
   128  30.9  18.0 
   129  31.9  19.5 
   130  33.1  21.0 
   131  33.8  20.9 
   132  33.1  19.0 
   133  33.3  19.5 
   134  33.9  23.2 
   135  30.2  22.0 
   136  35.2  22.0 
   137  33.3  22.8 
   138  33.7  22.5 
   139  33.1  18.6 
   140  33.9  22.9 
   141  35.2  21.0 
   142  34.0  17.8 
   143  32.9  19.9 
   144  33.2  20.0 
   145  28.9  22.4 
   146  30.4  22.1 
   147  31.2  19.3 
   148  31.8  18.1 
   149  32.9  19.4 
   150  32.2  21.6 
   151  30.5  22.8 
   152  32.7  22.0 
   153  31.3  23.0 
   154  34.2  22.6 
   155  35.9  24.2 
   156  34.2  20.8 
   157  35.8  22.4 
   158  34.9  23.0 
   159  34.3  23.6 
   160  34.5  20.0 
   161  33.8  22.5 
   162  35.9  24.1 
   163  38.0  24.5 
   164  37.8  23.4 
   165  37.9  23.8 
   166  37.4  25.5 
   167  37.3  26.6 
   168  35.8  24.3 
   169  32.5  22.5 
   170  34.6  23.0 
   171  36.2  25.9 
   172  32.8  17.5 
   173  31.2  19.9 
   174  32.2  21.6 
   175  31.9  23.6 
   176  32.9  24.0 
   177  30.7  23.1 
   178  29.4  23.0 
   179  29.5  24.3 
   180  25.9  22.5 
   181  28.7  22.5 
   182  28.6  22.8 
   183  29.8  23.1 
   184  30.8  23.6 
   185  30.4  22.1 
   186  30.2  21.3 
   187  30.8  22.2 
   188  32.3  24.4 
   189  29.9  23.5 
   190  32.4  23.8 
   191  30.9  23.4 
   192  33.5  23.6 
   193  31.9  22.2 
   194  29.3  24.4 
   195  29.0  23.9 
   196  30.3  23.4 
   197  28.2  23.8 
   198  28.8  22.5 
   199  26.6  23.4 
   200  29.4  22.8 
   201  29.5  23.0 
   202  29.6  23.4 
   203  30.9  23.7 
   204  31.8  23.1 
   205  30.0  24.0 
   206   DNA   DNA 
   207  29.9  23.6 
   208  27.9  23.5 
   209  28.3  23.4 
   210  29.9  23.6 
   211  29.5  23.5 
   212  25.8  22.6 
   213  28.8  23.1 
   214  30.3  23.2 
   215  32.0  23.8 
   216  31.9  23.6 
   217  31.0  23.8 
   218  31.8  23.5 
   219  32.8  26.4 
   220  31.3  22.4 
   221  31.4  24.2 
   222  32.0  23.0 
   223  29.9  22.8 
   224  29.8  23.0 
   225  32.8  23.5 
   226  30.8  23.4 
   227  31.8  23.4 
   228  30.4  22.9 
   229  31.3  23.2 
   230  32.1  23.9 
   231  29.5  23.7 
   232  29.4  22.8 
   233  28.9  24.3 
   234  29.2  23.0 
   235  28.9  22.9 
   236  30.3  22.0 
   237  31.2  22.0 
   238  30.6  22.9 
   239  29.4  21.5 
   240  30.8  23.2 
   241  31.5  22.8 
   242  31.8  23.3 
   243  31.3  22.4 
   244  32.0  22.4 
   245  32.3  22.0 
   246  31.2  21.2 
   247  30.3  22.6 
   248  31.6  22.9 
   249  31.2  22.7 
   250  28.3  23.0 
   251  25.8  22.8 
   252  21.9  21.0 
   253  21.4  20.2 
   254  30.0  19.3 
   255  27.4  25.8 
   256  30.8  20.5 
   257  32.4  21.9 
   258  29.5  20.5 
   259  30.0  20.5 
   260  29.8  20.9 
   261  29.3  20.5 
   262  30.8  19.9 
   263  29.5  19.6 
   264  30.0  20.0 
   265  31.3  21.9 
   266  31.8  22.4 
   267  32.8  22.5 
   268  33.0  21.9 
   269  32.5  22.9 
   270  29.0  22.1 
   271  22.9  22.0 
   272  22.5  19.0 
   273  29.4  18.8 
   274  29.9  18.9 
   275  29.5  18.0 
   276  29.8  17.4 
   277  30.3  16.0 
   278  28.8  21.4 
   279  29.9  22.1 
   280  30.3  16.6 
   281  29.5  16.0 
   282  29.8  22.2 
   283  29.4  17.0 
   284  29.5  15.9 
   285  29.6  15.4 
   286  29.4  14.2 
   287  30.0  15.4 
   288  29.0  15.5 
   289  29.4  15.9 
   290  29.0  15.8 
   291  29.3  16.6 
   292  29.6  17.4 
   293  29.5  17.2 
   294  29.2  16.0 
   295  30.2  16.5 
   296  28.5  14.3 
   297  29.2  14.6 
   298  28.5  15.0 
   299  28.3  17.0 
   300  27.0  14.0 
   301  27.3  13.0 
   302  27.9  12.5 
   303  28.0  12.0 
   304  27.0  12.6 
   305  24.4  14.8 
   306  27.4  13.8 
   307  23.2  14.5 
   308  25.2  16.5 
   309  26.3  15.5 
   310  24.8  13.4 
   311  25.9  13.5 
   312  26.3  13.2 
   313  26.5  12.6 
   314  26.7  12.2 
   315  25.9  12.0 
   316  26.0  12.4 
   317  23.3  13.0 
   318  24.7   9.0 
   319  24.8   DNA 
   320  24.9  10.9 
   321  25.3  10.5 
   322  25.3  10.6 
   323  25.1   9.2 
   324  25.0   9.3 
   325  25.3   7.9 
   326  24.8   8.5 
   327  24.4   8.9 
   328  23.9   9.2 
   329  23.3  10.2 
   330  24.5  10.1 
   331  24.0  10.3 
   332  24.5  10.0 
   333  23.6   8.5 
   334  23.0   9.6 
   335  24.0   6.9 
   336  24.5   9.2 
   337  23.2   9.9 
   338  23.6   9.4 
   339  23.5   9.3 
   340  23.6   8.6 
   341  20.3  11.6 
   342  23.3   7.0 
   343  22.7   7.6 
   344  23.9   7.9 
   345  21.3   8.9 
   346  21.2   8.0 
   347  21.0   7.6 
   348  20.8   8.1 
   349  19.9   7.3 
   350  17.3   6.6 
   351  19.9   5.3 
   352  20.9   6.2 
   353  21.0   5.2 
   354  21.3   6.1 
   355  20.8   8.9 
   356  21.4   6.4 
   357  21.0   6.3 
   358  20.9   6.1 
   359  20.5   6.4 
   360  20.8   6.5 
   361  21.0   6.4 
   362  21.3   6.2 
   363  21.4   6.3 
   364  21.0   5.9 
   365  20.9   6.8 
