1992          Temperature for TULSIPUR                
        Tmax  Tmin
     1  16.5   2.0 
     2  16.6   3.2 
     3  17.5   3.0 
     4  19.0   4.0 
     5  20.4   4.5 
     6  19.4   5.5 
     7  13.0   6.8 
     8  19.5   5.9 
     9  19.0   5.5 
    10  22.0   6.5 
    11  18.2  10.1 
    12  18.3   4.0 
    13  19.0   5.5 
    14  19.5   5.4 
    15  20.3   5.5 
    16  20.4   8.5 
    17  20.4   6.0 
    18  20.0   6.1 
    19  19.5   7.0 
    20  18.9   7.1 
    21  20.0   7.6 
    22  18.5   7.8 
    23  19.5   6.1 
    24  20.6   6.9 
    25  22.5   8.0 
    26  22.5  10.0 
    27  20.6  10.0 
    28  22.3   9.5 
    29  24.2  11.5 
    30  21.6  10.1 
    31  20.7  11.3 
    32  18.3   8.0 
    33  19.0   8.0 
    34  20.0   5.6 
    35  20.7   4.5 
    36  20.5   6.0 
    37  20.9   6.5 
    38  19.0  11.7 
    39  19.5   6.0 
    40  19.0   5.6 
    41  19.3   5.5 
    42  19.2   7.9 
    43  20.5   6.0 
    44  22.2  10.6 
    45  21.6   6.6 
    46  21.8   6.5 
    47  20.4   6.0 
    48  20.0   5.0 
    49  19.9   5.6 
    50  21.7   4.4 
    51  22.0   8.9 
    52  22.5   6.1 
    53  22.7   6.4 
    54  21.7   5.1 
    55  21.5   5.4 
    56  22.2   5.5 
    57  22.5   7.1 
    58  22.3   8.5 
    59  23.4   9.4 
    60  26.9  10.0 
    61  26.5  10.0 
    62  26.7  10.5 
    63  28.3   8.4 
    64  27.6   8.4 
    65  28.5  12.5 
    66  26.7  11.9 
    67  26.8  10.7 
    68  27.0  17.0 
    69  27.6   9.7 
    70  27.7   8.5 
    71  28.5  12.1 
    72  29.6  13.5 
    73  29.5  14.5 
    74  31.1  18.5 
    75  30.9  13.6 
    76  28.0  10.5 
    77  28.0  10.5 
    78  28.7  11.3 
    79  30.4  10.9 
    80  30.0  13.0 
    81  30.1  15.5 
    82  31.3  15.5 
    83  30.1  14.1 
    84  30.0  15.6 
    85  30.7  17.0 
    86  31.7  14.1 
    87  31.5  15.0 
    88  34.5  19.6 
    89  33.0  19.0 
    90  32.7  19.2 
    91  30.6  13.6 
    92  30.6  12.5 
    93  31.2  16.0 
    94  32.7  23.6 
    95  32.7  23.5 
    96  32.6  22.6 
    97  33.7  17.0 
    98  32.6  18.0 
    99  33.0  15.1 
   100  34.7  17.2 
   101  36.1  18.2 
   102  35.6  17.0 
   103  36.5  19.0 
   104  35.8  16.9 
   105  35.0  18.0 
   106  34.1  18.5 
   107  33.4  20.5 
   108  34.3  12.0 
   109  34.4  17.2 
   110  35.3  17.6 
   111  36.9  19.2 
   112  35.7  21.2 
   113  36.5  21.0 
   114  33.6  19.4 
   115  34.3  19.0 
   116  35.0  19.0 
   117  35.9  21.8 
   118  35.1  20.3 
   119  33.2  18.0 
   120  31.4  17.0 
   121  30.0  16.5 
   122  27.9  17.4 
   123  30.5  15.6 
   124  28.2  18.5 
   125  28.0  18.9 
   126  30.4  12.1 
   127  32.1  17.5 
   128  33.5  18.5 
   129  34.6  19.0 
   130  34.9  20.0 
   131  36.1  22.0 
   132  35.3  20.5 
   133  35.2  23.0 
   134  35.7  24.0 
   135  35.0  21.0 
   136  34.7  21.8 
   137  36.8  22.0 
   138  36.2  23.0 
   139  36.5  23.0 
   140  37.4  22.8 
   141  35.4  24.0 
   142  34.8  20.6 
   143  32.2  19.9 
   144  29.3  20.4 
   145  31.8  22.0 
   146  28.0  18.5 
   147  31.6  17.0 
   148  33.5  19.9 
   149  32.7  23.5 
   150  35.0  22.6 
   151  37.3  22.4 
   152  36.8  23.4 
   153  36.6  20.4 
   154  38.4  20.5 
   155  38.5  24.5 
   156  38.4  25.5 
   157  38.3  26.0 
   158  38.2  26.0 
   159  38.9  26.5 
   160  35.2  21.0 
   161  35.6  23.6 
   162  28.8  20.0 
   163  33.9  22.6 
   164  35.2  19.0 
   165  32.2  20.5 
   166  33.8  22.0 
   167  33.4  21.6 
   168  33.0  25.4 
   169  36.9  25.0 
   170  35.5  23.5 
   171  36.0  24.9 
   172  35.8  26.5 
   173  32.5  23.4 
   174  34.0  22.2 
   175  30.8  21.6 
   176  32.7  23.5 
   177  33.0  25.8 
   178  30.2  24.0 
   179  30.4  23.3 
   180  32.0  22.2 
   181  32.0  25.0 
   182  32.9  21.6 
   183  34.4  23.4 
   184  34.1  23.0 
   185  33.6  21.9 
   186  34.9  24.0 
   187  35.0  24.5 
   188  35.6  25.0 
   189  34.7  25.2 
   190  31.5  22.0 
   191  30.5  28.0 
   192  29.6  22.5 
   193  29.4  22.0 
   194  30.6  20.0 
   195  28.7  22.6 
   196   DNA  23.0 
   197  28.5  22.6 
   198  29.2  22.5 
   199  30.8  22.2 
   200  30.6  22.9 
   201  29.9  23.0 
   202  31.2  23.6 
   203  31.5  22.6 
   204  30.7  24.0 
   205  30.7  23.5 
   206  30.0  26.5 
   207  31.0  23.0 
   208  31.6  24.0 
   209  32.3  22.5 
   210  32.6  24.0 
   211  31.5  23.3 
   212  30.3  24.5 
   213  29.2  23.4 
   214  26.5  22.0 
   215  30.0  23.0 
   216  30.4  24.0 
   217  28.7  23.5 
   218  31.9  22.2 
   219  31.3  23.5 
   220  30.7  22.0 
   221  29.6  22.0 
   222  30.5  23.0 
   223  31.0  22.6 
   224  32.5  23.6 
   225  32.5  23.2 
   226  33.4  22.9 
   227  33.4  23.9 
   228  30.2  22.6 
   229  31.8  23.4 
   230  30.2  24.5 
   231  31.1  23.9 
   232  31.7  23.6 
   233  32.0  22.5 
   234  31.0  24.0 
   235  30.5  24.0 
   236  29.0  23.6 
   237  29.4  24.0 
   238  28.1  23.0 
   239  28.3  22.0 
   240  30.5  22.5 
   241  30.5  21.6 
   242  31.4  23.6 
   243  32.2  22.6 
   244  32.8  23.5 
   245  33.0  23.5 
   246  33.2  24.0 
   247  32.0  21.5 
   248  30.3  22.6 
   249  32.0  22.0 
   250  31.8  22.5 
   251  32.4  22.0 
   252  31.9  21.5 
   253  30.1  22.5 
   254  32.5  21.4 
   255  33.2  21.5 
   256  29.5  22.5 
   257  27.0  22.5 
   258  24.9  21.5 
   259  29.5  21.5 
   260  29.5  19.9 
   261  29.0  19.6 
   262  27.9  21.5 
   263  32.7  19.6 
   264  32.0  19.5 
   265  32.6  19.5 
   266  33.5  19.0 
   267  33.0  22.4 
   268  33.1  23.8 
   269  33.6  20.5 
   270  33.5  20.4 
   271  30.2  21.0 
   272  28.7  21.6 
   273  30.0  21.5 
   274  29.0  20.0 
   275  29.7  23.0 
   276  31.4  21.0 
   277  31.5  20.5 
   278  31.6  19.5 
   279  28.3  18.4 
   280  29.8  16.2 
   281  30.8  16.4 
   282  31.5  16.7 
   283  32.4  17.3 
   284  31.7  16.7 
   285  28.9  20.6 
   286  21.9  19.5 
   287  28.9  19.5 
   288  28.2  19.6 
   289  30.0  20.1 
   290  29.0  18.0 
   291  27.3  18.1 
   292  29.0  16.2 
   293  28.6  16.9 
   294  30.0  11.0 
   295  29.5  14.5 
   296  28.7  14.0 
   297  28.0  12.0 
   298  28.1  12.0 
   299  27.0  12.5 
   300  27.4  11.5 
   301  27.4  11.5 
   302  28.5  12.5 
   303  30.5  14.0 
   304  31.5  13.1 
   305  31.5  14.0 
   306  29.3  13.1 
   307  28.7  13.0 
   308  28.5  11.3 
   309  28.5  12.4 
   310  27.9  11.4 
   311  27.2  10.0 
   312  27.5  10.4 
   313  27.3  10.0 
   314  27.1  11.4 
   315  28.6  12.0 
   316  28.0  14.5 
   317  27.5  13.0 
   318  28.5  13.0 
   319  27.5  13.0 
   320  27.2  13.5 
   321  27.8  12.6 
   322  27.6  10.9 
   323  26.8  10.5 
   324  26.0  11.1 
   325  25.8  13.6 
   326  25.4  10.6 
   327  27.1  10.4 
   328  23.1  12.9 
   329  23.6   8.5 
   330  24.4   8.5 
   331  23.8  11.0 
   332  23.0   8.5 
   333  23.8   9.5 
   334  23.8   9.0 
   335  24.0   8.8 
   336  24.6  11.0 
   337  25.2   8.9 
   338  24.5   9.2 
   339  22.2   8.5 
   340  22.2   7.5 
   341  22.3   7.0 
   342  23.1   6.0 
   343  23.7   6.5 
   344  23.7   8.8 
   345  23.6   7.5 
   346  23.0   8.5 
   347  24.0   9.0 
   348  24.2   6.5 
   349  23.5   5.8 
   350  22.1   7.0 
   351  22.6   7.9 
   352  22.6   7.0 
   353  21.7   6.6 
   354  22.1   6.2 
   355  22.3   6.5 
   356  21.3   7.5 
   357  22.5   6.0 
   358  22.8   7.9 
   359  23.6   7.5 
   360  23.4   6.9 
   361  20.6   7.1 
   362  20.6   7.5 
   363  20.5   5.6 
   364  21.6   4.0 
   365  20.2   5.0 
   366  21.2   6.7 
