      1    0.0
      2    0.0
      3    0.0
      4    0.0
      5    0.0
      6    0.0
      7    0.0
      8    0.0
      9    0.0
     10    0.0
     11    0.0
     12    0.0
     13    0.0
     14    0.0
     15    0.0
     16    0.0
     17    0.0
     18    0.0
     19    0.0
     20    0.0
     21    0.0
     22    0.0
     23    0.0
     24    0.0
     25    0.0
     26    0.0
     27    0.0
     28    0.0
     29    3.4
     30    0.0
     31    0.0
     32    0.0
     33    0.0
     34    0.0
     35    0.0
     36    0.0
     37    0.0
     38    0.0
     39    0.0
     40    0.0
     41   15.8
     42    0.0
     43    0.0
     44    0.0
     45    0.0
     46   21.0
     47    0.0
     48    0.0
     49    0.0
     50    0.0
     51    0.0
     52    0.0
     53    0.0
     54    0.0
     55    0.0
     56    0.0
     57    0.0
     58    0.0
     59    0.0
     60    0.0
     61    0.0
     62    0.0
     63    0.0
     64    0.0
     65    0.0
     66    0.0
     67    0.0
     68    0.0
     69    0.0
     70    0.0
     71    0.0
     72    0.0
     73    0.0
     74    T  
     75    0.0
     76    0.0
     77    0.0
     78    T  
     79    0.0
     80    0.0
     81    0.0
     82    0.0
     83    0.0
     84    0.0
     85    0.0
     86    0.0
     87    0.0
     88    0.0
     89    0.0
     90    0.0
     91    0.0
     92    0.0
     93    0.0
     94    0.0
     95    0.0
     96    1.8
     97    0.0
     98    0.0
     99    0.0
    100    0.0
    101    0.0
    102    0.0
    103    0.0
    104    0.0
    105    0.0
    106    0.0
    107    0.0
    108    0.0
    109    0.0
    110    0.0
    111    0.0
    112   24.4
    113    0.0
    114    0.0
    115   29.2
    116    0.8
    117   12.3
    118    0.0
    119    0.0
    120    0.0
    121    0.0
    122    0.0
    123    0.0
    124   12.4
    125    0.0
    126    0.0
    127    0.0
    128    0.0
    129    0.0
    130    0.0
    131    2.3
    132    0.0
    133   19.4
    134    0.6
    135    1.2
    136   18.5
    137    6.0
    138    6.8
    139    T  
    140    0.0
    141   18.4
    142    0.0
    143    0.0
    144    0.0
    145    0.0
    146    0.0
    147    0.0
    148   11.3
    149    0.0
    150    0.0
    151    0.0
    152    0.0
    153    0.0
    154    0.0
    155    0.0
    156    0.0
    157    0.0
    158    0.0
    159    0.0
    160    0.0
    161    0.0
    162    0.0
    163    0.5
    164    6.4
    165    0.0
    166    0.5
    167    0.0
    168    0.0
    169    0.0
    170    5.0
    171   43.5
    172    0.0
    173    2.8
    174    0.0
    175    1.3
    176    T  
    177    1.9
    178   34.7
    179   36.0
    180   48.8
    181   20.2
    182    5.0
    183   32.4
    184    0.3
    185    3.2
    186    0.0
    187   37.5
    188    0.7
    189    8.2
    190    3.3
    191   22.9
    192  107.0
    193    0.0
    194    0.0
    195    0.0
    196    3.3
    197    8.3
    198    9.4
    199    9.3
    200    6.3
    201   45.2
    202    3.2
    203    2.9
    204    0.0
    205    0.0
    206   11.3
    207    5.0
    208    5.2
    209    2.7
    210    0.0
    211    6.1
    212    5.1
    213   18.4
    214   46.5
    215  111.5
    216    0.3
    217    0.3
    218    0.0
    219    0.0
    220    0.0
    221    0.0
    222    0.0
    223    0.0
    224    5.0
    225    0.0
    226    0.0
    227    6.5
    228    3.8
    229   30.8
    230    2.6
    231    1.5
    232    0.0
    233    1.4
    234   12.5
    235    2.4
    236   54.9
    237   74.7
    238   13.7
    239    0.5
    240    0.1
    241    0.0
    242    0.0
    243    3.5
    244    T  
    245    0.5
    246   47.3
    247    3.6
    248    2.2
    249   14.9
    250    0.0
    251    1.3
    252    1.7
    253    0.7
    254   30.4
    255   11.4
    256   28.4
    257  118.0
    258  113.5
    259    0.0
    260    0.0
    261    0.0
    262    0.0
    263    0.0
    264    0.0
    265    0.0
    266    0.0
    267   87.0
    268    9.5
    269    0.0
    270    0.0
    271    1.0
    272   10.0
    273    6.0
    274   59.9
    275    0.2
    276    0.0
    277    0.0
    278    0.0
    279    0.0
    280    T  
    281    9.1
    282    T  
    283    0.7
    284   21.0
    285    0.0
    286    0.0
    287    9.4
    288    3.0
    289    6.0
    290    0.0
    291    0.0
    292    0.0
    293    0.0
    294    0.0
    295    0.0
    296    0.0
    297    0.0
    298    0.0
    299    0.0
    300    0.0
    301    0.0
    302    0.0
    303    0.0
    304    0.0
    305    0.0
    306    0.0
    307    0.0
    308    0.0
    309    0.0
    310    0.0
    311    0.0
    312    0.0
    313    0.0
    314    0.0
    315    0.0
    316    T  
    317    0.0
    318    0.0
    319    0.0
    320    0.0
    321    0.0
    322    0.0
    323    T  
    324    0.0
    325    0.0
    326    0.0
    327    0.0
    328    0.0
    329    0.0
    330    0.0
    331    0.0
    332    0.0
    333    0.0
    334    6.0
    335    1.0
    336    0.0
    337    0.0
    338    0.0
    339    0.0
    340    0.0
    341    0.0
    342    0.0
    343    0.0
    344    0.0
    345    0.0
    346    0.0
    347    T  
    348   31.0
    349    0.0
    350    0.0
    351    0.0
    352   16.5
    353   20.3
    354    0.0
    355    0.0
    356    0.0
    357    0.0
    358    0.0
    359    0.0
    360    0.0
    361    0.0
    362    0.0
    363    0.0
    364    0.0
    365    0.0
