      1    0.0
      2    0.0
      3    0.0
      4    0.0
      5    0.0
      6    0.0
      7    0.0
      8    0.0
      9    0.0
     10    0.0
     11    0.0
     12    1.0
     13    0.0
     14    0.0
     15    0.0
     16    0.0
     17    T  
     18    0.0
     19    0.0
     20    0.0
     21    0.0
     22    0.0
     23    0.0
     24    0.0
     25    0.0
     26    0.0
     27    0.0
     28    0.0
     29    0.0
     30    0.0
     31    0.0
     32    0.0
     33    0.0
     34    0.0
     35    0.0
     36    0.0
     37    0.0
     38    0.0
     39    0.0
     40    0.0
     41    0.0
     42    0.0
     43    0.0
     44    0.0
     45    0.0
     46    0.0
     47    0.0
     48    0.0
     49    0.0
     50    0.0
     51    0.0
     52    0.0
     53    0.0
     54    0.0
     55    0.0
     56    0.0
     57    0.0
     58    0.0
     59    0.0
     60    0.0
     61    0.0
     62    0.8
     63    0.4
     64    0.0
     65    0.0
     66    0.0
     67    0.0
     68    0.0
     69    0.0
     70    0.0
     71    0.0
     72    0.0
     73    0.0
     74    0.0
     75    T  
     76    T  
     77    0.0
     78    0.0
     79    0.0
     80    0.0
     81    0.0
     82    0.0
     83    0.0
     84    0.0
     85    0.0
     86    2.5
     87    0.4
     88    0.0
     89    0.0
     90    0.0
     91    0.0
     92    0.0
     93    0.0
     94    0.0
     95    0.0
     96    0.0
     97    0.0
     98    0.0
     99    0.4
    100   16.0
    101    0.0
    102    0.0
    103    0.0
    104    0.0
    105    0.0
    106    0.0
    107    0.0
    108    0.0
    109    2.4
    110    0.0
    111    0.0
    112    0.0
    113    0.0
    114    0.0
    115    6.3
    116    0.0
    117    0.0
    118   20.0
    119    0.0
    120   15.9
    121    5.9
    122    8.9
    123    0.2
    124    0.0
    125    0.0
    126    0.0
    127    0.0
    128    0.0
    129    5.9
    130    0.0
    131    0.0
    132    0.0
    133    0.0
    134    0.0
    135    0.0
    136    0.0
    137    0.0
    138    0.0
    139    0.0
    140    0.0
    141    0.0
    142    0.0
    143    0.0
    144    0.0
    145    0.0
    146    0.0
    147    0.0
    148    0.0
    149    0.0
    150    0.0
    151    0.0
    152    0.0
    153    0.0
    154    0.0
    155   25.0
    156    0.3
    157    0.0
    158   39.5
    159    0.0
    160    0.7
    161    1.4
    162    0.0
    163    0.0
    164    0.0
    165    0.0
    166    0.0
    167    T  
    168    0.0
    169    3.5
    170    0.0
    171    0.0
    172    0.0
    173    4.5
    174    5.6
    175   16.5
    176    0.0
    177    0.0
    178    0.0
    179    8.2
    180    0.0
    181    0.0
    182    0.0
    183    1.4
    184   70.3
    185   47.3
    186    0.0
    187    0.0
    188   19.4
    189   20.5
    190  107.3
    191    1.4
    192   83.3
    193   25.5
    194    9.4
    195   10.4
    196    0.9
    197    0.0
    198    0.0
    199    0.0
    200    0.0
    201    0.0
    202    0.0
    203    0.0
    204   41.2
    205   42.0
    206   54.4
    207    3.0
    208    1.2
    209    T  
    210   10.4
    211   12.0
    212   23.5
    213  116.4
    214   31.4
    215    0.5
    216    1.6
    217    0.6
    218    0.2
    219    0.0
    220    0.0
    221   96.4
    222   22.0
    223   18.4
    224   54.5
    225   31.0
    226    0.6
    227    0.0
    228    0.0
    229    0.0
    230    4.8
    231    0.0
    232    3.8
    233    0.0
    234    0.0
    235    T  
    236    0.5
    237    0.0
    238   31.4
    239    0.0
    240   31.4
    241   31.4
    242    0.0
    243    0.0
    244    6.2
    245   23.2
    246   69.7
    247   30.4
    248    6.2
    249    1.1
    250    1.0
    251   24.2
    252    7.2
    253    1.4
    254    1.4
    255    1.4
    256    1.0
    257    T  
    258    0.0
    259    0.0
    260    0.0
    261    0.0
    262    0.0
    263    0.0
    264    0.0
    265   17.6
    266   29.6
    267    0.0
    268    0.0
    269   29.8
    270    3.5
    271    0.5
    272    0.0
    273    1.0
    274    5.4
    275    0.0
    276    0.0
    277    0.0
    278   18.5
    279    0.0
    280    0.0
    281    0.0
    282    0.0
    283    0.0
    284    0.0
    285    0.0
    286   14.6
    287    0.0
    288    0.0
    289    0.0
    290    0.0
    291    0.0
    292   24.7
    293   67.2
    294    0.0
    295    0.0
    296    0.0
    297    0.0
    298    0.0
    299    0.0
    300    0.0
    301    0.0
    302    T  
    303    0.0
    304    0.0
    305    0.0
    306    0.0
    307    0.0
    308    0.0
    309    0.0
    310    0.0
    311    0.0
    312    0.0
    313    0.0
    314    0.0
    315    0.0
    316    0.0
    317    0.0
    318    0.0
    319    0.0
    320    0.0
    321    0.0
    322    0.0
    323    0.0
    324    0.0
    325    0.0
    326    0.0
    327    0.0
    328    0.0
    329    0.0
    330    0.0
    331    0.0
    332    0.0
    333    0.0
    334    0.0
    335    0.0
    336    0.0
    337    0.0
    338    0.0
    339    0.0
    340    0.0
    341    0.0
    342    0.0
    343    0.0
    344    0.0
    345    0.0
    346    0.0
    347   10.6
    348    0.0
    349    0.0
    350    0.0
    351    0.0
    352    0.0
    353    0.0
    354    0.0
    355    0.0
    356    0.0
    357    0.0
    358    0.0
    359    0.0
    360    0.0
    361    0.0
    362    0.0
    363    0.0
    364    0.0
    365    0.0
