      1    0.0
      2   12.8
      3    0.0
      4    0.0
      5    0.0
      6    0.0
      7    0.0
      8    0.0
      9    0.0
     10    0.0
     11    0.0
     12    0.0
     13    1.0
     14    0.0
     15    0.0
     16    0.0
     17    0.0
     18    0.0
     19    0.0
     20    0.0
     21    0.0
     22    4.0
     23    4.0
     24    0.0
     25    0.0
     26    0.0
     27    0.0
     28    0.0
     29    0.0
     30    0.0
     31   12.0
     32    0.0
     33    0.0
     34    0.0
     35    0.0
     36    3.6
     37    0.0
     38    0.0
     39    0.0
     40    0.0
     41    3.4
     42    0.0
     43    2.5
     44    0.0
     45    5.6
     46    0.0
     47    0.0
     48    0.0
     49    0.0
     50    0.0
     51    0.0
     52    0.0
     53    0.0
     54    1.0
     55    0.0
     56    0.0
     57    0.0
     58    0.0
     59    2.5
     60    0.0
     61    0.0
     62    0.0
     63    0.0
     64    0.0
     65    0.0
     66    8.4
     67    0.0
     68    0.0
     69    0.0
     70    0.0
     71    0.0
     72    0.0
     73    0.0
     74    0.0
     75    0.0
     76    0.0
     77    0.0
     78    0.0
     79    0.0
     80    0.0
     81    0.0
     82    0.0
     83    0.0
     84    4.0
     85    0.0
     86    0.0
     87    0.0
     88    0.0
     89    0.0
     90    5.0
     91    1.0
     92    0.0
     93    0.0
     94    0.0
     95    0.0
     96    0.0
     97    0.0
     98    0.0
     99    0.0
    100    0.0
    101    0.0
    102    0.0
    103    0.0
    104    0.0
    105    0.0
    106    0.0
    107    0.0
    108    0.0
    109    0.0
    110    6.2
    111   21.0
    112    2.0
    113   13.0
    114    1.0
    115    2.8
    116   22.0
    117    0.0
    118    0.0
    119    0.0
    120    0.0
    121    0.0
    122    0.0
    123    4.8
    124    4.0
    125    0.0
    126    0.0
    127    5.0
    128    0.0
    129    0.0
    130    0.0
    131    0.0
    132    5.0
    133   19.0
    134    3.0
    135    0.0
    136    0.0
    137    4.0
    138    0.0
    139    0.0
    140    0.0
    141    7.0
    142   14.0
    143    5.8
    144    3.0
    145   14.7
    146    3.0
    147    1.0
    148   31.2
    149   17.0
    150    7.5
    151    5.6
    152    0.0
    153    6.4
    154    3.0
    155    5.0
    156    2.0
    157    0.0
    158    0.0
    159    0.0
    160   12.6
    161    3.0
    162    3.6
    163    6.4
    164   20.0
    165   19.0
    166   22.0
    167    2.0
    168   11.0
    169   13.0
    170   13.0
    171    1.0
    172   11.0
    173   24.6
    174    7.4
    175    0.0
    176    3.0
    177    2.0
    178   45.0
    179   27.0
    180    1.0
    181    0.0
    182   20.0
    183    8.4
    184    3.0
    185    4.4
    186   10.5
    187   27.6
    188    1.0
    189   42.4
    190   11.0
    191   35.4
    192   24.4
    193   45.6
    194   42.3
    195   15.6
    196   15.0
    197    2.0
    198    6.0
    199    9.0
    200    1.0
    201    1.0
    202   13.6
    203   13.8
    204   32.0
    205    1.0
    206   14.4
    207    7.0
    208   14.0
    209   44.4
    210    4.0
    211   11.0
    212   30.0
    213   30.0
    214    8.0
    215   50.4
    216   15.0
    217    9.0
    218   60.5
    219   12.6
    220    0.0
    221    2.5
    222   49.0
    223   28.4
    224   16.6
    225    6.0
    226   23.6
    227   25.6
    228   10.0
    229    0.0
    230    4.0
    231   10.0
    232   14.6
    233    0.0
    234    4.4
    235    2.0
    236   12.0
    237   10.0
    238   14.0
    239    4.0
    240    6.4
    241    4.0
    242   10.2
    243   48.5
    244   33.0
    245   14.5
    246   55.4
    247    8.0
    248    9.0
    249   34.0
    250    3.4
    251   11.0
    252    0.0
    253    8.0
    254   29.0
    255   17.0
    256   50.5
    257   24.0
    258    6.5
    259    2.5
    260   12.0
    261    4.5
    262   32.0
    263   15.0
    264    0.0
    265    0.0
    266    0.0
    267    0.0
    268   10.0
    269    7.0
    270   36.8
    271   30.6
    272    0.0
    273    6.0
    274    2.0
    275    2.5
    276    4.4
    277    1.8
    278   13.4
    279    8.0
    280   30.0
    281    0.0
    282   42.2
    283    6.0
    284    0.0
    285   12.0
    286   10.0
    287    2.0
    288   14.0
    289    0.0
    290    0.0
    291    0.0
    292    0.0
    293    0.0
    294    0.0
    295    0.0
    296    0.0
    297    0.0
    298    0.0
    299    0.0
    300    0.0
    301    0.0
    302    0.0
    303    0.0
    304    0.0
    305    0.0
    306    0.0
    307    0.0
    308    0.0
    309    0.0
    310    0.0
    311    0.0
    312    0.0
    313    0.0
    314    0.0
    315    0.0
    316    0.0
    317    0.0
    318    0.0
    319    0.0
    320    0.0
    321    0.0
    322    0.0
    323    0.0
    324    0.0
    325    0.0
    326    0.0
    327    0.0
    328    0.0
    329    0.0
    330    0.0
    331    0.0
    332    0.0
    333    0.0
    334    0.0
    335    0.0
    336    0.0
    337    0.0
    338    0.0
    339    0.0
    340    0.0
    341    0.0
    342    0.0
    343    0.0
    344    0.0
    345    0.0
    346    0.0
    347    0.0
    348    0.0
    349    0.0
    350    0.0
    351    0.0
    352    0.0
    353    0.0
    354    0.0
    355    0.0
    356    0.0
    357    0.0
    358    0.0
    359    0.0
    360    0.0
    361    0.0
    362    0.0
    363    0.0
    364    0.0
    365    0.0
