      1    0.0
      2    0.0
      3    0.0
      4    0.0
      5    0.0
      6    0.0
      7    0.0
      8    0.0
      9    0.0
     10    0.0
     11    0.0
     12    0.0
     13    0.0
     14    0.0
     15    0.0
     16    0.0
     17    0.0
     18    0.0
     19    0.0
     20    0.0
     21    0.0
     22    0.0
     23    0.0
     24    0.0
     25    0.0
     26    0.0
     27    0.0
     28    2.1
     29    0.0
     30    0.0
     31    1.0
     32    9.4
     33   12.5
     34    0.0
     35    0.4
     36    0.0
     37    1.0
     38    0.0
     39    2.0
     40    8.8
     41    0.4
     42    0.0
     43    0.0
     44    0.0
     45    0.0
     46    0.0
     47    0.0
     48    0.0
     49    0.0
     50    0.0
     51    0.0
     52    0.0
     53    0.0
     54    0.0
     55    0.0
     56    0.0
     57    0.0
     58    0.0
     59    0.0
     60    1.8
     61    2.4
     62   10.8
     63    0.0
     64    0.4
     65    1.5
     66   12.7
     67    0.2
     68    0.0
     69    0.0
     70    0.0
     71    0.0
     72    0.0
     73    0.0
     74    0.0
     75    0.0
     76    0.0
     77    3.5
     78    0.0
     79    0.0
     80    0.0
     81    0.0
     82    0.0
     83    0.0
     84    0.4
     85    0.0
     86    5.2
     87    0.0
     88    0.0
     89    0.0
     90   11.8
     91    3.9
     92    6.7
     93    0.0
     94    0.0
     95    0.0
     96    0.0
     97    0.0
     98    0.0
     99    0.0
    100    0.0
    101    0.0
    102    2.8
    103    6.9
    104    0.0
    105    0.0
    106    0.0
    107   15.3
    108    6.8
    109    1.0
    110    0.0
    111    1.5
    112    0.0
    113   21.5
    114   13.7
    115   13.9
    116    0.0
    117    2.9
    118    0.3
    119    0.0
    120    0.0
    121    0.0
    122    0.0
    123    0.0
    124   27.3
    125   24.1
    126    5.0
    127   14.3
    128    0.0
    129    0.0
    130    0.0
    131    4.2
    132    1.8
    133    1.8
    134    0.7
    135    9.4
    136    0.0
    137    0.0
    138    0.0
    139    0.0
    140    0.0
    141    0.0
    142    0.0
    143    0.0
    144    0.0
    145    0.0
    146    0.0
    147    0.0
    148    6.2
    149   22.4
    150    0.0
    151    2.0
    152   10.8
    153    0.0
    154   19.4
    155   13.4
    156    0.0
    157    1.0
    158    2.2
    159    8.9
    160   59.4
    161   12.7
    162   33.5
    163    5.0
    164    5.0
    165   22.4
    166    1.3
    167    0.0
    168   11.0
    169   73.3
    170    0.0
    171    0.0
    172    0.0
    173    6.7
    174   75.6
    175    8.8
    176    8.5
    177   18.7
    178    0.4
    179    1.8
    180   22.4
    181    1.9
    182    0.3
    183    7.2
    184   16.6
    185   25.4
    186   11.7
    187   24.8
    188   19.0
    189   12.0
    190    6.5
    191    1.2
    192   42.9
    193    6.4
    194   37.0
    195   27.7
    196   15.7
    197   20.8
    198   24.5
    199   34.2
    200   35.0
    201    5.8
    202   49.5
    203    5.4
    204   15.7
    205   40.4
    206   26.4
    207    3.0
    208   21.2
    209   21.8
    210   13.6
    211    5.2
    212   37.0
    213   14.0
    214   16.4
    215   19.4
    216   13.6
    217    7.0
    218    5.0
    219   17.2
    220   19.8
    221    9.0
    222   17.5
    223   13.8
    224   22.7
    225    2.2
    226   20.3
    227   58.1
    228    5.8
    229   26.9
    230   41.0
    231   42.3
    232   11.2
    233    4.5
    234    6.1
    235    9.6
    236   23.8
    237    4.2
    238   39.5
    239   56.0
    240   23.4
    241   20.4
    242   14.0
    243    9.0
    244    0.0
    245    0.2
    246    2.0
    247    2.0
    248    4.0
    249   52.7
    250   35.0
    251    3.5
    252    1.9
    253    6.8
    254    1.2
    255   10.0
    256    8.0
    257   13.4
    258    1.3
    259    4.6
    260    3.2
    261    0.0
    262   20.9
    263    0.0
    264    2.5
    265    4.0
    266    0.0
    267    8.8
    268    8.2
    269    0.0
    270    0.0
    271    0.0
    272    0.0
    273    0.0
    274    0.0
    275    1.3
    276    0.0
    277    4.7
    278    0.2
    279    0.8
    280    0.0
    281    0.0
    282    0.0
    283    0.0
    284   10.0
    285   10.0
    286    0.0
    287    0.3
    288    0.0
    289    0.0
    290    0.0
    291    1.8
    292    0.0
    293    0.0
    294    0.0
    295    0.0
    296   18.0
    297    3.8
    298   10.4
    299    1.7
    300    0.0
    301    0.0
    302    0.0
    303    0.0
    304    0.0
    305    0.0
    306    0.0
    307    0.0
    308    0.0
    309    0.0
    310    0.0
    311    4.3
    312    0.2
    313    0.0
    314   20.1
    315    0.0
    316    0.2
    317    5.4
    318    0.0
    319    0.3
    320    0.0
    321    0.0
    322    0.0
    323    0.0
    324    0.0
    325    0.0
    326    0.0
    327    0.0
    328    0.0
    329    0.0
    330    0.0
    331    0.0
    332    0.0
    333    1.0
    334    0.0
    335    0.0
    336    0.0
    337    0.0
    338    0.0
    339    0.0
    340    0.0
    341    0.0
    342    0.0
    343    0.0
    344    0.0
    345    0.0
    346    0.0
    347    0.0
    348    0.0
    349    0.0
    350    0.0
    351    0.0
    352    0.0
    353    0.0
    354    0.0
    355    0.0
    356    0.0
    357    0.0
    358    0.0
    359    0.0
    360    0.0
    361    0.0
    362    0.0
    363    0.0
    364    1.0
    365    0.0
