      1    0.0
      2    1.3
      3    0.0
      4    0.0
      5    0.0
      6    0.0
      7    0.0
      8    0.0
      9    0.0
     10    0.0
     11    0.0
     12    0.0
     13    0.0
     14    0.0
     15    0.0
     16    0.0
     17    0.0
     18    0.0
     19    0.0
     20    0.0
     21    0.0
     22    0.0
     23    0.0
     24    0.0
     25    0.0
     26    0.0
     27    0.0
     28    0.0
     29    0.0
     30    0.0
     31    0.0
     32    0.0
     33    0.0
     34    0.0
     35    0.0
     36    0.0
     37    0.0
     38    0.0
     39    0.0
     40    0.0
     41    0.0
     42    0.0
     43    0.0
     44    0.0
     45    0.0
     46    0.0
     47    0.0
     48    0.0
     49    0.0
     50    0.0
     51    0.0
     52    0.0
     53    7.8
     54    0.0
     55    0.0
     56    0.0
     57    0.0
     58    0.0
     59    0.0
     60    0.0
     61    0.0
     62    0.0
     63    1.2
     64    1.8
     65    0.0
     66    0.0
     67    0.0
     68    0.0
     69    0.0
     70    0.0
     71    0.0
     72    0.0
     73    0.0
     74    4.0
     75    3.2
     76    0.0
     77    0.0
     78    0.0
     79    2.0
     80    2.5
     81    3.0
     82    0.0
     83    0.0
     84    0.0
     85    0.0
     86    0.0
     87    0.0
     88    0.0
     89    0.0
     90    0.0
     91    0.0
     92    0.0
     93    0.0
     94    0.0
     95    0.0
     96    0.0
     97    0.0
     98    1.2
     99    9.5
    100   11.0
    101    0.2
    102    0.0
    103    0.0
    104    0.0
    105    0.0
    106    2.5
    107    0.0
    108    2.0
    109   12.6
    110    0.0
    111    0.0
    112    0.0
    113    0.0
    114    0.0
    115    0.0
    116    0.0
    117    0.0
    118    0.0
    119    0.0
    120    0.0
    121    5.0
    122   18.0
    123    0.0
    124    0.0
    125    0.0
    126    0.0
    127    0.0
    128    0.0
    129    0.0
    130    0.0
    131    4.0
    132    0.0
    133    0.0
    134    6.2
    135    5.0
    136    0.0
    137    0.0
    138    0.0
    139    0.0
    140    0.0
    141    0.0
    142    7.5
    143    6.2
    144    0.0
    145    0.0
    146    0.0
    147    0.0
    148    0.0
    149    0.0
    150    0.0
    151    0.0
    152    0.0
    153    0.0
    154    0.0
    155    0.0
    156    0.0
    157    0.0
    158    0.0
    159    0.0
    160    0.0
    161    2.0
    162    0.0
    163    1.6
    164    0.0
    165    0.0
    166    0.0
    167    0.0
    168    0.0
    169    1.5
    170    0.0
    171    0.0
    172    0.0
    173    0.0
    174    0.0
    175    0.0
    176    0.0
    177    0.0
    178    6.3
    179    9.0
    180   12.0
    181    0.0
    182    0.0
    183    0.0
    184    4.0
    185    3.5
    186    T  
    187    2.7
    188    0.0
    189    3.0
    190    0.0
    191    8.5
    192    0.0
    193    0.0
    194    0.0
    195    0.0
    196    0.0
    197    0.0
    198    T  
    199    0.0
    200    6.0
    201    2.6
    202    0.0
    203    0.0
    204    0.0
    205    0.0
    206    0.0
    207    7.5
    208    T  
    209    0.5
    210    0.0
    211    0.0
    212    0.0
    213    0.0
    214    1.5
    215    0.0
    216    1.0
    217    0.0
    218    0.0
    219    0.0
    220    0.0
    221    0.0
    222    0.0
    223    2.0
    224    0.0
    225    0.0
    226    0.0
    227    0.0
    228    0.0
    229    0.0
    230    0.0
    231    0.0
    232    1.5
    233    0.0
    234    T  
    235    0.0
    236    1.6
    237    1.3
    238    3.3
    239    0.0
    240    0.0
    241    0.0
    242    0.0
    243    0.0
    244    0.0
    245    0.0
    246    2.0
    247    3.0
    248    1.2
    249    0.0
    250    0.0
    251    0.0
    252    0.0
    253   12.0
    254   14.5
    255   20.5
    256    0.0
    257    0.0
    258    0.0
    259    0.0
    260    0.0
    261    0.0
    262    6.0
    263    2.0
    264    1.0
    265    0.0
    266    3.6
    267    3.8
    268    0.2
    269    5.5
    270    0.0
    271    0.0
    272    0.0
    273    0.0
    274    0.0
    275    0.0
    276    4.2
    277    2.6
    278    0.0
    279    0.0
    280    0.0
    281    0.0
    282    0.0
    283   14.4
    284   40.0
    285   25.6
    286    0.0
    287    0.0
    288    0.0
    289    0.0
    290    0.0
    291    0.0
    292    0.0
    293    0.0
    294    0.0
    295    0.0
    296    0.0
    297    0.0
    298    0.0
    299    0.0
    300    0.0
    301    0.0
    302    0.0
    303    0.0
    304    0.0
    305    0.0
    306    0.0
    307    0.0
    308    0.0
    309    0.0
    310    0.0
    311    0.0
    312    0.0
    313    0.0
    314    0.0
    315    0.0
    316    0.0
    317    0.0
    318    0.0
    319    0.0
    320    0.0
    321    0.0
    322    0.0
    323    0.0
    324    0.0
    325    0.0
    326    0.0
    327    0.0
    328    0.0
    329    0.0
    330    0.0
    331    0.0
    332    0.0
    333    0.0
    334    0.0
    335    0.0
    336    0.0
    337    0.0
    338    0.0
    339    0.0
    340    0.0
    341    0.0
    342    0.0
    343    0.0
    344    0.0
    345    0.0
    346    0.0
    347    0.0
    348    0.0
    349    0.0
    350    0.0
    351    0.0
    352    0.0
    353    0.0
    354    0.0
    355    0.0
    356    0.0
    357    0.0
    358    0.0
    359    1.5
    360    0.0
    361    0.0
    362    0.0
    363    0.0
    364    0.0
    365    0.0
