      1    0.0
      2    0.0
      3    0.0
      4    0.0
      5    0.0
      6    0.0
      7    0.0
      8    0.0
      9    0.0
     10    0.0
     11    0.0
     12    0.0
     13    0.0
     14    0.0
     15    0.0
     16    0.0
     17    0.0
     18    0.0
     19    0.0
     20    0.0
     21    0.0
     22    0.0
     23    0.0
     24    0.0
     25    0.0
     26    0.0
     27    0.0
     28    0.0
     29    0.0
     30    0.0
     31    0.0
     32    0.0
     33    0.0
     34    0.0
     35    0.0
     36    0.0
     37    0.0
     38    0.0
     39    0.0
     40    0.0
     41    0.0
     42   30.8
     43    0.0
     44    0.0
     45    0.0
     46    5.6
     47    0.0
     48    0.0
     49    0.0
     50    0.0
     51    0.0
     52    0.0
     53    0.0
     54    0.0
     55    0.0
     56    0.0
     57    0.0
     58    0.0
     59    0.0
     60    0.0
     61    0.0
     62    0.0
     63    0.0
     64    0.0
     65    0.0
     66    0.0
     67    0.0
     68    0.0
     69    0.0
     70    0.0
     71    0.0
     72    0.0
     73    0.0
     74    0.0
     75    0.0
     76    0.0
     77    0.0
     78    0.0
     79    0.0
     80    0.0
     81    0.0
     82    0.0
     83    0.0
     84    0.0
     85    0.0
     86    0.0
     87    0.0
     88    0.0
     89    0.0
     90    0.0
     91    0.0
     92    0.0
     93    0.0
     94    1.0
     95    2.2
     96    0.0
     97    0.0
     98    0.0
     99    0.0
    100    0.0
    101    0.0
    102    0.0
    103    6.4
    104    0.0
    105    0.0
    106    0.0
    107    0.0
    108    0.0
    109    0.0
    110    0.0
    111    0.0
    112    0.0
    113    0.0
    114    1.0
    115    1.9
    116    0.0
    117   19.9
    118    1.0
    119    0.0
    120    1.5
    121    0.0
    122    0.0
    123    0.0
    124    9.8
    125    0.0
    126    0.0
    127    0.0
    128    0.0
    129    0.0
    130    0.0
    131    0.0
    132    1.6
    133   16.4
    134    4.6
    135   13.7
    136   23.6
    137    7.4
    138   24.2
    139    0.0
    140    3.6
    141   19.1
    142    0.0
    143    0.0
    144    0.0
    145    0.0
    146    0.0
    147    0.0
    148    0.0
    149    0.0
    150    0.0
    151    0.0
    152    0.0
    153   11.0
    154    0.0
    155    0.0
    156    0.0
    157    0.0
    158    0.0
    159    0.0
    160    0.0
    161    0.0
    162    0.0
    163    0.0
    164    0.0
    165    0.0
    166    1.0
    167    1.9
    168    0.2
    169    0.5
    170    0.0
    171    0.4
    172    0.0
    173    0.0
    174    0.0
    175    5.7
    176    3.8
    177    0.0
    178   13.2
    179   66.2
    180  104.0
    181   40.3
    182   22.5
    183   27.2
    184    0.0
    185    0.0
    186    3.5
    187    0.0
    188    0.0
    189    2.3
    190    2.4
    191    0.0
    192    3.6
    193    0.0
    194    0.5
    195    0.0
    196    0.0
    197   70.0
    198   78.0
    199   83.9
    200    2.3
    201   12.9
    202   48.4
    203    0.0
    204    0.0
    205    1.6
    206   15.1
    207   62.8
    208    1.0
    209    0.0
    210    1.0
    211   17.7
    212   89.0
    213   40.9
    214   86.9
    215   34.8
    216    0.0
    217    0.0
    218    0.0
    219    0.0
    220    0.0
    221    0.0
    222    0.0
    223    0.0
    224    0.0
    225    0.0
    226    0.0
    227    0.0
    228    0.0
    229    0.0
    230   59.8
    231   21.6
    232   37.8
    233    0.0
    234    2.4
    235   58.1
    236  267.2
    237   19.7
    238   31.9
    239   10.7
    240    0.0
    241    0.0
    242    0.0
    243    6.2
    244    1.3
    245    0.9
    246    8.4
    247    0.0
    248   41.7
    249   14.0
    250    0.0
    251    0.0
    252    0.0
    253    0.0
    254   11.5
    255    7.0
    256    2.4
    257   63.5
    258  165.8
    259    0.0
    260    0.0
    261    0.0
    262    0.0
    263    0.0
    264    0.0
    265    0.0
    266    2.4
    267    0.0
    268    0.0
    269    1.1
    270    0.2
    271   10.4
    272    1.7
    273    3.1
    274   41.5
    275    9.5
    276    0.0
    277    0.0
    278    0.0
    279    0.0
    280    7.9
    281    0.0
    282    0.0
    283    1.4
    284    3.4
    285   15.7
    286    0.0
    287   15.4
    288    4.4
    289    8.6
    290    0.0
    291    0.0
    292    0.0
    293    0.0
    294    0.0
    295    0.0
    296    0.0
    297    0.0
    298    0.0
    299    0.0
    300    0.0
    301    0.0
    302    0.0
    303    0.0
    304    0.0
    305    0.0
    306    0.0
    307    0.0
    308    0.0
    309    0.0
    310    0.0
    311    0.0
    312    0.0
    313    0.0
    314    0.0
    315    0.0
    316    0.0
    317    0.0
    318    0.0
    319    0.0
    320    0.0
    321    0.0
    322    0.0
    323    0.0
    324    0.0
    325    0.0
    326    0.0
    327    0.0
    328    0.0
    329    0.0
    330    0.0
    331    0.0
    332    0.0
    333    0.0
    334    0.0
    335    0.0
    336    0.0
    337    0.0
    338    0.0
    339    0.0
    340    0.0
    341    0.0
    342    0.0
    343    0.0
    344    0.0
    345    0.0
    346    0.0
    347    0.0
    348   20.3
    349    1.3
    350    0.0
    351    0.0
    352    3.3
    353   34.4
    354    0.0
    355    0.0
    356    0.0
    357    0.0
    358    0.0
    359    0.0
    360    0.0
    361    0.0
    362    0.0
    363    0.0
    364    0.0
    365    0.0
