      1    0.0
      2    0.0
      3    0.0
      4    0.0
      5    0.0
      6    0.0
      7    0.0
      8    0.0
      9    0.0
     10    0.0
     11    0.0
     12    0.0
     13    0.0
     14    0.0
     15    0.0
     16    0.0
     17    0.0
     18    0.0
     19    0.0
     20    0.0
     21    0.0
     22    0.0
     23    0.0
     24    0.0
     25    0.0
     26    0.0
     27    0.0
     28    0.0
     29    0.0
     30    0.0
     31    0.0
     32    0.0
     33    0.0
     34    0.0
     35    0.0
     36    0.0
     37    0.0
     38    0.0
     39    0.0
     40    0.0
     41    0.0
     42    0.0
     43    0.0
     44    0.0
     45    0.0
     46    0.0
     47    0.0
     48    0.0
     49    0.0
     50    0.0
     51    0.0
     52    0.0
     53    0.0
     54    0.0
     55    0.0
     56    0.0
     57    0.0
     58    0.0
     59    0.0
     60    0.0
     61    0.0
     62    0.0
     63    0.0
     64    0.0
     65    0.0
     66    0.0
     67    0.0
     68    0.0
     69    1.0
     70    2.4
     71    0.7
     72    0.0
     73    0.0
     74    0.0
     75    1.4
     76    0.0
     77    0.0
     78    0.0
     79    0.0
     80    0.0
     81    0.0
     82    0.0
     83    0.0
     84    0.0
     85    0.0
     86    0.0
     87    0.0
     88    0.0
     89    0.0
     90    0.0
     91    0.0
     92    0.0
     93    0.0
     94    0.0
     95    0.0
     96    0.0
     97    0.0
     98    0.0
     99    0.0
    100    0.0
    101    4.0
    102    0.0
    103    0.0
    104    0.0
    105    0.0
    106    0.0
    107    0.0
    108   46.8
    109    5.4
    110    0.0
    111    0.0
    112    0.0
    113    3.8
    114    0.0
    115    0.0
    116    0.0
    117   59.2
    118    0.0
    119    0.0
    120    0.0
    121    0.0
    122    0.0
    123    0.0
    124    0.0
    125    1.6
    126    0.0
    127    0.0
    128    0.0
    129    0.0
    130   30.4
    131   25.2
    132   27.8
    133    3.6
    134    T  
    135    0.0
    136    0.0
    137    0.0
    138    0.0
    139    0.0
    140    1.6
    141   32.2
    142    4.2
    143   10.2
    144    0.0
    145    T  
    146    0.1
    147    T  
    148    3.6
    149    1.8
    150    0.0
    151    0.0
    152    0.0
    153    4.6
    154    0.2
    155   30.8
    156    T  
    157    3.0
    158   29.4
    159   14.6
    160   17.2
    161   10.2
    162   13.8
    163    0.0
    164    0.0
    165    7.2
    166    0.0
    167    0.0
    168    0.0
    169    2.0
    170    0.0
    171    0.0
    172    6.0
    173    0.0
    174    0.0
    175    0.0
    176    T  
    177   21.0
    178    4.4
    179    0.8
    180  144.4
    181    8.0
    182    T  
    183    0.0
    184    0.0
    185    0.0
    186    T  
    187    1.4
    188  111.0
    189  104.0
    190    3.0
    191   25.2
    192    2.8
    193   57.8
    194   66.2
    195    3.0
    196    6.6
    197    1.0
    198    0.0
    199    0.0
    200    2.6
    201   18.6
    202    T  
    203    0.0
    204    0.0
    205    T  
    206   16.7
    207   94.6
    208   12.6
    209    0.0
    210    0.0
    211    9.8
    212    0.0
    213    0.0
    214   30.8
    215    5.3
    216    0.0
    217    0.0
    218    4.2
    219    0.2
    220    0.1
    221    T  
    222    0.0
    223    7.6
    224    0.0
    225    0.0
    226    0.0
    227    0.0
    228    0.0
    229    0.0
    230    0.0
    231    0.0
    232    T  
    233    0.0
    234   25.2
    235    T  
    236    2.0
    237    0.0
    238   52.4
    239    1.4
    240   37.8
    241   22.0
    242    0.0
    243    0.0
    244   14.8
    245    0.0
    246    0.0
    247    3.2
    248    0.0
    249    0.0
    250    0.0
    251    0.0
    252   53.0
    253   47.6
    254   28.4
    255   98.2
    256   62.0
    257    0.0
    258    8.4
    259    3.0
    260    0.0
    261    0.0
    262    1.0
    263    0.0
    264    4.0
    265    T  
    266   16.8
    267   33.2
    268   78.2
    269   10.8
    270    T  
    271    0.0
    272    0.0
    273    0.0
    274    0.0
    275    0.0
    276    0.0
    277    0.0
    278    T  
    279    0.0
    280    3.2
    281    1.0
    282    0.0
    283    0.0
    284    0.0
    285    0.2
    286    0.0
    287    0.0
    288    0.0
    289    0.0
    290    0.0
    291    0.0
    292    0.0
    293    0.0
    294   57.8
    295   10.0
    296    0.0
    297    0.0
    298    0.0
    299    0.0
    300    0.0
    301    0.0
    302    0.0
    303    0.0
    304    0.0
    305    0.0
    306    0.0
    307    0.0
    308    0.0
    309    0.0
    310    0.0
    311    0.0
    312    0.0
    313    0.0
    314    0.0
    315    1.0
    316    0.0
    317    0.0
    318    0.0
    319    0.0
    320    0.0
    321    0.0
    322    0.0
    323    0.0
    324    0.0
    325    0.0
    326    0.0
    327    0.0
    328    0.0
    329    0.0
    330    0.0
    331    0.0
    332    0.0
    333    0.0
    334    0.0
    335    0.0
    336    0.0
    337    0.0
    338    0.0
    339    0.0
    340    0.0
    341    0.0
    342    0.0
    343    0.0
    344    0.0
    345    4.0
    346   10.2
    347    0.0
    348    0.0
    349    0.0
    350    0.0
    351    0.0
    352    0.0
    353    0.0
    354    0.0
    355    0.0
    356    0.0
    357    0.0
    358    0.0
    359    0.0
    360    0.0
    361    0.0
    362    0.0
    363    0.0
    364    0.0
    365    0.0
