      1    0.0
      2    0.0
      3    0.0
      4    0.0
      5    0.0
      6    0.0
      7    0.0
      8    0.0
      9    0.0
     10    0.0
     11    0.0
     12    0.0
     13    0.0
     14    0.0
     15    0.0
     16    0.0
     17    0.0
     18    0.0
     19    0.0
     20    0.0
     21    0.0
     22    0.0
     23    0.0
     24    0.0
     25    0.0
     26    3.4
     27    1.3
     28    4.6
     29    0.0
     30    0.0
     31    0.0
     32    2.9
     33    0.9
     34    0.0
     35    0.2
     36    0.0
     37    0.0
     38    0.0
     39    0.0
     40    0.0
     41    0.0
     42    0.0
     43    0.0
     44    0.0
     45    0.0
     46    0.0
     47    0.0
     48    0.3
     49    0.0
     50    0.0
     51    0.0
     52    0.0
     53    0.0
     54    0.0
     55    0.0
     56    0.0
     57    0.0
     58    0.0
     59    0.0
     60    0.3
     61    0.6
     62   14.8
     63    0.0
     64    0.0
     65    1.1
     66   28.7
     67    0.0
     68    0.0
     69    0.0
     70    0.0
     71    0.0
     72    0.0
     73    0.0
     74    0.0
     75    0.0
     76    0.0
     77    0.0
     78    0.0
     79    0.0
     80    0.0
     81    0.0
     82    0.0
     83    0.0
     84    0.0
     85    0.0
     86    0.0
     87    0.0
     88    0.0
     89    0.0
     90    0.0
     91    0.0
     92    0.0
     93    0.0
     94    0.0
     95    0.0
     96    0.0
     97    1.0
     98    1.4
     99    0.0
    100    0.0
    101    0.0
    102    0.0
    103    0.0
    104    0.0
    105    0.0
    106    0.6
    107   13.3
    108   12.7
    109    4.5
    110    0.0
    111   14.7
    112   11.4
    113    0.0
    114    0.0
    115    0.0
    116    0.0
    117    0.0
    118    0.0
    119    0.0
    120    0.0
    121    0.0
    122    0.0
    123    0.0
    124    0.0
    125    0.0
    126    0.0
    127    0.0
    128    0.0
    129    0.0
    130    0.0
    131    2.5
    132    0.0
    133    0.0
    134   37.9
    135    0.0
    136    0.0
    137    0.0
    138    0.0
    139    0.0
    140    0.0
    141    0.0
    142    0.0
    143    0.0
    144    0.0
    145    0.0
    146    0.0
    147    0.0
    148    0.0
    149    0.3
    150    0.0
    151    0.0
    152    0.0
    153   14.5
    154    0.0
    155    4.5
    156    1.0
    157   25.8
    158    0.0
    159    2.7
    160    0.0
    161   18.7
    162   55.7
    163    1.7
    164   78.4
    165    4.7
    166   19.9
    167    4.4
    168    0.0
    169   43.2
    170    0.0
    171    0.0
    172    0.0
    173    0.0
    174    5.2
    175    1.9
    176    7.7
    177   14.5
    178   46.2
    179    7.7
    180    3.5
    181    0.0
    182    0.0
    183    0.0
    184    0.0
    185    0.0
    186    0.0
    187    0.0
    188    0.0
    189    0.0
    190   23.5
    191   18.3
    192  176.4
    193   10.3
    194    0.0
    195    5.1
    196    4.0
    197    0.0
    198    0.0
    199    0.0
    200   48.6
    201    2.6
    202    4.1
    203    4.4
    204    9.1
    205   42.7
    206  184.2
    207   28.3
    208   35.9
    209    0.5
    210    0.0
    211    0.3
    212   12.8
    213    0.0
    214    0.0
    215   78.0
    216    0.0
    217    4.0
    218    0.0
    219    1.0
    220    6.3
    221    0.0
    222    0.0
    223    0.0
    224    0.1
    225    0.0
    226    0.0
    227    1.2
    228    0.0
    229    0.0
    230    0.0
    231    7.8
    232    0.0
    233    0.0
    234    0.0
    235    0.0
    236    0.0
    237   19.6
    238    0.0
    239    0.8
    240   35.4
    241    2.6
    242    4.9
    243    0.3
    244    0.1
    245    0.1
    246    0.0
    247    0.0
    248    0.0
    249    0.0
    250    0.0
    251    0.0
    252    0.0
    253    0.0
    254    1.0
    255    1.4
    256   32.3
    257   36.7
    258    1.7
    259    1.3
    260    0.7
    261   69.2
    262   28.3
    263    5.4
    264   10.0
    265    0.0
    266    0.0
    267    0.0
    268    0.6
    269    0.0
    270    0.0
    271    0.0
    272    0.0
    273    0.0
    274    0.0
    275    0.0
    276    0.0
    277    0.0
    278    0.0
    279    0.0
    280    0.0
    281    0.0
    282    0.0
    283   15.0
    284    0.0
    285    0.0
    286    0.0
    287    0.0
    288    0.0
    289    0.0
    290    0.0
    291    0.2
    292    0.0
    293    0.0
    294    0.0
    295    0.0
    296    1.3
    297    0.0
    298    0.0
    299    0.0
    300    0.0
    301    0.0
    302    0.0
    303    0.0
    304    0.0
    305    0.0
    306    0.0
    307    0.0
    308    0.0
    309    0.0
    310    0.0
    311    0.0
    312    0.0
    313    0.0
    314   10.3
    315    0.2
    316    0.0
    317    0.0
    318    0.0
    319    0.0
    320    0.0
    321    0.0
    322    0.0
    323    0.0
    324    0.0
    325    0.0
    326    0.0
    327    0.0
    328    0.0
    329    0.0
    330    0.0
    331    0.0
    332    0.0
    333    0.0
    334    0.0
    335    0.0
    336    0.0
    337    0.0
    338    0.0
    339    0.0
    340    0.0
    341    0.0
    342    0.0
    343    0.0
    344    0.0
    345    0.0
    346    0.0
    347    0.0
    348    0.0
    349    0.0
    350    0.0
    351    0.0
    352    0.0
    353    0.0
    354    0.0
    355    0.0
    356    0.0
    357    0.0
    358    0.0
    359    0.0
    360    0.0
    361    0.0
    362    0.0
    363   11.9
    364    0.0
    365    0.0
