      1    0.0
      2    0.0
      3    0.0
      4    0.0
      5    0.0
      6    0.0
      7    0.0
      8    8.4
      9    0.0
     10    0.0
     11    0.0
     12    0.0
     13   13.6
     14    0.0
     15    0.0
     16    0.0
     17    0.0
     18    0.0
     19    0.0
     20    0.0
     21    0.0
     22    0.0
     23    0.0
     24    0.0
     25   31.2
     26    0.0
     27    0.0
     28    0.0
     29    0.0
     30    0.0
     31    0.0
     32    0.0
     33    0.0
     34    0.0
     35    0.0
     36    0.0
     37    0.0
     38    0.0
     39    0.0
     40    0.0
     41    0.0
     42    0.0
     43    0.0
     44    0.0
     45    0.0
     46    0.0
     47    0.0
     48    0.0
     49    0.0
     50    0.0
     51    0.0
     52    0.0
     53    0.0
     54    0.0
     55    0.0
     56    0.0
     57    0.0
     58    0.0
     59    0.0
     60    0.0
     61    0.0
     62    0.0
     63    0.0
     64    0.0
     65    0.0
     66    0.0
     67    0.0
     68    0.0
     69    0.0
     70    0.0
     71    0.0
     72    0.0
     73    0.0
     74    0.0
     75    0.0
     76    2.9
     77    0.0
     78    0.0
     79    0.0
     80    0.0
     81    0.0
     82    0.0
     83    0.0
     84    0.0
     85    0.1
     86   16.4
     87    0.0
     88    0.0
     89    0.0
     90   21.9
     91    0.0
     92    3.1
     93    0.0
     94    0.0
     95    0.0
     96    0.0
     97    0.0
     98    0.0
     99    0.0
    100    0.0
    101    0.0
    102    2.5
    103    0.0
    104    0.0
    105    0.0
    106   28.7
    107   32.8
    108    4.4
    109    0.0
    110    0.0
    111    0.0
    112    0.0
    113    0.0
    114    0.0
    115    3.9
    116   30.3
    117    1.5
    118    0.0
    119    0.2
    120    0.0
    121    0.0
    122    0.0
    123    0.0
    124    0.0
    125    0.0
    126    0.0
    127    0.0
    128    5.6
    129    0.0
    130    0.0
    131    0.0
    132    1.1
    133    0.0
    134    0.0
    135    5.1
    136    0.6
    137    5.6
    138    0.0
    139    0.0
    140    0.0
    141  109.3
    142    4.6
    143   19.6
    144    0.0
    145    0.0
    146    0.0
    147   38.9
    148    5.6
    149   22.6
    150    0.0
    151    0.0
    152    9.4
    153    0.0
    154    0.0
    155    0.0
    156   20.4
    157    0.0
    158    1.0
    159    0.0
    160    0.0
    161    0.0
    162    0.0
    163    0.0
    164    0.0
    165    0.0
    166    0.0
    167    0.0
    168    0.0
    169    0.0
    170    0.7
    171    0.0
    172    5.5
    173    0.0
    174    0.7
    175    0.0
    176    0.0
    177    0.0
    178   22.4
    179  178.2
    180   28.4
    181    4.4
    182  144.0
    183   52.0
    184    5.0
    185   26.0
    186   10.0
    187   19.0
    188   10.5
    189    0.0
    190    0.0
    191    0.0
    192    0.0
    193    0.0
    194    2.0
    195    1.0
    196    4.0
    197   34.8
    198   71.0
    199   54.0
    200    4.7
    201   14.5
    202    3.5
    203    3.8
    204   13.7
    205    0.4
    206   10.4
    207   52.4
    208   30.0
    209   86.2
    210    0.4
    211    1.8
    212  206.2
    213   62.8
    214    4.5
    215    0.0
    216    0.6
    217    0.0
    218    0.0
    219    0.0
    220    0.0
    221    0.0
    222    0.0
    223  102.4
    224    2.5
    225    0.0
    226   14.4
    227    0.0
    228    0.0
    229    0.0
    230    7.0
    231    8.6
    232   34.0
    233    1.7
    234   22.7
    235   37.7
    236   11.7
    237    1.4
    238   19.2
    239    1.1
    240    0.0
    241    0.0
    242    0.0
    243    2.1
    244   18.2
    245    2.9
    246    0.0
    247    0.0
    248   36.2
    249    1.1
    250    5.6
    251    0.0
    252   58.8
    253   71.8
    254    0.0
    255    1.1
    256    8.6
    257   19.1
    258   24.9
    259    4.5
    260    0.0
    261    0.0
    262    0.0
    263    0.0
    264    0.2
    265    0.0
    266    0.0
    267    0.0
    268    0.0
    269    0.0
    270    0.0
    271    0.0
    272   34.8
    273    1.1
    274    0.0
    275    0.0
    276    0.0
    277    0.0
    278    0.0
    279    0.0
    280    0.0
    281    0.0
    282    0.0
    283    0.0
    284    0.0
    285    0.0
    286    0.0
    287    0.0
    288    0.0
    289    0.0
    290    0.0
    291    0.0
    292    0.0
    293    0.0
    294    0.0
    295    0.0
    296    0.0
    297    0.0
    298    0.0
    299    0.2
    300    0.0
    301    0.0
    302    0.0
    303    0.0
    304    0.0
    305    0.0
    306    0.0
    307    0.0
    308   12.3
    309    0.0
    310    0.0
    311    0.0
    312    0.0
    313    0.0
    314    0.0
    315    0.0
    316    0.0
    317    0.0
    318    0.0
    319    0.0
    320    0.0
    321    0.0
    322    0.0
    323    0.0
    324    0.0
    325    0.0
    326    0.0
    327    0.0
    328    0.0
    329    0.0
    330    0.0
    331    0.0
    332    0.0
    333    0.0
    334    0.0
    335    0.0
    336    0.0
    337    0.0
    338    0.0
    339    0.0
    340    0.0
    341    0.0
    342    0.0
    343    0.0
    344    0.0
    345    0.0
    346    0.0
    347    0.0
    348    0.0
    349    0.0
    350    0.0
    351    0.0
    352    0.0
    353    0.0
    354    0.0
    355    0.0
    356    0.0
    357    0.0
    358    0.0
    359    0.0
    360    0.0
    361    0.0
    362    0.0
    363    0.0
    364    0.0
    365    0.0
