      1    0.0
      2    0.0
      3    4.0
      4    5.0
      5    6.0
      6    1.0
      7    2.0
      8    9.0
      9   12.0
     10   14.0
     11    6.0
     12   18.0
     13    5.0
     14    0.0
     15    0.0
     16    0.0
     17    0.0
     18    0.0
     19    0.0
     20    0.0
     21    0.0
     22    0.1
     23    0.1
     24    0.0
     25    0.0
     26    0.0
     27    0.0
     28    0.0
     29    0.0
     30    0.0
     31    0.3
     32    0.7
     33    0.4
     34    0.2
     35    0.1
     36    0.0
     37    0.0
     38    0.0
     39    0.0
     40    0.0
     41    0.7
     42    0.7
     43   14.0
     44    4.0
     45   31.0
     46   26.0
     47   23.0
     48   16.0
     49    9.0
     50    3.0
     51    1.0
     52    0.0
     53    0.0
     54    0.0
     55    0.0
     56    0.0
     57    0.0
     58    3.0
     59   11.0
     60    7.0
     61   11.0
     62    9.0
     63    3.0
     64    1.0
     65   10.0
     66   25.0
     67   24.0
     68   23.0
     69   12.0
     70   11.0
     71    T  
     72    0.0
     73    1.0
     74    4.0
     75    3.0
     76    7.0
     77    9.0
     78   12.0
     79   13.0
     80   14.0
     81    2.0
     82    5.0
     83   11.0
     84    1.0
     85    4.0
     86    6.0
     87    8.0
     88   14.0
     89   12.0
     90   15.0
     91    0.0
     92    0.0
     93    2.0
     94    4.0
     95    1.0
     96   19.0
     97    0.0
     98    0.0
     99   11.0
    100   19.0
    101    1.0
    102    4.0
    103    0.0
    104    1.0
    105    3.0
    106    5.0
    107    6.0
    108   12.0
    109   13.0
    110    2.0
    111    4.0
    112    5.0
    113    0.0
    114    0.0
    115    0.0
    116    0.0
    117    0.0
    118    0.0
    119    9.0
    120   11.0
    121    0.0
    122    0.0
    123    0.0
    124    6.0
    125    8.0
    126    3.0
    127    5.0
    128    9.0
    129    0.0
    130    0.0
    131    0.0
    132   15.0
    133    1.0
    134   13.0
    135    3.0
    136    2.0
    137    9.0
    138    0.0
    139   11.0
    140   15.0
    141    3.0
    142   14.0
    143    9.0
    144    9.0
    145    5.0
    146    9.0
    147    0.0
    148    0.0
    149    2.0
    150   14.0
    151    8.0
    152   11.0
    153    5.0
    154    4.0
    155    9.0
    156    6.0
    157    7.0
    158    5.0
    159    0.0
    160    0.0
    161    0.0
    162    0.0
    163    0.0
    164    0.0
    165   10.0
    166    3.0
    167   14.0
    168    9.0
    169   12.0
    170    9.0
    171   15.0
    172   22.0
    173   25.0
    174    5.0
    175   11.0
    176    7.0
    177   14.0
    178   31.0
    179    9.0
    180    8.0
    181    4.0
    182   12.0
    183   15.0
    184   25.0
    185   26.0
    186    7.0
    187    5.0
    188   30.0
    189    0.0
    190    0.0
    191   49.0
    192   49.0
    193   49.0
    194   49.0
    195   49.0
    196    1.0
    197    2.0
    198    0.0
    199    T  
    200    5.0
    201    7.0
    202    6.0
    203    9.0
    204    1.0
    205    7.0
    206    0.0
    207    0.0
    208    0.0
    209    0.0
    210    0.0
    211    0.0
    212    0.0
    213    0.0
    214    0.0
    215    0.0
    216    0.0
    217    1.0
    218    2.0
    219    3.0
    220    0.0
    221    0.0
    222    5.0
    223    6.0
    224    9.0
    225   11.0
    226    1.0
    227    0.0
    228    0.0
    229    0.0
    230    0.0
    231    0.0
    232    0.0
    233    0.0
    234    0.0
    235    0.0
    236    0.0
    237    0.0
    238    0.0
    239    0.0
    240    0.0
    241    0.0
    242    0.0
    243    0.0
    244    0.0
    245    0.0
    246    0.0
    247    0.0
    248    0.0
    249    0.0
    250    0.0
    251    0.0
    252    0.0
    253    0.0
    254    0.0
    255    0.0
    256    0.0
    257    0.0
    258    0.0
    259    0.0
    260    0.0
    261    1.0
    262    5.0
    263    6.0
    264    9.0
    265    3.0
    266    2.0
    267    1.0
    268    0.0
    269    0.0
    270    0.0
    271    8.0
    272    3.0
    273    5.0
    274    4.0
    275    9.0
    276   11.0
    277   15.0
    278    2.0
    279    6.0
    280    7.0
    281   17.0
    282    9.0
    283    3.0
    284    1.0
    285    0.0
    286    0.0
    287    0.0
    288    0.0
    289    0.0
    290    0.0
    291    0.0
    292    0.0
    293    0.0
    294    0.0
    295    0.0
    296    0.0
    297    0.0
    298    0.0
    299    0.0
    300    0.0
    301    0.0
    302    0.0
    303    0.0
    304    0.0
    305    0.0
    306    0.0
    307    0.0
    308    0.0
    309    0.0
    310    0.0
    311    0.0
    312    0.0
    313    0.0
    314    0.0
    315    0.0
    316    0.0
    317    0.0
    318    0.0
    319    0.0
    320    0.0
    321    0.0
    322    0.0
    323    0.0
    324    0.0
    325    0.0
    326    0.0
    327    0.0
    328    0.0
    329    0.0
    330    0.0
    331    0.0
    332    0.0
    333    0.0
    334    0.0
    335    0.0
    336    0.0
    337    0.0
    338    0.0
    339    0.0
    340    0.0
    341    0.0
    342    0.0
    343    0.0
    344    0.0
    345    0.0
    346    0.0
    347    0.0
    348    0.0
    349    0.0
    350    T  
    351    T  
    352    3.0
    353    3.0
    354    5.0
    355    7.0
    356    1.0
    357    2.0
    358    0.0
    359    0.0
    360    0.0
    361    0.0
    362    4.0
    363    1.0
    364    2.0
    365    9.0
