      1    0.0
      2    0.0
      3    0.0
      4    T  
      5    0.0
      6    0.0
      7    0.0
      8    0.0
      9    0.0
     10    0.0
     11    1.0
     12    1.0
     13    0.0
     14    0.0
     15    0.0
     16    0.0
     17    0.0
     18    0.0
     19    0.0
     20    0.0
     21    0.0
     22    0.1
     23    0.0
     24    0.0
     25    T  
     26    0.0
     27    0.2
     28    0.0
     29    0.0
     30    0.0
     31    0.0
     32    0.0
     33    0.0
     34    0.0
     35    2.0
     36    0.0
     37    0.0
     38    0.0
     39    0.0
     40    1.0
     41    1.0
     42    0.0
     43    0.0
     44    3.0
     45    T  
     46    0.0
     47    0.0
     48    0.0
     49    0.0
     50    0.0
     51    0.0
     52    0.0
     53    1.0
     54    0.0
     55    0.0
     56    3.0
     57    0.0
     58    T  
     59    0.0
     60    T  
     61    0.1
     62    0.0
     63    1.0
     64    1.0
     65    0.0
     66    0.0
     67    0.0
     68    0.0
     69    0.0
     70    T  
     71    0.0
     72    0.0
     73    0.0
     74    0.0
     75    0.0
     76    0.0
     77    0.0
     78    0.0
     79    0.0
     80    0.0
     81    0.0
     82    0.0
     83    0.0
     84    0.0
     85    2.0
     86    1.0
     87    0.0
     88    0.2
     89    T  
     90    0.0
     91    0.0
     92    0.0
     93    0.0
     94    0.0
     95    1.0
     96    2.0
     97    1.0
     98    0.0
     99    0.0
    100    T  
    101    0.0
    102    0.0
    103    0.0
    104    0.0
    105    0.0
    106    0.0
    107    0.0
    108    0.0
    109    0.0
    110    0.0
    111    0.0
    112    0.0
    113    0.0
    114    0.0
    115    T  
    116    0.0
    117    0.2
    118    0.0
    119    0.0
    120    0.0
    121    0.0
    122    1.0
    123    1.0
    124    0.0
    125    0.1
    126    T  
    127    0.0
    128    0.0
    129    0.0
    130    0.0
    131    0.0
    132    1.0
    133    T  
    134    0.0
    135    T  
    136    1.0
    137    2.0
    138    0.0
    139    0.0
    140    T  
    141    0.2
    142    0.0
    143    3.0
    144    T  
    145    0.0
    146    0.0
    147    1.0
    148    1.0
    149    T  
    150    0.2
    151    0.0
    152    T  
    153    1.0
    154    1.0
    155    0.0
    156    0.0
    157    2.0
    158    0.0
    159    T  
    160    0.0
    161    0.0
    162    1.0
    163    1.0
    164    0.0
    165    1.0
    166    2.0
    167    0.2
    168    3.0
    169    T  
    170    3.0
    171    1.0
    172   12.0
    173    3.1
    174    4.0
    175    8.0
    176    2.0
    177    1.0
    178    T  
    179    0.2
    180    0.2
    181    6.0
    182    3.0
    183    T  
    184    4.0
    185    4.0
    186    2.0
    187    3.0
    188    7.0
    189    5.0
    190    1.0
    191    0.0
    192    3.0
    193    3.0
    194    6.0
    195    2.0
    196    0.3
    197    1.0
    198    3.0
    199    1.0
    200    5.0
    201    3.0
    202    6.0
    203    2.0
    204    4.0
    205   11.0
    206    2.0
    207    3.0
    208    7.0
    209    2.0
    210    4.0
    211    1.0
    212    T  
    213    3.0
    214    0.1
    215    3.0
    216    6.0
    217    7.0
    218    4.0
    219    5.0
    220    2.0
    221    4.0
    222    1.0
    223    1.0
    224    3.0
    225    4.0
    226    9.0
    227    1.0
    228    4.0
    229    3.0
    230    7.0
    231    1.0
    232   11.0
    233    3.0
    234    T  
    235    5.0
    236    4.0
    237    2.0
    238    4.0
    239    4.0
    240    2.0
    241    7.0
    242    3.0
    243    3.0
    244    1.0
    245    0.3
    246    1.0
    247    4.0
    248    1.0
    249    1.0
    250    T  
    251    T  
    252    1.0
    253    0.0
    254    2.0
    255    T  
    256    T  
    257    0.2
    258    1.0
    259    1.0
    260    1.0
    261    T  
    262    1.0
    263    0.0
    264    0.0
    265    0.0
    266    1.0
    267    0.0
    268    0.0
    269    0.0
    270    0.0
    271    0.0
    272    T  
    273    0.0
    274    1.0
    275    1.0
    276    0.0
    277    0.0
    278    0.0
    279    0.0
    280    0.0
    281    0.0
    282    0.0
    283    0.0
    284    0.0
    285    0.0
    286    0.0
    287    0.0
    288    0.0
    289    0.0
    290    0.0
    291    0.0
    292    0.0
    293    0.0
    294    0.0
    295    0.0
    296    0.0
    297    0.0
    298    0.0
    299    0.0
    300    0.0
    301    0.0
    302    0.0
    303    0.0
    304    0.0
    305    0.0
    306    0.0
    307    0.0
    308    0.0
    309    0.0
    310    0.0
    311    0.0
    312    0.0
    313    0.0
    314    0.0
    315    0.0
    316    0.0
    317    0.0
    318    0.0
    319    0.0
    320    0.0
    321    0.0
    322    0.0
    323    0.0
    324    0.0
    325    0.0
    326    0.0
    327    0.0
    328    0.0
    329    0.0
    330    0.0
    331    0.0
    332    0.0
    333    0.0
    334    0.0
    335    0.0
    336    0.0
    337    0.0
    338    0.0
    339    0.0
    340    0.0
    341    0.0
    342    1.0
    343    0.0
    344    T  
    345    0.0
    346    0.0
    347    0.0
    348    0.0
    349    0.0
    350    0.0
    351    0.0
    352    0.2
    353    0.0
    354    0.0
    355    0.0
    356    0.0
    357    1.0
    358    0.0
    359    0.0
    360    0.0
    361    0.0
    362    0.0
    363    2.0
    364    T  
    365    0.0
