      1    0.0
      2    0.0
      3    5.5
      4    0.0
      5    0.0
      6    0.0
      7    0.0
      8    0.0
      9    0.0
     10    0.0
     11    0.0
     12    0.0
     13    0.0
     14    0.0
     15    0.0
     16    0.0
     17    0.0
     18    0.0
     19    0.0
     20    0.0
     21    0.0
     22    0.0
     23    0.0
     24    0.0
     25    0.0
     26    0.0
     27    0.0
     28    0.0
     29   17.0
     30    0.0
     31    0.0
     32    0.0
     33    0.0
     34    0.0
     35    0.0
     36    0.0
     37    0.0
     38    0.0
     39    0.0
     40    0.0
     41    0.0
     42    0.0
     43    0.0
     44    0.0
     45    0.0
     46    0.0
     47    0.0
     48    0.0
     49    0.0
     50    0.0
     51    0.0
     52    0.0
     53    0.0
     54    T  
     55    0.0
     56    0.0
     57    0.0
     58    0.0
     59    0.0
     60    0.0
     61    0.0
     62    0.0
     63    0.0
     64    0.0
     65    0.0
     66    0.0
     67    0.0
     68    0.0
     69    0.0
     70    0.0
     71    0.0
     72    0.0
     73    0.0
     74    0.0
     75    0.0
     76    0.0
     77    0.0
     78    T  
     79    T  
     80   11.0
     81    0.0
     82    0.0
     83    0.0
     84    0.0
     85    0.0
     86    0.0
     87    0.0
     88    0.0
     89    0.0
     90    0.0
     91    0.0
     92    0.0
     93    0.0
     94    0.0
     95    0.0
     96    0.0
     97    0.0
     98    0.0
     99    0.0
    100    0.0
    101    T  
    102    0.0
    103    T  
    104    0.0
    105    0.0
    106    6.5
    107    3.0
    108    0.0
    109    1.7
    110    0.0
    111    0.0
    112    0.0
    113    0.0
    114    T  
    115    0.0
    116    0.0
    117   12.0
    118   10.0
    119    T  
    120    T  
    121    0.0
    122   23.5
    123    T  
    124    7.5
    125    T  
    126    0.0
    127   23.0
    128    T  
    129    0.0
    130    0.0
    131    0.0
    132    T  
    133    3.5
    134    7.2
    135   24.0
    136    T  
    137    0.0
    138    6.8
    139    0.0
    140    4.5
    141    3.5
    142   47.9
    143   26.0
    144    0.0
    145    0.0
    146    0.0
    147    0.0
    148    0.0
    149    0.0
    150    0.0
    151    0.0
    152    0.0
    153    0.0
    154    T  
    155   39.7
    156    0.0
    157    0.0
    158    0.0
    159    0.0
    160    6.5
    161    0.0
    162    T  
    163    0.0
    164    0.0
    165    0.0
    166    7.5
    167    2.0
    168    0.0
    169    0.0
    170    0.0
    171    0.0
    172    0.0
    173    0.0
    174    0.0
    175   64.4
    176    T  
    177    4.0
    178    T  
    179    T  
    180    T  
    181    0.0
    182   11.0
    183   25.0
    184   60.4
    185  135.2
    186    4.0
    187    2.0
    188   11.0
    189    0.5
    190    T  
    191    2.5
    192    T  
    193    2.0
    194    0.0
    195    0.0
    196   14.0
    197  136.2
    198   31.0
    199    7.0
    200   85.8
    201    T  
    202    0.0
    203    T  
    204    T  
    205   44.4
    206    0.0
    207   46.4
    208    3.5
    209   12.0
    210    5.5
    211    4.0
    212    2.0
    213    4.0
    214    4.0
    215   33.0
    216   46.0
    217    0.0
    218    2.5
    219    0.0
    220    1.0
    221    3.5
    222    T  
    223   26.0
    224    T  
    225    T  
    226    1.0
    227    T  
    228    0.0
    229    T  
    230    0.0
    231    1.0
    232    0.0
    233    0.0
    234    T  
    235   36.0
    236    1.5
    237   16.0
    238   12.0
    239   17.0
    240    0.0
    241    0.0
    242    7.4
    243    T  
    244    0.0
    245    T  
    246   32.0
    247    0.0
    248    0.0
    249   22.0
    250    4.0
    251    0.0
    252    0.0
    253    0.0
    254    1.8
    255   11.0
    256    0.0
    257   32.0
    258    0.0
    259    T  
    260    6.0
    261    1.0
    262    T  
    263    0.0
    264    2.0
    265   52.4
    266    4.5
    267    0.0
    268    0.0
    269   17.0
    270    T  
    271   47.9
    272    0.0
    273    0.0
    274   10.5
    275    0.0
    276   36.0
    277    T  
    278    0.0
    279    0.0
    280    0.0
    281    0.0
    282  115.8
    283    2.0
    284    8.4
    285    T  
    286   17.0
    287   12.0
    288    0.0
    289    0.0
    290    0.0
    291    0.0
    292    0.0
    293    0.0
    294    0.0
    295    0.0
    296    T  
    297   39.0
    298    0.0
    299    0.0
    300    0.0
    301    0.0
    302    0.0
    303    0.0
    304    0.0
    305    0.0
    306    0.0
    307    0.0
    308    0.0
    309    0.0
    310    0.0
    311    0.0
    312    0.0
    313    0.0
    314    0.0
    315    0.0
    316    0.0
    317    0.0
    318    0.0
    319    0.0
    320    0.0
    321    0.0
    322    0.0
    323    0.0
    324    0.0
    325    0.0
    326    0.0
    327    0.0
    328    0.0
    329    0.0
    330    0.0
    331    0.0
    332    0.0
    333    0.0
    334    0.0
    335    0.0
    336    0.0
    337    0.0
    338    0.0
    339    0.0
    340    0.0
    341    0.0
    342    0.0
    343    0.0
    344    0.0
    345    0.0
    346    0.0
    347    0.0
    348    0.0
    349    0.0
    350    0.0
    351    0.0
    352    0.0
    353    0.0
    354    0.0
    355    0.0
    356    0.0
    357    0.0
    358    0.0
    359    0.0
    360   11.5
    361    3.4
    362    0.0
    363    0.0
    364    0.0
    365    0.0
