      1    0.0
      2    0.0
      3    0.0
      4    0.0
      5    0.0
      6    0.0
      7    0.0
      8    0.0
      9    5.0
     10    0.0
     11    0.0
     12    0.0
     13    0.0
     14    0.0
     15    0.0
     16    0.0
     17    0.0
     18    0.0
     19    0.0
     20    0.0
     21    0.0
     22    0.0
     23    0.0
     24    0.0
     25    0.0
     26    0.0
     27    0.0
     28    0.0
     29    0.0
     30    0.0
     31    0.0
     32    0.0
     33    0.0
     34    0.0
     35    0.0
     36    0.0
     37   16.0
     38    0.0
     39    0.0
     40    0.0
     41    0.0
     42    0.0
     43    0.0
     44    0.0
     45    0.0
     46    3.0
     47    0.0
     48    0.0
     49    0.0
     50    0.0
     51    0.0
     52    0.0
     53    0.0
     54    0.0
     55    6.0
     56    0.0
     57    0.0
     58    0.0
     59    0.0
     60    0.0
     61    0.0
     62    0.0
     63    0.0
     64    0.0
     65    0.0
     66    0.0
     67    0.0
     68    0.0
     69    0.0
     70    0.0
     71    0.0
     72    0.0
     73    0.0
     74    0.0
     75    0.0
     76    0.0
     77    0.0
     78    0.0
     79    0.0
     80    0.0
     81    0.0
     82    0.0
     83    0.0
     84    0.0
     85    0.0
     86    4.5
     87   37.5
     88    1.5
     89    2.0
     90    0.0
     91    0.0
     92    0.0
     93    0.0
     94    0.0
     95    0.0
     96    0.0
     97    0.0
     98    0.0
     99    0.0
    100    0.0
    101    0.0
    102    0.0
    103    0.0
    104    0.0
    105    0.0
    106    T  
    107    0.0
    108    0.0
    109    0.0
    110    0.0
    111    0.0
    112    0.0
    113    0.0
    114    0.0
    115    0.0
    116    0.0
    117    0.0
    118    0.0
    119    0.0
    120    T  
    121    0.0
    122    0.0
    123    0.0
    124    0.0
    125    0.0
    126    0.0
    127    0.0
    128    0.0
    129    0.0
    130    T  
    131    0.0
    132    0.0
    133   15.1
    134   31.5
    135    4.5
    136   17.5
    137   45.7
    138    0.2
    139    0.0
    140    4.5
    141    0.0
    142    0.0
    143    0.0
    144    0.0
    145    0.0
    146    0.0
    147    0.0
    148    0.0
    149    0.0
    150    0.0
    151    0.0
    152    0.0
    153    0.0
    154   43.0
    155    T  
    156    T  
    157   96.0
    158    5.0
    159    9.4
    160    2.5
    161   30.0
    162   29.5
    163   22.0
    164   16.5
    165   33.0
    166   14.1
    167    0.0
    168   28.5
    169   10.0
    170    9.5
    171    0.0
    172    0.0
    173    0.0
    174   28.3
    175   10.0
    176    8.5
    177    0.0
    178    0.0
    179    0.0
    180    0.0
    181    0.0
    182    0.0
    183   22.1
    184    6.5
    185   10.3
    186    0.8
    187   11.2
    188    8.6
    189    T  
    190    8.0
    191    4.5
    192   30.5
    193    5.1
    194    0.0
    195    0.0
    196    1.2
    197    0.0
    198    5.2
    199   28.5
    200    0.0
    201    0.0
    202    0.0
    203    0.0
    204    0.0
    205    0.0
    206    T  
    207    5.2
    208   40.5
    209   37.7
    210    0.0
    211    0.0
    212   84.0
    213    0.0
    214    0.0
    215    0.0
    216    0.0
    217    0.0
    218   30.1
    219    5.5
    220    0.0
    221    0.0
    222    T  
    223    1.5
    224   10.5
    225   75.1
    226    9.0
    227    7.0
    228   48.1
    229    0.0
    230   12.5
    231    7.0
    232   15.6
    233    0.0
    234    5.0
    235    T  
    236    2.4
    237    0.0
    238    1.0
    239    0.0
    240   15.5
    241    0.0
    242    0.0
    243    6.5
    244    0.0
    245    0.0
    246    0.0
    247    0.0
    248    0.0
    249    0.0
    250    0.0
    251    0.0
    252    0.0
    253    0.0
    254    0.0
    255    0.0
    256    0.0
    257    0.0
    258   20.1
    259    0.0
    260    0.0
    261   22.2
    262   17.0
    263    3.1
    264    0.0
    265    6.1
    266    0.0
    267    0.0
    268    0.0
    269    0.0
    270    0.0
    271    0.0
    272    0.0
    273    0.0
    274   65.7
    275    0.0
    276    0.0
    277    0.0
    278    0.0
    279    0.0
    280    0.0
    281    0.0
    282    0.0
    283    0.0
    284    T  
    285    0.0
    286    0.0
    287    6.5
    288    0.0
    289    0.0
    290    0.0
    291    0.0
    292    0.0
    293    0.0
    294    0.0
    295    0.0
    296    0.0
    297    0.0
    298    0.0
    299    0.0
    300    0.0
    301    0.0
    302    0.0
    303    0.0
    304    0.0
    305    0.0
    306    0.0
    307    0.0
    308    0.0
    309    0.0
    310    0.0
    311    0.0
    312    0.0
    313    0.0
    314   45.3
    315   46.5
    316    0.0
    317    0.0
    318    0.0
    319    0.0
    320    0.0
    321    0.0
    322    0.0
    323    0.0
    324    0.0
    325    0.0
    326    0.0
    327    0.0
    328    0.0
    329    0.0
    330    0.0
    331    0.0
    332    0.0
    333    0.0
    334    0.0
    335    0.0
    336    0.0
    337    0.0
    338    0.0
    339    0.0
    340    0.0
    341    0.0
    342    0.0
    343    0.0
    344    0.0
    345    0.0
    346    0.0
    347    0.0
    348    0.0
    349    0.0
    350    0.0
    351    0.0
    352    0.0
    353    0.0
    354    0.0
    355    0.0
    356    0.0
    357    0.0
    358    0.0
    359    0.0
    360   23.2
    361    0.0
    362    0.0
    363    0.0
    364    0.0
    365    0.0
