      1    0.0
      2    0.0
      3    0.0
      4    0.0
      5    0.0
      6    0.0
      7    0.0
      8    0.0
      9    0.0
     10    0.0
     11    0.0
     12    0.0
     13    0.0
     14    0.0
     15    0.0
     16    0.0
     17    0.0
     18    0.0
     19    0.0
     20    0.0
     21    0.0
     22    0.0
     23    0.0
     24    0.0
     25    0.0
     26    0.0
     27    0.0
     28    0.0
     29    0.0
     30    0.0
     31    0.0
     32    0.0
     33    0.0
     34    0.0
     35    0.0
     36    0.2
     37    0.0
     38    0.0
     39    0.0
     40    0.0
     41    0.0
     42    0.0
     43    0.0
     44    0.0
     45    0.0
     46    0.0
     47    0.0
     48    0.0
     49    0.0
     50    0.0
     51    0.0
     52    4.1
     53    0.2
     54    7.6
     55    4.6
     56    0.0
     57    0.0
     58    0.0
     59    0.0
     60    0.0
     61    0.0
     62    0.0
     63    0.0
     64    0.0
     65    0.0
     66    0.0
     67    0.0
     68    0.0
     69    0.0
     70    0.0
     71    0.0
     72    0.0
     73    0.0
     74    0.0
     75    5.1
     76   16.0
     77    1.0
     78    0.0
     79    0.0
     80    0.0
     81    0.0
     82    0.0
     83    0.0
     84    0.0
     85    6.6
     86    0.0
     87    0.0
     88    0.0
     89    0.0
     90    0.0
     91    0.0
     92    0.0
     93    0.0
     94    0.0
     95    0.0
     96    0.0
     97    0.0
     98    0.0
     99    0.0
    100    0.0
    101    0.0
    102    0.0
    103    0.0
    104    0.0
    105    0.0
    106    0.0
    107    0.0
    108    0.0
    109    0.2
    110    0.0
    111    0.0
    112    8.9
    113    1.5
    114    4.8
    115    0.0
    116   27.4
    117    0.0
    118    3.6
    119    0.0
    120    0.0
    121    0.0
    122    0.0
    123    0.0
    124    3.1
    125    0.0
    126    0.0
    127    0.0
    128    9.1
    129    0.0
    130    6.6
    131    2.8
    132    0.0
    133    0.0
    134    0.0
    135    6.4
    136    0.0
    137   10.9
    138    0.0
    139    0.0
    140    2.5
    141    0.0
    142    7.1
    143    0.0
    144    0.0
    145   16.2
    146    2.5
    147    0.0
    148    0.0
    149    0.0
    150    0.0
    151   14.0
    152    0.0
    153    4.1
    154    0.0
    155    0.0
    156    6.4
    157    0.8
    158   11.2
    159    0.0
    160    0.0
    161    0.0
    162    0.0
    163    0.0
    164    0.0
    165    0.0
    166    0.0
    167    0.0
    168    0.0
    169    0.0
    170    6.4
    171    1.0
    172    3.1
    173    0.0
    174    1.5
    175    0.0
    176    0.0
    177    0.0
    178    2.8
    179    1.0
    180    0.0
    181    3.6
    182   14.0
    183   33.8
    184    7.1
    185   19.3
    186    6.6
    187    0.0
    188    0.0
    189    0.0
    190    3.6
    191   10.2
    192    5.1
    193    1.0
    194   11.9
    195   67.3
    196    2.3
    197    0.0
    198    2.5
    199    0.0
    200    2.0
    201   32.5
    202    4.1
    203   21.1
    204    0.5
    205    0.5
    206    0.0
    207    0.0
    208    0.0
    209    0.0
    210    1.5
    211    0.0
    212    2.8
    213    2.8
    214    0.0
    215    0.0
    216    3.8
    217    1.0
    218    3.6
    219    0.0
    220   25.9
    221   45.7
    222    0.0
    223    0.0
    224    0.0
    225   19.3
    226    3.1
    227    0.0
    228    0.0
    229   10.9
    230    0.0
    231   12.7
    232    1.3
    233    0.0
    234    0.0
    235   17.3
    236   10.7
    237    4.1
    238   43.2
    239    0.2
    240   86.6
    241    6.8
    242    0.0
    243    0.0
    244    0.0
    245    3.8
    246    0.0
    247    0.2
    248    2.5
    249    3.6
    250    1.5
    251    1.8
    252    0.0
    253    1.8
    254    0.0
    255   61.1
    256    0.0
    257    0.0
    258    0.0
    259    0.2
    260    4.6
    261    0.0
    262    0.0
    263  103.6
    264    2.3
    265    3.6
    266    5.8
    267   26.4
    268   30.0
    269    2.5
    270    0.5
    271   83.6
    272    0.0
    273    0.0
    274    0.0
    275    0.0
    276    0.0
    277    0.0
    278    0.0
    279    0.0
    280    0.0
    281    0.0
    282    0.0
    283   27.7
    284    0.0
    285    0.0
    286    0.0
    287    0.0
    288    0.0
    289    0.0
    290    0.0
    291    0.0
    292    0.0
    293    0.0
    294    0.0
    295    0.0
    296    0.0
    297    0.0
    298    0.0
    299    0.0
    300    0.0
    301    0.0
    302    0.0
    303    0.0
    304    0.0
    305    0.0
    306    0.0
    307    0.0
    308    0.0
    309    0.0
    310    0.0
    311    0.0
    312    0.0
    313    0.0
    314    0.0
    315    0.0
    316    0.0
    317    0.0
    318    0.0
    319    0.0
    320    0.0
    321    0.0
    322    0.0
    323    0.0
    324    0.0
    325    0.0
    326    0.0
    327    0.0
    328    0.0
    329    0.0
    330    0.0
    331    0.0
    332    0.0
    333    0.0
    334    0.0
    335    0.0
    336    0.0
    337    0.0
    338    0.0
    339    0.0
    340    0.0
    341    0.0
    342    0.0
    343    0.0
    344    0.0
    345    0.0
    346    0.0
    347    0.0
    348    0.0
    349    0.0
    350    0.0
    351    0.0
    352    0.0
    353    0.0
    354    0.0
    355    0.0
    356    0.0
    357    0.0
    358    0.0
    359    0.0
    360    0.0
    361    0.0
    362    0.0
    363    0.0
    364    0.0
    365    0.0
    366    0.0
