      1    0.0
      2    0.0
      3    0.0
      4    0.0
      5    0.0
      6    0.0
      7    0.0
      8    0.0
      9    0.0
     10    0.0
     11    0.0
     12    0.0
     13    0.0
     14    0.0
     15    0.0
     16   18.0
     17   11.8
     18    0.0
     19    0.0
     20    0.0
     21    0.0
     22    0.0
     23    0.0
     24    0.0
     25    0.0
     26    0.0
     27    0.0
     28    0.0
     29    0.0
     30    0.0
     31    0.0
     32    0.0
     33    9.0
     34    0.0
     35    6.6
     36    0.0
     37    0.0
     38    0.0
     39    0.0
     40    5.0
     41    2.3
     42    0.0
     43    0.0
     44    0.0
     45    0.0
     46    0.0
     47    0.0
     48    0.0
     49    0.0
     50    0.0
     51    0.0
     52    0.0
     53    0.2
     54    0.0
     55    0.0
     56    0.0
     57    0.1
     58    0.0
     59    0.0
     60    0.0
     61    0.0
     62    0.0
     63    0.0
     64    0.0
     65    0.0
     66    0.0
     67    0.0
     68    0.0
     69    0.0
     70    0.0
     71    0.0
     72    0.0
     73    0.0
     74    6.0
     75    0.0
     76    0.0
     77    0.0
     78    0.0
     79    0.0
     80    0.0
     81    3.5
     82    0.4
     83    9.0
     84    8.0
     85   20.0
     86    0.0
     87    4.0
     88    0.0
     89    0.0
     90    0.0
     91    0.0
     92    0.0
     93    1.7
     94    0.0
     95    2.0
     96    0.0
     97    0.0
     98    0.0
     99    0.0
    100    0.0
    101    0.0
    102    0.0
    103    0.0
    104    0.0
    105    0.0
    106    0.0
    107    0.0
    108    0.0
    109    0.0
    110    0.0
    111   25.8
    112    0.0
    113    0.0
    114    0.0
    115    0.0
    116    0.0
    117    0.0
    118    1.6
    119    0.0
    120   18.0
    121    0.0
    122   18.0
    123    0.0
    124    0.0
    125   10.2
    126    0.0
    127   20.7
    128    1.7
    129    2.8
    130   27.8
    131    1.4
    132    0.0
    133    0.0
    134    0.0
    135    0.0
    136    9.3
    137    8.2
    138    1.5
    139    2.3
    140    0.5
    141    0.0
    142   37.5
    143   22.3
    144   10.1
    145   16.4
    146    0.0
    147    2.5
    148    1.5
    149   26.0
    150   11.8
    151    7.2
    152   10.8
    153    1.0
    154    2.3
    155    3.6
    156   10.0
    157    0.0
    158    1.8
    159   29.2
    160    0.0
    161   51.7
    162    7.0
    163    1.6
    164    0.5
    165    0.3
    166    0.0
    167    5.2
    168    0.0
    169   12.3
    170    8.5
    171    3.9
    172    4.5
    173    4.8
    174    3.0
    175    9.3
    176   31.5
    177    0.0
    178   41.2
    179    0.9
    180    0.0
    181    3.4
    182    1.0
    183   10.5
    184    6.6
    185    0.5
    186    1.3
    187    7.2
    188    0.0
    189   25.2
    190   36.5
    191    0.4
    192    6.7
    193    9.8
    194    5.0
    195    4.1
    196    0.0
    197    1.7
    198    0.8
    199    1.2
    200   16.1
    201   10.7
    202    0.0
    203    4.0
    204    3.8
    205   21.1
    206    0.0
    207    0.0
    208   24.0
    209    0.0
    210    8.2
    211   31.5
    212    5.5
    213    0.0
    214    0.0
    215   27.8
    216   32.2
    217    3.8
    218   13.9
    219    7.8
    220    0.6
    221   46.5
    222   11.2
    223    5.5
    224    3.8
    225    1.0
    226   27.2
    227   23.5
    228    0.9
    229    0.8
    230    6.1
    231    0.3
    232    0.0
    233   40.2
    234    6.6
    235    5.6
    236   22.4
    237    4.8
    238    0.0
    239   15.5
    240    3.5
    241   14.2
    242    0.0
    243    0.0
    244   21.7
    245    6.5
    246    4.0
    247    7.8
    248    0.0
    249    0.0
    250    0.0
    251    0.0
    252   36.3
    253    4.5
    254    3.4
    255    0.0
    256   56.3
    257    9.0
    258    1.6
    259    0.0
    260   16.2
    261    1.8
    262    0.4
    263    0.0
    264    2.8
    265    0.0
    266    0.0
    267    0.0
    268    0.0
    269   17.3
    270    1.4
    271    0.2
    272    0.0
    273    0.0
    274    0.0
    275    2.1
    276    0.0
    277    0.0
    278    0.0
    279    0.0
    280    0.0
    281    0.0
    282    0.0
    283    0.0
    284    0.0
    285    0.0
    286    0.0
    287    0.0
    288    0.0
    289    0.0
    290    0.0
    291    0.0
    292    0.0
    293    0.0
    294    0.0
    295    0.0
    296    0.0
    297    0.0
    298    0.0
    299    0.0
    300    0.0
    301    0.0
    302    0.0
    303    0.0
    304    0.0
    305    0.0
    306    0.0
    307    0.0
    308    0.0
    309    0.0
    310    0.0
    311    0.0
    312    0.0
    313    0.0
    314    0.0
    315    0.0
    316    0.0
    317    0.0
    318    0.0
    319    0.0
    320    0.0
    321    0.0
    322    0.0
    323    0.0
    324    0.0
    325    0.0
    326    0.0
    327    0.0
    328    0.0
    329    0.0
    330    0.0
    331    0.0
    332    0.0
    333    6.5
    334    4.2
    335    0.0
    336    0.0
    337    0.0
    338    0.0
    339    0.0
    340    0.0
    341    0.0
    342    0.0
    343    0.0
    344    0.0
    345    0.0
    346    0.0
    347    0.0
    348    0.0
    349    0.0
    350    0.0
    351    0.0
    352    0.0
    353    0.0
    354    1.5
    355    0.0
    356    0.0
    357    0.0
    358    0.0
    359    0.0
    360    0.0
    361    0.0
    362    0.0
    363    0.0
    364    0.0
    365    0.0
