      1    0.0
      2    0.0
      3    0.0
      4    0.0
      5    0.0
      6    0.0
      7    0.0
      8    0.0
      9    0.0
     10    0.0
     11    0.0
     12    0.0
     13    0.0
     14    0.0
     15    0.0
     16    3.5
     17   12.5
     18    2.0
     19    0.0
     20    3.0
     21    2.0
     22    0.0
     23    0.0
     24    0.0
     25    0.0
     26    0.0
     27    1.0
     28   10.0
     29    3.0
     30    0.0
     31    0.0
     32    0.0
     33    0.0
     34    0.0
     35    0.0
     36    0.0
     37    0.0
     38    0.0
     39    0.0
     40    0.0
     41    0.0
     42    0.0
     43    2.0
     44    0.0
     45    0.0
     46    0.0
     47    0.0
     48    0.0
     49    0.0
     50    0.0
     51    0.0
     52    0.0
     53    0.0
     54    0.0
     55    0.0
     56    1.0
     57    0.5
     58    2.5
     59    0.0
     60    0.0
     61    0.0
     62    0.0
     63    0.0
     64    0.0
     65    0.0
     66    0.0
     67    0.0
     68    0.0
     69    0.0
     70    0.0
     71    0.0
     72    0.0
     73    0.0
     74    0.0
     75    0.0
     76    0.0
     77    0.0
     78    0.0
     79    0.0
     80    0.0
     81    0.8
     82    0.0
     83    0.0
     84    0.5
     85    0.0
     86    0.0
     87   15.5
     88    3.0
     89    0.0
     90    4.0
     91   66.7
     92    2.0
     93    0.5
     94    0.0
     95    0.0
     96    0.0
     97    0.0
     98    0.0
     99    0.0
    100    8.0
    101    3.0
    102    1.0
    103    0.0
    104    0.0
    105    0.0
    106    0.0
    107    1.0
    108    0.0
    109    0.0
    110    5.0
    111    0.0
    112   21.0
    113    0.0
    114    1.0
    115    5.0
    116    0.0
    117    5.0
    118    7.0
    119    0.5
    120    2.5
    121   16.5
    122   17.0
    123   13.0
    124    0.5
    125   13.0
    126   28.5
    127    0.0
    128    0.0
    129    1.0
    130   15.5
    131    0.0
    132    0.0
    133    0.0
    134    5.5
    135    0.5
    136   10.0
    137    1.5
    138    7.5
    139   14.0
    140    0.0
    141    0.0
    142    0.0
    143   13.0
    144    0.0
    145    0.0
    146   23.5
    147   14.5
    148    1.0
    149    5.0
    150    0.0
    151    0.0
    152    3.5
    153    1.0
    154    0.0
    155    1.0
    156    4.5
    157   33.5
    158    4.5
    159   17.5
    160    4.5
    161   16.5
    162    1.0
    163    4.5
    164    2.5
    165    0.0
    166   32.5
    167   19.0
    168    1.0
    169   33.5
    170    6.0
    171    0.0
    172    0.5
    173    2.0
    174    1.0
    175    0.0
    176    2.0
    177    0.0
    178    1.0
    179    0.0
    180    0.0
    181    0.0
    182   36.0
    183    8.0
    184    5.0
    185    0.0
    186    5.0
    187    8.5
    188   15.0
    189   21.0
    190    9.0
    191   24.0
    192   28.0
    193    8.0
    194    8.5
    195    0.0
    196    0.0
    197    0.0
    198    0.0
    199   15.0
    200    0.0
    201   11.0
    202   33.0
    203   63.0
    204   25.5
    205    3.0
    206   21.0
    207   46.0
    208   47.0
    209   32.0
    210   38.5
    211    7.0
    212   13.0
    213    0.0
    214    1.5
    215   51.0
    216   11.0
    217   12.0
    218   52.0
    219    8.5
    220   29.5
    221    1.5
    222    7.5
    223   28.5
    224   20.5
    225   10.0
    226    0.0
    227    0.0
    228    8.0
    229    7.0
    230    1.5
    231    1.5
    232   69.0
    233   43.0
    234   11.5
    235    3.0
    236    8.0
    237    0.5
    238    2.0
    239    2.0
    240    1.5
    241   14.5
    242   13.0
    243    0.5
    244    1.5
    245    0.0
    246    6.0
    247    7.5
    248    5.0
    249    1.0
    250    0.0
    251    1.0
    252    0.0
    253    1.0
    254    1.0
    255    0.0
    256    0.0
    257    0.0
    258    0.0
    259    3.0
    260    0.5
    261    0.0
    262    1.5
    263    0.0
    264    0.0
    265    8.0
    266    0.0
    267   26.0
    268    3.5
    269   13.0
    270    2.0
    271    1.0
    272   10.5
    273    0.0
    274    2.5
    275    0.0
    276    0.0
    277    0.0
    278    0.0
    279    0.0
    280    0.0
    281    8.0
    282    4.0
    283    0.0
    284    0.0
    285   31.0
    286    0.0
    287    0.0
    288    0.0
    289    0.0
    290    0.0
    291    1.5
    292    1.5
    293    0.0
    294    0.0
    295    0.0
    296    0.0
    297    0.0
    298    0.0
    299    0.0
    300    0.0
    301    0.0
    302    0.0
    303    0.0
    304    0.0
    305    0.0
    306    0.0
    307    0.0
    308    0.0
    309    0.0
    310    0.0
    311    0.0
    312    0.0
    313    0.0
    314    0.0
    315    0.0
    316    0.0
    317    0.0
    318    0.0
    319    0.0
    320    0.0
    321    0.0
    322    0.0
    323    0.0
    324    0.0
    325    0.0
    326    0.0
    327    0.0
    328    0.0
    329    0.0
    330    0.0
    331    0.0
    332    0.0
    333    0.0
    334    0.0
    335    0.0
    336    0.0
    337    0.0
    338    0.0
    339    0.0
    340    0.0
    341    0.0
    342    0.0
    343    0.0
    344    0.0
    345    0.0
    346    0.0
    347    0.0
    348    0.0
    349    0.0
    350    0.0
    351    0.0
    352    0.0
    353    0.0
    354    0.0
    355    0.0
    356    0.0
    357    0.0
    358    0.0
    359    0.0
    360    0.0
    361    0.0
    362    0.0
    363    0.0
    364    0.0
    365    0.0
