      1    0.5
      2    0.0
      3    0.0
      4    0.0
      5    0.0
      6    0.0
      7    0.0
      8    0.0
      9    0.0
     10    0.0
     11    0.0
     12    0.0
     13    0.0
     14    0.0
     15    0.0
     16    0.0
     17    9.5
     18    0.0
     19    0.0
     20    1.5
     21    0.0
     22    0.0
     23    0.0
     24    0.0
     25    0.0
     26    0.0
     27    0.0
     28    0.0
     29    0.0
     30    0.0
     31    0.0
     32    0.0
     33    0.0
     34    0.0
     35    0.0
     36    0.0
     37    0.0
     38    0.0
     39    0.0
     40    0.0
     41    0.0
     42    0.0
     43    0.0
     44    0.0
     45    0.0
     46    0.0
     47    0.0
     48   18.0
     49    0.0
     50    0.0
     51    0.0
     52    0.0
     53    0.0
     54    0.0
     55    0.0
     56    0.0
     57    4.0
     58    0.0
     59    0.0
     60    0.0
     61    0.0
     62    0.0
     63    0.0
     64    0.0
     65    0.0
     66    0.0
     67    0.0
     68    0.0
     69    0.0
     70    0.0
     71    0.0
     72    0.0
     73    0.0
     74    0.0
     75    0.0
     76    0.0
     77    0.0
     78    0.0
     79    0.0
     80    0.0
     81    0.0
     82    0.0
     83    0.0
     84    0.0
     85    0.0
     86    3.0
     87    0.5
     88    1.6
     89    2.2
     90    4.4
     91   34.8
     92    0.0
     93    0.0
     94   16.7
     95    0.0
     96    0.0
     97    0.0
     98    0.0
     99    0.0
    100    0.0
    101   12.6
    102    0.0
    103    1.6
    104    0.0
    105    5.8
    106    0.0
    107    2.0
    108    0.6
    109    2.7
    110    0.0
    111    0.0
    112    0.0
    113    0.0
    114    0.0
    115    2.5
    116    0.0
    117    0.0
    118    0.0
    119    0.0
    120    0.0
    121   12.6
    122    1.0
    123   13.0
    124    1.2
    125    0.0
    126    0.0
    127    0.0
    128    0.0
    129    0.0
    130    2.8
    131    0.0
    132   11.0
    133    1.8
    134    5.8
    135   19.0
    136    0.0
    137    2.0
    138    0.6
    139    2.7
    140    0.0
    141   10.0
    142    0.0
    143    1.2
    144    0.0
    145    0.0
    146    0.0
    147    0.0
    148    0.0
    149    0.0
    150    0.0
    151    8.0
    152    0.0
    153    0.0
    154    1.6
    155    0.0
    156    0.0
    157    5.5
    158    0.0
    159    1.5
    160    0.0
    161    1.8
    162   15.0
    163    5.0
    164    5.0
    165    0.0
    166   17.7
    167   16.0
    168   26.7
    169    2.6
    170    5.5
    171    2.6
    172    1.2
    173    3.0
    174    0.0
    175   26.8
    176    5.0
    177    8.8
    178   15.8
    179   11.0
    180   16.0
    181    9.0
    182   17.5
    183    2.6
    184    6.0
    185   10.6
    186   14.0
    187    0.5
    188    0.0
    189    0.0
    190    0.0
    191   10.0
    192    3.8
    193    0.7
    194   15.4
    195    5.4
    196    9.5
    197    0.0
    198    0.0
    199    0.0
    200   18.2
    201   12.5
    202    0.0
    203   17.4
    204    7.7
    205    0.0
    206    1.5
    207    6.4
    208    1.2
    209    1.0
    210    9.4
    211   11.4
    212   40.4
    213    3.0
    214   11.5
    215    4.5
    216    2.6
    217   22.5
    218   22.3
    219   26.4
    220    0.8
    221    0.0
    222    0.0
    223    0.0
    224    1.7
    225    3.8
    226   19.2
    227    4.8
    228   12.6
    229    8.0
    230   23.7
    231    4.4
    232   26.7
    233    0.0
    234    4.5
    235    9.4
    236   32.2
    237    8.0
    238    9.0
    239   11.0
    240    9.5
    241    5.4
    242    0.8
    243    4.8
    244    8.2
    245   18.0
    246   16.0
    247   12.5
    248    9.0
    249   23.0
    250   22.0
    251    3.0
    252    2.5
    253    0.0
    254    0.0
    255    0.0
    256    0.0
    257   14.0
    258   48.0
    259   26.0
    260   13.2
    261   17.0
    262    6.5
    263    1.0
    264    1.2
    265   19.0
    266   11.5
    267    2.2
    268    4.0
    269   53.0
    270    5.2
    271    0.0
    272    0.0
    273    0.0
    274    0.0
    275    0.0
    276    4.0
    277    0.0
    278    0.8
    279    0.0
    280    0.0
    281    0.0
    282    0.0
    283    0.0
    284    0.0
    285    0.0
    286    0.0
    287    0.0
    288    0.0
    289    0.0
    290    0.0
    291    0.0
    292    0.5
    293    2.6
    294   16.6
    295    1.6
    296    0.0
    297    0.0
    298    0.0
    299    0.0
    300    1.0
    301    0.0
    302    0.0
    303    0.0
    304    0.0
    305    0.5
    306    0.0
    307    7.5
    308    0.5
    309    3.2
    310    4.0
    311    5.6
    312    0.0
    313    0.0
    314    0.0
    315    0.0
    316    0.0
    317    0.0
    318    0.0
    319    0.6
    320    0.5
    321    1.8
    322    0.0
    323    0.0
    324    0.0
    325    0.0
    326    0.0
    327    0.0
    328    0.0
    329    0.0
    330    0.0
    331    0.0
    332    0.0
    333    0.0
    334    0.0
    335    0.0
    336    0.0
    337    0.0
    338    2.0
    339    1.6
    340    0.0
    341    0.0
    342    0.0
    343    0.0
    344    0.0
    345    0.0
    346    0.0
    347    0.0
    348    0.0
    349    0.0
    350    0.0
    351    0.0
    352    0.0
    353    0.0
    354    0.0
    355    0.0
    356    0.0
    357    0.0
    358    0.0
    359    0.0
    360    0.0
    361    0.0
    362    0.0
    363    0.0
    364    0.0
    365    0.0
