2005          Temperature for DHUNCHE                 
        Tmax  Tmin
     1  19.0   6.0 
     2  18.5   8.0 
     3  19.5  10.5 
     4  19.5   5.0 
     5  19.0   5.0 
     6  19.5   5.0 
     7  19.0   3.2 
     8  15.5   2.0 
     9  15.0   3.0 
    10  14.0   1.5 
    11  13.5   1.0 
    12  15.0   0.5 
    13  12.5   1.0 
    14  14.0   1.0 
    15  15.0   2.0 
    16  11.0   1.5 
    17  15.0   2.0 
    18  12.0   2.5 
    19  16.0   1.0 
    20  11.5  -1.9 
    21  14.5   2.0 
    22  14.0   0.5 
    23  10.0  -1.9 
    24  13.5   0.5 
    25  11.5   2.5 
    26  16.0   2.0 
    27  15.0   2.0 
    28  17.0   1.5 
    29  14.5   2.0 
    30  15.0   3.5 
    31  14.0   3.5 
    32  14.0   3.5 
    33  13.5   2.0 
    34  15.0   3.0 
    35  16.0   3.5 
    36  14.0   3.0 
    37  15.0   3.5 
    38  14.0   3.0 
    39  16.0   4.5 
    40  17.0   4.0 
    41  20.0   4.5 
    42  19.0   7.0 
    43  21.0   6.0 
    44  18.0   5.0 
    45  16.0   4.5 
    46  19.0   5.5 
    47  17.0   5.0 
    48  16.0   4.0 
    49  14.0   5.0 
    50  16.0   5.5 
    51  18.0   5.5 
    52  17.0   6.0 
    53  21.5   8.0 
    54  15.5   4.0 
    55  16.0   6.0 
    56  19.0   7.0 
    57  19.0   7.5 
    58  20.0   8.0 
    59  18.5   6.5 
    60  19.5   8.5 
    61  20.0   9.5 
    62  21.0   7.5 
    63  20.5  10.0 
    64  19.5   9.5 
    65  22.0   9.0 
    66  21.0   9.5 
    67  22.0  10.5 
    68  16.0   9.0 
    69  20.5   9.0 
    70  22.0   6.0 
    71  21.0   8.5 
    72  19.0   6.0 
    73  21.0   9.5 
    74  22.0   8.5 
    75  21.0   9.5 
    76  20.0  11.0 
    77  20.0  11.0 
    78  20.5  10.5 
    79  21.5  10.0 
    80  21.0   8.5 
    81  20.0   9.5 
    82  21.5   6.0 
    83  16.5   6.5 
    84  22.0  12.0 
    85  19.5   4.5 
    86  16.5   6.5 
    87  19.5  11.5 
    88  21.0   9.5 
    89  24.5  11.5 
    90  21.5   7.5 
    91  20.0  11.0 
    92  21.5   8.0 
    93  20.5  10.0 
    94  23.0   9.5 
    95  22.0  10.0 
    96  22.0  11.0 
    97  24.5  12.0 
    98  20.5   8.0 
    99  25.0  13.5 
   100  25.0   9.5 
   101  24.0  11.5 
   102  25.0  13.0 
   103  25.0  10.5 
   104  24.0  11.5 
   105  24.0  10.0 
   106  24.0  13.0 
   107  24.0  14.0 
   108  26.0  13.0 
   109  24.0  12.0 
   110  25.0  12.0 
   111  25.0  16.0 
   112  24.5  16.5 
   113  25.0  11.5 
   114  24.0  13.0 
   115  25.0  12.0 
   116  20.0  11.5 
   117  17.5   9.0 
   118  22.5   9.5 
   119  21.0  10.0 
   120  24.0  15.5 
   121  20.5  11.0 
   122  20.0   9.5 
   123  20.0  10.5 
   124  20.5  11.0 
   125  20.5  11.0 
   126  20.0  11.0 
   127  19.0  10.0 
   128  21.5  13.0 
   129  22.0  13.0 
   130  22.0  12.5 
   131  24.0  10.5 
   132  22.0  12.0 
   133  24.0  13.0 
   134  25.0  12.0 
   135  26.0  11.0 
   136  26.0  13.0 
   137  25.0  13.0 
   138  25.0  13.5 
   139  25.0  12.0 
   140  25.0  11.5 
   141  26.0  13.0 
   142  25.0  12.5 
   143  26.0  13.0 
   144  25.0  13.5 
   145  25.0  14.0 
   146  27.5  15.0 
   147  27.5  15.5 
   148  27.5  14.0 
   149  28.0  16.0 
   150  29.0  16.0 
   151  26.5  15.5 
   152  28.5  16.5 
   153  31.5  15.0 
   154  29.5  15.5 
   155  24.0  17.0 
   156  25.5  16.0 
   157  28.0  15.0 
   158  28.0  16.0 
   159  27.5  15.5 
   160  24.5  14.5 
   161  27.5  15.0 
   162  29.0  15.5 
   163  27.0  17.0 
   164  29.0  16.5 
   165  25.0  15.5 
   166  26.0  16.5 
   167  26.0  17.0 
   168  26.5  17.5 
   169  26.5  17.0 
   170  29.5  16.0 
   171  29.5  17.0 
   172  25.5  16.0 
   173  26.0  16.5 
   174  26.0  16.0 
   175  26.0  16.5 
   176  27.0  16.0 
   177  24.0  18.0 
   178  26.0  16.0 
   179  24.0  17.0 
   180  26.0  17.0 
   181  25.0  17.0 
   182  25.0  17.5 
   183  25.0  17.5 
   184  26.0  16.5 
   185  25.0  16.5 
   186  25.0  16.0 
   187  23.0  16.0 
   188  26.0  16.0 
   189  24.5  15.5 
   190  24.0  16.0 
   191  25.0  17.0 
   192  26.0  16.0 
   193  26.5  17.0 
   194  25.0  15.0 
   195  23.0  17.0 
   196  22.0  16.5 
   197  22.5  16.0 
   198  22.0  16.5 
   199  24.5  16.0 
   200  25.0  16.5 
   201  25.0  16.5 
   202  23.5  17.0 
   203  23.0  17.5 
   204  24.5  17.5 
   205  27.5  17.5 
   206  25.0  17.0 
   207  24.5  16.5 
   208  25.0  16.8 
   209  25.5  17.0 
   210  27.5  17.5 
   211  26.0  17.5 
   212  25.0  17.5 
   213  25.0  17.5 
   214  26.5  18.0 
   215  27.5  18.0 
   216  27.0  18.0 
   217  23.0  18.0 
   218  23.0  17.0 
   219  20.5  16.0 
   220  23.0  16.0 
   221  27.0  16.5 
   222  26.0  16.5 
   223  26.0  17.0 
   224  24.0  17.0 
   225  24.0  17.5 
   226  25.0  18.0 
   227  25.0  17.5 
   228  24.5  16.5 
   229  24.0  16.5 
   230  25.0  17.0 
   231  25.5  16.5 
   232  25.0  17.0 
   233  25.0  17.0 
   234  25.0  16.0 
   235  23.0  16.5 
   236  23.0  17.5 
   237  23.0  15.0 
   238  23.5  16.0 
   239  24.0  16.0 
   240  23.0  16.0 
   241  24.5  15.0 
   242  25.0  16.5 
   243  25.0  17.0 
   244  24.0  18.0 
   245  24.5  18.5 
   246  24.0  17.0 
   247  23.0  16.0 
   248  23.0  15.0 
   249  23.0  16.5 
   250  26.0  15.5 
   251  25.0  17.5 
   252  26.0  17.5 
   253  25.5  15.0 
   254  25.0  17.5 
   255  25.5  17.5 
   256  26.0  18.0 
   257  26.0  16.5 
   258  20.5  16.0 
   259  25.0  15.6 
   260  25.0  16.5 
   261  25.0  16.0 
   262  26.5  15.0 
   263  27.0  16.5 
   264  24.0  15.5 
   265  22.5  15.5 
   266  24.0  15.5 
   267  24.5  14.5 
   268  24.5  15.0 
   269  25.5  14.5 
   270  23.0  14.5 
   271  24.0  14.0 
   272  24.0  14.0 
   273   DNA   DNA 
   274  24.5  14.0 
   275  26.0  13.0 
   276  26.0  14.0 
   277  23.5  14.0 
   278  25.5  15.0 
   279  23.0  12.0 
   280  23.5  14.0 
   281  24.0  12.0 
   282  24.0  12.0 
   283  24.0  13.0 
   284  25.0  12.0 
   285  23.5  13.0 
   286  25.0  11.5 
   287  24.0  14.0 
   288  23.0  15.0 
   289  22.5  10.0 
   290  23.5  10.0 
   291  23.5  12.0 
   292  24.0  12.5 
   293  19.0  10.5 
   294  17.5   9.0 
   295  20.0   9.5 
   296  23.0   9.5 
   297  22.5  10.0 
   298  22.5   8.0 
   299  19.0  10.5 
   300  20.0   8.5 
   301  23.0  10.5 
   302  23.0  10.0 
   303  20.0   9.5 
   304  21.5   7.5 
   305  21.5   7.0 
   306  20.0   7.6 
   307  20.0   7.0 
   308  20.0   8.5 
   309  21.0   8.0 
   310  20.5   7.0 
   311  20.5   7.5 
   312  21.0   5.0 
   313  21.0  10.0 
   314  21.0   7.5 
   315  20.0   7.0 
   316  20.0   6.5 
   317  21.0   7.5 
   318  20.0   7.0 
   319  19.0   6.5 
   320  19.5   7.5 
   321  18.5   6.0 
   322  18.5   8.5 
   323  17.5   8.5 
   324  18.5   6.5 
   325  18.5   6.0 
   326  17.5   6.5 
   327  18.5   6.0 
   328  18.0   5.5 
   329  18.5   5.0 
   330  17.5   5.5 
   331  15.5   4.5 
   332  16.0   6.0 
   333  14.5   5.5 
   334  14.0   4.5 
   335  19.0   5.0 
   336  19.0   4.5 
   337  19.5   5.5 
   338  19.5   4.5 
   339  19.0   3.5 
   340  18.0   3.5 
   341  19.0   4.5 
   342  18.5   4.0 
   343  18.0   3.5 
   344  18.5   3.0 
   345  17.0   3.0 
   346  16.0   3.5 
   347  18.5   5.5 
   348  19.0   5.0 
   349  19.5   5.0 
   350  19.0   4.5 
   351  19.0   4.0 
   352  18.0   4.0 
   353  17.0   4.0 
   354  17.0   4.5 
   355  16.0   3.5 
   356  16.0   4.5 
   357  17.0   4.0 
   358  15.5   4.5 
   359  18.0   3.0 
   360  19.0   4.0 
   361  18.0   4.0 
   362  18.5   4.0 
   363  15.5   4.0 
   364  14.5   2.0 
   365  14.5   2.5 
