2009          Temperature for DHUNCHE                 
        Tmax  Tmin
     1  11.0  -1.9 
     2  11.0  -1.9 
     3  11.5  -1.9 
     4  11.5   0.5 
     5  11.0   0.5 
     6  11.5   0.0 
     7  13.0   0.0 
     8  13.0   1.0 
     9  13.0  -1.9 
    10  13.5  -1.9 
    11  13.0   2.0 
    12  14.0   2.0 
    13  14.0   3.0 
    14  15.0   4.0 
    15  15.0   4.0 
    16  15.0   4.0 
    17  15.0   1.0 
    18  15.0   4.0 
    19  15.0   4.0 
    20  19.0   4.0 
    21  14.0   2.5 
    22  15.0   2.0 
    23  15.5   2.5 
    24  16.5   3.0 
    25  15.0   5.0 
    26  15.0   6.0 
    27  15.5   5.0 
    28  18.0   3.0 
    29  19.0   3.0 
    30  17.0   3.0 
    31  15.0   3.0 
    32  16.0   1.0 
    33  14.0   1.0 
    34  14.0   1.0 
    35  15.0   1.0 
    36  15.0   2.0 
    37  16.0   3.0 
    38  16.0   3.5 
    39  15.5   3.5 
    40  14.0   4.0 
    41  10.5   3.5 
    42  15.0   2.0 
    43  17.5   3.0 
    44  17.5   4.0 
    45  19.0   4.0 
    46  18.5   4.5 
    47  17.5   4.5 
    48  17.5   4.5 
    49  19.0   4.5 
    50  19.0   5.0 
    51  19.0   5.0 
    52  17.0   4.5 
    53  17.5   4.0 
    54  17.5   7.0 
    55  17.5   7.0 
    56  17.0   6.5 
    57  16.5   6.5 
    58  16.5   6.0 
    59  15.0   5.0 
    60  15.0   4.5 
    61  14.0   5.0 
    62  17.0   6.0 
    63  17.0   7.0 
    64  17.0   8.0 
    65  20.0   9.0 
    66  21.5   9.0 
    67  20.0   9.0 
    68  19.5  11.0 
    69  21.0   9.0 
    70  21.0   7.5 
    71  24.0   8.0 
    72  21.0   8.5 
    73  21.0  10.5 
    74  19.0  10.5 
    75  18.5  10.0 
    76  17.5   6.5 
    77  19.0   8.0 
    78  19.0   7.5 
    79  16.0   9.0 
    80  18.0   6.0 
    81  17.0   7.5 
    82  17.0   7.5 
    83  18.0   7.0 
    84  17.5  10.5 
    85  17.0   6.0 
    86  16.0   5.0 
    87  16.5   8.5 
    88  18.0   9.5 
    89  17.0   7.5 
    90  17.0   8.0 
    91  17.5   7.0 
    92  19.5  10.0 
    93  19.5  10.0 
    94  20.0  10.0 
    95  20.5  10.5 
    96  20.0  10.5 
    97  21.5  10.0 
    98  21.5   8.0 
    99  20.0  10.5 
   100  20.5  10.0 
   101  21.0   6.0 
   102  21.0  11.0 
   103  21.0  12.5 
   104  24.0  10.0 
   105  24.0  14.0 
   106  24.5  14.0 
   107  24.5  12.0 
   108  25.0  14.0 
   109  25.0  12.5 
   110  25.5  12.5 
   111  22.5  12.0 
   112  23.0  11.5 
   113  25.0  11.5 
   114  25.0  12.5 
   115  24.5  12.0 
   116  25.0  12.5 
   117  25.5  13.0 
   118  25.0  13.0 
   119  24.5  13.5 
   120  24.0  13.5 
   121  25.0  12.5 
   122  24.0  13.0 
   123  24.0  13.0 
   124  24.0  12.5 
   125  24.0  13.0 
   126  24.0  13.5 
   127  25.0  12.5 
   128  25.0  12.5 
   129  25.0  13.0 
   130  23.0  12.5 
   131  22.5  12.0 
   132  23.0  11.0 
   133  23.0  11.0 
   134  23.0  11.5 
   135  24.0  12.0 
   136  24.0  13.0 
   137  23.0  13.0 
   138  22.5  12.0 
   139  21.0  11.0 
   140  22.0  11.0 
   141  22.0  11.5 
   142  23.0  11.5 
   143  21.0  10.0 
   144  21.5  10.0 
   145  21.0  10.5 
   146  21.5  10.5 
   147  22.0  10.5 
   148  27.0  10.0 
   149  21.0   8.0 
   150  22.0   8.0 
   151  24.0  11.0 
   152  24.0  13.0 
   153  25.0  13.0 
   154  25.0  14.0 
   155  22.5  15.0 
   156  25.5  15.0 
   157  25.0  16.0 
   158  26.0  16.0 
   159  26.0  15.5 
   160  25.0  15.5 
   161  25.0  15.5 
   162  25.0  15.0 
   163  24.5  15.5 
   164  24.5  16.0 
   165  24.0  15.0 
   166  24.5  15.0 
   167  24.0  14.0 
   168  24.0  15.0 
   169  25.0  15.0 
   170  23.5  14.5 
   171  23.5  14.0 
   172  23.0  14.0 
   173  23.5  14.0 
   174  23.5  14.5 
   175  24.0  14.5 
   176  24.0  15.0 
   177  25.0  14.0 
   178  28.0  14.0 
   179  25.0  15.0 
   180  25.0  15.0 
   181  23.0  15.0 
   182  23.5  12.0 
   183  23.5  12.0 
   184  24.5  15.0 
   185  25.0  15.0 
   186  25.5  15.0 
   187  25.0  15.0 
   188  25.5  15.0 
   189  24.5  15.5 
   190  25.0  15.5 
   191  25.0  16.0 
   192  25.0  15.5 
   193  24.0  15.5 
   194  24.5  15.0 
   195  24.0  15.0 
   196  24.0  15.0 
   197  25.0  15.0 
   198  25.0  15.5 
   199  25.0  15.0 
   200  26.0  15.0 
   201  26.5  15.5 
   202  26.5  15.5 
   203  25.0  15.5 
   204  25.0  15.0 
   205  25.5  15.0 
   206  25.0  15.0 
   207  25.0  15.5 
   208  25.0  15.0 
   209  25.0  15.5 
   210  25.5  15.5 
   211  25.5  15.0 
   212  25.5  15.5 
   213  24.5  14.5 
   214  24.0  15.0 
   215  24.0  15.0 
   216  24.5  15.0 
   217  24.5  15.0 
   218  24.0  15.0 
   219  24.0  14.5 
   220  24.0  15.0 
   221  25.0  14.5 
   222  24.0  15.0 
   223  23.0  14.5 
   224  23.5  14.5 
   225  24.0  14.5 
   226  24.0  15.0 
   227  24.0  15.0 
   228  24.0  15.0 
   229  24.2  15.0 
   230  26.5  15.0 
   231  26.0  15.0 
   232  25.0  15.0 
   233  25.0  15.0 
   234  24.0  15.5 
   235  24.0  15.0 
   236  24.0  15.0 
   237  25.0  15.0 
   238  25.0  15.0 
   239  25.5  15.0 
   240  25.0  15.0 
   241  25.0  15.0 
   242  23.3  15.0 
   243  24.6  16.6 
   244  24.8  15.2 
   245  24.0  11.5 
   246  24.2  15.0 
   247  24.5  16.0 
   248  23.4  16.4 
   249  23.0  15.8 
   250  23.6  15.4 
   251  23.6  15.4 
   252  20.8  15.4 
   253  19.6  16.2 
   254  20.2  15.6 
   255  21.5  14.6 
   256  23.5  15.0 
   257  23.2  15.2 
   258  23.5  15.6 
   259  23.5  15.6 
   260  23.8  15.2 
   261  23.5  15.2 
   262  23.6  16.0 
   263  23.0  16.2 
   264  21.8  15.6 
   265  21.8  15.4 
   266  21.9  14.8 
   267  22.5  14.4 
   268  22.9  15.2 
   269  25.5  15.2 
   270  25.5  15.8 
   271  25.9  15.4 
   272  25.9  15.4 
   273  25.6  15.4 
   274  24.6  15.2 
   275  24.6  14.8 
   276  24.4  14.6 
   277  24.5  14.8 
   278  18.9  14.5 
   279  18.9  14.9 
   280  19.8  14.9 
   281  19.8  14.6 
   282  20.5  14.0 
   283  21.4  13.6 
   284  21.4  13.8 
   285  21.8  11.8 
   286  21.8  13.6 
   287  22.5  13.6 
   288  22.4  11.4 
   289  20.9  12.0 
   290  20.9  11.6 
   291  19.0  11.9 
   292  19.5  11.6 
   293  19.5  10.4 
   294  19.5  10.2 
   295  19.2  10.0 
   296  19.4  10.4 
   297  19.2   9.6 
   298  19.9   9.5 
   299  19.9   9.5 
   300  19.6   8.9 
   301  19.6   8.6 
   302  19.8   7.6 
   303  19.8   7.5 
   304  20.5   7.5 
   305  20.6   7.6 
   306  20.2   8.5 
   307  21.2   9.6 
   308  20.6   9.8 
   309  20.6   9.4 
   310  19.8   8.8 
   311  18.5   8.0 
   312  18.5   8.2 
   313  17.0   8.0 
   314  17.6   8.0 
   315  18.4   8.0 
   316  18.2   8.2 
   317  19.2   8.6 
   318  19.6   9.0 
   319  20.2   9.0 
   320  14.0  10.4 
   321  19.6   9.2 
   322  17.6   9.0 
   323  16.0   9.5 
   324  16.3   8.5 
   325  16.4   8.6 
   326  15.6   6.8 
   327  15.6   6.4 
   328  15.8   5.2 
   329  16.6   6.0 
   330  16.0   3.8 
   331  15.0   4.8 
   332  15.3   4.6 
   333  15.0   6.4 
   334  15.0   6.0 
   335  15.4   3.4 
   336  15.5   3.6 
   337  15.0   3.8 
   338  15.0   3.8 
   339  14.6   4.0 
   340  14.8   4.2 
   341  14.8   4.4 
   342  15.0   4.6 
   343  15.2   4.7 
   344  15.2   4.2 
   345  14.8   4.6 
   346  14.8   4.6 
   347  14.0   4.6 
   348  14.0   4.8 
   349  14.6   4.8 
   350  14.5   4.0 
   351  14.5   4.0 
   352  14.0   3.8 
   353  15.0   3.8 
   354  13.5   3.9 
   355  14.0   4.0 
   356  14.0   4.0 
   357  14.0   4.0 
   358  13.0   3.8 
   359  13.5   3.8 
   360  13.0   1.5 
   361  13.0   3.0 
   362  12.5   3.0 
   363  12.0   2.0 
   364  12.0   3.0 
   365  12.0   3.0 
