2013          Temperature for DHUNCHE                 
        Tmax  Tmin
     1  10.5   1.5 
     2  10.5   1.6 
     3  10.5   2.0 
     4  10.5   2.0 
     5  10.5   2.0 
     6  10.0   3.0 
     7  10.0   3.2 
     8  10.0   3.6 
     9  10.0   1.5 
    10  10.0   1.5 
    11  10.4   1.5 
    12  11.5   1.6 
    13  13.5   2.5 
    14  13.0   2.5 
    15  13.0   2.2 
    16  13.0   1.0 
    17  13.0   1.0 
    18  16.5   1.5 
    19  10.0   4.0 
    20  10.0   1.3 
    21  10.0   1.0 
    22  10.0   2.0 
    23  13.0   2.8 
    24  13.0   2.5 
    25  14.2   2.5 
    26  13.5   2.5 
    27  13.5   2.5 
    28  13.6   3.0 
    29  13.6   3.0 
    30  13.5   3.0 
    31  13.5   4.0 
    32  14.2   4.0 
    33  13.2   3.6 
    34  13.2   2.8 
    35  14.0   4.5 
    36  13.6   4.5 
    37  13.5   3.8 
    38  13.6   4.6 
    39  11.0   4.5 
    40  13.0   4.5 
    41  13.5   4.5 
    42  13.5   4.5 
    43  14.0   5.0 
    44  13.5   5.0 
    45  13.5   4.5 
    46  13.0   4.5 
    47  13.0   4.0 
    48  13.0   4.0 
    49  13.5   4.5 
    50  14.0   4.5 
    51  14.5   5.0 
    52  14.5   6.0 
    53  15.0   6.0 
    54  15.0   6.5 
    55  16.5   6.5 
    56  17.0   8.0 
    57  17.0   8.0 
    58  17.5   8.5 
    59  17.5   8.8 
    60  18.0   8.5 
    61  18.6   8.5 
    62  18.0   8.5 
    63  18.0   8.6 
    64  28.0   8.0 
    65  20.0   7.0 
    66  22.0   8.0 
    67  18.0   9.0 
    68  18.0   9.0 
    69  18.0   9.2 
    70  19.0   8.0 
    71  20.0   8.0 
    72  19.2   9.5 
    73  21.0   9.0 
    74  21.2  10.0 
    75  21.5  10.5 
    76  21.5  11.5 
    77  20.0  10.0 
    78  20.0  10.5 
    79  19.5   9.5 
    80  20.0   9.5 
    81  21.0   8.5 
    82  21.5  10.0 
    83  21.5  12.0 
    84  21.5  12.5 
    85  20.5  12.5 
    86  20.5  11.8 
    87  20.0  11.8 
    88  19.5  10.0 
    89  19.5  10.0 
    90  19.5   9.8 
    91  20.0  10.0 
    92  21.0  10.0 
    93  21.0  10.0 
    94  21.6   9.0 
    95  21.5  10.0 
    96  26.0  10.0 
    97  26.0  10.8 
    98  26.0  10.6 
    99  25.0  10.6 
   100  26.5   9.0 
   101  25.0   7.5 
   102  25.0   7.5 
   103  25.0  10.8 
   104  23.0  11.0 
   105  19.6  11.0 
   106  19.6   9.8 
   107  19.6   9.8 
   108  20.0   9.8 
   109  25.0   9.0 
   110  20.0   9.0 
   111  19.5  10.5 
   112  19.8  10.0 
   113  19.8  10.0 
   114  18.0  10.0 
   115  20.0   9.0 
   116  25.0  11.2 
   117  25.0  11.6 
   118  25.0  11.8 
   119  25.0  12.0 
   120  25.0  12.8 
   121  25.0  12.0 
   122  24.8  12.0 
   123  24.0  13.0 
   124  24.2  13.0 
   125  24.8  13.0 
   126  25.0  13.0 
   127  25.0  14.0 
   128  24.5  14.0 
   129  25.0  13.0 
   130  25.0  11.5 
   131  25.0  10.5 
   132  25.0  13.6 
   133  25.0  13.8 
   134  25.4  14.0 
   135  25.0  14.5 
   136  25.0  15.0 
   137  24.0  15.0 
   138  24.0  15.0 
   139  23.5  15.0 
   140  23.5  13.4 
   141  23.0  13.0 
   142  23.0  12.4 
   143  24.0  12.0 
   144  27.5  12.0 
   145  25.0  16.0 
   146  22.6  17.0 
   147  22.6  15.6 
   148  24.6  15.0 
   149  24.6  15.5 
   150  23.0  15.5 
   151  23.0  15.0 
   152  24.5  14.5 
   153  25.5  14.5 
   154  25.0  14.5 
   155  25.0  14.0 
   156  25.0  14.0 
   157  25.5  14.0 
   158  25.6  14.5 
   159  26.0  14.5 
   160  25.5  15.0 
   161  25.5  15.0 
   162  25.0  15.5 
   163  25.0  15.0 
   164  25.0  15.0 
   165  26.6  15.5 
   166  25.0  15.5 
   167  25.0  15.0 
   168  21.0  15.2 
   169  21.0  15.0 
   170  25.0  14.0 
   171  25.0  14.0 
   172  25.2  14.0 
   173  26.0  14.0 
   174  25.5  15.0 
   175  25.5  14.0 
   176  25.5  14.2 
   177  25.4  14.0 
   178  25.5  14.6 
   179  25.5  14.0 
   180  25.0  14.0 
   181  25.5  14.0 
   182  25.0  16.5 
   183  25.0  16.5 
   184  24.5  16.5 
   185  24.5  16.0 
   186  25.0  16.0 
   187  23.0  16.5 
   188  23.0  16.5 
   189  21.0  16.5 
   190  22.0  16.5 
   191  22.0  16.5 
   192  25.0  16.5 
   193  25.2  16.6 
   194  25.2  16.6 
   195  25.2  16.5 
   196  26.0  17.5 
   197  23.0  16.5 
   198  25.0  16.0 
   199  22.0  16.4 
   200  22.0  16.0 
   201  25.0  16.0 
   202  23.0  16.5 
   203  23.0  16.0 
   204  23.0  16.0 
   205  25.0  16.0 
   206  25.0  16.5 
   207  25.5  16.0 
   208  25.5  16.0 
   209  26.0  16.5 
   210  25.6  16.5 
   211  25.5  16.5 
   212  24.5  17.5 
   213  24.5  17.0 
   214  24.0  17.0 
   215  25.5  15.8 
   216  25.5  17.0 
   217  25.5  17.0 
   218  25.5  16.0 
   219  25.5  17.0 
   220  25.5  17.0 
   221  25.5  17.0 
   222  21.5  15.5 
   223  25.0  16.5 
   224  25.0  17.0 
   225  25.0  17.0 
   226  25.0  17.0 
   227  25.0  16.5 
   228  25.0  16.5 
   229  24.0  15.0 
   230  24.0  15.0 
   231  24.0  16.0 
   232  24.0  16.5 
   233  24.0  16.0 
   234  24.5  16.0 
   235  24.5  16.5 
   236  24.5  16.0 
   237  25.0  16.0 
   238  25.0  16.0 
   239  25.0  16.0 
   240  21.5  16.0 
   241  21.0  16.0 
   242  22.0  16.0 
   243  23.0  15.5 
   244   DNA   DNA 
   245   DNA   DNA 
   246   DNA   DNA 
   247   DNA   DNA 
   248   DNA   DNA 
   249   DNA   DNA 
   250   DNA   DNA 
   251   DNA   DNA 
   252   DNA   DNA 
   253   DNA   DNA 
   254   DNA   DNA 
   255   DNA   DNA 
   256   DNA   DNA 
   257   DNA   DNA 
   258   DNA   DNA 
   259   DNA   DNA 
   260   DNA   DNA 
   261   DNA   DNA 
   262   DNA   DNA 
   263   DNA   DNA 
   264   DNA   DNA 
   265   DNA   DNA 
   266   DNA   DNA 
   267   DNA   DNA 
   268   DNA   DNA 
   269   DNA   DNA 
   270   DNA   DNA 
   271   DNA   DNA 
   272   DNA   DNA 
   273   DNA   DNA 
   274  22.0  15.0 
   275  22.0  15.0 
   276  21.0  14.8 
   277  21.0  14.8 
   278  21.0  14.8 
   279  20.0  13.6 
   280  20.0  13.0 
   281  20.0  13.0 
   282  20.0  13.0 
   283  20.0  10.0 
   284  19.5   9.5 
   285  20.0   8.0 
   286  20.0  10.0 
   287  21.0   9.0 
   288  22.5  12.0 
   289  21.0  13.5 
   290  21.0  12.0 
   291  21.0  12.0 
   292  21.5  12.0 
   293  21.5  12.0 
   294  21.5  12.0 
   295  21.0  12.0 
   296  20.0  12.0 
   297  20.0  12.0 
   298  20.0   9.5 
   299  19.5  10.0 
   300  17.0   9.2 
   301  18.5   8.0 
   302  17.5   9.5 
   303  17.5   9.8 
   304  17.5   9.8 
   305  16.5   8.5 
   306  16.5   8.0 
   307  16.5   7.0 
   308  16.0   7.5 
   309  16.5   7.5 
   310  16.5   8.0 
   311  18.0   8.0 
   312  18.0  10.0 
   313  18.0  10.0 
   314  17.5  10.0 
   315  17.5  10.0 
   316  17.5   9.5 
   317  17.5   9.5 
   318  18.0   9.6 
   319  18.0   9.6 
   320  17.0   8.5 
   321  17.0   8.5 
   322  17.0   8.0 
   323  17.0   6.8 
   324  18.0   6.8 
   325  17.0   6.5 
   326  17.0   6.5 
   327  18.0   6.5 
   328  15.5   6.5 
   329  15.5   7.5 
   330  15.5   7.5 
   331  15.5   5.5 
   332  15.5   5.5 
   333  15.5   5.6 
   334  15.0   5.6 
   335  16.0   5.6 
   336  17.5   6.0 
   337  16.0   6.0 
   338  16.0   7.2 
   339  16.0   7.8 
   340  16.0   7.0 
   341  16.0   5.5 
   342  16.0   5.0 
   343  17.5   5.0 
   344  14.0   5.0 
   345  14.5   5.5 
   346  13.0   4.5 
   347  13.0   5.0 
   348  13.0   4.5 
   349  13.0   4.8 
   350  13.0   4.8 
   351  15.0   3.0 
   352  10.0   3.0 
   353   9.0   3.5 
   354  10.0   3.0 
   355   9.0   3.0 
   356  10.0   3.5 
   357  10.0   3.5 
   358  10.0   3.0 
   359   9.0   2.5 
   360   9.0   2.5 
   361   8.5   2.0 
   362   8.5   1.6 
   363   8.0   1.6 
   364   8.0   2.0 
   365   8.5   2.0 
