      1    0.0
      2    0.0
      3    0.0
      4    0.0
      5    0.0
      6    0.0
      7    0.0
      8    0.0
      9    0.0
     10    0.0
     11    0.0
     12    0.0
     13    0.0
     14    0.0
     15    0.0
     16    0.0
     17    0.0
     18    0.0
     19    0.0
     20    0.0
     21    0.0
     22    0.0
     23    T  
     24    0.0
     25    0.0
     26   38.2
     27    0.0
     28    0.0
     29    0.0
     30    0.0
     31    0.0
     32    0.0
     33    0.0
     34    0.0
     35    0.0
     36    0.0
     37    0.0
     38    0.0
     39    0.0
     40    0.0
     41    0.0
     42    0.0
     43    0.0
     44    0.0
     45    0.0
     46    0.0
     47    0.0
     48    0.0
     49    4.2
     50    0.0
     51    0.0
     52    0.0
     53    0.0
     54    0.0
     55    0.0
     56    0.0
     57    0.0
     58    0.0
     59    0.0
     60    0.0
     61    0.0
     62    0.0
     63    0.0
     64    0.0
     65    0.0
     66    0.0
     67    0.0
     68    0.0
     69    0.0
     70    0.0
     71    0.0
     72    0.0
     73    0.0
     74    0.0
     75    0.0
     76    0.0
     77    T  
     78    0.0
     79    0.0
     80    0.0
     81    0.0
     82    0.0
     83    0.0
     84    0.0
     85    0.0
     86    0.0
     87    0.0
     88    0.0
     89    0.0
     90    0.0
     91    T  
     92    0.0
     93    4.1
     94    0.0
     95    0.0
     96    2.2
     97    T  
     98    0.0
     99    0.0
    100    0.0
    101    0.0
    102    T  
    103    4.4
    104    0.0
    105    0.0
    106    0.0
    107    0.0
    108    2.1
    109    0.0
    110    0.0
    111    0.0
    112    0.0
    113    0.0
    114    0.0
    115    0.0
    116    0.0
    117    0.0
    118    T  
    119    T  
    120    0.0
    121    T  
    122    T  
    123    0.0
    124    0.0
    125    0.0
    126    4.4
    127    T  
    128    0.0
    129    0.0
    130    0.0
    131    0.0
    132    6.4
    133    2.4
    134   45.0
    135    0.0
    136    0.0
    137    7.3
    138    0.0
    139    7.4
    140    T  
    141    T  
    142    T  
    143    0.0
    144    T  
    145    3.4
    146    4.4
    147    4.1
    148    4.5
    149    0.0
    150    0.0
    151    0.0
    152    0.0
    153    0.0
    154    0.0
    155    0.0
    156    T  
    157    0.0
    158    8.5
    159   10.3
    160   12.4
    161   18.3
    162    8.5
    163   15.2
    164   35.0
    165   44.5
    166   22.3
    167    0.0
    168   DNA   
    169   DNA   
    170   DNA   
    171   DNA   
    172   DNA   
    173   DNA   
    174   DNA   
    175   DNA   
    176   DNA   
    177   DNA   
    178   DNA   
    179   DNA   
    180   DNA   
    181   DNA   
    182   DNA   
    183   DNA   
    184   DNA   
    185   DNA   
    186   DNA   
    187   DNA   
    188   DNA   
    189   DNA   
    190   DNA   
    191   DNA   
    192   DNA   
    193   DNA   
    194   DNA   
    195   DNA   
    196   DNA   
    197   DNA   
    198    0.0
    199    T  
    200    0.0
    201    6.3
    202    0.0
    203    T  
    204   10.4
    205    5.2
    206   10.3
    207    0.0
    208    2.3
    209    0.0
    210   15.2
    211   10.4
    212    0.0
    213    0.0
    214    T  
    215    T  
    216   10.2
    217   12.0
    218    T  
    219    5.2
    220    0.0
    221   12.1
    222   10.2
    223   15.2
    224    T  
    225   22.4
    226   11.3
    227   16.4
    228   10.1
    229    T  
    230   10.3
    231    5.1
    232   10.2
    233    0.0
    234    0.0
    235   40.2
    236   11.2
    237    T  
    238   30.3
    239   10.0
    240   28.1
    241   12.3
    242   22.4
    243   20.0
    244    0.0
    245    0.0
    246   28.1
    247   16.4
    248   14.3
    249   18.2
    250    6.0
    251    4.2
    252    8.3
    253   24.0
    254   16.2
    255   10.2
    256    0.0
    257    T  
    258   42.0
    259   50.1
    260   10.2
    261   17.3
    262   10.0
    263    0.0
    264   11.3
    265    T  
    266   16.0
    267   20.2
    268   11.3
    269   18.4
    270   12.1
    271    0.0
    272    2.0
    273    T  
    274    4.2
    275    0.0
    276    0.0
    277    0.0
    278    0.0
    279    0.0
    280    0.0
    281    5.3
    282    T  
    283    0.0
    284    0.0
    285    0.0
    286   10.1
    287    0.0
    288    0.0
    289    0.0
    290    0.0
    291    2.4
    292    4.2
    293    0.0
    294    0.0
    295    0.0
    296    8.1
    297    0.0
    298    0.0
    299    0.0
    300    0.0
    301    T  
    302    0.0
    303    0.0
    304    0.0
    305    0.0
    306    0.0
    307    0.0
    308    T  
    309   10.2
    310    0.0
    311    0.0
    312    0.0
    313    0.0
    314    0.0
    315    0.0
    316    T  
    317    0.0
    318    0.0
    319    0.0
    320    0.0
    321    0.0
    322    0.0
    323    0.0
    324    0.0
    325    0.0
    326    0.0
    327    0.0
    328    0.0
    329    0.0
    330    0.0
    331    0.0
    332    0.0
    333    0.0
    334    0.0
    335    0.0
    336    0.0
    337    0.0
    338    0.0
    339    0.0
    340    0.0
    341    0.0
    342    0.0
    343    0.0
    344    0.0
    345    0.0
    346    0.0
    347    0.0
    348    0.0
    349    0.0
    350    0.0
    351    0.0
    352    0.0
    353    0.0
    354    0.0
    355    0.0
    356    0.0
    357    0.0
    358    0.0
    359    0.0
    360    0.0
    361    0.0
    362    2.2
    363    0.0
    364    0.0
    365    0.0
    366    0.0
