      1    0.0
      2    0.0
      3    0.0
      4    0.0
      5    0.0
      6    0.0
      7    0.0
      8    0.0
      9    0.0
     10    0.0
     11    0.0
     12    0.0
     13    0.0
     14    0.0
     15    0.0
     16    0.0
     17    0.0
     18    0.0
     19    0.0
     20   22.4
     21    7.4
     22    3.3
     23    0.0
     24    0.0
     25    0.0
     26    0.0
     27    0.0
     28    0.0
     29    0.0
     30    0.0
     31    0.0
     32    0.0
     33    0.3
     34    1.0
     35    0.0
     36    0.0
     37    0.0
     38    0.0
     39    3.3
     40    0.0
     41    0.0
     42    0.0
     43    0.0
     44    0.0
     45    0.0
     46    0.0
     47    0.0
     48    0.0
     49    0.0
     50    0.0
     51    2.1
     52    0.0
     53    0.0
     54    0.0
     55    0.0
     56    0.0
     57    0.0
     58    1.0
     59   10.3
     60    0.0
     61    0.0
     62    9.0
     63    0.0
     64    0.0
     65    0.0
     66    0.0
     67    0.0
     68    0.0
     69    0.0
     70    0.0
     71    0.0
     72    0.0
     73    0.0
     74    0.0
     75    0.0
     76    0.0
     77    0.0
     78    0.0
     79    0.0
     80    0.0
     81    2.0
     82    0.0
     83    0.0
     84    0.0
     85    0.0
     86    0.0
     87    0.0
     88    0.0
     89   24.2
     90    0.0
     91    0.0
     92    3.3
     93    0.0
     94   20.4
     95    0.0
     96   10.0
     97    4.6
     98    0.0
     99    1.1
    100    4.4
    101    0.0
    102    0.0
    103    0.0
    104    0.0
    105    0.0
    106    0.0
    107    0.0
    108    0.0
    109    0.0
    110    0.0
    111    0.0
    112    9.1
    113    0.0
    114    0.0
    115    1.2
    116    3.4
    117    4.2
    118    0.0
    119   14.2
    120    0.0
    121   12.4
    122    0.0
    123    4.0
    124    0.0
    125    0.0
    126    0.0
    127    0.0
    128   18.2
    129    4.4
    130    0.0
    131    0.0
    132    0.0
    133    0.0
    134    0.0
    135    0.0
    136    0.0
    137    0.0
    138    0.0
    139    0.0
    140    0.0
    141    0.0
    142    1.7
    143    0.0
    144    9.3
    145    1.1
    146    4.1
    147    0.0
    148    2.4
    149    1.3
    150    2.0
    151    4.2
    152    0.0
    153    0.0
    154    0.0
    155    0.0
    156    0.0
    157    0.0
    158    0.0
    159    7.1
    160    0.0
    161   14.1
    162    T  
    163    0.0
    164    0.0
    165    0.0
    166    2.0
    167    2.2
    168    0.0
    169   20.0
    170   27.1
    171   18.0
    172    8.6
    173    8.8
    174   34.7
    175   27.7
    176    8.0
    177   24.2
    178   51.2
    179    4.8
    180   45.1
    181   20.1
    182   32.1
    183   12.0
    184   64.0
    185   42.0
    186   73.2
    187   20.1
    188   55.0
    189   90.5
    190   30.0
    191    9.2
    192   18.7
    193    6.0
    194   10.3
    195   34.5
    196   76.5
    197   76.4
    198   56.7
    199   16.2
    200   40.2
    201   12.5
    202   32.5
    203   18.0
    204   14.8
    205   10.7
    206   10.4
    207   14.6
    208   38.3
    209   12.2
    210   16.2
    211   38.6
    212   22.5
    213    8.2
    214   20.0
    215   48.7
    216   20.0
    217   18.6
    218   20.0
    219    2.0
    220   34.5
    221   42.5
    222   22.5
    223   32.9
    224    6.3
    225   23.4
    226    T  
    227    0.0
    228    0.0
    229   72.3
    230   83.3
    231   12.2
    232    4.0
    233    T  
    234    6.2
    235    6.4
    236    4.4
    237    0.0
    238    2.9
    239    5.0
    240    T  
    241   42.0
    242    8.0
    243    0.0
    244    2.0
    245   62.0
    246    T  
    247    2.0
    248   14.0
    249    4.0
    250    0.0
    251    8.0
    252   30.7
    253    6.0
    254    0.0
    255    4.3
    256   57.6
    257   20.0
    258    2.0
    259   41.6
    260    4.4
    261    T  
    262    T  
    263    6.7
    264   30.6
    265   30.0
    266    2.7
    267    0.0
    268    0.0
    269    0.0
    270   30.0
    271   30.3
    272    0.0
    273    0.0
    274    0.0
    275    0.0
    276    0.0
    277    4.0
    278    0.0
    279    0.0
    280    0.0
    281    0.0
    282    0.0
    283    0.0
    284    0.0
    285    0.0
    286    0.0
    287    0.0
    288    0.0
    289    0.0
    290    0.0
    291    0.0
    292    0.0
    293    0.0
    294    0.0
    295    0.0
    296    0.0
    297    0.0
    298    8.0
    299    0.0
    300    0.0
    301    0.0
    302    0.0
    303    0.0
    304    0.0
    305    0.0
    306    0.0
    307    0.0
    308    0.0
    309    0.0
    310    0.0
    311    0.0
    312    0.0
    313    0.0
    314    0.0
    315    0.0
    316    0.0
    317    0.0
    318    0.0
    319    0.0
    320    0.0
    321    0.0
    322    0.0
    323    0.0
    324    0.0
    325    0.0
    326    0.0
    327    0.0
    328    0.0
    329    0.0
    330    2.4
    331    0.0
    332    0.0
    333    0.0
    334    0.0
    335    6.4
    336    3.3
    337    0.0
    338    0.0
    339    0.0
    340    0.0
    341    0.0
    342    0.0
    343    0.0
    344   11.6
    345    0.0
    346   10.0
    347    0.0
    348   64.2
    349    0.0
    350    0.0
    351    0.0
    352    0.0
    353    0.0
    354    0.0
    355    0.0
    356    0.0
    357    0.0
    358    0.0
    359    0.0
    360    0.0
    361    0.0
    362    0.0
    363    0.0
    364    0.0
    365    0.0
