      1    0.0
      2    0.0
      3    0.0
      4    0.0
      5    0.0
      6    0.0
      7    0.0
      8    0.0
      9    0.0
     10    0.0
     11    0.0
     12    0.0
     13    0.0
     14    0.0
     15    0.0
     16    0.0
     17    0.0
     18    0.0
     19    0.0
     20    0.0
     21    0.0
     22    0.0
     23    0.0
     24    0.0
     25    0.0
     26    0.0
     27    0.0
     28    1.5
     29    0.0
     30    0.0
     31    0.0
     32    0.0
     33    0.0
     34    0.0
     35    0.0
     36    0.0
     37    0.0
     38    0.0
     39    0.0
     40    0.0
     41    0.0
     42    0.0
     43    0.0
     44    0.0
     45    0.0
     46    0.0
     47    0.0
     48    0.0
     49    0.0
     50    0.0
     51    0.0
     52    0.0
     53    0.0
     54    0.0
     55    0.0
     56    0.0
     57    0.0
     58    0.0
     59    0.0
     60    0.0
     61    0.0
     62    0.0
     63    0.0
     64    0.0
     65    0.0
     66    0.0
     67    0.0
     68    0.0
     69    0.0
     70    0.0
     71    0.0
     72    0.0
     73    0.0
     74    0.0
     75    0.0
     76    0.0
     77    0.0
     78    0.0
     79    0.0
     80    0.0
     81    0.0
     82    0.0
     83    0.0
     84    0.0
     85    3.8
     86    3.9
     87    1.5
     88    2.9
     89    0.0
     90    0.0
     91    0.0
     92    0.0
     93    0.0
     94    0.0
     95    0.0
     96    0.0
     97    0.0
     98    0.0
     99    0.0
    100    0.0
    101    0.0
    102    0.0
    103    0.0
    104    0.0
    105    0.0
    106    0.0
    107    0.0
    108    0.0
    109    0.0
    110    0.0
    111    0.0
    112    0.0
    113    0.0
    114    0.0
    115    0.0
    116    0.0
    117    0.0
    118    0.0
    119   14.4
    120    0.0
    121    0.0
    122    0.0
    123    0.0
    124    0.0
    125   13.1
    126    0.0
    127    0.0
    128   13.2
    129    0.0
    130    0.0
    131    0.0
    132    0.0
    133    0.0
    134    0.0
    135    0.0
    136    0.0
    137    0.0
    138    0.0
    139    0.0
    140    0.0
    141    0.0
    142    0.0
    143    0.0
    144    0.0
    145    0.0
    146    0.0
    147    0.0
    148    0.0
    149    0.0
    150    0.0
    151    0.0
    152   28.5
    153    5.3
    154    6.5
    155    0.0
    156    0.0
    157   37.5
    158   24.8
    159    0.0
    160    0.0
    161    0.0
    162    0.0
    163    0.0
    164   24.4
    165    0.0
    166   47.4
    167    0.0
    168    0.0
    169    0.0
    170    0.0
    171   86.0
    172    0.0
    173    0.0
    174   83.5
    175    8.5
    176   34.2
    177   34.9
    178   51.6
    179    8.5
    180   20.3
    181   30.2
    182   22.5
    183    0.0
    184   59.4
    185   80.1
    186    0.0
    187   30.5
    188   50.0
    189   14.6
    190    8.7
    191   17.0
    192    7.7
    193   42.7
    194   23.6
    195   26.7
    196   52.0
    197   30.0
    198   31.5
    199   56.1
    200   79.5
    201   20.5
    202   45.0
    203   49.2
    204   10.2
    205   44.5
    206   52.4
    207    9.7
    208   47.0
    209   10.7
    210    0.0
    211    0.0
    212    0.0
    213    8.8
    214   24.4
    215    7.8
    216   70.0
    217    5.8
    218   14.0
    219   36.2
    220    2.7
    221    0.0
    222    0.0
    223   24.3
    224   12.9
    225   40.0
    226   43.0
    227   40.3
    228   44.2
    229   40.1
    230   94.8
    231  114.0
    232   65.0
    233   14.9
    234   14.7
    235   57.4
    236    7.2
    237   33.3
    238   14.4
    239   16.0
    240   58.0
    241  110.9
    242   84.5
    243  130.0
    244   84.7
    245   78.6
    246   23.4
    247   69.5
    248   48.9
    249    5.4
    250   27.0
    251    0.5
    252    0.2
    253    7.5
    254    0.0
    255   89.0
    256    0.5
    257    5.4
    258   26.5
    259   24.6
    260   49.2
    261   18.0
    262   29.3
    263    7.5
    264   20.9
    265    0.4
    266   14.0
    267    0.5
    268   20.9
    269    0.1
    270    2.0
    271    9.5
    272    7.0
    273    1.2
    274    0.0
    275    0.0
    276    0.0
    277    0.0
    278    6.0
    279   10.0
    280    4.2
    281    4.6
    282    0.0
    283   26.5
    284   25.0
    285    2.0
    286    1.5
    287    0.0
    288    0.0
    289    5.4
    290    5.5
    291   22.0
    292    4.0
    293   91.0
    294    2.7
    295    0.0
    296    0.0
    297    0.0
    298    0.0
    299    0.0
    300    0.0
    301    0.0
    302    0.0
    303    0.0
    304    0.0
    305    0.0
    306    0.0
    307    0.0
    308    0.0
    309    4.2
    310    0.0
    311    0.0
    312    0.0
    313    0.0
    314    0.0
    315    0.0
    316    0.0
    317    0.0
    318    0.0
    319    0.0
    320    0.0
    321    0.0
    322    0.0
    323    0.0
    324    0.0
    325    0.0
    326    0.0
    327    0.0
    328    0.0
    329    0.0
    330    0.0
    331    0.0
    332    0.0
    333    0.0
    334    0.0
    335    0.0
    336    0.0
    337    0.0
    338    0.0
    339    0.0
    340    0.0
    341    0.0
    342    0.0
    343    0.0
    344    0.0
    345    0.0
    346    0.0
    347    0.0
    348    0.0
    349    0.0
    350    0.0
    351    0.0
    352    0.0
    353    0.0
    354    0.0
    355    0.0
    356    0.0
    357    0.0
    358    0.0
    359    0.0
    360    0.0
    361   28.8
    362   25.0
    363    0.0
    364    0.2
    365    0.0
