      1    0.3
      2    0.0
      3    0.0
      4    0.0
      5    0.0
      6    0.0
      7    0.0
      8    0.0
      9    0.0
     10    0.0
     11    0.0
     12    0.0
     13    0.0
     14    0.0
     15    0.0
     16    0.0
     17    0.0
     18    0.0
     19    0.0
     20    0.0
     21    0.0
     22    0.0
     23    0.0
     24    0.0
     25    0.0
     26    0.0
     27    0.0
     28    0.0
     29    0.0
     30    0.0
     31    0.0
     32    0.0
     33    0.0
     34    0.0
     35    0.0
     36    0.0
     37    0.0
     38    0.0
     39    0.0
     40    0.0
     41    0.0
     42    0.0
     43    0.0
     44    0.0
     45    0.0
     46    0.0
     47    0.0
     48    0.0
     49    0.0
     50    0.0
     51    0.0
     52    0.0
     53    0.0
     54    0.0
     55   12.0
     56    0.0
     57    0.0
     58    0.0
     59    0.0
     60    0.0
     61    0.0
     62   24.0
     63    0.0
     64   14.0
     65   10.5
     66    6.0
     67    0.0
     68    0.0
     69    1.0
     70    0.0
     71    0.0
     72    0.0
     73    0.0
     74    0.0
     75    0.0
     76    0.0
     77    0.0
     78    0.0
     79    0.0
     80    0.0
     81    0.0
     82    5.3
     83    0.0
     84    0.0
     85    0.0
     86    0.0
     87    4.0
     88    0.0
     89    0.0
     90    1.7
     91    0.0
     92    0.0
     93    2.2
     94    0.0
     95    0.0
     96    0.0
     97    0.0
     98    0.0
     99    0.0
    100    0.0
    101    0.0
    102    0.0
    103    0.0
    104    0.0
    105    0.0
    106    0.0
    107    0.0
    108    0.0
    109    0.0
    110    0.0
    111    2.0
    112    0.0
    113    0.0
    114    1.6
    115    0.0
    116    0.0
    117    0.0
    118    2.0
    119    0.0
    120    0.0
    121    0.0
    122    0.0
    123    0.0
    124    0.0
    125    0.0
    126    7.5
    127    1.5
    128    0.2
    129    0.0
    130    7.0
    131    5.3
    132   10.3
    133   10.6
    134   31.0
    135    0.0
    136    0.0
    137    0.7
    138    0.0
    139    0.0
    140    7.3
    141    3.0
    142   42.0
    143    0.0
    144    0.0
    145    0.0
    146    0.0
    147    0.0
    148    0.0
    149   20.7
    150   10.8
    151    0.0
    152   21.2
    153   10.7
    154   13.5
    155    1.6
    156   42.5
    157    1.1
    158    0.0
    159   14.2
    160   15.5
    161   89.7
    162    5.5
    163    2.3
    164   70.9
    165    0.0
    166    0.0
    167    7.0
    168   50.1
    169    0.0
    170   10.5
    171    0.0
    172   62.5
    173   36.1
    174    4.6
    175   44.0
    176   55.0
    177   13.5
    178   44.0
    179   49.4
    180   54.8
    181    0.0
    182    0.0
    183   70.5
    184    0.0
    185    0.0
    186    4.5
    187   12.5
    188   66.6
    189   21.5
    190   47.7
    191    9.7
    192   30.0
    193   23.1
    194    0.0
    195   54.6
    196   72.5
    197   19.3
    198    0.0
    199   32.0
    200   18.7
    201   42.1
    202    9.0
    203   44.6
    204   12.5
    205   33.3
    206   30.0
    207   35.0
    208    3.0
    209   30.0
    210   29.0
    211   24.0
    212   35.0
    213  105.0
    214   33.3
    215   11.5
    216    0.0
    217    3.3
    218    0.0
    219    7.0
    220   56.0
    221   37.0
    222   20.0
    223   27.0
    224    0.0
    225   34.0
    226   86.0
    227    0.0
    228    0.0
    229    0.0
    230    0.0
    231    0.0
    232    0.0
    233    0.0
    234    0.0
    235    0.0
    236    0.0
    237   72.0
    238   45.0
    239   15.3
    240   55.5
    241   25.5
    242    0.0
    243    0.0
    244   45.5
    245   31.0
    246   45.5
    247   17.0
    248    3.4
    249   11.0
    250    4.6
    251    1.0
    252   30.0
    253   11.0
    254   68.5
    255    0.0
    256    0.0
    257   22.0
    258    0.0
    259   14.5
    260    0.0
    261   39.5
    262    0.0
    263    8.2
    264    3.5
    265    0.0
    266    0.0
    267    0.0
    268    0.0
    269    0.0
    270    0.0
    271    0.0
    272    0.0
    273    0.0
    274    0.0
    275    0.0
    276    0.0
    277    0.0
    278    0.0
    279    0.0
    280    0.0
    281    0.0
    282    0.0
    283    0.0
    284    0.0
    285    0.0
    286    0.0
    287    0.0
    288    0.0
    289    0.0
    290    0.0
    291    0.0
    292    0.0
    293    0.0
    294    0.0
    295    0.0
    296    0.0
    297    0.0
    298    0.0
    299    0.0
    300    0.0
    301    0.0
    302    0.0
    303    0.0
    304    0.0
    305    0.0
    306    0.0
    307    0.0
    308    0.0
    309    0.0
    310    0.0
    311    0.0
    312    0.0
    313    0.0
    314    0.0
    315    0.0
    316    0.0
    317    0.0
    318    0.0
    319    0.0
    320    0.0
    321    0.0
    322    0.0
    323    0.0
    324    0.0
    325    0.0
    326    0.0
    327    0.0
    328    0.0
    329    0.0
    330    0.0
    331    0.0
    332    0.0
    333    0.0
    334    0.0
    335    0.0
    336    0.0
    337    0.0
    338    0.0
    339    0.0
    340    0.0
    341    0.0
    342    0.0
    343    0.0
    344    0.0
    345    0.0
    346    0.0
    347    0.0
    348    0.0
    349    0.0
    350    0.0
    351    0.0
    352    0.0
    353    0.0
    354    9.2
    355    0.0
    356    0.0
    357    0.0
    358    0.0
    359    0.0
    360    0.0
    361    0.0
    362    0.0
    363    0.0
    364    0.0
    365    0.0
    366    0.0
