2011          Temperature for PAKHRIBAS               
        Tmax  Tmin
     1  14.1   6.8 
     2  12.1   3.8 
     3  14.7   4.0 
     4  15.3   4.6 
     5  15.1   5.4 
     6  15.1   5.5 
     7  16.0   5.3 
     8  16.0   5.2 
     9  14.6   4.7 
    10  13.9   3.8 
    11  13.1   3.7 
    12  14.0   4.2 
    13  14.0   3.4 
    14  13.1   3.0 
    15  14.7   4.0 
    16  12.6   4.8 
    17  11.1   1.2 
    18   8.1   2.5 
    19  10.5   2.1 
    20   8.1   0.5 
    21  13.0   2.0 
    22  12.6   2.6 
    23  14.1   3.1 
    24  13.2   3.0 
    25  14.0   3.7 
    26  13.1   4.7 
    27  15.0   6.4 
    28  14.6   4.6 
    29  14.0   3.7 
    30  15.6   4.6 
    31  15.8   5.0 
    32  15.6   5.7 
    33  15.6   5.7 
    34  17.7   6.5 
    35  18.5   7.0 
    36  17.3   6.6 
    37  18.1   7.6 
    38  18.0   7.8 
    39  18.1   7.4 
    40  17.6   7.4 
    41  16.5   6.7 
    42  16.8   7.2 
    43  17.5   6.7 
    44  17.3   7.4 
    45  18.0   7.5 
    46  19.8   8.5 
    47   9.5   7.2 
    48  15.8   5.5 
    49  16.1   4.5 
    50  16.1   5.0 
    51  16.3   5.2 
    52  17.2   5.5 
    53  17.4   5.2 
    54  19.5   6.9 
    55  18.7   7.7 
    56  18.2   8.3 
    57  20.5   7.0 
    58  20.5   7.5 
    59  19.7   7.7 
    60  19.5   7.4 
    61  20.4   8.7 
    62  21.2   9.5 
    63  20.2   9.8 
    64  22.7   9.0 
    65  22.0  10.5 
    66  21.1   9.5 
    67  20.6   9.8 
    68  21.5   9.5 
    69  23.5  10.4 
    70  23.6  10.0 
    71  20.8  10.0 
    72  20.7   9.1 
    73  20.6   8.5 
    74  21.5   9.9 
    75  22.1  11.2 
    76  22.8  11.4 
    77  23.0  11.0 
    78  18.2  10.9 
    79  24.1  12.5 
    80  24.1  11.9 
    81  23.5  12.0 
    82  23.5  10.7 
    83  24.0  12.5 
    84  24.8  11.0 
    85  23.7  11.1 
    86  21.0  11.0 
    87  21.1  10.4 
    88  15.4  10.4 
    89  21.1  11.0 
    90  18.5  10.4 
    91  20.4  11.4 
    92  22.1  10.6 
    93  23.2  11.0 
    94  17.6   8.5 
    95  22.0   9.1 
    96  23.0  10.4 
    97  23.4  12.0 
    98  24.0  11.6 
    99  24.4  12.0 
   100  24.7  11.2 
   101  23.7  15.2 
   102  24.0  12.9 
   103  23.1  12.1 
   104  19.4  12.6 
   105  22.8  11.0 
   106  23.5  11.4 
   107  24.0  14.5 
   108  23.5  15.0 
   109  24.7  14.0 
   110  24.6  13.0 
   111  25.5  13.4 
   112  27.2  14.5 
   113  26.0  13.0 
   114  23.4  13.0 
   115  20.3  12.1 
   116  24.6  11.5 
   117  25.0  12.8 
   118  25.6  13.9 
   119  24.5  14.4 
   120  23.0  12.5 
   121  24.6  14.8 
   122  23.0  14.1 
   123  23.5  14.0 
   124  21.0  12.8 
   125  23.8  13.7 
   126  23.0  14.3 
   127  25.5  14.5 
   128  25.5  13.6 
   129  23.7  13.0 
   130  23.8  14.1 
   131  24.5  13.7 
   132  21.7  12.0 
   133  24.8  14.5 
   134  23.7  12.8 
   135  25.5  14.8 
   136  24.0  17.0 
   137  24.7  17.0 
   138  23.5  16.8 
   139  23.1  14.5 
   140  21.0  14.5 
   141  22.5  14.0 
   142  22.5  16.2 
   143  23.7  15.6 
   144  20.6  15.9 
   145  25.0  17.0 
   146  23.5  17.0 
   147  23.6  16.6 
   148  24.0  17.0 
   149  23.8  15.7 
   150  23.1  15.5 
   151  25.0  15.0 
   152  24.5  15.0 
   153  24.9  16.6 
   154  25.0  17.5 
   155  25.8  16.5 
   156  25.1  15.5 
   157  26.2  16.2 
   158  25.5  15.0 
   159  23.0  15.5 
   160  23.3  16.0 
   161  23.5  15.7 
   162  24.2  16.0 
   163  24.6  15.5 
   164  23.5  17.0 
   165  24.8  16.6 
   166  24.5  17.5 
   167  23.6  17.5 
   168  24.6  17.5 
   169  23.7  18.3 
   170  23.1  18.0 
   171  24.6  18.3 
   172  24.2  17.4 
   173  24.0  18.0 
   174  24.5  17.8 
   175  22.0  17.8 
   176  25.0  18.5 
   177  24.6  19.2 
   178  25.3  17.5 
   179  23.4  17.8 
   180  22.0  18.0 
   181  22.5  16.5 
   182  23.0  18.0 
   183  22.7  17.0 
   184  22.5  17.9 
   185  22.0  18.0 
   186  22.5  17.8 
   187  21.7  16.2 
   188  21.2  16.5 
   189  22.0  16.5 
   190  24.5  16.2 
   191  24.2  17.0 
   192  24.5  18.0 
   193  24.0  17.5 
   194  22.8  18.1 
   195  23.6  17.9 
   196  24.4  18.0 
   197  23.6  17.5 
   198  23.1  17.8 
   199  23.4  17.5 
   200  22.0  18.7 
   201  23.6  17.4 
   202  26.0  17.9 
   203  24.0  18.5 
   204  20.6  17.7 
   205  22.6  17.4 
   206  23.1  18.3 
   207  25.0  17.9 
   208  21.5  17.8 
   209  20.8  17.4 
   210  22.5  17.6 
   211  22.4  17.4 
   212  24.3  18.0 
   213  24.7  17.6 
   214  24.0  18.5 
   215  25.3  17.4 
   216  25.0  17.3 
   217  24.5  18.5 
   218  23.1  17.8 
   219  23.2  17.4 
   220  23.7  18.5 
   221  25.0  17.6 
   222  25.7  17.6 
   223  24.6  17.3 
   224  25.0  17.2 
   225  24.1  18.6 
   226  23.0  17.5 
   227  25.1  17.2 
   228  20.8  17.2 
   229  21.7  17.6 
   230  21.1  17.4 
   231  23.5  17.0 
   232  24.8  16.0 
   233  25.2  16.5 
   234  24.5  17.5 
   235  21.5  17.5 
   236  25.0  17.0 
   237  24.6  17.0 
   238  24.6  17.2 
   239  26.4  16.6 
   240  25.6  16.9 
   241  25.6  17.8 
   242  26.5  17.0 
   243  25.5  18.2 
   244  25.5  16.9 
   245  24.0  16.5 
   246  24.6  16.4 
   247  26.0  17.0 
   248  25.0  17.5 
   249  25.0  17.9 
   250  23.0  17.3 
   251  22.8  16.9 
   252  23.7  16.8 
   253  23.0  18.0 
   254  25.1  16.8 
   255  25.5  17.2 
   256  25.4  17.2 
   257  26.0  17.1 
   258  24.0  17.1 
   259  22.5  17.0 
   260  21.1  17.5 
   261  19.6  17.7 
   262  22.0  16.6 
   263  25.5  17.5 
   264  24.0  16.2 
   265  23.5  16.2 
   266  25.0  17.0 
   267  23.4  17.4 
   268  23.6  16.7 
   269  19.0  15.6 
   270  22.5  16.0 
   271  22.5  16.1 
   272  23.7  15.8 
   273  25.5  15.5 
   274  25.5  16.0 
   275  24.6  15.5 
   276  24.2  14.3 
   277  24.1  14.5 
   278  25.0  15.0 
   279  24.8  15.0 
   280  23.6  15.6 
   281  24.1  15.0 
   282  24.3  14.5 
   283  24.3  14.6 
   284  23.6  14.5 
   285  23.8  14.5 
   286  24.5  15.5 
   287  22.5  15.3 
   288  22.5  15.1 
   289  23.3  13.4 
   290  22.1  14.0 
   291  22.5  13.9 
   292  22.5  13.7 
   293  23.3  13.1 
   294  18.8  14.0 
   295  21.1  11.4 
   296  21.1  11.7 
   297  21.7  12.2 
   298  20.5  12.0 
   299  21.1  11.1 
   300  21.0  10.4 
   301  20.5  11.0 
   302  20.6  10.0 
   303  20.5  10.0 
   304  20.3  10.0 
   305  19.1   9.7 
   306  16.8   9.5 
   307  16.0  10.8 
   308  18.5   9.0 
   309  18.1   9.1 
   310  15.6  10.0 
   311  19.6   9.3 
   312  22.0  10.4 
   313  22.6  12.1 
   314  22.0  10.8 
   315  19.1   9.0 
   316  19.1   9.0 
   317  15.0  10.5 
   318  17.5  10.2 
   319  17.5   8.1 
   320  15.8   8.8 
   321  14.6   9.0 
   322  17.0   8.9 
   323  19.1   8.5 
   324  19.5   9.0 
   325  20.4   9.4 
   326  20.1   9.5 
   327  19.6   9.4 
   328  19.7   9.5 
   329  19.5   9.4 
   330  19.2   8.6 
   331  19.6   8.5 
   332  18.5   8.5 
   333  18.7   7.5 
   334  18.7   8.9 
   335  19.7   9.0 
   336  20.0  11.2 
   337  16.5   9.5 
   338  17.2   7.5 
   339  16.0   9.5 
   340  19.0   8.5 
   341  18.6   8.5 
   342  19.0   8.5 
   343  18.4   8.0 
   344  17.1   7.0 
   345  15.1   5.4 
   346  14.8   4.3 
   347  14.5   5.4 
   348  14.0   3.9 
   349  15.1   4.4 
   350  14.7   4.5 
   351  14.7   4.4 
   352  16.0   5.3 
   353  16.1   6.0 
   354  16.3   5.0 
   355  15.9   5.0 
   356  16.1   4.7 
   357  16.0   5.0 
   358  16.6   6.0 
   359  16.3   5.5 
   360  16.6   6.1 
   361  17.1   5.4 
   362  16.6   5.6 
   363  16.9   5.5 
   364  16.3   5.5 
   365  16.6   5.6 
