2006          Temperature for PAKHRIBAS               
        Tmax  Tmin
     1  16.0   5.8 
     2  17.0   6.5 
     3  17.7   7.6 
     4  19.1   8.9 
     5  16.0   7.7 
     6  16.2   6.5 
     7  16.1   7.7 
     8  16.9   7.9 
     9  16.2   6.0 
    10  16.5   5.8 
    11  16.5   5.3 
    12  15.1   5.7 
    13  14.4   5.0 
    14  13.7   4.0 
    15  13.7   4.1 
    16  14.1   5.1 
    17  14.7   4.8 
    18  16.6   7.1 
    19  12.5   5.5 
    20  15.5   4.9 
    21  16.1   4.3 
    22  14.7   6.1 
    23  15.1   4.5 
    24  16.1   5.4 
    25  15.5   4.4 
    26  16.1   5.0 
    27  16.9   5.6 
    28  17.1   6.2 
    29  17.1   6.9 
    30  18.2   6.9 
    31  18.6   8.5 
    32  19.1   8.9 
    33  19.0   8.4 
    34  19.0   8.5 
    35  18.0   8.5 
    36  17.7   7.4 
    37  18.9   8.6 
    38  17.7   7.6 
    39  18.6   8.1 
    40  19.1   8.0 
    41  19.1   8.5 
    42  19.1   8.2 
    43  19.1   9.0 
    44  19.6   8.4 
    45  18.1   9.5 
    46  17.8   9.5 
    47  19.7  10.4 
    48  19.5   8.6 
    49  17.8   9.7 
    50  18.1  10.5 
    51  21.0  10.4 
    52  20.6  11.3 
    53  21.0  11.2 
    54  21.1  12.4 
    55  19.2  13.1 
    56  19.6  12.1 
    57  20.5  13.0 
    58  24.0  12.2 
    59  24.5  11.9 
    60  22.4  10.0 
    61  20.7  10.4 
    62  21.0   9.3 
    63  20.5   9.1 
    64  20.2   9.5 
    65  21.2   9.0 
    66  22.2  10.0 
    67  22.6  10.5 
    68  22.0  12.2 
    69  17.8  13.0 
    70  17.5  10.5 
    71  18.0   8.8 
    72  19.4   8.0 
    73  20.6   7.8 
    74  21.5  11.0 
    75  20.6   7.0 
    76  21.0   9.0 
    77  20.9   8.7 
    78  21.0   9.2 
    79  21.8   9.5 
    80  22.1  11.1 
    81  22.7  11.5 
    82  21.9  10.4 
    83  22.2  11.5 
    84  23.6  12.2 
    85  24.3  12.3 
    86  25.8  15.6 
    87  25.6  12.5 
    88  24.3  10.0 
    89  23.0  11.3 
    90  23.3  11.8 
    91  23.6  12.4 
    92  25.1  12.5 
    93  23.1   9.0 
    94  22.1  16.0 
    95  22.1  16.0 
    96  24.0  13.5 
    97  20.0  15.0 
    98  24.5  15.5 
    99  21.0  15.5 
   100  26.1  12.5 
   101  25.5  15.5 
   102  26.5  16.5 
   103  28.5  16.0 
   104  27.5  14.7 
   105  28.0  15.7 
   106  27.0  14.5 
   107  24.5  12.5 
   108  14.0  10.5 
   109  15.5  10.5 
   110  19.0  13.0 
   111  22.0  14.5 
   112  20.5  15.0 
   113  21.0  15.5 
   114  23.0  15.0 
   115  23.0  16.0 
   116  24.0  13.5 
   117  24.1  13.0 
   118  25.1  13.6 
   119  26.7  16.7 
   120  26.1  15.5 
   121  28.0  16.9 
   122  25.5  16.5 
   123  24.7  14.2 
   124  25.1  14.5 
   125  26.3  14.5 
   126  25.4  15.0 
   127  22.1  15.1 
   128  22.0  15.7 
   129  22.9  15.5 
   130  21.6  15.4 
   131  22.7  15.5 
   132  23.6  12.0 
   133  21.2  13.9 
   134  23.1  14.0 
   135  23.8  15.2 
   136  24.7  15.1 
   137  26.2  16.0 
   138  26.0  16.2 
   139  22.0  13.6 
   140  22.5  15.0 
   141  21.1  15.5 
   142  22.6  15.3 
   143  24.8  16.5 
   144  24.5  16.0 
   145  25.9  15.7 
   146  24.0  17.5 
   147  21.5  17.5 
   148  23.5  17.0 
   149  23.2  15.8 
   150  25.0  17.5 
   151  24.6  19.0 
   152  22.5  18.0 
   153  22.0  18.0 
   154  23.0  17.8 
   155  24.0  17.1 
   156  24.0  17.0 
   157  23.0  17.7 
   158  23.0  18.5 
   159  24.1  17.6 
   160  22.7  17.7 
   161  22.5  17.8 
   162  23.7  17.5 
   163  25.4  18.9 
   164  26.1  17.4 
   165  25.0  17.3 
   166  23.5  16.7 
   167  24.5  15.9 
   168  23.7  16.6 
   169  24.0  16.6 
   170  24.0  16.0 
   171  25.7  17.0 
   172  23.2  17.0 
   173  21.8  17.3 
   174  23.1  16.4 
   175  22.8  17.7 
   176  22.8  17.5 
   177  22.6  17.5 
   178  23.1  17.5 
   179  24.1  17.8 
   180  23.3  15.0 
   181  23.7  17.3 
   182  24.0  18.3 
   183  25.5  18.0 
   184  24.6  19.5 
   185  25.5  19.0 
   186  24.5  18.6 
   187  25.1  17.5 
   188  22.4  19.0 
   189  23.6  18.8 
   190  23.1  18.7 
   191  23.0  18.5 
   192  23.4  18.5 
   193  23.1  18.1 
   194  22.7  18.7 
   195  23.8  18.1 
   196  24.5  18.5 
   197  24.2  19.0 
   198  24.7  19.5 
   199  24.5  17.8 
   200  22.7  18.4 
   201  23.1  18.6 
   202  25.5  18.3 
   203  22.9  18.3 
   204  22.8  16.7 
   205  22.0  18.2 
   206  22.6  18.0 
   207  23.5  18.0 
   208  24.6  18.0 
   209  24.5  17.5 
   210  25.0  17.6 
   211  25.8  18.1 
   212  25.0  17.8 
   213  26.2  18.0 
   214  25.5  17.7 
   215  24.7  18.3 
   216  23.0  17.7 
   217  23.9  16.6 
   218  20.8  17.5 
   219  23.5  16.1 
   220  23.8  18.0 
   221  25.7  17.5 
   222  25.5  18.0 
   223  26.8  18.0 
   224  24.5  18.8 
   225  24.7  18.0 
   226  24.6  17.5 
   227  26.0  18.5 
   228  28.0  18.0 
   229  26.1  19.0 
   230  25.0  18.6 
   231  24.0  18.4 
   232  24.5  17.4 
   233  26.3  18.6 
   234  23.7  17.0 
   235  22.7  17.4 
   236  23.5  17.8 
   237  21.8  18.1 
   238  22.5  17.9 
   239  22.0  17.6 
   240  24.5  17.5 
   241  23.1  17.4 
   242  22.0  16.7 
   243  22.0  16.8 
   244  23.9  13.1 
   245  25.2  17.1 
   246  25.0  17.2 
   247  22.1  17.9 
   248  23.2  16.0 
   249  23.8  16.1 
   250  24.1  18.0 
   251  21.0  18.6 
   252  21.0  17.5 
   253  19.6  17.5 
   254  19.8  16.6 
   255  21.9  17.7 
   256  23.0  15.1 
   257  23.0  15.4 
   258  21.1  16.5 
   259  23.3  15.8 
   260  23.0  16.1 
   261  23.0  17.0 
   262  25.6  17.3 
   263  26.1  17.5 
   264  19.1  17.2 
   265  20.2  16.1 
   266  19.7  16.0 
   267  18.7  16.5 
   268  16.4  14.5 
   269  23.4  14.0 
   270  23.3  16.2 
   271  25.5  16.8 
   272  25.1  16.0 
   273  24.1  16.8 
   274  22.2  17.1 
   275  23.6  16.8 
   276  22.8  15.5 
   277  21.3  14.0 
   278  21.2  13.5 
   279  21.7  13.4 
   280  22.1  14.4 
   281  24.1  14.7 
   282  24.2  14.6 
   283  23.8  14.9 
   284  22.9  15.4 
   285  21.3  14.5 
   286  22.8  13.5 
   287  22.8  13.9 
   288  23.0  13.5 
   289  22.7  13.4 
   290  23.1  12.8 
   291  22.5  11.6 
   292  22.0  11.7 
   293  22.0  12.9 
   294  18.8  12.6 
   295  22.0  11.5 
   296  21.0  11.0 
   297  22.0  11.0 
   298  22.0  11.5 
   299  22.1  12.2 
   300  22.1  11.0 
   301  22.4  10.5 
   302  21.7  10.5 
   303  21.6  10.3 
   304  21.1  11.0 
   305  23.2  12.5 
   306  21.2  12.5 
   307  22.0  14.0 
   308  19.5  14.6 
   309  21.1  11.5 
   310  21.0  11.6 
   311  20.0  11.8 
   312  20.3  10.2 
   313  18.6  10.7 
   314  18.2  11.5 
   315  17.1  11.5 
   316  18.0  10.0 
   317  20.6  10.2 
   318  20.6  10.6 
   319  20.5  10.8 
   320  20.0  10.1 
   321  19.1   8.9 
   322  19.0   9.0 
   323  17.3   9.1 
   324  17.0  10.6 
   325  13.0   9.0 
   326  12.5   9.5 
   327  14.9   9.5 
   328  18.0   7.0 
   329  17.1   5.6 
   330  17.3   6.0 
   331  14.8   4.8 
   332  14.5   4.5 
   333  15.1   5.0 
   334  15.0   5.1 
   335  15.0   5.3 
   336  15.0   5.5 
   337  17.2   6.0 
   338  17.7   7.8 
   339  18.5   8.5 
   340  17.2   7.4 
   341  17.5   7.2 
   342  16.1   7.0 
   343  16.0   6.7 
   344  15.8   7.4 
   345  15.8   6.7 
   346  14.2   7.0 
   347  15.1   5.4 
   348  15.6   6.0 
   349  17.0   6.3 
   350  17.8   8.0 
   351  17.5   7.5 
   352  17.1   7.1 
   353  18.1   8.0 
   354  18.0   8.6 
   355  18.6   8.5 
   356  18.0   6.0 
   357  16.8   7.0 
   358  17.5   7.4 
   359  16.0   6.3 
   360  16.1   5.8 
   361  15.4   5.2 
   362  12.0   5.2 
   363  14.1   5.6 
   364  15.5   5.6 
   365  15.9   5.5 
