      1    0.0
      2    0.0
      3    0.0
      4    0.0
      5    0.0
      6    0.0
      7    0.0
      8    0.0
      9    0.0
     10    0.0
     11    0.0
     12    0.0
     13    0.0
     14    0.0
     15    0.0
     16    0.0
     17    0.0
     18    0.0
     19    0.0
     20    0.0
     21    0.0
     22    0.0
     23    0.0
     24    0.0
     25    0.0
     26    0.0
     27    0.0
     28    0.0
     29    0.0
     30    0.0
     31    0.0
     32    0.0
     33    0.0
     34    0.0
     35    0.0
     36    0.0
     37    0.0
     38    0.0
     39    0.0
     40    0.0
     41    0.0
     42    0.0
     43    0.0
     44    0.0
     45    0.0
     46    0.0
     47    0.0
     48    0.0
     49    0.0
     50    0.0
     51    0.0
     52    0.0
     53    0.0
     54    0.0
     55    0.0
     56    0.0
     57    0.0
     58    0.0
     59    0.0
     60    0.0
     61    0.0
     62    0.0
     63    0.0
     64    0.0
     65    0.0
     66    0.0
     67    0.0
     68    0.0
     69    0.0
     70   26.4
     71    6.5
     72    0.0
     73    0.0
     74    0.0
     75    6.5
     76    0.0
     77    0.0
     78    0.0
     79    0.0
     80    0.0
     81    0.5
     82    0.0
     83    0.0
     84    0.0
     85    0.0
     86    0.0
     87    0.0
     88    0.0
     89    0.0
     90    0.0
     91    0.0
     92    0.0
     93    6.5
     94    0.0
     95    0.0
     96    0.0
     97   11.5
     98   67.4
     99    1.9
    100    0.0
    101    7.2
    102    0.0
    103    0.0
    104    0.0
    105    0.0
    106    0.0
    107    0.0
    108   35.0
    109   41.5
    110    2.2
    111    4.3
    112    0.0
    113   19.6
    114    0.0
    115    1.5
    116    3.5
    117    0.0
    118    0.0
    119    0.0
    120   14.0
    121    0.0
    122   26.8
    123    8.0
    124    0.0
    125    0.0
    126   16.5
    127    0.0
    128   12.2
    129    4.6
    130   37.2
    131   11.7
    132   47.5
    133    0.0
    134    5.9
    135    0.0
    136    0.0
    137    0.0
    138    0.0
    139   11.0
    140    2.0
    141    6.7
    142    1.5
    143    3.1
    144    2.6
    145    6.5
    146    4.5
    147   21.3
    148    0.0
    149    0.0
    150    3.2
    151    0.0
    152    0.5
    153    0.0
    154    0.0
    155   14.5
    156   10.4
    157   26.5
    158   18.6
    159    5.0
    160   42.5
    161    1.0
    162    0.0
    163    0.0
    164    0.0
    165    0.0
    166   11.1
    167    0.0
    168    0.0
    169    2.7
    170    0.0
    171    0.0
    172   34.3
    173   13.3
    174   19.0
    175    3.5
    176    3.7
    177    0.0
    178    2.5
    179    4.5
    180    0.0
    181    0.0
    182    0.0
    183   50.2
    184    0.0
    185    0.0
    186    0.0
    187    3.6
    188    3.3
    189    0.0
    190    1.4
    191   11.0
    192   17.4
    193    3.9
    194   15.7
    195    0.0
    196    0.0
    197    2.2
    198   11.2
    199    8.5
    200   37.7
    201   66.9
    202    7.0
    203    8.1
    204    0.0
    205   11.2
    206   14.5
    207   31.2
    208    0.5
    209   12.1
    210    0.0
    211   23.3
    212    0.0
    213    0.0
    214    7.6
    215   27.8
    216    0.0
    217    0.0
    218    5.6
    219    1.8
    220    6.6
    221   11.7
    222    1.6
    223    0.0
    224    8.0
    225    0.0
    226   10.7
    227    7.0
    228   20.3
    229    5.1
    230    0.0
    231    0.0
    232   13.9
    233   13.5
    234    0.0
    235    7.0
    236   10.0
    237   34.0
    238    3.5
    239   16.5
    240    4.7
    241    0.7
    242    4.8
    243    0.0
    244    5.4
    245   12.5
    246   11.7
    247    9.5
    248    7.4
    249    0.0
    250    0.0
    251    0.0
    252   47.6
    253   16.4
    254    9.6
    255   39.2
    256    6.7
    257    0.0
    258    0.0
    259    5.1
    260    0.0
    261    0.0
    262    0.0
    263    0.0
    264   12.5
    265   13.4
    266    8.2
    267    4.5
    268   32.6
    269   20.7
    270    0.0
    271   33.0
    272    9.5
    273    1.1
    274    3.1
    275    0.0
    276    0.0
    277    0.0
    278    0.0
    279    0.0
    280    0.0
    281   27.2
    282    0.0
    283    0.0
    284    9.8
    285    3.2
    286    1.0
    287    0.0
    288    0.0
    289    0.0
    290    0.0
    291    0.0
    292    0.0
    293    0.0
    294   18.0
    295    0.0
    296    7.7
    297    0.0
    298    0.0
    299    0.0
    300    0.0
    301    0.0
    302    0.0
    303    0.0
    304    0.0
    305    0.0
    306    0.0
    307    0.0
    308    0.0
    309    0.0
    310    0.0
    311    0.0
    312    1.8
    313    0.0
    314    0.0
    315    2.3
    316    0.0
    317    0.0
    318    0.0
    319    0.0
    320    0.0
    321    0.0
    322    0.0
    323    0.0
    324    0.0
    325    0.0
    326    0.0
    327    0.0
    328    0.0
    329    0.0
    330    0.0
    331    0.0
    332    0.0
    333    0.0
    334    0.0
    335    0.0
    336    0.0
    337    0.0
    338    0.0
    339    0.0
    340    0.0
    341    0.0
    342    0.0
    343    0.0
    344    0.0
    345    0.0
    346   22.8
    347    0.0
    348    0.0
    349    0.0
    350    0.0
    351    0.0
    352    0.0
    353    0.0
    354    0.0
    355    0.0
    356    0.0
    357    0.0
    358    0.0
    359    0.0
    360    0.0
    361    0.0
    362    0.0
    363    0.0
    364    0.0
    365    0.0
