      1    0.0
      2    0.0
      3    0.0
      4    0.0
      5    0.0
      6    0.0
      7    0.0
      8    0.0
      9    0.0
     10    0.0
     11    0.0
     12    0.0
     13    0.0
     14    0.0
     15    0.0
     16    0.0
     17    0.0
     18    0.0
     19    0.0
     20    0.0
     21    0.0
     22    2.8
     23    0.0
     24    0.0
     25    0.0
     26    0.0
     27    0.0
     28    0.0
     29    0.0
     30    0.0
     31    0.0
     32    0.0
     33    0.0
     34    0.0
     35    0.0
     36    0.0
     37    0.0
     38    0.0
     39    2.4
     40    0.0
     41    0.0
     42    0.0
     43    0.0
     44    0.0
     45    0.0
     46    0.0
     47    0.0
     48    0.8
     49    5.5
     50    0.0
     51    0.0
     52    0.0
     53    0.0
     54    0.0
     55    0.0
     56    0.0
     57    0.0
     58    0.0
     59    0.0
     60    0.0
     61    0.0
     62    0.0
     63    0.0
     64    0.0
     65    0.0
     66    0.0
     67    0.0
     68    0.0
     69    0.0
     70    0.5
     71   47.2
     72    3.9
     73    0.1
     74    0.1
     75    0.0
     76    0.3
     77    6.1
     78    6.3
     79    0.1
     80    0.0
     81    0.0
     82    0.0
     83    0.0
     84    0.0
     85    0.0
     86    0.0
     87    0.0
     88    0.0
     89    3.0
     90   23.8
     91    0.0
     92    0.0
     93    0.0
     94    0.0
     95    0.0
     96    0.0
     97    0.0
     98    0.8
     99    0.0
    100    0.0
    101    4.5
    102    2.4
    103    4.5
    104   29.0
    105    0.0
    106    3.8
    107    0.0
    108    5.7
    109    1.2
    110    0.0
    111    0.6
    112    0.0
    113    0.0
    114    0.0
    115   16.3
    116    0.0
    117    0.0
    118    2.0
    119    1.0
    120    0.0
    121    7.0
    122    6.5
    123    2.7
    124    2.4
    125    2.0
    126   18.1
    127    0.1
    128   66.5
    129    0.0
    130    1.7
    131    0.6
    132    0.6
    133   35.0
    134    4.2
    135    0.3
    136    0.2
    137   14.4
    138   20.0
    139    1.4
    140    0.0
    141    0.0
    142    4.9
    143    0.0
    144   11.7
    145   10.1
    146    0.3
    147    3.6
    148    0.6
    149    4.2
    150    0.0
    151    1.5
    152    1.8
    153    3.6
    154    0.9
    155    2.0
    156    0.2
    157   17.5
    158    6.0
    159    1.6
    160   17.3
    161    2.5
    162    1.7
    163    0.8
    164    0.0
    165   32.6
    166   11.7
    167    0.0
    168    0.0
    169   15.5
    170    5.5
    171    9.8
    172    4.0
    173   34.0
    174   16.0
    175   34.0
    176   34.2
    177    5.9
    178    6.0
    179   18.5
    180   44.8
    181   54.8
    182   51.0
    183    1.6
    184   65.5
    185   62.8
    186   35.2
    187   20.4
    188    5.6
    189   50.9
    190   34.7
    191    0.3
    192    9.6
    193    6.8
    194    4.5
    195    0.0
    196    4.5
    197   75.9
    198    6.9
    199    9.4
    200   15.7
    201   13.2
    202   38.6
    203   14.1
    204   40.2
    205   28.5
    206    1.7
    207    0.0
    208   34.0
    209   92.1
    210   24.4
    211   34.3
    212    1.1
    213   34.5
    214   54.1
    215   46.4
    216   24.3
    217   12.5
    218    0.3
    219    6.0
    220   33.4
    221   41.5
    222   21.6
    223   33.8
    224   55.7
    225   10.4
    226    3.3
    227   26.9
    228    1.2
    229    0.0
    230   80.1
    231   22.1
    232    0.0
    233    0.3
    234   18.9
    235   31.2
    236   30.0
    237    0.0
    238   11.5
    239    0.0
    240   17.0
    241    0.0
    242    0.0
    243   28.4
    244    0.8
    245    8.8
    246    0.0
    247    0.2
    248    0.2
    249    2.5
    250    0.0
    251    5.5
    252   32.5
    253   12.3
    254   54.0
    255   14.3
    256   11.7
    257   59.5
    258    6.7
    259    0.0
    260    4.2
    261    2.8
    262   10.0
    263    0.0
    264    0.5
    265   19.4
    266    4.4
    267    0.0
    268    0.3
    269   21.6
    270   55.8
    271    0.9
    272   47.2
    273    4.3
    274    6.7
    275    0.4
    276    0.0
    277    0.6
    278   11.2
    279   67.0
    280   14.1
    281    0.0
    282    0.0
    283    0.0
    284    0.0
    285    0.0
    286    0.0
    287    0.0
    288    0.0
    289    0.0
    290    0.0
    291    0.0
    292    0.1
    293    0.0
    294    0.0
    295    0.0
    296    2.3
    297    0.0
    298    6.5
    299    0.0
    300    0.0
    301    0.0
    302    2.5
    303    1.7
    304    0.0
    305    0.0
    306    0.0
    307    0.0
    308    0.0
    309    0.0
    310    0.0
    311    0.0
    312    0.0
    313    0.0
    314    0.0
    315    0.0
    316    0.0
    317    0.2
    318    0.0
    319    0.0
    320    0.0
    321    0.0
    322    2.5
    323    0.0
    324    0.0
    325    0.0
    326    0.0
    327    0.0
    328    0.0
    329    0.0
    330    0.0
    331    0.0
    332    0.0
    333    0.0
    334    0.0
    335    0.0
    336    0.8
    337    3.1
    338    0.0
    339    0.0
    340    0.0
    341    0.0
    342    0.0
    343    0.0
    344    0.0
    345    0.0
    346    0.0
    347    0.0
    348    0.0
    349    0.0
    350    0.0
    351    0.0
    352    0.0
    353    0.0
    354    0.0
    355    0.0
    356    0.0
    357    0.0
    358    0.0
    359    0.0
    360    0.0
    361    0.0
    362    0.0
    363    0.0
    364    0.0
    365    0.0
