  2013   1   1     0  22.2   8.0   0.0     0     0
  2013   1   2     0  24.7   5.6   0.0     0     0
  2013   1   3     0  23.6   7.6   0.0     0     0
  2013   1   4     0  12.7   6.5   0.0     0     0
  2013   1   5     0  10.2   5.5   0.0     0     0
  2013   1   6     0   9.6   4.6   0.0     0     0
  2013   1   7     0   9.6   8.0   0.0     0     0
  2013   1   8     0   9.6   6.5   0.0     0     0
  2013   1   9     0  15.4   4.3   0.0     0     0
  2013   1  10     0  16.7   2.8   0.0     0     0
  2013   1  11     0  19.3   3.5   0.0     0     0
  2013   1  12     0  22.5   4.0   0.0     0     0
  2013   1  13     0  23.0   5.3   0.0     0     0
  2013   1  14     0  22.1   7.2   0.0     0     0
  2013   1  15     0  22.8   8.4   0.0     0     0
  2013   1  16     0  23.9   8.0   0.0     0     0
  2013   1  17     0  23.4   9.5   0.0     0     0
  2013   1  18     0  24.9  13.4   2.4     0     0
  2013   1  19     0  22.7  12.3  15.0     0     0
  2013   1  20     0  18.7  10.0   0.0     0     0
  2013   1  21     0  12.7   8.0   0.0     0     0
  2013   1  22     0  16.4  10.6   0.0     0     0
  2013   1  23     0  14.2   7.5   0.0     0     0
  2013   1  24     0  11.8   9.0   0.0     0     0
  2013   1  25     0  13.8   9.0   0.0     0     0
  2013   1  26     0  17.8   7.7   0.0     0     0
  2013   1  27     0  15.6  10.5   0.0     0     0
  2013   1  28     0  18.1   6.9   0.0     0     0
  2013   1  29     0  16.1   9.4   0.0     0     0
  2013   1  30     0  22.2   7.0   0.0     0     0
  2013   1  31     0  24.2   8.5   0.0     0     0
  2013   2   1     0  26.2  10.8   0.0     0     0
  2013   2   2     0  25.0  10.5   0.0     0     0
  2013   2   3     0  24.8   8.7   0.0     0     0
  2013   2   4     0  25.2  11.0   0.0     0     0
  2013   2   5     0  21.9  10.5  11.0     0     0
  2013   2   6     0  20.7  13.0   7.2     0     0
  2013   2   7     0  25.3  14.0  12.6     0     0
  2013   2   8     0  24.2  14.0   0.0     0     0
  2013   2   9     0  23.9   9.0   0.0     0     0
  2013   2  10     0  25.3  10.0   0.0     0     0
  2013   2  11     0  25.3   9.2   0.0     0     0
  2013   2  12     0  22.7  11.0   0.0     0     0
  2013   2  13     0  25.7  11.2   0.0     0     0
  2013   2  14     0  27.8   8.0   0.0     0     0
  2013   2  15     0  21.0  11.0   0.0     0     0
  2013   2  16     0  17.5  13.1   0.6     0     0
  2013   2  17     0  21.5  14.4  23.0     0     0
  2013   2  18     0  23.4   9.4   0.0     0     0
  2013   2  19     0  24.0  10.0   0.0     0     0
  2013   2  20     0  26.0  12.5   0.0     0     0
  2013   2  21     0  26.6  10.7   0.0     0     0
  2013   2  22     0  28.0  12.4   0.0     0     0
  2013   2  23     0  27.3  13.5   0.0     0     0
  2013   2  24     0  26.3  16.5   0.0     0     0
  2013   2  25     0  28.7  11.5   0.0     0     0
  2013   2  26     0  28.5  13.0   0.0     0     0
  2013   2  27     0  29.5  12.0   0.0     0     0
  2013   2  28     0  30.5  12.0   0.0     0     0
  2013   3   1     0  25.3  11.9   0.0     0     0
  2013   3   2     0  27.5  12.4   0.0     0     0
  2013   3   3     0  28.8  13.3   0.0     0     0
  2013   3   4     0  29.7  14.5   0.0     0     0
  2013   3   5     0  30.5  15.5   0.0     0     0
  2013   3   6     0  30.9  15.3   0.0     0     0
  2013   3   7     0  29.6  15.8   0.0     0     0
  2013   3   8     0  31.5  16.6   0.0     0     0
  2013   3   9     0  30.6  15.2   0.0     0     0
  2013   3  10     0  31.1  15.5   0.0     0     0
  2013   3  11     0  31.9  15.9   0.0     0     0
  2013   3  12     0  32.0  15.5   0.0     0     0
  2013   3  13     0  31.5  16.2   0.0     0     0
  2013   3  14     0  32.0  16.5   0.0     0     0
  2013   3  15     0  33.8  16.5   0.0     0     0
  2013   3  16     0  33.3  15.0   0.0     0     0
  2013   3  17     0  31.0  15.5   0.0     0     0
  2013   3  18     0  30.3  13.0   0.0     0     0
  2013   3  19     0  30.3  13.0   0.0     0     0
  2013   3  20     0  31.7  11.9   0.0     0     0
  2013   3  21     0  33.0  13.0   0.0     0     0
  2013   3  22     0  31.5  14.0   0.0     0     0
  2013   3  23     0  31.5  18.0   0.0     0     0
  2013   3  24     0  32.2  18.0   0.0     0     0
  2013   3  25     0  36.2  14.0   0.0     0     0
  2013   3  26     0  32.8  14.0   0.0     0     0
  2013   3  27     0  33.4  14.8   0.0     0     0
  2013   3  28     0  30.7  17.5   0.0     0     0
  2013   3  29     0  34.6  16.0     T     0     0
  2013   3  30     0  34.8  16.4  10.5     0     0
  2013   3  31     0  34.5  15.6   0.0     0     0
  2013   4   1     0  35.3  16.8   0.0     0     0
  2013   4   2     0  37.0  17.5   0.0     0     0
  2013   4   3     0  37.7  18.0   0.0     0     0
  2013   4   4     0  36.5  16.4   0.0     0     0
  2013   4   5     0  35.1  16.0   0.0     0     0
  2013   4   6     0  35.4  15.0   0.0     0     0
  2013   4   7     0  34.6  14.9   0.0     0     0
  2013   4   8     0  37.5  18.5   0.0     0     0
  2013   4   9     0  38.1  20.0   0.0     0     0
  2013   4  10     0  40.1  21.0   0.0     0     0
  2013   4  11     0  40.5  18.8   0.0     0     0
  2013   4  12     0  40.0  18.5   0.0     0     0
  2013   4  13     0  40.4  18.7   0.0     0     0
  2013   4  14     0  39.3  19.0   0.0     0     0
  2013   4  15     0  37.2  19.0   0.0     0     0
  2013   4  16     0  35.7  19.2   0.0     0     0
  2013   4  17     0  33.3  19.2   0.0     0     0
  2013   4  18     0  35.1  20.5   0.0     0     0
  2013   4  19     0  35.7  19.5   0.0     0     0
  2013   4  20     0  36.5  23.2   0.0     0     0
  2013   4  21     0  33.2  17.4  45.0     0     0
  2013   4  22     0  30.2  19.5   9.4     0     0
  2013   4  23     0  34.4  19.8   0.0     0     0
  2013   4  24     0  31.0  21.8   0.0     0     0
  2013   4  25     0  33.2  22.5   0.0     0     0
  2013   4  26     0  35.4  23.7   0.0     0     0
  2013   4  27     0  39.3  23.8   0.0     0     0
  2013   4  28     0  35.6  21.5   0.0     0     0
  2013   4  29     0  34.8  24.5   0.0     0     0
  2013   4  30     0  37.8  24.0   0.0     0     0
  2013   5   1     0  41.2  24.2   0.0     0     0
  2013   5   2     0  40.2  20.5   0.0     0     0
  2013   5   3     0  38.5  18.5   0.0     0     0
  2013   5   4     0  38.5  19.4   0.0     0     0
  2013   5   5     0  35.0  22.8   0.0     0     0
  2013   5   6     0  35.0  24.6   0.0     0     0
  2013   5   7     0  35.0  24.6   0.0     0     0
  2013   5   8     0  35.2  25.5   0.0     0     0
  2013   5   9     0  37.5  26.4   0.0     0     0
  2013   5  10     0  36.8  26.5   0.0     0     0
  2013   5  11     0  39.2  27.0   0.0     0     0
  2013   5  12     0  39.2  27.4   0.0     0     0
  2013   5  13     0  36.0  21.4   0.0     0     0
  2013   5  14     0  38.0  23.2   0.0     0     0
  2013   5  15     0  38.0  25.0   0.0     0     0
  2013   5  16     0  35.4  23.0   0.0     0     0
  2013   5  17     0  35.5  22.5   0.0     0     0
  2013   5  18     0  36.8  25.7   0.0     0     0
  2013   5  19     0  35.8  26.4   0.0     0     0
  2013   5  20     0  33.7  27.5   0.0     0     0
  2013   5  21     0  35.2  27.0   0.0     0     0
  2013   5  22     0  35.3  28.4   0.0     0     0
  2013   5  23     0  35.7  28.4   0.0     0     0
  2013   5  24     0  35.1  27.4   0.0     0     0
  2013   5  25     0  37.8  28.5   0.0     0     0
  2013   5  26     0  35.4  27.0   0.0     0     0
  2013   5  27     0  33.5  23.5   0.0     0     0
  2013   5  28     0  37.7  25.5   0.0     0     0
  2013   5  29     0  37.6  28.0   0.0     0     0
  2013   5  30     0  35.6  28.0   3.3     0     0
  2013   5  31     0  27.6  24.5  10.4     0     0
  2013   6   1     0   DNA   DNA   1.4     0     0
  2013   6   2     0   DNA   DNA     T     0     0
  2013   6   3     0   DNA   DNA   0.0     0     0
  2013   6   4     0   DNA   DNA   0.0     0     0
  2013   6   5     0   DNA   DNA   0.0     0     0
  2013   6   6     0   DNA   DNA   0.0     0     0
  2013   6   7     0   DNA   DNA   8.7     0     0
  2013   6   8     0   DNA   DNA   0.0     0     0
  2013   6   9     0   DNA   DNA   2.4     0     0
  2013   6  10     0   DNA   DNA   0.0     0     0
  2013   6  11     0   DNA   DNA  42.7     0     0
  2013   6  12     0   DNA   DNA   0.0     0     0
  2013   6  13     0   DNA   DNA   0.0     0     0
  2013   6  14     0   DNA   DNA   0.0     0     0
  2013   6  15     0   DNA   DNA     T     0     0
  2013   6  16     0   DNA   DNA  13.5     0     0
  2013   6  17     0   DNA   DNA 144.6     0     0
  2013   6  18     0   DNA   DNA  86.1     0     0
  2013   6  19     0   DNA   DNA  56.1     0     0
  2013   6  20     0   DNA   DNA   2.7     0     0
  2013   6  21     0   DNA   DNA   0.0     0     0
  2013   6  22     0   DNA   DNA   8.6     0     0
  2013   6  23     0   DNA   DNA   0.0     0     0
  2013   6  24     0   DNA   DNA   2.0     0     0
  2013   6  25     0   DNA   DNA   8.6     0     0
  2013   6  26     0   DNA   DNA   0.0     0     0
  2013   6  27     0   DNA   DNA   0.0     0     0
  2013   6  28     0   DNA   DNA  13.1     0     0
  2013   6  29     0   DNA   DNA 142.1     0     0
  2013   6  30     0   DNA   DNA  19.8     0     0
  2013   7   1     0   DNA   DNA   4.6     0     0
  2013   7   2     0   DNA   DNA  10.1     0     0
  2013   7   3     0   DNA   DNA   1.0     0     0
  2013   7   4     0   DNA   DNA   0.0     0     0
  2013   7   5     0   DNA   DNA   1.2     0     0
  2013   7   6     0   DNA   DNA  12.2     0     0
  2013   7   7     0   DNA   DNA   1.0     0     0
  2013   7   8     0   DNA   DNA  18.0     0     0
  2013   7   9     0   DNA   DNA  98.2     0     0
  2013   7  10     0   DNA   DNA  39.2     0     0
  2013   7  11     0   DNA   DNA   9.0     0     0
  2013   7  12     0   DNA   DNA   0.0     0     0
  2013   7  13     0   DNA   DNA   0.0     0     0
  2013   7  14     0   DNA   DNA   0.0     0     0
  2013   7  15     0   DNA   DNA   0.0     0     0
  2013   7  16     0   DNA   DNA   0.0     0     0
  2013   7  17     0   DNA   DNA   0.2     0     0
  2013   7  18     0   DNA   DNA   8.4     0     0
  2013   7  19     0   DNA   DNA  12.8     0     0
  2013   7  20     0   DNA   DNA   4.8     0     0
  2013   7  21     0   DNA   DNA   0.4     0     0
  2013   7  22     0   DNA   DNA   3.0     0     0
  2013   7  23     0   DNA   DNA  97.6     0     0
  2013   7  24     0   DNA   DNA  24.0     0     0
  2013   7  25     0   DNA   DNA 118.2     0     0
  2013   7  26     0   DNA   DNA   2.0     0     0
  2013   7  27     0   DNA   DNA  18.0     0     0
  2013   7  28     0   DNA   DNA   0.0     0     0
  2013   7  29     0   DNA   DNA   0.0     0     0
  2013   7  30     0   DNA   DNA   0.0     0     0
  2013   7  31     0   DNA   DNA   0.0     0     0
  2013   8   1     0   DNA   DNA   1.0     0     0
  2013   8   2     0   DNA   DNA   0.0     0     0
  2013   8   3     0   DNA   DNA   0.0     0     0
  2013   8   4     0   DNA   DNA   0.0     0     0
  2013   8   5     0   DNA   DNA  11.7     0     0
  2013   8   6     0   DNA   DNA  35.0     0     0
  2013   8   7     0   DNA   DNA  13.0     0     0
  2013   8   8     0   DNA   DNA   5.0     0     0
  2013   8   9     0   DNA   DNA  13.0     0     0
  2013   8  10     0   DNA   DNA   0.3     0     0
  2013   8  11     0   DNA   DNA  22.0     0     0
  2013   8  12     0   DNA   DNA  74.6     0     0
  2013   8  13     0   DNA   DNA   5.0     0     0
  2013   8  14     0   DNA   DNA   1.2     0     0
  2013   8  15     0   DNA   DNA  10.0     0     0
  2013   8  16     0   DNA   DNA   0.0     0     0
  2013   8  17     0   DNA   DNA   5.6     0     0
  2013   8  18     0   DNA   DNA   8.3     0     0
  2013   8  19     0   DNA   DNA   4.0     0     0
  2013   8  20     0   DNA   DNA   0.0     0     0
  2013   8  21     0   DNA   DNA   0.0     0     0
  2013   8  22     0   DNA   DNA     T     0     0
  2013   8  23     0   DNA   DNA   0.0     0     0
  2013   8  24     0   DNA   DNA   0.0     0     0
  2013   8  25     0   DNA   DNA   0.0     0     0
  2013   8  26     0   DNA   DNA  29.6     0     0
  2013   8  27     0   DNA   DNA  50.2     0     0
  2013   8  28     0   DNA   DNA   4.1     0     0
  2013   8  29     0   DNA   DNA   1.0     0     0
  2013   8  30     0   DNA   DNA   1.0     0     0
  2013   8  31     0   DNA   DNA   0.0     0     0
  2013   9   1     0   DNA   DNA   4.0     0     0
  2013   9   2     0   DNA   DNA   0.0     0     0
  2013   9   3     0   DNA   DNA  46.6     0     0
  2013   9   4     0   DNA   DNA   8.0     0     0
  2013   9   5     0   DNA   DNA   0.0     0     0
  2013   9   6     0   DNA   DNA   0.0     0     0
  2013   9   7     0   DNA   DNA  15.7     0     0
  2013   9   8     0   DNA   DNA   0.0     0     0
  2013   9   9     0   DNA   DNA   0.0     0     0
  2013   9  10     0   DNA   DNA   0.0     0     0
  2013   9  11     0   DNA   DNA   0.0     0     0
  2013   9  12     0   DNA   DNA   0.0     0     0
  2013   9  13     0   DNA   DNA   0.0     0     0
  2013   9  14     0   DNA   DNA   0.0     0     0
  2013   9  15     0   DNA   DNA   2.6     0     0
  2013   9  16     0   DNA   DNA   0.0     0     0
  2013   9  17     0   DNA   DNA     T     0     0
  2013   9  18     0   DNA   DNA   0.0     0     0
  2013   9  19     0   DNA   DNA   0.0     0     0
  2013   9  20     0   DNA   DNA   0.0     0     0
  2013   9  21     0   DNA   DNA   0.0     0     0
  2013   9  22     0   DNA   DNA     T     0     0
  2013   9  23     0   DNA   DNA   0.0     0     0
  2013   9  24     0   DNA   DNA   0.0     0     0
  2013   9  25     0   DNA   DNA   0.0     0     0
  2013   9  26     0   DNA   DNA   1.0     0     0
  2013   9  27     0   DNA   DNA   0.0     0     0
  2013   9  28     0   DNA   DNA   0.0     0     0
  2013   9  29     0   DNA   DNA   0.0     0     0
  2013   9  30     0   DNA   DNA     T     0     0
  2013  10   1     0   DNA   DNA   0.0     0     0
  2013  10   2     0   DNA   DNA   1.0     0     0
  2013  10   3     0   DNA   DNA   0.0     0     0
  2013  10   4     0   DNA   DNA   0.4     0     0
  2013  10   5     0   DNA   DNA   1.0     0     0
  2013  10   6     0   DNA   DNA  13.0     0     0
  2013  10   7     0   DNA   DNA   0.0     0     0
  2013  10   8     0   DNA   DNA   0.0     0     0
  2013  10   9     0   DNA   DNA   0.0     0     0
  2013  10  10     0   DNA   DNA   0.0     0     0
  2013  10  11     0   DNA   DNA   0.4     0     0
  2013  10  12     0   DNA   DNA   0.0     0     0
  2013  10  13     0   DNA   DNA     T     0     0
  2013  10  14     0   DNA   DNA  16.0     0     0
  2013  10  15     0   DNA   DNA  59.3     0     0
  2013  10  16     0   DNA   DNA  36.4     0     0
  2013  10  17     0   DNA   DNA   1.0     0     0
  2013  10  18     0   DNA   DNA   0.0     0     0
  2013  10  19     0   DNA   DNA   0.0     0     0
  2013  10  20     0   DNA   DNA   0.0     0     0
  2013  10  21     0   DNA   DNA   0.0     0     0
  2013  10  22     0   DNA   DNA   0.0     0     0
  2013  10  23     0   DNA   DNA   0.0     0     0
  2013  10  24     0   DNA   DNA   0.0     0     0
  2013  10  25     0   DNA   DNA   0.0     0     0
  2013  10  26     0   DNA   DNA   0.0     0     0
  2013  10  27     0   DNA   DNA   0.0     0     0
  2013  10  28     0   DNA   DNA   0.0     0     0
  2013  10  29     0   DNA   DNA   0.0     0     0
  2013  10  30     0   DNA   DNA   0.0     0     0
  2013  10  31     0   DNA   DNA   0.0     0     0
  2013  11   1     0   DNA   DNA   0.0     0     0
  2013  11   2     0   DNA   DNA   0.0     0     0
  2013  11   3     0   DNA   DNA   0.0     0     0
  2013  11   4     0   DNA   DNA   0.0     0     0
  2013  11   5     0   DNA   DNA   0.0     0     0
  2013  11   6     0   DNA   DNA   0.0     0     0
  2013  11   7     0   DNA   DNA   0.0     0     0
  2013  11   8     0   DNA   DNA   0.0     0     0
  2013  11   9     0   DNA   DNA   0.0     0     0
  2013  11  10     0   DNA   DNA   0.0     0     0
  2013  11  11     0   DNA   DNA   0.0     0     0
  2013  11  12     0   DNA   DNA   0.0     0     0
  2013  11  13     0   DNA   DNA   0.0     0     0
  2013  11  14     0   DNA   DNA   0.0     0     0
  2013  11  15     0   DNA   DNA   0.0     0     0
  2013  11  16     0   DNA   DNA   0.0     0     0
  2013  11  17     0   DNA   DNA   0.0     0     0
  2013  11  18     0   DNA   DNA   0.0     0     0
  2013  11  19     0   DNA   DNA   0.0     0     0
  2013  11  20     0   DNA   DNA   0.0     0     0
  2013  11  21     0   DNA   DNA   0.0     0     0
  2013  11  22     0   DNA   DNA   0.0     0     0
  2013  11  23     0   DNA   DNA   0.0     0     0
  2013  11  24     0   DNA   DNA   0.0     0     0
  2013  11  25     0   DNA   DNA   0.0     0     0
  2013  11  26     0   DNA   DNA   0.0     0     0
  2013  11  27     0   DNA   DNA   0.0     0     0
  2013  11  28     0   DNA   DNA   0.0     0     0
  2013  11  29     0   DNA   DNA   0.0     0     0
  2013  11  30     0   DNA   DNA   0.0     0     0
  2013  12   1     0  27.5  13.0   0.0     0     0
  2013  12   2     0  28.5  12.2   0.0     0     0
  2013  12   3     0  29.0  12.0   0.0     0     0
  2013  12   4     0  28.2  11.5   0.0     0     0
  2013  12   5     0  28.2  11.0   0.0     0     0
  2013  12   6     0  28.0  11.5   0.0     0     0
  2013  12   7     0  27.8  10.8   0.0     0     0
  2013  12   8     0  27.7  11.4   0.0     0     0
  2013  12   9     0  27.6  11.5   0.0     0     0
  2013  12  10     0  26.8  11.7   0.0     0     0
  2013  12  11     0  26.6  10.0   0.0     0     0
  2013  12  12     0  24.0  10.0   0.0     0     0
  2013  12  13     0  22.7  10.5   0.0     0     0
  2013  12  14     0  27.8  11.0   0.0     0     0
  2013  12  15     0  25.0   9.5   0.0     0     0
  2013  12  16     0  25.8   9.0   0.0     0     0
  2013  12  17     0  25.0   9.8   0.0     0     0
  2013  12  18     0  23.0   9.9   0.0     0     0
  2013  12  19     0  23.0  10.0   0.0     0     0
  2013  12  20     0  22.8   9.5   0.0     0     0
  2013  12  21     0  24.8   9.3   0.0     0     0
  2013  12  22     0  25.2   9.6   0.0     0     0
  2013  12  23     0  18.5  11.4   0.0     0     0
  2013  12  24     0  16.5  12.5   0.0     0     0
  2013  12  25     0  18.0   9.5   0.0     0     0
  2013  12  26     0  15.7  10.8   0.0     0     0
  2013  12  27     0  20.5   9.5   0.0     0     0
  2013  12  28     0  17.6   8.5   0.0     0     0
  2013  12  29     0  20.8   8.2   0.0     0     0
  2013  12  30     0  20.8   8.2   0.0     0     0
  2013  12  31     0  21.0   9.5   1.2     0     0
