  1984   1   1     0  23.2   8.0   0.0     0     0
  1984   1   2     0  22.2   9.5   0.0     0     0
  1984   1   3     0  22.8   8.4   0.0     0     0
  1984   1   4     0  23.3   8.3   0.0     0     0
  1984   1   5     0  23.4   8.2   0.0     0     0
  1984   1   6     0  24.2   8.9   0.0     0     0
  1984   1   7     0  24.4   7.9   0.0     0     0
  1984   1   8     0  24.4   8.7   0.0     0     0
  1984   1   9     0  23.9   7.4   0.0     0     0
  1984   1  10     0  23.0   8.2   0.0     0     0
  1984   1  11     0  24.2   7.2   0.0     0     0
  1984   1  12     0  24.4   7.2   0.0     0     0
  1984   1  13     0  23.1   9.2   0.0     0     0
  1984   1  14     0  24.9   9.1   0.0     0     0
  1984   1  15     0  20.1   9.9   0.0     0     0
  1984   1  16     0  17.3  12.3   0.0     0     0
  1984   1  17     0  15.2   7.2   5.2     0     0
  1984   1  18     0  16.2   6.1   0.0     0     0
  1984   1  19     0  19.2   5.4   0.0     0     0
  1984   1  20     0  20.2   7.2   0.0     0     0
  1984   1  21     0  20.9   9.0   0.0     0     0
  1984   1  22     0  22.1   9.8   0.0     0     0
  1984   1  23     0  22.4   7.4   0.0     0     0
  1984   1  24     0  21.6   5.4   0.0     0     0
  1984   1  25     0  22.9   6.7   0.0     0     0
  1984   1  26     0  22.8   6.5   0.0     0     0
  1984   1  27     0  22.0   5.0   0.0     0     0
  1984   1  28     0  22.1   5.0   0.0     0     0
  1984   1  29     0  21.6   6.9   0.0     0     0
  1984   1  30     0  22.0   6.0   0.0     0     0
  1984   1  31     0  23.0   8.2   0.0     0     0
  1984   2   1     0  23.9   7.9   0.0     0     0
  1984   2   2     0  25.3   8.8   0.0     0     0
  1984   2   3     0  25.3  12.8   0.0     0     0
  1984   2   4     0  26.4  10.4     T     0     0
  1984   2   5     0  24.6  10.5   0.0     0     0
  1984   2   6     0  23.8   8.4   0.0     0     0
  1984   2   7     0  21.6   9.4   0.0     0     0
  1984   2   8     0  24.2   9.1   0.0     0     0
  1984   2   9     0  22.1   7.3   0.0     0     0
  1984   2  10     0  23.5  10.0   0.0     0     0
  1984   2  11     0  22.1  10.3   0.0     0     0
  1984   2  12     0  24.2   9.4   1.0     0     0
  1984   2  13     0  25.2   7.0   0.0     0     0
  1984   2  14     0  26.3   8.2   0.0     0     0
  1984   2  15     0  26.3   8.5   0.0     0     0
  1984   2  16     0  26.6   8.8   0.0     0     0
  1984   2  17     0  27.7   9.6   0.0     0     0
  1984   2  18     0  26.6  11.5   0.0     0     0
  1984   2  19     0  25.3  16.0   1.0     0     0
  1984   2  20     0  26.3  15.0   0.0     0     0
  1984   2  21     0  27.0  14.4   0.0     0     0
  1984   2  22     0  22.3  11.6   0.0     0     0
  1984   2  23     0  22.2   7.0   0.0     0     0
  1984   2  24     0  23.0   7.0   0.0     0     0
  1984   2  25     0  22.7   5.5   0.0     0     0
  1984   2  26     0  23.6   5.0   0.0     0     0
  1984   2  27     0  25.2   7.0   0.0     0     0
  1984   2  28     0  25.7   8.3   0.0     0     0
  1984   2  29     0  25.5   9.3   0.0     0     0
  1984   3   1     0  26.8   9.8   0.0     0     0
  1984   3   2     0  28.6  11.9   0.0     0     0
  1984   3   3     0  27.6  12.0   0.0     0     0
  1984   3   4     0  28.9  12.0   0.0     0     0
  1984   3   5     0  28.2  11.5   0.0     0     0
  1984   3   6     0  28.6  10.7   0.0     0     0
  1984   3   7     0  28.7  11.0   0.0     0     0
  1984   3   8     0  29.2  11.3   0.0     0     0
  1984   3   9     0  29.1  12.6   0.0     0     0
  1984   3  10     0  29.8  14.2   0.0     0     0
  1984   3  11     0  31.2  14.4   0.0     0     0
  1984   3  12     0  32.2  15.0   0.0     0     0
  1984   3  13     0  34.2  13.9   0.0     0     0
  1984   3  14     0  34.4  12.8   0.0     0     0
  1984   3  15     0  34.0  14.8   0.0     0     0
  1984   3  16     0  34.5  15.5   0.0     0     0
  1984   3  17     0  36.3  16.1   0.0     0     0
  1984   3  18     0  36.8  15.0   0.0     0     0
  1984   3  19     0  36.2  17.4   0.0     0     0
  1984   3  20     0  30.6  12.2   0.0     0     0
  1984   3  21     0  31.6  13.5   0.0     0     0
  1984   3  22     0  31.9  15.5   0.0     0     0
  1984   3  23     0  33.7  16.4   0.0     0     0
  1984   3  24     0  33.3  17.8   0.0     0     0
  1984   3  25     0  35.2  18.9   0.0     0     0
  1984   3  26     0  34.7  20.0   0.0     0     0
  1984   3  27     0  32.8  16.0   2.1     0     0
  1984   3  28     0  34.8  15.8   0.0     0     0
  1984   3  29     0  35.3  18.5   0.0     0     0
  1984   3  30     0  36.1  20.3   0.0     0     0
  1984   3  31     0  37.2  21.4   0.0     0     0
  1984   4   1     0  38.4  23.2   0.0     0     0
  1984   4   2     0  39.5  19.8   0.0     0     0
  1984   4   3     0  39.4  18.6   0.0     0     0
  1984   4   4     0  38.6  19.2   0.0     0     0
  1984   4   5     0  37.7  17.5   0.0     0     0
  1984   4   6     0  36.8  12.8   0.0     0     0
  1984   4   7     0  37.8  17.4   0.0     0     0
  1984   4   8     0  37.2  19.0   0.0     0     0
  1984   4   9     0  37.3  16.2   0.0     0     0
  1984   4  10     0  30.8  21.2   1.0     0     0
  1984   4  11     0  34.1  16.0   0.0     0     0
  1984   4  12     0  35.5  16.6   0.0     0     0
  1984   4  13     0  37.1  17.9   0.0     0     0
  1984   4  14     0  38.0  20.2   0.0     0     0
  1984   4  15     0  39.4  22.8   0.0     0     0
  1984   4  16     0  39.9  23.1   0.0     0     0
  1984   4  17     0  40.9  24.2   0.0     0     0
  1984   4  18     0  40.9  21.6   0.0     0     0
  1984   4  19     0  41.7  20.4   0.0     0     0
  1984   4  20     0  42.0  20.3   0.0     0     0
  1984   4  21     0  39.0  20.9   0.0     0     0
  1984   4  22     0  37.0  24.4   0.0     0     0
  1984   4  23     0  37.4  20.6   0.0     0     0
  1984   4  24     0  35.8  21.4   5.4     0     0
  1984   4  25     0  37.6  22.4   0.0     0     0
  1984   4  26     0  40.0  23.0   0.0     0     0
  1984   4  27     0  37.5  23.9   0.0     0     0
  1984   4  28     0  35.2  22.7   0.0     0     0
  1984   4  29     0  36.1  21.0   0.0     0     0
  1984   4  30     0  38.6  23.1   0.0     0     0
  1984   5   1     0  37.2  24.7   0.0     0     0
  1984   5   2     0  36.9  20.5   0.0     0     0
  1984   5   3     0  36.7  25.6   0.0     0     0
  1984   5   4     0  37.6  27.0   0.0     0     0
  1984   5   5     0  37.2  26.8   0.0     0     0
  1984   5   6     0  36.3  26.3   0.0     0     0
  1984   5   7     0  34.1  25.0   0.0     0     0
  1984   5   8     0  34.6  25.1   0.0     0     0
  1984   5   9     0  32.4  22.5   0.0     0     0
  1984   5  10     0  29.5  22.8   1.5     0     0
  1984   5  11     0  32.4  20.8   4.5     0     0
  1984   5  12     0  33.7  23.7   0.0     0     0
  1984   5  13     0  33.7  25.8   0.0     0     0
  1984   5  14     0  36.0  26.5   0.0     0     0
  1984   5  15     0  36.6  26.3   0.0     0     0
  1984   5  16     0  36.4  25.8   0.0     0     0
  1984   5  17     0  42.0  26.7   0.0     0     0
  1984   5  18     0  42.5  25.8   0.0     0     0
  1984   5  19     0  38.2  22.5   0.0     0     0
  1984   5  20     0  39.4  28.2   0.0     0     0
  1984   5  21     0  38.4  27.8   0.0     0     0
  1984   5  22     0  39.6  28.6   0.0     0     0
  1984   5  23     0  37.7  27.8   0.0     0     0
  1984   5  24     0  36.3  27.6   0.0     0     0
  1984   5  25     0  35.5  27.6   0.0     0     0
  1984   5  26     0  37.1  28.2   0.0     0     0
  1984   5  27     0  37.0  28.6   0.0     0     0
  1984   5  28     0  36.6  29.0   0.0     0     0
  1984   5  29     0  31.8  22.4  58.5     0     0
  1984   5  30     0  34.0  26.0   0.0     0     0
  1984   5  31     0  36.4  26.1   0.0     0     0
  1984   6   1     0  38.9  28.2   0.0     0     0
  1984   6   2     0  39.1  24.8   2.2     0     0
  1984   6   3     0  37.8  29.8   0.0     0     0
  1984   6   4     0  37.6  28.4   0.0     0     0
  1984   6   5     0  32.6  25.4  13.4     0     0
  1984   6   6     0  33.2  27.1   0.0     0     0
  1984   6   7     0  31.9  24.0 220.7     0     0
  1984   6   8     0  38.9  25.6   0.0     0     0
  1984   6   9     0  29.9  25.0  12.3     0     0
  1984   6  10     0  31.4  26.6   1.9     0     0
  1984   6  11     0  31.4  24.1  46.9     0     0
  1984   6  12     0  24.5  23.2  91.0     0     0
  1984   6  13     0  33.7  23.3 252.2     0     0
  1984   6  14     0  33.5  23.0  65.2     0     0
  1984   6  15     0  33.9  27.4   0.0     0     0
  1984   6  16     0  30.7  24.9  30.6     0     0
  1984   6  17     0  29.8  23.4  21.0     0     0
  1984   6  18     0  26.6  24.8  12.5     0     0
  1984   6  19     0  30.2  24.3  23.9     0     0
  1984   6  20     0  32.2  25.2   1.1     0     0
  1984   6  21     0  35.2  26.0   0.0     0     0
  1984   6  22     0  35.3  23.7  48.1     0     0
  1984   6  23     0  35.1  28.0   0.0     0     0
  1984   6  24     0  34.6  25.8  15.0     0     0
  1984   6  25     0  29.4  24.2  47.3     0     0
  1984   6  26     0  34.4  26.2   3.5     0     0
  1984   6  27     0  34.2  28.0   0.0     0     0
  1984   6  28     0  33.4  25.0  31.0     0     0
  1984   6  29     0  32.8  26.6   0.0     0     0
  1984   6  30     0  34.7  27.0   1.1     0     0
  1984   7   1     0  33.6  26.7   1.0     0     0
  1984   7   2     0  33.6  27.2   0.0     0     0
  1984   7   3     0  33.7  27.8   0.0     0     0
  1984   7   4     0  34.6  27.4   0.0     0     0
  1984   7   5     0  34.3  28.2   0.0     0     0
  1984   7   6     0  34.1  27.8   0.0     0     0
  1984   7   7     0  33.6  27.2   2.4     0     0
  1984   7   8     0  28.0  25.2  31.2     0     0
  1984   7   9     0  27.1  25.0  16.9     0     0
  1984   7  10     0  33.2  25.6   7.5     0     0
  1984   7  11     0  33.2  26.0  18.5     0     0
  1984   7  12     0  34.2  24.0  13.0     0     0
  1984   7  13     0  33.4  23.9  10.0     0     0
  1984   7  14     0  33.4  23.9  11.7     0     0
  1984   7  15     0  31.2  26.0     T     0     0
  1984   7  16     0  33.4  24.9  65.4     0     0
  1984   7  17     0  34.2  26.5   6.4     0     0
  1984   7  18     0  33.0  26.9   4.0     0     0
  1984   7  19     0  32.7  25.6   3.0     0     0
  1984   7  20     0  35.2  26.4   0.0     0     0
  1984   7  21     0  30.9  27.3   0.0     0     0
  1984   7  22     0  31.4  26.1  36.2     0     0
  1984   7  23     0  28.6  24.2  80.2     0     0
  1984   7  24     0  27.3  24.8  92.0     0     0
  1984   7  25     0  31.3  25.0  13.2     0     0
  1984   7  26     0  27.7  26.5   3.7     0     0
  1984   7  27     0  27.6  25.5  53.0     0     0
  1984   7  28     0  31.4  25.3  22.6     0     0
  1984   7  29     0  32.4  25.0  25.0     0     0
  1984   7  30     0  32.3  23.6  92.2     0     0
  1984   7  31     0  32.7  27.0   0.8     0     0
  1984   8   1     0  33.3  26.2   0.6     0     0
  1984   8   2     0  32.3  25.2   6.2     0     0
  1984   8   3     0  32.8  26.2   0.0     0     0
  1984   8   4     0  34.1  26.4   0.0     0     0
  1984   8   5     0  35.4  26.4   0.0     0     0
  1984   8   6     0  36.2  27.5   0.0     0     0
  1984   8   7     0  37.3  27.2   0.0     0     0
  1984   8   8     0  34.7  25.4  59.4     0     0
  1984   8   9     0  34.1  27.7   0.0     0     0
  1984   8  10     0  33.8  27.8   0.0     0     0
  1984   8  11     0  34.3  26.7   0.0     0     0
  1984   8  12     0  34.5  28.0   0.0     0     0
  1984   8  13     0  34.3  27.5   1.6     0     0
  1984   8  14     0  37.3  27.2   0.0     0     0
  1984   8  15     0  36.7  25.8  11.4     0     0
  1984   8  16     0  35.0  25.4   2.1     0     0
  1984   8  17     0  33.4  27.0   0.0     0     0
  1984   8  18     0  32.2  26.5   0.0     0     0
  1984   8  19     0  32.6  26.1   3.0     0     0
  1984   8  20     0  32.2  26.1   7.3     0     0
  1984   8  21     0  35.0  26.2   0.0     0     0
  1984   8  22     0  34.4  26.9   0.0     0     0
  1984   8  23     0  34.1  24.0  44.0     0     0
  1984   8  24     0  33.3  26.0  26.3     0     0
  1984   8  25     0  34.2  26.8   0.0     0     0
  1984   8  26     0  32.9  25.6  27.0     0     0
  1984   8  27     0  33.9  25.7  17.0     0     0
  1984   8  28     0   DNA  24.9  41.6     0     0
  1984   8  29     0   DNA  26.0   2.8     0     0
  1984   8  30     0  30.8  26.6   0.0     0     0
  1984   8  31     0  32.7  25.8   4.6     0     0
  1984   9   1     0  33.6  26.4  10.7     0     0
  1984   9   2     0  31.1  25.8   2.1     0     0
  1984   9   3     0  32.6  25.5  20.5     0     0
  1984   9   4     0  32.3  25.6   1.6     0     0
  1984   9   5     0  30.1  25.5   0.0     0     0
  1984   9   6     0  25.4  24.2  16.0     0     0
  1984   9   7     0  25.7  23.6 109.1     0     0
  1984   9   8     0  27.4  23.4   0.0     0     0
  1984   9   9     0  32.8  24.1   7.2     0     0
  1984   9  10     0  30.1  24.7  11.2     0     0
  1984   9  11     0  32.9  23.5   3.0     0     0
  1984   9  12     0  32.9  24.6   0.0     0     0
  1984   9  13     0  33.1  24.3   0.0     0     0
  1984   9  14     0  33.4  24.9  44.0     0     0
  1984   9  15     0  33.6  26.1     T     0     0
  1984   9  16     0  32.3  25.6   0.0     0     0
  1984   9  17     0  29.8  25.4   0.5     0     0
  1984   9  18     0  28.8  25.4  16.0     0     0
  1984   9  19     0  30.2  23.8  60.4     0     0
  1984   9  20     0  32.0  22.7  12.0     0     0
  1984   9  21     0  33.4  24.3     T     0     0
  1984   9  22     0  33.4  23.8   0.0     0     0
  1984   9  23     0  33.1  23.6   0.0     0     0
  1984   9  24     0  33.2  23.5   0.0     0     0
  1984   9  25     0  32.9  20.8   0.0     0     0
  1984   9  26     0  33.6  23.2   0.0     0     0
  1984   9  27     0  32.9  22.2   0.0     0     0
  1984   9  28     0  33.6  22.0   0.0     0     0
  1984   9  29     0  33.8  22.4   0.0     0     0
  1984   9  30     0  33.9  21.8   0.0     0     0
  1984  10   1     0  34.0  21.5   0.0     0     0
  1984  10   2     0  34.2  21.9   0.0     0     0
  1984  10   3     0  35.0  23.0   0.0     0     0
  1984  10   4     0  34.1  23.3   0.0     0     0
  1984  10   5     0  34.0  23.2   0.0     0     0
  1984  10   6     0  33.4  20.0   0.0     0     0
  1984  10   7     0  33.2  20.5   0.0     0     0
  1984  10   8     0  33.4  21.5   0.0     0     0
  1984  10   9     0  33.3  23.0   0.0     0     0
  1984  10  10     0  29.2  22.2   0.0     0     0
  1984  10  11     0  31.0  21.2   0.0     0     0
  1984  10  12     0  32.7  21.6   0.0     0     0
  1984  10  13     0  34.9  21.1   0.0     0     0
  1984  10  14     0  32.7  22.4   0.0     0     0
  1984  10  15     0  30.8  23.0  30.4     0     0
  1984  10  16     0  32.0  24.4   8.4     0     0
  1984  10  17     0  33.0  25.4   0.0     0     0
  1984  10  18     0  34.4  23.4   0.0     0     0
  1984  10  19     0  34.7  23.4   0.0     0     0
  1984  10  20     0  33.1  21.7   0.0     0     0
  1984  10  21     0  32.2  18.6   0.0     0     0
  1984  10  22     0  32.1  20.1   0.0     0     0
  1984  10  23     0  32.2  21.0   0.0     0     0
  1984  10  24     0  32.6  19.9   0.0     0     0
  1984  10  25     0  32.5  19.6   0.0     0     0
  1984  10  26     0  32.1  18.2   0.0     0     0
  1984  10  27     0   DNA  18.0   0.0     0     0
  1984  10  28     0  32.5  18.0   0.0     0     0
  1984  10  29     0  32.2  17.3   0.0     0     0
  1984  10  30     0  31.8  16.7   0.0     0     0
  1984  10  31     0  30.8  15.4   0.0     0     0
  1984  11   1     0  30.8  14.2   0.0     0     0
  1984  11   2     0  30.5  13.9   0.0     0     0
  1984  11   3     0  31.1  14.0   0.0     0     0
  1984  11   4     0  31.5  14.3   0.0     0     0
  1984  11   5     0  31.0  21.2   0.0     0     0
  1984  11   6     0  31.3  14.2   0.0     0     0
  1984  11   7     0  30.0  14.0   0.0     0     0
  1984  11   8     0  29.4  13.1   0.0     0     0
  1984  11   9     0  29.4  13.2   0.0     0     0
  1984  11  10     0  29.7  14.0   0.0     0     0
  1984  11  11     0  29.2  13.1   0.0     0     0
  1984  11  12     0  28.2  11.0   0.0     0     0
  1984  11  13     0  28.2  12.0   0.0     0     0
  1984  11  14     0  28.6  12.0   0.0     0     0
  1984  11  15     0  28.8  12.4   0.0     0     0
  1984  11  16     0  29.4  13.4   0.0     0     0
  1984  11  17     0  29.3  13.4   0.0     0     0
  1984  11  18     0  29.1  12.5   0.0     0     0
  1984  11  19     0  29.2  12.2   0.0     0     0
  1984  11  20     0  29.2  11.9   0.0     0     0
  1984  11  21     0  28.9  12.3   0.0     0     0
  1984  11  22     0  28.3  12.7   0.0     0     0
  1984  11  23     0  28.2  11.4   0.0     0     0
  1984  11  24     0  28.4  12.4   0.0     0     0
  1984  11  25     0  28.0  12.3   0.0     0     0
  1984  11  26     0  26.7   9.6   0.0     0     0
  1984  11  27     0  27.1   9.5   0.0     0     0
  1984  11  28     0  28.2  10.9   0.0     0     0
  1984  11  29     0  28.3  11.6   0.0     0     0
  1984  11  30     0  29.5  12.1   0.0     0     0
  1984  12   1     0  29.1  11.0   0.0     0     0
  1984  12   2     0  27.7  10.5   0.0     0     0
  1984  12   3     0  26.0  10.2   0.0     0     0
  1984  12   4     0  25.1  10.3   0.0     0     0
  1984  12   5     0  26.4  10.5   0.0     0     0
  1984  12   6     0  26.3  10.5   0.0     0     0
  1984  12   7     0  26.9  10.2   0.0     0     0
  1984  12   8     0  26.0  10.0   0.0     0     0
  1984  12   9     0  24.7  10.7   0.0     0     0
  1984  12  10     0  24.4  11.2   0.0     0     0
  1984  12  11     0  24.4  11.6   0.0     0     0
  1984  12  12     0  25.0  11.8   0.0     0     0
  1984  12  13     0  25.4  12.2   0.0     0     0
  1984  12  14     0  22.8  13.0   0.2     0     0
  1984  12  15     0  17.2  12.8   0.5     0     0
  1984  12  16     0  22.2  10.0   0.0     0     0
  1984  12  17     0  21.2  11.0   0.0     0     0
  1984  12  18     0  20.2  10.4   0.0     0     0
  1984  12  19     0  20.3   7.2   0.0     0     0
  1984  12  20     0  22.0   8.4   0.0     0     0
  1984  12  21     0  22.4   8.2   0.0     0     0
  1984  12  22     0  23.2   8.9   0.0     0     0
  1984  12  23     0  24.0   9.2   0.0     0     0
  1984  12  24     0  24.9  10.0   0.0     0     0
  1984  12  25     0  25.5  10.0   0.0     0     0
  1984  12  26     0  25.1   7.8   0.0     0     0
  1984  12  27     0  24.9   9.2   0.0     0     0
  1984  12  28     0  24.5  10.0   0.0     0     0
  1984  12  29     0  22.6   6.9   0.0     0     0
  1984  12  30     0  23.0   9.5   0.0     0     0
  1984  12  31     0  16.7  12.2   0.0     0     0
